#    DISTANCE:     AVE_GOFR:            ERROR:
         0                   0                   0
0.0256496392                   0                   0
0.0512992784                   0                   0
0.0769489176                   0                   0
0.1025985568                   0                   0
0.128248196                   0                   0
0.1538978352                   0                   0
0.1795474744                   0                   0
0.2051971136                   0                   0
0.2308467528                   0                   0
0.256496392                   0                   0
0.2821460312                   0                   0
0.3077956704                   0                   0
0.3334453096                   0                   0
0.3590949488                   0                   0
0.384744588                   0                   0
0.4103942272                   0                   0
0.4360438664                   0                   0
0.4616935056                   0                   0
0.4873431448                   0                   0
0.512992784                   0                   0
0.5386424232                   0                   0
0.5642920624                   0                   0
0.5899417016                   0                   0
0.6155913408                   0                   0
0.64124098                   0                   0
0.6668906192                   0                   0
0.6925402584                   0                   0
0.7181898976                   0                   0
0.7438395368                   0                   0
0.769489176                   0                   0
0.7951388152                   0                   0
0.8207884544                   0                   0
0.8464380936                   0     2.210222488e-09
0.8720877328     8.070176922e-07      4.95886116e-08
0.897737372     1.558304928e-05     2.224424502e-07
0.9233870112     0.0001109153573     6.693027412e-07
0.9490366504       0.00037878132     1.510855658e-06
0.9746862896     0.0008184506461     2.410359367e-06
1.000335929      0.001263444058     1.904845396e-06
1.025985568      0.001580792664     1.833560057e-06
1.051635207      0.001725980072      1.78442593e-06
1.077284846      0.001723279735     1.653125342e-06
1.102934486      0.001621335401       1.9618842e-06
1.128584125      0.001480540591     1.477208535e-06
1.154233764      0.001308799391     2.173503405e-06
1.179883403      0.001165284566     2.047351425e-06
1.205533042      0.001042495438     2.439613018e-06
1.231182682     0.0009305786706     1.520440111e-06
1.256832321      0.000843037823     1.595982507e-06
1.28248196     0.0007561573233     1.032748018e-06
1.308131599     0.0006877519627     1.274197831e-06
1.333781238     0.0006377221171     1.586799512e-06
1.359430878     0.0005932803653     1.418803878e-06
1.385080517     0.0005486712198     1.222687463e-06
1.410730156     0.0005133504882     1.165917818e-06
1.436379795     0.0005011243762     1.313967652e-06
1.462029434     0.0004746184383     1.197825829e-06
1.487679074       0.00046187521     1.014823293e-06
1.513328713      0.000452303921     9.116452739e-07
1.538978352     0.0004505266608     8.786506233e-07
1.564627991     0.0004471460993     8.987666078e-07
1.59027763     0.0004597520566     1.282181222e-06
1.61592727      0.000458171564     9.579215182e-07
1.641576909     0.0004668402535     9.480050766e-07
1.667226548     0.0004840571426     8.352261877e-07
1.692876187     0.0004975770845     8.328142783e-07
1.718525826       0.00051714903     8.193861517e-07
1.744175466     0.0005478844853      8.70152098e-07
1.769825105      0.000569441683     8.421542797e-07
1.795474744     0.0005962993445     9.746512198e-07
1.821124383       0.00062361503     1.050796547e-06
1.846774022      0.000644568583      9.08952635e-07
1.872423662     0.0006755115899     1.144016441e-06
1.898073301      0.000695446627     1.062612019e-06
1.92372294     0.0007281568799     1.112585188e-06
1.949372579     0.0007500666715     7.857536468e-07
1.975022218     0.0007750502888     8.816698674e-07
2.000671858     0.0007825252176       1.2697352e-06
2.026321497     0.0008031742786     8.008095363e-07
2.051971136     0.0008055974067     1.077275141e-06
2.077620775     0.0008044999574     8.516599488e-07
2.103270414     0.0008042945717     6.979281458e-07
2.128920054     0.0007963411332     8.634573959e-07
2.154569693     0.0007845221802     1.088163552e-06
2.180219332     0.0007700197986     8.048102933e-07
2.205868971     0.0007515929924     9.065378053e-07
2.23151861     0.0007300297817     8.707587347e-07
2.25716825     0.0007114720274     9.241165649e-07
2.282817889     0.0006954128387     6.794013901e-07
2.308467528     0.0006692645277     8.037628931e-07
2.334117167     0.0006602911375     7.175032972e-07
2.359766806      0.000646246003     7.692236875e-07
2.385416446     0.0006328772683     8.118157599e-07
2.411066085     0.0006224226106      6.66245934e-07
2.436715724     0.0006097874622     7.579622496e-07
2.462365363     0.0006129856408      8.33578918e-07
2.488015002     0.0005967431768     5.958488668e-07
2.513664642     0.0005898802261     9.128075081e-07
2.539314281     0.0005890208685      6.17624493e-07
