1 442.345
2 429.173
3 404.767
4 401.668
5 390.041
6 388.451
7 364.808
8 364.682
9 360.482
10 359.893
11 349.385
12 340.358
13 345.845
14 336.751
15 336.751
16 333.3
17 329.146
18 327.454
19 319.532
20 305.082
21 305.082
22 298.876
23 298.876
24 297.164
25 297.164
26 293.119
27 288.333
28 280.988
29 280.988
30 270.239
31 269.464
32 269.464
33 269.464
34 265.026
35 264.023
36 262.763
37 262.028
38 262.028
39 255.639
40 255.639
41 255.639
42 255.639
43 255.639
44 252.096
45 252.096
46 248.799
47 248.477
48 247.8
49 240.34
50 237.678
51 237.678
52 237.373
53 237.373
54 236.787
55 234.87
56 233.383
57 229.63
58 229.24
59 229.144
60 225.692
61 225.143
62 222.688
63 224.214
64 224.214
65 217.677
66 217.677
67 214.24
68 216.62
69 216.62
70 216.62
71 214.541
72 214.213
73 213.375
74 211.039
75 209.861
76 209.861
77 209.861
78 208.577
79 208.577
80 208.577
81 207.109
82 207.109
83 205.666
84 205.666
85 205.666
86 204.993
87 202.762
88 200.841
89 200.798
90 197.312
91 196.639
92 196.639
93 196.639
94 196.185
95 196.185
96 195.996
97 195.996
98 194.559
99 194.315
100 194.315
101 194.315
102 189.462
103 189.462
104 189.462
105 189.462
106 189.462
107 188.991
108 188.991
109 188.991
110 187.662
111 188.991
112 185.114
113 183.068
114 183.068
115 180.813
116 180.813
117 179.592
118 180.204
119 180.204
120 180.204
121 178.443
122 176.165
123 176.165
124 176.15
125 172.65
126 172.65
127 172.65
128 172.65
129 172.413
130 172.413
131 172.413
132 167.603
133 167.603
134 167.603
135 167.603
136 167.603
137 164.927
138 164.927
139 164.475
140 164.475
141 164.475
142 164.475
143 163.844
144 163.844
145 163.844
146 163.259
147 162.64
148 160.483
149 160.483
150 160.483
151 158.846
152 158.846
153 158.846
154 157.693
155 157.693
156 158.737
157 158.846
158 158.684
159 157.339
160 157.339
161 156.743
162 156.743
163 156.008
164 155.795
165 155.734
166 155.734
167 155.711
168 155.734
169 155.734
170 155.734
171 151.55
172 151.55
173 151.55
174 151.55
175 151.55
176 150.549
177 150.549
178 150.549
179 150.024
180 150.024
181 150.024
182 150.024
183 150.024
184 149.919
185 148.548
186 148.359
187 148.359
188 148.359
189 148.359
190 147.151
191 147.151
192 146.497
193 146.597
194 146.771
195 146.771
196 145.785
197 145.785
198 145.785
199 145.785
200 145.493
201 145.493
202 144.774
203 143.921
204 143.921
205 141.763
206 141.763
207 134.42
208 134.42
209 134.42
210 134.42
211 134.39
212 134.205
213 134.205
214 134.205
215 134.205
216 134.205
217 134.205
218 134.205
219 134.205
220 134.205
221 133.802
222 133.802
223 133.504
224 133.504
225 133.504
226 133.227
227 132.765
228 132.765
229 131.548
230 131.548
231 131.548
232 131.447
233 131.447
234 131.447
235 131.447
236 131.279
237 130.109
238 131.279
239 131.279
240 129.861
241 130.911
242 130.911
243 129.689
244 128.269
245 127.971
246 127.971
247 127.457
248 127.457
249 127.457
250 127.457
251 127.457
252 127.457
253 126.502
254 126.502
255 126.502
256 126.502
257 126.502
258 126.502
259 126.502
260 126.502
261 125.509
262 125.509
263 125.509
264 125.509
265 125.509
266 125.509
267 125.509
268 125.509
269 125.509
270 125.509
271 125.509
272 123.915
273 123.915
274 123.915
275 122.894
276 122.894
277 122.894
278 122.894
279 122.894
280 122.694
281 122.694
282 122.694
283 122.694
284 122.694
285 122.694
286 121.616
287 121.616
288 121.616
289 121.616
290 121.616
291 121.616
292 121.616
293 120.971
294 120.971
295 120.971
296 120.885
297 120.885
298 117.204
299 117.204
300 117.204
301 117.204
302 116.183
303 116.183
304 115.703
305 115.703
306 115.703
307 115.577
308 115.577
309 115.151
310 114.885
311 114.819
312 114.819
313 114.225
314 114.225
315 113.412
316 113.412
317 113.412
318 113.094
319 113.094
320 112.377
321 112.377
322 112.377
323 112.377
324 112.377
325 112.377
326 112.377
327 112.377
328 112.377
329 112.377
330 112.377
331 112.293
332 111.576
333 111.576
334 111.576
335 111.328
336 111.328
337 111.163
338 111.163
339 111.072
340 110.798
341 110.798
342 110.798
343 110.824
344 110.824
345 110.61
346 110.61
347 110.61
348 110.61
349 110.3
350 109.804
351 109.804
352 109.804
353 109.539
354 109.539
355 109.539
356 109.539
357 109.539
358 108.829
359 108.829
360 107.175
361 108.059
362 108.059
363 108.059
364 108.059
365 108.059
366 108.059
367 108.059
368 107.241
369 107.175
370 107.175
371 107.175
372 107.175
373 107.175
374 107.175
375 107.175
376 106.881
377 106.592
378 106.592
379 106.592
380 106.592
381 106.592
382 106.592
383 106.592
384 106.592
385 106.592
386 106.395
387 106.395
388 103.817
389 103.817
390 103.817
391 103.817
392 103.233
393 103.233
394 103.233
395 103.233
396 103.233
397 103.233
398 102.929
399 102.929
400 102.929
401 102.763
402 102.763
403 102.763
404 102.47
405 102.47
406 101.877
407 101.877
408 101.722
409 101.722
410 101.722
411 101.607
412 101.607
413 100.974
414 100.974
415 100.974
416 100.974
417 100.974
418 100.974
419 100.974
420 100.704
421 100.704
422 100.331
423 100.389
424 100.389
425 100.389
426 100.389
427 100.389
428 100.389
429 100.389
430 100.384
431 100.384
432 100.384
433 100.114
434 100.114
435 99.7516
436 99.7516
437 99.6895
438 99.0552
439 99.0552
440 99.0552
441 99.0552
442 99.0552
443 99.0552
444 98.3021
445 98.2773
446 98.3021
447 98.3021
448 98.3021
449 98.3021
450 98.3021
451 97.819
452 97.5637
453 97.1392
454 97.1392
455 97.1392
456 97.1392
457 96.9862
458 96.9862
459 96.9862
460 96.9862
461 96.9862
462 96.9862
463 96.9862
464 96.9862
465 96.9862
466 96.9862
467 96.9862
468 96.9862
469 96.9862
470 96.9862
471 96.9862
472 96.9862
473 96.9862
474 96.6886
475 96.6886
476 96.6886
477 96.6886
478 96.6886
479 96.6886
480 96.6886
481 96.6886
482 96.6886
483 96.6886
484 96.6886
485 96.6886
486 96.6886
487 96.6886
488 96.6886
489 96.6886
490 96.6886
491 96.6886
492 96.6886
493 96.6886
494 96.6886
495 96.6886
496 96.6886
497 96.6886
498 96.6886
499 94.4325
500 94.4325
501 94.334
502 94.334
503 94.334
504 94.334
505 94.334
506 94.334
507 94.334
508 94.334
509 94.334
510 94.3115
511 94.3115
512 94.3115
513 94.3115
514 94.3115
515 94.3115
516 94.1017
517 94.1017
518 93.8527
519 93.8527
520 94.0388
521 94.0388
522 93.6204
523 93.6204
524 93.6204
525 93.6204
526 93.6204
527 93.6204
528 93.5077
529 93.5077
530 93.5077
531 93.421
532 93.421
533 93.421
534 93.421
535 93.421
536 93.3082
537 93.3082
538 93.3082
539 93.3082
540 93.3082
541 93.3082
542 92.6339
543 92.6339
544 92.6339
545 92.6339
546 92.6339
547 92.6339
548 92.4876
549 92.4753
550 92.4753
551 92.4753
552 92.4753
553 92.4753
554 92.4753
555 92.4753
556 92.4753
557 91.8039
558 91.8039
559 91.8039
560 91.8039
561 91.8039
562 91.8039
563 91.6789
564 91.6789
565 91.6789
566 91.4524
567 91.4524
568 91.3585
569 91.3585
570 91.3585
571 90.573
572 90.573
573 90.3943
574 90.3943
575 90.573
576 90.573
577 90.573
578 90.573
579 90.3349
580 90.3349
581 90.573
582 90.573
583 90.573
584 90.573
585 90.573
586 90.573
587 90.573
588 90.573
589 90.573
590 90.573
591 90.573
592 90.573
593 90.573
594 90.573
595 90.573
596 90.2396
597 90.2396
598 90.2396
599 90.2396
600 90.2396
601 90.2396
602 90.2396
603 90.2396
604 90.2396
605 90.2396
606 90.2396
607 90.2396
608 90.1844
609 90.1844
610 90.1844
611 90.1844
612 90.1844
613 90.1844
614 90.1844
615 90.1844
616 90.1844
617 90.1844
618 90.1844
619 90.1844
620 90.1844
621 90.1844
622 90.1828
623 90.1828
624 90.1828
625 90.1828
626 90.1828
627 90.0396
628 90.0396
629 90.0396
630 89.8025
631 89.7843
632 89.7843
633 89.7843
634 89.7843
635 89.7843
636 89.7843
637 89.7843
638 89.7843
639 89.7843
640 89.7843
641 89.7843
642 89.7843
643 89.7843
644 89.7843
645 89.7843
646 89.7843
647 89.7834
648 89.7834
649 89.7248
650 89.7067
651 89.7067
652 89.7067
653 89.7067
654 89.7067
655 89.6629
656 89.6629
657 89.6629
658 89.6629
659 89.6629
660 89.6629
661 89.6629
662 89.6629
663 89.6629
664 89.4364
665 89.6629
666 89.6629
667 88.9438
668 88.9438
669 88.9438
670 88.9438
671 88.9438
672 88.9438
673 88.9438
674 88.9438
675 88.9438
676 88.9438
677 88.9438
678 88.9438
679 88.9438
680 88.9438
681 88.9438
682 88.9438
683 88.7141
684 88.5923
685 88.5923
686 88.5923
687 88.5923
688 88.5923
689 88.5923
690 88.5923
691 88.5923
692 88.5923
693 88.3958
694 88.3958
695 88.3958
696 88.3958
697 88.3958
698 88.3958
699 88.3958
700 88.3958
701 88.3958
702 88.3958
703 88.2303
704 88.2303
705 88.2303
706 88.2303
707 88.2303
708 88.0589
709 88.0589
710 87.9492
711 87.7837
712 87.7837
713 87.7837
714 87.7837
715 87.7837
716 87.7837
717 87.7837
718 87.7837
719 87.7837
720 87.7837
721 87.7837
722 87.7837
723 87.7837
724 87.7837
725 87.7837
726 87.4901
727 87.4901
728 87.4901
729 87.4901
730 87.4476
731 87.4476
732 87.0334
733 87.0334
734 87.0334
735 87.0334
736 87.0334
737 87.0334
738 87.0334
739 86.8071
740 86.8071
741 86.8071
742 86.8071
743 86.8071
744 86.8071
745 86.2854
746 86.2854
747 86.2854
748 86.2854
749 86.2854
750 86.2854
751 86.2854
752 86.2854
753 86.2854
754 86.2854
755 85.8071
756 85.8071
757 85.8071
758 85.8071
759 85.8071
760 85.8071
761 85.8071
762 85.8071
763 85.8071
764 85.8071
765 84.7633
766 84.7633
767 84.7633
768 84.7633
769 84.4962
770 84.4962
771 84.4962
772 83.5189
773 83.5189
774 83.5189
775 83.165
776 82.475
777 82.475
778 82.475
779 82.2636
780 81.846
781 81.846
782 81.846
783 81.846
784 81.4672
785 81.4672
786 81.4672
787 81.4672
788 81.4672
789 81.4672
790 81.4672
791 81.4672
792 81.4672
793 81.4672
794 80.9318
795 80.9318
796 80.9318
797 80.9318
798 80.9318
799 80.9318
800 80.9318
801 80.9318
802 80.9318
803 80.9318
804 80.9318
805 80.9318
806 80.7466
807 80.7466
808 80.7466
809 80.7466
810 80.7466
811 80.7466
812 80.7046
813 80.7046
814 80.7046
815 80.7046
816 80.6921
817 80.6843
818 80.6843
819 80.6843
820 80.6843
821 80.6843
822 80.6843
823 80.6843
824 80.5194
825 80.6843
826 80.6843
827 80.6843
828 80.6843
829 80.6843
830 80.6843
831 80.6843
832 80.6843
833 80.6843
834 80.6843
835 80.6154
836 80.6154
837 80.6154
838 80.6154
839 80.6154
840 80.6154
841 80.6154
842 80.6154
843 80.6154
844 80.6154
845 80.6154
846 80.6154
847 80.6154
848 80.6154
849 80.6154
850 80.6154
851 80.6154
852 80.6154
853 80.6154
854 80.6154
855 80.6154
856 80.6154
857 80.6154
858 80.6154
859 80.6154
860 80.6154
861 80.6154
862 80.6154
863 80.6154
864 80.6154
865 80.6154
866 80.6154
867 80.6154
868 80.1435
869 80.1435
870 80.1435
871 80.1435
872 80.1435
873 80.1435
874 80.1435
875 80.1435
876 80.1435
877 80.1435
878 80.1435
879 80.1435
880 80.1435
881 80.1435
882 80.1435
883 80.1435
884 80.1435
885 80.1435
886 80.1435
887 80.1435
888 80.1435
889 80.1435
890 80.1435
891 80.1435
892 80.1435
893 80.1435
894 80.1435
895 80.1435
896 80.1435
897 80.1435
898 80.1435
899 80.1435
900 80.1435
901 80.1435
902 80.1435
903 80.1435
904 80.1435
905 80.0187
906 80.0187
907 80.0187
908 80.0187
909 80.0187
910 80.0187
911 80.0187
912 80.0187
913 80.0187
914 80.0187
915 80.0187
916 80.0187
917 80.0187
918 80.0187
919 80.0187
920 80.0187
921 80.0187
922 80.0187
923 80.0187
924 80.0187
925 80.0187
926 80.0187
927 80.0187
928 80.0187
929 80.0187
930 79.948
931 79.948
932 79.948
933 79.948
934 79.948
935 79.948
936 79.948
937 79.948
938 79.948
939 79.948
940 79.948
941 79.948
942 79.948
943 79.948
944 79.948
945 79.948
946 79.948
947 79.948
948 79.948
949 79.948
950 79.614
951 79.614
952 79.614
953 79.614
954 79.614
955 79.614
956 79.614
957 79.614
958 79.614
959 79.614
960 79.614
961 79.614
962 79.614
963 79.614
964 79.614
965 79.614
966 79.614
967 79.614
968 79.614
969 79.614
970 79.614
971 79.614
972 79.614
973 79.614
974 79.614
975 79.614
976 79.614
977 79.614
978 79.614
979 79.614
980 79.614
981 79.614
982 79.614
983 78.4514
984 78.4514
985 78.4514
986 78.4514
987 78.4514
988 78.4514
989 78.4514
990 78.4514
991 78.4514
992 78.4514
993 78.4514
994 78.4514
995 78.4514
996 78.4514
997 78.4514
998 78.4514
999 78.4514
1000 78.4514
1001 78.4514
1002 78.4514
1003 78.4514
1004 78.4514
1005 78.4514
1006 78.4514
1007 78.4514
1008 78.4514
1009 78.4514
1010 78.4514
1011 78.4514
1012 78.4514
1013 78.4514
1014 78.4514
1015 78.4514
1016 78.4514
1017 78.4514
1018 78.4514
1019 78.4514
1020 78.4514
1021 78.4514
1022 78.4514
1023 78.4514
1024 78.4514
1025 78.4514
1026 78.4366
1027 78.4366
1028 78.4366
1029 78.4168
1030 78.4168
1031 78.4168
1032 78.4168
1033 78.4168
1034 78.4168
1035 78.4168
1036 78.4168
1037 78.4168
1038 78.4168
1039 78.4168
1040 78.4168
1041 78.4168
1042 78.4168
1043 78.4168
1044 78.4168
1045 78.4168
1046 78.4168
1047 78.4168
1048 78.4168
1049 78.4168
1050 78.4168
1051 78.4168
1052 78.4168
1053 78.4168
1054 78.4168
1055 78.4168
1056 78.4168
1057 78.4168
1058 78.4168
1059 78.4168
1060 78.3482
1061 78.3482
1062 78.3482
1063 78.3482
1064 78.3482
1065 78.3482
1066 78.291
1067 78.3482
1068 78.3482
1069 78.3482
1070 78.291
1071 78.291
1072 78.291
1073 78.291
1074 78.291
1075 78.291
1076 78.291
1077 78.291
1078 78.291
1079 78.291
1080 78.291
1081 78.291
1082 78.291
1083 78.291
1084 78.291
1085 78.291
1086 78.291
1087 78.291
1088 78.2293
1089 78.2293
1090 78.2293
1091 78.2293
1092 78.2293
1093 77.4191
1094 77.8101
1095 77.8101
1096 77.8101
1097 77.7484
1098 77.7484
1099 77.7484
1100 77.7484
1101 77.7484
1102 77.7484
1103 77.7484
1104 77.7484
1105 77.7484
1106 77.7484
1107 77.7484
1108 77.7484
1109 77.7484
1110 77.7484
1111 77.7484
1112 77.7484
1113 77.7484
1114 77.7484
1115 77.7484
1116 77.7484
1117 77.7484
1118 77.7484
1119 77.7484
1120 77.7484
1121 77.7484
1122 77.7484
1123 77.7484
1124 77.7484
1125 77.2845
1126 77.2845
1127 77.2845
1128 77.2845
1129 77.2845
1130 77.2845
1131 77.2845
1132 77.2845
1133 77.2845
1134 77.2845
1135 77.2845
1136 77.2845
1137 77.2845
1138 77.2845
1139 77.2845
1140 77.2845
1141 77.2845
1142 77.2845
1143 77.2845
1144 77.2845
1145 77.2845
1146 77.2845
1147 77.2845
1148 77.2845
1149 77.2845
1150 77.2845
1151 77.2845
1152 77.2845
1153 77.2845
1154 77.2845
1155 77.2845
1156 77.2845
1157 77.2845
1158 77.2845
1159 77.2845
1160 77.2845
1161 77.2845
1162 77.2845
1163 77.2845
1164 77.2845
1165 77.2845
1166 77.2845
1167 77.2845
1168 77.2845
1169 77.2845
1170 77.1291
1171 77.1291
1172 77.1291
1173 77.1291
1174 77.1291
1175 77.1291
1176 77.1291
1177 77.1291
1178 76.9682
1179 76.9682
1180 76.9682
1181 76.9682
1182 76.9682
1183 76.9682
1184 76.9682
1185 76.3226
1186 76.3226
1187 76.3226
1188 76.3226
1189 76.3226
1190 76.3226
1191 76.3226
1192 76.3226
1193 76.3226
1194 76.0341
1195 76.0341
1196 76.0341
1197 76.0341
1198 75.8351
1199 75.8351
1200 75.8351
1201 75.8351
1202 75.8351
1203 75.8351
1204 75.8351
1205 75.8351
1206 75.8351
1207 75.8351
1208 75.8351
1209 75.8351
1210 75.8351
1211 75.8351
1212 75.8351
1213 75.8351
1214 75.8351
1215 75.8351
1216 75.8351
1217 75.8351
1218 75.8351
1219 75.8351
1220 75.8351
1221 75.8351
1222 75.8351
1223 75.8351
1224 75.8351
1225 75.8351
1226 75.8351
1227 75.8351
1228 75.8351
1229 75.8351
1230 75.8351
1231 75.3537
1232 75.3537
1233 75.3537
1234 75.3537
1235 75.3537
1236 75.3537
1237 75.3537
1238 75.3537
1239 75.3537
1240 75.3537
1241 75.3537
1242 75.3537
1243 75.3537
1244 75.3537
1245 75.3537
1246 75.3537
1247 75.3537
1248 75.3537
1249 75.3537
1250 75.3537
1251 75.2433
1252 75.2433
1253 75.2433
1254 75.2433
1255 75.2433
1256 75.2433
1257 75.2433
1258 75.2433
1259 75.2433
1260 75.2433
1261 75.2433
1262 75.2433
1263 75.2433
1264 75.2433
1265 75.1934
1266 75.1934
1267 75.2433
1268 75.2433
1269 75.2433
1270 75.2433
1271 75.2433
1272 75.2433
1273 75.1975
1274 75.1975
1275 75.1975
1276 75.1975
1277 75.1975
1278 75.1975
1279 75.1975
1280 75.1975
1281 75.1975
1282 75.1975
1283 75.1975
1284 75.1975
1285 75.1975
1286 75.1975
1287 75.1975
1288 75.1975
1289 75.1975
1290 75.1975
1291 75.1975
1292 75.1975
1293 75.1975
1294 75.1975
1295 75.1975
1296 75.1975
1297 75.1975
1298 75.1975
1299 75.1975
1300 74.9082
1301 74.9082
1302 74.9082
1303 74.9082
1304 74.9082
1305 74.9082
1306 74.9082
1307 74.9082
1308 74.9082
1309 74.9082
1310 74.9082
1311 74.9082
1312 74.9082
1313 74.9082
1314 74.9082
1315 74.9082
1316 74.9082
1317 74.9082
1318 74.9082
1319 74.9082
1320 74.9082
1321 74.9082
1322 74.9082
1323 74.9082
1324 74.9082
1325 74.9082
1326 74.9082
1327 74.9082
1328 74.9082
1329 74.9082
1330 74.9082
1331 74.9082
1332 74.9082
1333 74.9082
1334 74.9082
1335 74.9082
1336 74.9082
1337 74.9082
1338 74.9082
1339 74.9082
1340 74.9082
1341 74.9082
1342 74.9082
1343 74.9082
1344 74.9082
1345 74.9082
1346 74.9082
1347 74.9082
1348 74.9082
1349 74.8851
1350 74.8851
1351 74.8851
1352 74.8851
1353 74.8851
1354 74.8851
1355 74.8851
1356 74.8851
1357 74.8851
1358 74.8851
1359 74.8851
1360 74.8851
1361 74.8851
1362 74.6218
1363 74.6218
1364 74.6218
1365 74.6218
1366 74.6218
1367 74.6218
1368 74.6218
1369 74.6218
1370 74.0516
1371 73.7882
1372 73.771
1373 73.771
1374 73.771
1375 73.771
1376 73.771
1377 73.771
1378 73.771
1379 73.771
1380 73.771
1381 73.771
1382 73.771
1383 73.771
1384 73.771
1385 73.771
1386 73.771
1387 73.771
1388 73.771
1389 73.771
1390 73.771
1391 73.771
1392 73.771
1393 73.771
1394 73.771
1395 73.771
1396 73.771
1397 73.771
1398 73.771
1399 73.771
1400 73.771
1401 73.771
1402 73.771
1403 73.771
1404 73.771
1405 73.771
1406 73.771
1407 73.771
1408 73.771
1409 73.771
1410 73.771
1411 73.771
1412 73.771
1413 73.771
1414 73.771
1415 73.771
1416 73.771
1417 73.771
1418 73.771
1419 73.771
1420 73.771
1421 73.771
1422 73.771
1423 73.771
1424 73.771
1425 73.771
1426 73.771
1427 73.771
1428 73.771
1429 73.771
1430 73.771
1431 73.771
1432 73.771
1433 73.771
1434 73.771
1435 73.6817
1436 73.6817
1437 73.771
1438 73.771
1439 73.6817
1440 73.6817
1441 73.6817
1442 73.6817
1443 73.6817
1444 73.6817
1445 73.6817
1446 73.6817
1447 73.6817
1448 73.6817
1449 73.6817
1450 73.6817
1451 73.6817
1452 73.6817
1453 73.6817
1454 73.6817
1455 73.6817
1456 73.6817
1457 73.6817
1458 73.6817
1459 73.6817
1460 73.6817
1461 73.4566
1462 73.4566
1463 73.4566
1464 73.4566
1465 73.4566
1466 73.4566
1467 73.4566
1468 73.4566
1469 73.4566
1470 73.4566
1471 73.4566
1472 73.4566
1473 73.4566
1474 73.4566
1475 73.4566
1476 73.4566
1477 73.4566
1478 73.4566
1479 73.4566
1480 73.4566
1481 73.4566
1482 73.4566
1483 73.4566
1484 73.4566
1485 73.4566
1486 73.4566
1487 73.4566
1488 73.4566
1489 73.4566
1490 73.4566
1491 73.4566
1492 73.4566
1493 73.4566
1494 73.4566
1495 73.4566
1496 73.2708
1497 73.4566
1498 73.4566
1499 73.4566
1500 73.4566
1501 73.4566
1502 73.4566
1503 73.4566
1504 73.4566
1505 73.4566
1506 73.4566
1507 73.4566
1508 73.4566
1509 73.4566
1510 73.4566
1511 73.4566
1512 73.4566
1513 73.4566
1514 73.4566
1515 73.4566
1516 73.4566
1517 73.4566
1518 73.4566
1519 73.4566
1520 73.4566
1521 73.4566
1522 73.4566
1523 73.4566
1524 73.4566
1525 73.4566
1526 73.4566
1527 73.4566
1528 73.4566
1529 73.4566
1530 73.4566
1531 73.4566
1532 73.4566
1533 73.4566
1534 73.4566
1535 73.4566
1536 73.4566
1537 73.4566
1538 73.4566
1539 73.4566
1540 73.4566
1541 73.4566
1542 73.4566
1543 73.4566
1544 73.4566
1545 73.4566
1546 73.4566
1547 73.4566
1548 73.4566
1549 73.4566
1550 73.4566
1551 73.4566
1552 73.4566
1553 73.4566
1554 73.1123
1555 73.4566
1556 73.4566
1557 72.7793
1558 72.7793
1559 72.7793
1560 72.7793
1561 72.7793
1562 72.7793
1563 72.7793
1564 72.7793
1565 72.7793
1566 72.7793
1567 72.7793
1568 72.7793
1569 72.7793
1570 72.7793
1571 72.7793
1572 72.7793
1573 72.7793
1574 72.7793
1575 72.7793
1576 72.7793
1577 72.7793
1578 72.7793
1579 72.7793
1580 72.7793
1581 72.7793
1582 72.7793
1583 72.7793
1584 72.7793
1585 72.7793
1586 72.7793
1587 72.7793
1588 72.7793
1589 72.7793
1590 72.7793
1591 72.7793
1592 72.7793
1593 72.7793
1594 72.7793
1595 72.7793
1596 72.7793
1597 72.7793
1598 72.7793
1599 72.7793
1600 72.7793
1601 72.7793
1602 72.7793
1603 72.7793
1604 72.7793
1605 72.7793
1606 72.7793
1607 72.7793
1608 72.7793
1609 72.7793
1610 72.7793
1611 72.7793
1612 72.7793
1613 72.7793
1614 72.7793
1615 72.7793
1616 72.7793
1617 72.7793
1618 72.7793
1619 72.7793
1620 72.7793
1621 72.7793
1622 72.7793
1623 72.7793
1624 72.7793
1625 72.7793
1626 72.7793
1627 72.7793
1628 72.7793
1629 72.6672
1630 72.6672
1631 72.6672
1632 72.6672
1633 72.6672
1634 72.6672
1635 72.6672
1636 72.6672
1637 72.6672
1638 72.6672
1639 72.6672
1640 72.6672
1641 72.6672
1642 72.6672
1643 72.6672
1644 72.6672
1645 72.6672
1646 72.6672
1647 72.6672
1648 72.6672
1649 72.6672
1650 72.6672
1651 72.6672
1652 72.6672
1653 72.6672
1654 72.6672
1655 72.6672
1656 72.6672
1657 72.6672
1658 72.6672
1659 72.6672
1660 72.6672
1661 72.6672
1662 72.6672
1663 72.6672
1664 72.6672
1665 72.6672
1666 72.6672
1667 72.6672
1668 72.6672
1669 72.6672
1670 72.6672
1671 72.6672
1672 72.6672
1673 72.6672
1674 72.6672
1675 72.6672
1676 72.6672
1677 72.6672
1678 72.6672
1679 72.6672
1680 72.6672
1681 72.6672
1682 72.6672
1683 72.6672
1684 72.6672
1685 72.6672
1686 72.6672
1687 72.6672
1688 72.6672
1689 72.6672
1690 72.6672
1691 72.6672
1692 72.6672
1693 72.6672
1694 72.6672
1695 72.6672
1696 72.6672
1697 72.6672
1698 72.6672
1699 72.6672
1700 72.6672
1701 72.6672
1702 72.6672
1703 72.6672
1704 72.6672
1705 72.6672
1706 72.6672
1707 72.6672
1708 72.6672
1709 72.6672
1710 72.6672
1711 72.6672
1712 72.6672
1713 72.6672
1714 72.6672
1715 72.6672
1716 72.6672
1717 72.6672
1718 72.6672
1719 72.6672
1720 72.6672
1721 72.6672
1722 72.6672
1723 72.6672
1724 72.6672
1725 72.5273
1726 72.5273
1727 72.5273
1728 72.5273
1729 72.5273
1730 72.1864
1731 72.1864
1732 72.1864
1733 72.1864
1734 72.1864
1735 72.1864
1736 71.7911
1737 71.7911
1738 71.7911
1739 71.7911
1740 71.7911
1741 71.7911
1742 71.7911
1743 71.7911
1744 71.7911
1745 71.7911
1746 71.7911
1747 71.7911
1748 71.7911
1749 71.7911
1750 71.7911
1751 71.7911
1752 71.7911
1753 71.7911
1754 71.7911
1755 71.7911
1756 71.7911
1757 71.7911
1758 71.7911
1759 71.7911
1760 71.7911
1761 71.7911
1762 71.7911
1763 71.7911
1764 71.7911
1765 71.7911
1766 71.7911
1767 71.7911
1768 71.7911
1769 71.7911
1770 71.7911
1771 71.7911
1772 71.7911
1773 71.7911
1774 71.7911
1775 71.7911
1776 71.7911
1777 71.7911
1778 71.7911
1779 71.7911
1780 71.7911
1781 71.7911
1782 71.7911
1783 71.7911
1784 71.7911
1785 71.7911
1786 71.7911
1787 71.7911
1788 71.7911
1789 71.7911
1790 71.7911
1791 71.7911
1792 71.7911
1793 71.7911
1794 71.7911
1795 71.7911
1796 71.7911
1797 71.7911
1798 71.7911
1799 71.7911
1800 71.7911
1801 71.7911
1802 71.7911
1803 71.7911
1804 71.7911
1805 71.7911
1806 71.7911
1807 71.7911
1808 71.7911
1809 71.7911
1810 71.7911
1811 71.7911
1812 71.7911
1813 71.7911
1814 71.7911
1815 71.7911
1816 71.7911
1817 71.7911
1818 71.6733
1819 71.6733
1820 71.6733
1821 71.6733
1822 71.6733
1823 71.6733
1824 71.6733
1825 71.6733
1826 71.6733
1827 71.6733
1828 71.6733
1829 71.6733
1830 71.6733
1831 71.6733
1832 71.6733
1833 71.6733
1834 71.6733
1835 71.6733
1836 71.6733
1837 71.6733
1838 71.6733
1839 71.6733
1840 71.6733
1841 71.6733
1842 71.6733
1843 71.6733
1844 71.6733
1845 71.6733
1846 71.6733
1847 71.0701
1848 71.0701
1849 71.0701
1850 71.0701
1851 71.0701
1852 71.0701
1853 71.0701
1854 71.0701
1855 71.0701
1856 71.0701
1857 71.0701
1858 71.0701
1859 71.0701
1860 71.0701
1861 71.0701
1862 71.0701
1863 71.0701
1864 71.0701
1865 71.0701
1866 71.0701
1867 70.8836
1868 70.8836
1869 70.8836
1870 70.8836
1871 70.8836
1872 70.8836
1873 70.8836
1874 70.8836
1875 70.8836
1876 70.8836
1877 70.8836
1878 70.8836
1879 70.8836
1880 70.8836
1881 70.8836
1882 70.8836
1883 70.8836
1884 70.8836
1885 70.8836
1886 70.8836
1887 70.8836
1888 70.8781
1889 70.8781
1890 70.8781
1891 70.8781
1892 70.8781
1893 70.8781
1894 70.8781
1895 70.8781
1896 70.8781
1897 70.8781
1898 70.8781
1899 70.8781
1900 70.8781
1901 70.8781
1902 70.8781
1903 70.8781
1904 70.8781
1905 70.8781
1906 70.8781
1907 70.8781
1908 70.8781
1909 70.8781
1910 70.8781
1911 70.8781
1912 70.8781
1913 70.8781
1914 70.8781
1915 70.8781
1916 70.8781
1917 70.8781
1918 70.8781
1919 70.8781
1920 70.8781
1921 70.8781
1922 70.8781
1923 70.8781
1924 70.8781
1925 70.8781
1926 70.8781
1927 70.8781
1928 70.8781
1929 70.8781
1930 70.8781
1931 70.8781
1932 70.8781
1933 70.8781
1934 70.8781
1935 70.8781
1936 70.8781
1937 70.8781
1938 70.8781
1939 70.8781
1940 70.8781
1941 70.8781
1942 70.8781
1943 70.8781
1944 70.8781
1945 70.8781
1946 70.8781
1947 70.8781
1948 70.8781
1949 70.8781
1950 70.8781
1951 70.8781
1952 70.8781
1953 70.8781
1954 70.8781
1955 70.8781
1956 70.8781
1957 70.8781
1958 70.8781
1959 70.8781
1960 70.8781
1961 70.8781
1962 70.8781
1963 70.8781
1964 70.8781
1965 70.8781
1966 70.8781
1967 70.8781
1968 70.8781
1969 70.8781
1970 70.8781
1971 70.8781
1972 70.8781
1973 70.8781
1974 70.8781
1975 70.8781
1976 70.8781
1977 70.8781
1978 70.8781
1979 70.2819
1980 70.2819
1981 70.2819
1982 70.2819
1983 70.2819
1984 70.2819
1985 70.2819
1986 70.2819
1987 70.2819
1988 70.2819
1989 70.2819
1990 70.2819
1991 70.2819
1992 70.2819
1993 70.2819
1994 70.2819
1995 70.2819
1996 70.2819
1997 70.2819
1998 69.9158
1999 69.9158
2000 69.9158
2001 69.9158
2002 69.9158
2003 69.9158
2004 69.9158
2005 69.9158
2006 69.9158
2007 69.9158
2008 69.9158
2009 69.9158
2010 69.9158
2011 69.9158
2012 69.9158
2013 69.9158
2014 69.9158
2015 69.9158
2016 69.9158
2017 69.9158
2018 69.9158
2019 69.9158
2020 69.9158
2021 69.9158
2022 69.9158
2023 69.9158
2024 69.9158
2025 69.9158
2026 69.9158
2027 69.9158
2028 69.9158
2029 69.9158
2030 69.9158
2031 69.9158
2032 69.9158
2033 69.9158
2034 69.9158
2035 69.9158
2036 69.9158
2037 69.9158
2038 69.9158
2039 69.9158
2040 69.9158
2041 69.8676
2042 69.8676
2043 69.8676
2044 69.8676
2045 69.8676
2046 69.8676
2047 69.6811
2048 69.6811
2049 69.6811
2050 69.6811
2051 69.6075
2052 69.6075
2053 69.6075
2054 69.6075
2055 69.6075
2056 69.6075
2057 69.3204
2058 69.3204
2059 69.3204
2060 69.3204
2061 69.3204
2062 69.3204
2063 69.3204
2064 69.3204
2065 69.3204
2066 69.3204
2067 69.3204
2068 69.3204
2069 69.3204
2070 69.3204
2071 69.3204
2072 69.3204
2073 69.3204
2074 69.3204
2075 69.3204
2076 69.3204
2077 69.3204
2078 69.3204
2079 69.3204
2080 69.3204
2081 69.3204
2082 69.3204
2083 69.3204
2084 69.3204
2085 69.3204
2086 69.3204
2087 69.3204
2088 69.3204
2089 69.3204
2090 69.3204
2091 69.3204
2092 69.3204
2093 69.3204
2094 69.3204
2095 69.3204
2096 69.3204
2097 69.3204
2098 69.3204
2099 69.3204
2100 69.3204
2101 69.3204
2102 69.3204
2103 69.3204
2104 69.3204
2105 69.3204
2106 69.3204
2107 69.3204
2108 69.3204
2109 69.3204
2110 69.3204
2111 69.3204
2112 69.3204
2113 69.3204
2114 69.3204
2115 69.3204
2116 69.3204
2117 69.3204
2118 69.3204
2119 69.3204
2120 69.3204
2121 69.3204
2122 69.3204
2123 69.3204
2124 69.3204
2125 69.3204
2126 69.3204
2127 69.3204
2128 69.3204
2129 69.3204
2130 69.3204
2131 69.3204
2132 69.3204
2133 69.3204
2134 69.3204
2135 69.3204
2136 69.3204
2137 69.3204
2138 69.3204
2139 69.3204
2140 69.3204
2141 69.3204
2142 69.3204
2143 69.3204
2144 69.3204
2145 69.3204
2146 69.3204
2147 69.3204
2148 69.3204
2149 69.3204
2150 69.3204
2151 69.3204
2152 69.3204
2153 69.3204
2154 69.3204
2155 69.3204
2156 69.3204
2157 69.3204
2158 69.3204
2159 69.3204
2160 69.3204
2161 69.3204
2162 69.3204
2163 69.3204
2164 69.3204
2165 69.3204
2166 69.3204
2167 69.3204
2168 69.3204
2169 69.3204
2170 69.3204
2171 69.3204
2172 69.3204
2173 69.3204
2174 69.3204
2175 69.3204
2176 69.3204
2177 69.3204
2178 69.3204
2179 69.3204
2180 69.3204
2181 69.3204
2182 69.3204
2183 69.3204
2184 69.3204
2185 69.3204
2186 69.3204
2187 69.3204
2188 69.3204
2189 69.3204
2190 69.3204
2191 69.3204
2192 69.3204
2193 69.3204
2194 69.3204
2195 69.3204
2196 69.3204
2197 69.3204
2198 69.3204
2199 69.3204
2200 69.3204
2201 69.3204
2202 69.3204
2203 69.3204
2204 69.3204
2205 69.3204
2206 69.3204
2207 69.3204
2208 69.3204
2209 69.3204
2210 69.3204
2211 69.3204
2212 69.3204
2213 69.3204
2214 69.3204
2215 69.3204
2216 69.3204
2217 69.3204
2218 69.3204
2219 69.3204
2220 69.3204
2221 69.3204
2222 69.3204
2223 69.3204
2224 69.3204
2225 69.3204
2226 69.3204
2227 69.3204
2228 69.3204
2229 69.3204
2230 69.3204
2231 69.3204
2232 69.3204
2233 69.3204
2234 69.3204
2235 69.3204
2236 69.3204
2237 69.3204
2238 69.3204
2239 69.3204
2240 69.3204
2241 69.3204
2242 69.3204
2243 69.3204
2244 69.3204
2245 69.3204
2246 69.3204
2247 69.3204
2248 69.3204
2249 69.3204
2250 69.3204
2251 69.3204
2252 69.3204
2253 69.3204
2254 69.3204
2255 69.3204
2256 69.3204
2257 69.3204
2258 69.3204
2259 69.3204
2260 69.3204
2261 69.3204
2262 69.3204
2263 69.3204
2264 69.3204
2265 69.3204
2266 69.3204
2267 69.3204
2268 69.3204
2269 69.3204
2270 69.3204
2271 69.3204
2272 69.3204
2273 69.3204
2274 69.3204
2275 69.3204
2276 69.3204
2277 69.3204
2278 69.3204
2279 69.3204
2280 69.3204
2281 69.3204
2282 69.3204
2283 69.3204
2284 69.3204
2285 69.3204
2286 69.3204
2287 69.3204
2288 69.3204
2289 69.3204
2290 69.3204
2291 69.3204
2292 69.3204
2293 69.3204
2294 69.3204
2295 69.3204
2296 69.3204
2297 69.3204
2298 69.3204
2299 69.3204
2300 69.3204
2301 69.3204
2302 69.3204
2303 69.3204
2304 69.3204
2305 69.3204
2306 69.3204
2307 69.3204
2308 69.3204
2309 69.3204
2310 69.3204
2311 69.3204
2312 69.3204
2313 69.3204
2314 69.3204
2315 69.3204
2316 69.3204
2317 69.3204
2318 69.3204
2319 69.3204
2320 69.3204
2321 69.3204
2322 69.3204
2323 69.3204
2324 69.3204
2325 69.3204
2326 69.3204
2327 69.3204
2328 69.3204
2329 69.3204
2330 69.3204
2331 69.3204
2332 69.3204
2333 69.3204
2334 69.3204
2335 69.3204
2336 69.3204
2337 69.3204
2338 69.3204
2339 69.3204
2340 69.3204
2341 69.3204
2342 69.3204
2343 69.3204
2344 69.3204
2345 69.3204
2346 69.3204
2347 69.3204
2348 69.3204
2349 69.3204
2350 69.2885
2351 69.2885
2352 69.2885
2353 69.2885
2354 69.2885
2355 69.2885
2356 69.2885
2357 69.2885
2358 69.2885
2359 69.2885
2360 69.2885
2361 69.2885
2362 69.2885
2363 69.2885
2364 69.2885
2365 69.2885
2366 69.2885
2367 69.2885
2368 69.2885
2369 69.2885
2370 69.2885
2371 69.2885
2372 69.2885
2373 69.2885
2374 69.2885
2375 69.2885
2376 69.2885
2377 69.2885
2378 69.2885
2379 69.2885
2380 69.2885
2381 69.2885
2382 69.2885
2383 69.2885
2384 69.2885
2385 69.2885
2386 69.2885
2387 69.2885
2388 69.2885
2389 69.2885
2390 69.2885
2391 69.2885
2392 69.2885
2393 69.2885
2394 69.2885
2395 69.2885
2396 69.2885
2397 69.2885
2398 69.2885
2399 69.2885
2400 69.2885
2401 69.2885
2402 69.2885
2403 69.2885
2404 69.2885
2405 69.2885
2406 69.2885
2407 69.2885
2408 69.2885
2409 69.2885
2410 69.2885
2411 69.2885
2412 69.2885
2413 69.2885
2414 69.2885
2415 69.2885
2416 69.2885
2417 69.2885
2418 69.2885
2419 69.2885
2420 69.2885
2421 69.2885
2422 69.2885
2423 69.2885
2424 69.2885
2425 69.2885
2426 69.2885
2427 69.2885
2428 69.2885
2429 69.2885
2430 69.2885
2431 69.2885
2432 69.2885
2433 69.2885
2434 69.2885
2435 69.2885
2436 69.2885
2437 69.2885
2438 69.2885
2439 69.2885
2440 69.2885
2441 69.2885
2442 69.2885
2443 69.2885
2444 69.2885
2445 69.2885
2446 69.2885
2447 69.2885
2448 69.2885
2449 69.2885
2450 69.2885
2451 69.2885
2452 69.2885
2453 69.2885
2454 69.2885
2455 69.2885
2456 69.2885
2457 69.2885
2458 69.2885
2459 69.2885
2460 69.2885
2461 69.2885
2462 69.2885
2463 69.2885
2464 69.2885
2465 69.2885
2466 69.2885
2467 69.2885
2468 69.2885
2469 69.2885
2470 69.2885
2471 69.2885
2472 69.2885
2473 69.2885
2474 69.2885
2475 69.2885
2476 69.2885
2477 69.2885
2478 69.2885
2479 69.2885
2480 69.2885
2481 69.2885
2482 69.2885
2483 69.2885
2484 69.2885
2485 69.2885
2486 69.2885
2487 69.2885
2488 69.2885
2489 69.2885
2490 69.2885
2491 69.2885
2492 69.2885
2493 69.2885
2494 69.2885
2495 69.2885
2496 69.2885
2497 69.2885
2498 69.2885
2499 69.2885
2500 69.2885
2501 69.2885
2502 69.2885
2503 69.2885
2504 69.2885
2505 69.2885
2506 69.2885
2507 69.2885
2508 69.2885
2509 69.2885
2510 69.2885
2511 69.2885
2512 69.2885
2513 69.2885
2514 69.2885
2515 69.2885
2516 69.2885
2517 69.2885
2518 69.2885
2519 69.2885
2520 69.2885
2521 69.2885
2522 69.2885
2523 69.2885
2524 69.2885
2525 69.2885
2526 69.2885
2527 69.2885
2528 69.2885
2529 69.2885
2530 69.2885
2531 69.2885
2532 69.2885
2533 69.2885
2534 69.2885
2535 69.2885
2536 69.2885
2537 69.2885
2538 69.2885
2539 69.2885
2540 69.2885
2541 69.2885
2542 69.2885
2543 69.2885
2544 69.2885
2545 69.2885
2546 69.2885
2547 69.2885
2548 69.2885
2549 69.2885
2550 69.2885
2551 69.2885
2552 69.2885
2553 69.2885
2554 69.2885
2555 69.2885
2556 69.2885
2557 69.2885
2558 69.2885
2559 69.2885
2560 69.2885
2561 69.2885
2562 69.2885
2563 69.2885
2564 69.2885
2565 69.2885
2566 69.2885
2567 69.2885
2568 69.2885
2569 69.2885
2570 69.2885
2571 69.2885
2572 69.2885
2573 69.2885
2574 69.2885
2575 69.2885
2576 69.2885
2577 69.2885
2578 69.2885
2579 69.2885
2580 69.2885
2581 69.2885
2582 69.2885
2583 69.2885
2584 69.2885
2585 69.2885
2586 69.1239
2587 69.1239
2588 69.1239
2589 69.1239
2590 69.1239
2591 69.1239
2592 69.1239
2593 69.1239
2594 69.1239
2595 69.1239
2596 69.1239
2597 69.1239
2598 69.1239
2599 69.1239
2600 69.1239
2601 69.1239
2602 69.1239
2603 69.1239
2604 68.9003
2605 68.9003
2606 68.9003
2607 68.9003
2608 68.9003
2609 68.9003
2610 68.9003
2611 68.9003
2612 68.9003
2613 68.9003
2614 68.9003
2615 68.9003
2616 68.9003
2617 68.9003
2618 68.9003
2619 68.9003
2620 68.9003
2621 68.9003
2622 68.9003
2623 68.9003
2624 68.9003
2625 68.9003
2626 68.9003
2627 68.9003
2628 68.9003
2629 68.9003
2630 68.9003
2631 68.9003
2632 68.9003
2633 68.9003
2634 68.9003
2635 68.9003
2636 68.9003
2637 68.9003
2638 68.71
2639 68.71
2640 68.71
2641 68.71
2642 68.71
2643 68.71
2644 68.71
2645 68.71
2646 68.71
2647 68.71
2648 68.71
2649 68.71
2650 68.71
2651 68.71
2652 68.71
2653 68.71
2654 68.71
2655 68.71
2656 68.71
2657 68.71
2658 68.2347
2659 68.2347
2660 68.2347
2661 68.2347
2662 68.2347
2663 68.2347
2664 68.2347
2665 68.2347
2666 68.2347
2667 68.2347
2668 68.2347
2669 68.2347
2670 68.2347
2671 68.2347
2672 68.2347
2673 68.2347
2674 68.2347
2675 68.2347
2676 68.2347
2677 68.2347
2678 68.2347
2679 68.2347
2680 68.2347
2681 68.2347
2682 68.2347
2683 68.2347
2684 68.2347
2685 68.2347
2686 68.2347
2687 68.2347
2688 68.2347
2689 68.2347
2690 68.2347
2691 68.2347
2692 68.2347
2693 68.2347
2694 68.2347
2695 68.2347
2696 68.2347
2697 68.2347
2698 68.2347
2699 68.2347
2700 68.2347
2701 68.2347
2702 68.2347
2703 68.0291
2704 68.0291
2705 68.0291
2706 68.0291
2707 68.0291
2708 68.0291
2709 68.0291
2710 68.0291
2711 68.0291
2712 68.0291
2713 68.0291
2714 68.0291
2715 68.0291
2716 68.0291
2717 68.0291
2718 68.0291
2719 68.0291
2720 68.0291
2721 68.0291
2722 68.0291
2723 68.0291
2724 68.0291
2725 68.0291
2726 68.0291
2727 68.0291
2728 68.0291
2729 68.0291
2730 68.0291
2731 68.0291
2732 68.0291
2733 68.0291
2734 68.0291
2735 68.0291
2736 68.0291
2737 68.0291
2738 68.0291
2739 68.0291
2740 68.0291
2741 68.0291
2742 68.0291
2743 68.0291
2744 68.0291
2745 68.0291
2746 68.0291
2747 68.0291
2748 68.0291
2749 68.0291
2750 68.0291
2751 68.0291
2752 68.0291
2753 68.0291
2754 68.0291
2755 68.0291
2756 68.0291
2757 68.0291
2758 68.0291
2759 68.0291
2760 68.0291
2761 68.0291
2762 68.0291
2763 68.0291
2764 68.0291
2765 68.0291
2766 68.0291
2767 68.0291
2768 68.0291
2769 68.0291
2770 68.0291
2771 68.0291
2772 68.0291
2773 68.0291
2774 68.0291
2775 68.0291
2776 68.0291
2777 68.0291
2778 68.0291
2779 68.0291
2780 68.0291
2781 68.0291
2782 68.0291
2783 68.0291
2784 68.0291
2785 68.0291
2786 68.0291
2787 68.0291
2788 68.0291
2789 68.0291
2790 68.0291
2791 68.0291
2792 68.0291
2793 68.0291
2794 68.0291
2795 68.0291
2796 68.0291
2797 68.0291
2798 68.0291
2799 68.0291
2800 68.0291
2801 68.0291
2802 68.0291
2803 68.0291
2804 68.0291
2805 68.0291
2806 68.0291
2807 68.0291
2808 68.0291
2809 68.0291
2810 68.0291
2811 68.0291
2812 68.0291
2813 68.0291
2814 68.0291
2815 68.0291
2816 68.0291
2817 68.0291
2818 67.6398
2819 67.6398
2820 67.6398
2821 67.6398
2822 67.6398
2823 67.6398
2824 67.6398
2825 67.6398
2826 67.6398
2827 67.6398
2828 67.6398
2829 67.6398
2830 67.6398
2831 67.6398
2832 67.6398
2833 67.6398
2834 67.6398
2835 67.6398
2836 67.6398
2837 67.6398
2838 67.6398
2839 67.6398
2840 67.6398
2841 67.6398
2842 67.6398
2843 67.6398
2844 67.6398
2845 67.6398
2846 67.6398
2847 67.6398
2848 67.6398
2849 67.6398
2850 67.6398
2851 67.6398
2852 67.6398
2853 67.6398
2854 67.6398
2855 67.6398
2856 67.6398
2857 67.6398
2858 67.6398
2859 67.6398
2860 67.6398
2861 67.6398
2862 67.6398
2863 67.6398
2864 67.6398
2865 67.6398
2866 67.6398
2867 67.6398
2868 67.6398
2869 67.6398
2870 67.6398
2871 67.6398
2872 67.6398
2873 67.6398
2874 67.6398
2875 67.6398
2876 67.6398
2877 67.6398
2878 67.6398
2879 67.6398
2880 67.6398
2881 67.6398
2882 67.6398
2883 67.6398
2884 67.6398
2885 67.6398
2886 67.6398
2887 67.6398
2888 67.6398
2889 67.6398
2890 67.6398
2891 67.6398
2892 67.6398
2893 67.6398
2894 67.6398
2895 67.6398
2896 67.6398
2897 67.6398
2898 67.6398
2899 67.6398
2900 67.6398
2901 67.6398
2902 67.6398
2903 67.6398
2904 67.6398
2905 67.6398
2906 67.6398
2907 67.6398
2908 67.6398
2909 67.6398
2910 67.6398
2911 67.6398
2912 67.6398
2913 67.6398
2914 67.6398
2915 67.6398
2916 67.6398
2917 67.6398
2918 67.6398
2919 67.6398
2920 67.6398
2921 67.6398
2922 67.6398
2923 67.6398
2924 67.6398
2925 67.6398
2926 67.6398
2927 67.6398
2928 67.6398
2929 67.6398
2930 67.6398
2931 67.6398
2932 67.6398
2933 67.6398
2934 67.6398
2935 67.6398
2936 67.6398
2937 67.6398
2938 67.6398
2939 67.6398
2940 67.6398
2941 67.6398
2942 67.6398
2943 67.6398
2944 67.6398
2945 67.6398
2946 67.6398
2947 67.6398
2948 67.6398
2949 67.6398
2950 67.6398
2951 67.6398
2952 67.6398
2953 67.6398
2954 67.6398
2955 67.6398
2956 67.6398
2957 67.6398
2958 67.6398
2959 67.6398
2960 67.6398
2961 67.6398
2962 67.6398
2963 67.6398
2964 67.6398
2965 67.6398
2966 67.6398
2967 67.6398
2968 67.6398
2969 67.6398
2970 67.6398
2971 67.6398
2972 67.6398
2973 67.6398
2974 67.6398
2975 67.6398
2976 67.6398
2977 67.6398
2978 67.6398
2979 67.6398
2980 67.6398
2981 67.6398
2982 67.6398
2983 67.6398
2984 67.6398
2985 67.6398
2986 67.6398
2987 67.6398
2988 67.6398
2989 67.6398
2990 67.6398
2991 67.6398
2992 67.6398
2993 67.6398
2994 67.6398
2995 67.6398
2996 67.6398
2997 67.6398
2998 67.6398
2999 67.6398
3000 67.6398
3001 67.6398
3002 67.6398
3003 67.6398
3004 67.6398
3005 67.6398
3006 67.6398
3007 67.6398
3008 67.6398
3009 67.6398
3010 67.6398
3011 67.6398
3012 67.6398
3013 67.6398
3014 67.6398
3015 67.6398
3016 67.6398
3017 67.6398
3018 67.6398
3019 67.6398
3020 67.6398
3021 67.6398
3022 67.6398
3023 67.6398
3024 67.6398
3025 67.6398
3026 67.6398
3027 67.6398
3028 67.6398
3029 67.6398
3030 67.6398
3031 67.6398
3032 67.6398
3033 67.6398
3034 67.6398
3035 67.6398
3036 67.6398
3037 67.6398
3038 67.6398
3039 67.6398
3040 67.6398
3041 67.6398
3042 67.6398
3043 67.6398
3044 67.6398
3045 67.6398
3046 67.6398
3047 67.6398
3048 67.6398
3049 67.6398
3050 67.6398
3051 67.6398
3052 67.6398
3053 67.6398
3054 67.6398
3055 67.6398
3056 67.6398
3057 67.6398
3058 67.6398
3059 67.6398
3060 67.6398
3061 67.6398
3062 67.6398
3063 67.6398
3064 67.6398
3065 67.6398
3066 67.6398
3067 67.6398
3068 67.6398
3069 67.6398
3070 67.6398
3071 67.6398
3072 67.6398
3073 67.6398
3074 67.4925
3075 67.4925
3076 67.4925
3077 67.4925
3078 67.4925
3079 67.4925
3080 67.4925
3081 67.4925
3082 67.4925
3083 67.4925
3084 67.4925
3085 67.4925
3086 67.4925
3087 67.4925
3088 67.4925
3089 67.4925
3090 67.4925
3091 67.4925
3092 67.4925
3093 67.4925
3094 67.4925
3095 67.4925
3096 67.4925
3097 67.4925
3098 67.4925
3099 67.4925
3100 67.4925
3101 67.4925
3102 67.4925
3103 67.4925
3104 67.4925
3105 67.4925
3106 67.4925
3107 67.4925
3108 67.4925
3109 67.4925
3110 67.4925
3111 67.4925
3112 67.4925
3113 67.4925
3114 67.4925
3115 67.4925
3116 67.4925
3117 67.4925
3118 67.4925
3119 67.4925
3120 67.4925
3121 67.4925
3122 67.4925
3123 67.4925
3124 67.4925
3125 67.4925
3126 67.4925
3127 67.4925
3128 67.4925
3129 67.4925
3130 67.4925
3131 67.4925
3132 67.4925
3133 67.4925
3134 67.4925
3135 67.4925
3136 67.4925
3137 67.4925
3138 67.4925
3139 67.4925
3140 67.4925
3141 67.4925
3142 67.4925
3143 67.4925
3144 67.4925
3145 67.4925
3146 67.4925
3147 67.4925
3148 67.4925
3149 67.4925
3150 67.4925
3151 67.4925
3152 67.4925
3153 67.4925
3154 67.4925
3155 67.4925
3156 67.4725
3157 67.4925
3158 67.4925
3159 67.4925
3160 67.4925
3161 67.4925
3162 67.4925
3163 67.4925
3164 67.4925
3165 67.4925
3166 67.4925
3167 67.4925
3168 67.4925
3169 67.4925
3170 67.4925
3171 67.4925
3172 67.4925
3173 67.4925
3174 67.4925
3175 67.4925
3176 67.4925
3177 67.4925
3178 67.4925
3179 67.4925
3180 67.4925
3181 67.4925
3182 67.4925
3183 67.4925
3184 67.4925
3185 67.4925
3186 67.4925
3187 67.4925
3188 67.4925
3189 67.4925
3190 67.4925
3191 67.4925
3192 67.4925
3193 67.4925
3194 67.4925
3195 67.4925
3196 67.4925
3197 67.4925
3198 67.4925
3199 67.4925
3200 67.4925
3201 67.4925
3202 67.4925
3203 67.4925
3204 67.4925
3205 67.4925
3206 67.4925
3207 67.4925
3208 67.4925
3209 67.4925
3210 67.4925
3211 67.4925
3212 67.4925
3213 67.4925
3214 67.4925
3215 67.4925
3216 67.4925
3217 67.4925
3218 67.4925
3219 67.4925
3220 67.4925
3221 67.4925
3222 67.4925
3223 67.4925
3224 67.4925
3225 67.4925
3226 67.4925
3227 67.4925
3228 67.4925
3229 67.4925
3230 67.4925
3231 67.4925
3232 67.4925
3233 67.4925
3234 67.4925
3235 67.4925
3236 67.4925
3237 67.4925
3238 67.4925
3239 67.4925
3240 67.4925
3241 67.4925
3242 67.4925
3243 67.4925
3244 67.4925
3245 67.4925
3246 67.4925
3247 67.4925
3248 67.4925
3249 67.4925
3250 67.4925
3251 67.4925
3252 67.4925
3253 67.4925
3254 67.4925
3255 67.4925
3256 67.4925
3257 67.4925
3258 67.4925
3259 67.4925
3260 67.4925
3261 67.4925
3262 67.4925
3263 67.4925
3264 67.4925
3265 67.4925
3266 67.4925
3267 67.4925
3268 67.4925
3269 67.4925
3270 67.4925
3271 67.4925
3272 67.4925
3273 67.4925
3274 67.4925
3275 67.4925
3276 67.4925
3277 67.4925
3278 67.4925
3279 67.4925
3280 67.4925
3281 67.4925
3282 67.4925
3283 67.4925
3284 67.4925
3285 67.4925
3286 67.4925
3287 67.4925
3288 67.4925
3289 67.4925
3290 67.4925
3291 67.4925
3292 67.4925
3293 67.4925
3294 67.4925
3295 67.4925
3296 67.4925
3297 67.4925
3298 67.4925
3299 67.4925
3300 67.4925
3301 67.4925
3302 67.4925
3303 67.4925
3304 67.4925
3305 67.4925
3306 67.4925
3307 67.4925
3308 67.4925
3309 67.4925
3310 67.4925
3311 67.4925
3312 67.4925
3313 67.4925
3314 67.4925
3315 67.4925
3316 67.4925
3317 67.4925
3318 67.4925
3319 67.4925
3320 67.4925
3321 67.4925
3322 67.4925
3323 67.4925
3324 67.4925
3325 67.4925
3326 67.4925
3327 67.4925
3328 67.4925
3329 67.4925
3330 67.4925
3331 67.4925
3332 67.4925
3333 67.4925
3334 67.4925
3335 67.4925
3336 67.4925
3337 67.4925
3338 67.4925
3339 67.4925
3340 67.4925
3341 67.4925
3342 67.4925
3343 67.4925
3344 67.4925
3345 67.4925
3346 67.4925
3347 67.4925
3348 67.4925
3349 67.4925
3350 67.4925
3351 67.4925
3352 67.4925
3353 67.4925
3354 67.4925
3355 67.4925
3356 67.4925
3357 67.4925
3358 67.4925
3359 67.4925
3360 67.4925
3361 67.4925
3362 67.4925
3363 67.4925
3364 67.4925
3365 67.4925
3366 67.4925
3367 67.4925
3368 67.4925
3369 67.4925
3370 67.4925
3371 67.4925
3372 67.4925
3373 67.4925
3374 67.4925
3375 67.4925
3376 67.4925
3377 67.4925
3378 67.4925
3379 67.4925
3380 67.4925
3381 67.4925
3382 67.4925
3383 67.4925
3384 67.4925
3385 67.4925
3386 67.4925
3387 67.4925
3388 67.4925
3389 67.4925
3390 67.4925
3391 67.4925
3392 67.4925
3393 67.4925
3394 67.4925
3395 67.4925
3396 67.4925
3397 67.4925
3398 67.4925
3399 67.4925
3400 67.4925
3401 67.4925
3402 67.4925
3403 67.4925
3404 67.4925
3405 67.4925
3406 67.4925
3407 67.4925
3408 67.4925
3409 67.4925
3410 67.4925
3411 67.4925
3412 67.4925
3413 67.4925
3414 67.4925
3415 67.4925
3416 67.4925
3417 67.4925
3418 67.4925
3419 67.4925
3420 67.4925
3421 67.4925
3422 67.4925
3423 67.4925
3424 67.4925
3425 67.4925
3426 67.4925
3427 67.4925
3428 67.4925
3429 67.4925
3430 67.4925
3431 67.4925
3432 67.4925
3433 67.4925
3434 67.4925
3435 67.4925
3436 67.4925
3437 67.4925
3438 67.4925
3439 67.4925
3440 67.4925
3441 67.4925
3442 67.4925
3443 67.4925
3444 67.4925
3445 67.4925
3446 67.4925
3447 67.4925
3448 67.4925
3449 67.4925
3450 67.4925
3451 67.4925
3452 67.4925
3453 67.4925
3454 67.4925
3455 67.4925
3456 67.4925
3457 67.4925
3458 67.4925
3459 67.4925
3460 67.4925
3461 67.4925
3462 67.4925
3463 67.4925
3464 67.4925
3465 67.4925
3466 67.4925
3467 67.4925
3468 67.4925
3469 67.4925
3470 67.4925
3471 67.4925
3472 67.4925
3473 67.4925
3474 67.4925
3475 67.4925
3476 67.4925
3477 67.4925
3478 67.4925
3479 67.4925
3480 67.4925
3481 67.4925
3482 67.4925
3483 67.4925
3484 67.4925
3485 67.4925
3486 67.4925
3487 67.4925
3488 67.4925
3489 67.4925
3490 67.4925
3491 67.4925
3492 67.4925
3493 67.4925
3494 67.4925
3495 67.4925
3496 67.4925
3497 67.4925
3498 67.4925
3499 67.4925
3500 67.4925
3501 67.4925
3502 67.4925
3503 67.4925
3504 67.4925
3505 67.4925
3506 67.4925
3507 67.4925
3508 67.4925
3509 67.4925
3510 67.4925
3511 67.4925
3512 67.4925
3513 67.4925
3514 67.4925
3515 67.4925
3516 67.4925
3517 67.4925
3518 67.4925
3519 67.4925
3520 67.4925
3521 67.4925
3522 67.4925
3523 67.4925
3524 67.4925
3525 67.4925
3526 67.4925
3527 67.4925
3528 67.4925
3529 67.4925
3530 67.4925
3531 67.4925
3532 67.4925
3533 67.4925
3534 67.4925
3535 67.4925
3536 67.4925
3537 67.4925
3538 67.4925
3539 67.4925
3540 67.4925
3541 67.4925
3542 67.4925
3543 67.4925
3544 67.4925
3545 67.4925
3546 67.4925
3547 67.4925
3548 67.4925
3549 67.4925
3550 67.4925
3551 67.4925
3552 67.4925
3553 67.4925
3554 67.4925
3555 67.4925
3556 67.4925
3557 67.4925
3558 67.4925
3559 67.4925
3560 67.4925
3561 67.4925
3562 67.4925
3563 67.4925
3564 67.4925
3565 67.4925
3566 67.4925
3567 67.4925
3568 67.4925
3569 67.4925
3570 67.4925
3571 67.4925
3572 67.4643
3573 67.4643
3574 67.4643
3575 67.4643
3576 67.4643
3577 67.4643
3578 67.4643
3579 67.4643
3580 67.4643
3581 67.4643
3582 67.4643
3583 67.4643
3584 67.4643
3585 67.4643
3586 67.4643
3587 67.4643
3588 67.4643
3589 67.4643
3590 67.4643
3591 67.4643
3592 67.4643
3593 67.4643
3594 67.4643
3595 67.4643
3596 67.4643
3597 67.4643
3598 67.4643
3599 67.4643
3600 67.4643
3601 67.4643
3602 67.4643
3603 67.4643
3604 67.4643
3605 67.4643
3606 67.4643
3607 67.4643
3608 67.4643
3609 67.4643
3610 67.4643
3611 67.4643
3612 67.4643
3613 67.4643
3614 67.4643
3615 67.4643
3616 67.4643
3617 67.4643
3618 67.4643
3619 67.4643
3620 67.4643
3621 67.4643
3622 67.4643
3623 67.4643
3624 67.4643
3625 67.4643
3626 67.4643
3627 67.4643
3628 67.4643
3629 67.4643
3630 67.4643
3631 67.4643
3632 67.4643
3633 67.4643
3634 67.4643
3635 67.4643
3636 67.4643
3637 67.4643
3638 67.4643
3639 67.4643
3640 67.4643
3641 67.4643
3642 67.4643
3643 67.4643
3644 67.4643
3645 67.4643
3646 67.4643
3647 67.4643
3648 67.4643
3649 67.4643
3650 67.4643
3651 67.4643
3652 67.4643
3653 67.4643
3654 67.4643
3655 67.4643
3656 67.4643
3657 67.4643
3658 67.4643
3659 67.4643
3660 67.4643
3661 67.4643
3662 67.4643
3663 67.4643
3664 67.4643
3665 67.4643
3666 67.4643
3667 67.4643
3668 67.4643
3669 67.4643
3670 67.4643
3671 67.4643
3672 67.4643
3673 67.4643
3674 67.4643
3675 67.4643
3676 67.4643
3677 67.4643
3678 67.4643
3679 67.4643
3680 67.4643
3681 67.4643
3682 67.4643
3683 67.4643
3684 67.4643
3685 67.4643
3686 67.4643
3687 67.4643
3688 67.4643
3689 67.4643
3690 67.4643
3691 67.4643
3692 67.4643
3693 67.4643
3694 67.4643
3695 67.4643
3696 67.4643
3697 67.4643
3698 67.4643
3699 67.4643
3700 67.4643
3701 67.4643
3702 67.4643
3703 67.4643
3704 67.4643
3705 67.4643
3706 67.4643
3707 67.4643
3708 67.4643
3709 67.4643
3710 67.4643
3711 67.4643
3712 67.4643
3713 67.4643
3714 67.4643
3715 67.4643
3716 67.4643
3717 67.4643
3718 67.4643
3719 67.4643
3720 67.4643
3721 67.4643
3722 67.4643
3723 67.4643
3724 67.4643
3725 67.4643
3726 67.4643
3727 67.4643
3728 67.4643
3729 67.4643
3730 67.4643
3731 67.4643
3732 67.4643
3733 67.4643
3734 67.4643
3735 67.4643
3736 67.4643
3737 67.4643
3738 67.4643
3739 67.4643
3740 67.4643
3741 67.4643
3742 67.4643
3743 67.4643
3744 67.4643
3745 67.4643
3746 67.4643
3747 67.4643
3748 67.4643
3749 67.4643
3750 67.4643
3751 67.4643
3752 67.4643
3753 67.4643
3754 67.4643
3755 67.4643
3756 67.4643
3757 67.4643
3758 67.4643
3759 67.4643
3760 67.4643
3761 67.4643
3762 67.4643
3763 67.4643
3764 67.4643
3765 67.4643
3766 67.4643
3767 67.4643
3768 67.4643
3769 67.4643
3770 67.4643
3771 67.4643
3772 67.12
3773 67.12
3774 67.12
3775 67.12
3776 67.12
3777 67.12
3778 67.12
3779 67.12
3780 67.12
3781 67.12
3782 67.12
3783 67.12
3784 67.12
3785 67.12
3786 67.12
3787 67.12
3788 67.12
3789 67.12
3790 67.12
3791 67.12
3792 67.12
3793 67.12
3794 67.12
3795 67.12
3796 67.12
3797 67.12
3798 67.12
3799 67.12
3800 67.12
3801 67.12
3802 67.12
3803 67.12
3804 67.12
3805 67.12
3806 67.12
3807 67.12
3808 67.12
3809 67.12
3810 67.12
3811 67.12
3812 67.12
3813 67.12
3814 67.12
3815 67.12
3816 67.12
3817 67.12
3818 67.12
3819 67.12
3820 67.12
3821 67.12
3822 67.12
3823 67.12
3824 67.12
3825 67.12
3826 67.12
3827 67.12
3828 67.12
3829 67.12
3830 67.12
3831 67.12
3832 67.12
3833 67.12
3834 67.12
3835 67.12
3836 67.12
3837 67.12
3838 67.12
3839 67.12
3840 67.12
3841 67.12
3842 67.12
3843 67.12
3844 67.12
3845 67.12
3846 67.12
3847 67.12
3848 67.12
3849 67.12
3850 67.12
3851 67.12
3852 67.12
3853 67.12
3854 67.12
3855 67.12
3856 67.12
3857 67.12
3858 67.12
3859 67.12
3860 67.12
3861 67.12
3862 67.12
3863 67.12
3864 67.12
3865 67.12
3866 67.12
3867 67.12
3868 67.12
3869 67.12
3870 67.12
3871 67.12
3872 67.12
3873 67.12
3874 67.12
3875 67.12
3876 67.12
3877 67.12
3878 67.12
3879 67.12
3880 67.12
3881 67.12
3882 67.12
3883 67.12
3884 67.12
3885 67.12
3886 67.12
3887 67.12
3888 67.12
3889 67.12
3890 67.12
3891 67.12
3892 67.12
3893 67.12
3894 67.12
3895 67.12
3896 67.12
3897 67.12
3898 67.12
3899 67.12
3900 67.12
3901 67.12
3902 67.12
3903 67.12
3904 67.12
3905 67.12
3906 67.12
3907 67.12
3908 67.12
3909 67.12
3910 67.12
3911 67.12
3912 67.12
3913 67.12
3914 67.12
3915 67.12
3916 67.12
3917 67.12
3918 67.12
3919 67.12
3920 67.12
3921 67.12
3922 67.12
3923 67.12
3924 67.12
3925 67.12
3926 67.12
3927 67.12
3928 67.12
3929 67.12
3930 67.12
3931 67.12
3932 67.12
3933 67.12
3934 67.12
3935 67.12
3936 67.12
3937 67.12
3938 67.12
3939 67.12
3940 67.12
3941 67.12
3942 67.12
3943 67.12
3944 67.12
3945 67.12
3946 67.12
3947 67.12
3948 67.12
3949 67.12
3950 67.12
3951 67.12
3952 67.12
3953 67.12
3954 67.12
3955 67.12
3956 67.12
3957 67.12
3958 67.12
3959 67.12
3960 67.12
3961 67.12
3962 67.12
3963 67.12
3964 67.12
3965 67.12
3966 67.12
3967 67.12
3968 67.12
3969 67.12
3970 67.12
3971 67.12
3972 67.12
3973 67.12
3974 67.12
3975 67.12
3976 67.12
3977 67.12
3978 67.12
3979 67.12
3980 67.12
3981 67.12
3982 67.12
3983 67.12
3984 67.12
3985 67.12
3986 67.12
3987 67.12
3988 67.12
3989 67.12
3990 67.12
3991 67.12
3992 67.12
3993 67.12
3994 67.12
3995 67.12
3996 67.12
3997 67.12
3998 67.12
3999 67.12
4000 67.12
4001 67.12
4002 67.12
4003 67.12
4004 67.12
4005 67.12
4006 67.12
4007 67.12
4008 67.12
4009 67.12
4010 67.12
4011 67.12
4012 67.12
4013 67.12
4014 67.12
4015 67.12
4016 67.12
4017 67.12
4018 67.12
4019 67.12
4020 67.12
4021 67.12
4022 67.12
4023 67.12
4024 67.12
4025 67.12
4026 67.12
4027 67.12
4028 67.12
4029 67.12
4030 67.12
4031 67.12
4032 67.12
4033 67.12
4034 67.12
4035 67.12
4036 67.12
4037 67.12
4038 67.12
4039 67.12
4040 67.12
4041 67.12
4042 67.12
4043 67.12
4044 67.12
4045 67.12
4046 67.12
4047 67.12
4048 67.12
4049 67.12
4050 67.12
4051 67.12
4052 67.12
4053 67.12
4054 67.12
4055 67.12
4056 67.12
4057 67.12
4058 67.12
4059 67.12
4060 67.12
4061 67.12
4062 67.12
4063 67.12
4064 67.12
4065 67.12
4066 67.12
4067 67.12
4068 67.12
4069 67.12
4070 67.12
4071 67.12
4072 67.12
4073 67.12
4074 67.12
4075 67.12
4076 67.12
4077 67.12
4078 67.12
4079 67.12
4080 67.12
4081 67.12
4082 67.12
4083 67.12
4084 67.12
4085 67.12
4086 67.12
4087 67.12
4088 67.12
4089 67.12
4090 67.12
4091 67.12
4092 67.12
4093 67.12
4094 67.12
4095 67.12
4096 67.12
4097 67.12
4098 67.12
4099 67.12
4100 67.12
4101 67.12
4102 67.12
4103 67.12
4104 67.12
4105 67.12
4106 67.12
4107 67.12
4108 67.12
4109 67.12
4110 67.12
4111 67.12
4112 67.12
4113 67.12
4114 67.12
4115 67.12
4116 67.12
4117 67.12
4118 67.12
4119 67.12
4120 67.12
4121 67.12
4122 67.12
4123 67.12
4124 67.12
4125 67.12
4126 67.12
4127 67.12
4128 67.12
4129 67.12
4130 67.12
4131 67.12
4132 67.12
4133 67.12
4134 67.12
4135 67.12
4136 67.12
4137 67.12
4138 67.12
4139 67.12
4140 67.12
4141 67.12
4142 67.12
4143 67.12
4144 67.12
4145 67.12
4146 67.12
4147 67.12
4148 67.12
4149 67.12
4150 67.12
4151 67.12
4152 67.12
4153 67.12
4154 67.12
4155 67.12
4156 67.12
4157 67.12
4158 67.12
4159 67.12
4160 67.12
4161 67.12
4162 67.12
4163 67.12
4164 67.12
4165 67.12
4166 67.12
4167 67.12
4168 67.12
4169 67.12
4170 67.12
4171 67.12
4172 67.12
4173 67.12
4174 67.12
4175 67.12
4176 67.12
4177 67.12
4178 67.12
4179 67.12
4180 67.12
4181 67.1095
4182 67.1095
4183 67.1095
4184 67.1095
4185 67.1095
4186 67.1095
4187 67.1095
4188 67.1095
4189 67.1095
4190 67.1095
4191 67.1095
4192 67.1095
4193 67.1095
4194 67.1095
4195 67.1095
4196 67.1095
4197 67.1095
4198 67.1095
4199 67.1095
4200 67.1095
4201 67.1095
4202 67.1095
4203 67.1095
4204 67.1095
4205 67.1095
4206 67.1095
4207 67.1095
4208 67.1095
4209 67.1095
4210 67.1095
4211 67.1095
4212 67.1095
4213 67.1095
4214 67.1095
4215 67.1095
4216 67.1095
4217 67.1095
4218 67.1095
4219 67.1095
4220 67.1095
4221 67.1095
4222 67.1095
4223 67.1095
4224 67.1095
4225 67.1095
4226 67.1095
4227 67.1095
4228 67.1095
4229 67.1095
4230 67.1095
4231 67.1095
4232 67.1095
4233 67.1095
4234 67.1095
4235 67.1095
4236 67.1095
4237 67.1095
4238 67.1095
4239 67.1095
4240 67.1095
4241 67.1095
4242 67.1095
4243 67.1095
4244 67.1095
4245 67.1095
4246 67.1095
4247 67.1095
4248 67.1095
4249 67.1095
4250 67.1095
4251 67.1095
4252 67.1095
4253 67.1095
4254 67.1095
4255 67.1095
4256 67.1095
4257 67.1095
4258 67.1095
4259 67.1095
4260 67.1095
4261 67.1095
4262 67.1095
4263 67.1095
4264 67.1095
4265 67.1095
4266 67.1095
4267 67.1095
4268 67.1095
4269 67.1095
4270 67.1095
4271 67.1095
4272 67.1095
4273 67.1095
4274 67.1095
4275 67.1095
4276 67.1095
4277 67.1095
4278 67.1095
4279 67.1095
4280 67.1095
4281 67.1095
4282 67.1095
4283 67.1095
4284 67.1095
4285 67.1095
4286 67.1095
4287 67.1095
4288 67.1095
4289 67.1095
4290 67.1095
4291 67.1095
4292 67.1095
4293 67.1095
4294 67.1095
4295 67.1095
4296 67.1095
4297 67.1095
4298 67.1095
4299 67.1095
4300 67.1095
4301 67.1095
4302 67.1095
4303 67.1095
4304 67.1095
4305 67.1095
4306 67.1095
4307 67.1095
4308 67.1095
4309 67.1095
4310 67.1095
4311 67.1095
4312 67.1095
4313 67.1095
4314 67.1095
4315 67.1095
4316 67.1095
4317 67.1095
4318 67.1095
4319 67.1095
4320 67.1095
4321 67.1095
4322 67.1095
4323 67.1095
4324 67.1095
4325 67.1095
4326 67.1095
4327 67.1095
4328 67.1095
4329 67.1095
4330 67.1095
4331 67.1095
4332 67.1095
4333 67.1095
4334 67.1095
4335 67.1095
4336 67.1095
4337 67.1095
4338 67.1095
4339 67.1095
4340 67.1095
4341 67.1095
4342 67.1095
4343 67.1095
4344 67.1095
4345 67.1095
4346 67.1095
4347 67.1095
4348 67.1095
4349 67.1095
4350 67.1095
4351 67.1095
4352 67.1095
4353 67.1095
4354 67.1095
4355 67.1095
4356 67.1095
4357 67.1095
4358 67.1095
4359 67.1095
4360 67.1095
4361 67.1095
4362 67.1095
4363 67.1095
4364 67.1095
4365 67.1095
4366 67.1095
4367 67.1095
4368 67.1095
4369 67.1095
4370 67.1095
4371 67.1095
4372 67.1095
4373 67.1095
4374 67.1095
4375 67.1095
4376 67.1095
4377 67.1095
4378 67.1095
4379 67.1095
4380 67.1095
4381 67.1095
4382 67.1095
4383 67.1095
4384 67.1095
4385 67.1095
4386 67.1095
4387 67.1095
4388 67.1095
4389 67.1095
4390 67.1095
4391 67.1095
4392 67.1095
4393 67.1095
4394 67.1095
4395 67.1095
4396 67.1095
4397 67.1095
4398 67.1095
4399 67.1095
4400 67.1095
4401 67.1095
4402 67.1095
4403 67.1095
4404 67.1095
4405 67.1095
4406 67.1095
4407 67.1095
4408 67.1095
4409 67.1095
4410 67.1095
4411 67.1095
4412 67.1095
4413 67.1095
4414 67.1095
4415 67.1095
4416 67.1095
4417 67.1095
4418 67.1095
4419 67.1095
4420 67.1095
4421 67.1095
4422 67.1095
4423 67.1095
4424 67.1095
4425 67.1095
4426 67.1095
4427 67.1095
4428 67.1095
4429 67.1095
4430 67.1095
4431 67.1095
4432 67.1095
4433 67.1095
4434 67.1095
4435 67.1095
4436 67.1095
4437 67.1095
4438 67.1095
4439 67.1095
4440 67.1095
4441 67.1095
4442 67.1095
4443 67.1095
4444 67.1095
4445 67.1095
4446 67.1095
4447 67.1095
4448 67.1095
4449 67.1095
4450 67.1095
4451 67.1095
4452 67.1095
4453 67.1095
4454 67.1095
4455 67.1095
4456 67.1095
4457 67.1095
4458 67.1095
4459 67.1095
4460 67.1095
4461 67.1095
4462 67.1095
4463 67.1095
4464 67.1095
4465 67.1095
4466 67.1095
4467 67.1095
4468 67.1095
4469 67.1095
4470 67.1095
4471 67.1095
4472 67.1095
4473 67.1095
4474 67.1095
4475 67.1095
4476 67.1095
4477 67.1095
4478 67.1095
4479 67.1095
4480 67.1095
4481 67.1095
4482 67.1095
4483 67.1095
4484 67.1095
4485 67.1095
4486 67.1095
4487 67.1095
4488 67.1095
4489 67.1095
4490 67.1095
4491 67.1095
4492 67.1095
4493 67.1095
4494 67.1095
4495 67.1095
4496 67.1095
4497 67.1095
4498 67.1095
4499 67.1095
4500 67.1095
4501 67.1095
4502 67.1095
4503 67.1095
4504 67.1095
4505 67.1095
4506 67.1095
4507 67.1095
4508 67.1095
4509 67.1095
4510 67.1095
4511 67.1095
4512 67.1095
4513 67.1095
4514 67.1095
4515 67.1095
4516 67.1095
4517 67.1095
4518 67.1095
4519 67.1095
4520 67.1095
4521 67.1095
4522 67.1095
4523 67.1095
4524 67.1095
4525 67.1095
4526 67.1095
4527 67.1095
4528 67.1095
4529 67.1095
4530 67.1095
4531 67.1095
4532 67.1095
4533 67.1095
4534 67.1095
4535 67.1095
4536 67.1095
4537 67.1095
4538 67.1095
4539 67.1095
4540 67.1095
4541 67.1095
4542 67.1095
4543 67.1095
4544 67.1095
4545 67.1095
4546 67.1095
4547 67.1095
4548 67.1095
4549 67.1095
4550 67.1095
4551 67.1095
4552 67.1095
4553 67.1095
4554 67.1095
4555 67.1095
4556 67.1095
4557 67.1095
4558 67.1095
4559 67.1095
4560 67.1095
4561 67.1095
4562 67.1095
4563 67.1095
4564 67.1095
4565 67.1095
4566 67.1095
4567 67.1095
4568 67.1095
4569 67.1095
4570 67.1095
4571 67.1095
4572 67.1095
4573 67.1095
4574 67.1095
4575 67.1095
4576 67.1095
4577 67.1095
4578 67.1095
4579 67.1095
4580 67.1095
4581 67.1095
4582 67.1095
4583 67.1095
4584 67.1095
4585 67.1095
4586 67.1095
4587 67.1095
4588 67.1095
4589 67.1095
4590 67.1095
4591 67.1095
4592 67.1095
4593 67.1095
4594 67.1095
4595 67.1095
4596 67.1095
4597 67.1095
4598 67.1095
4599 67.1095
4600 67.1095
4601 67.1095
4602 67.1095
4603 67.1095
4604 67.1095
4605 67.1095
4606 67.1095
4607 67.1095
4608 67.1095
4609 67.1095
4610 67.1095
4611 67.1095
4612 67.1095
4613 67.1095
4614 67.1095
4615 67.1095
4616 67.1095
4617 67.1095
4618 67.1095
4619 67.1095
4620 67.1095
4621 67.1095
4622 67.1095
4623 67.1095
4624 67.1095
4625 67.1095
4626 67.1095
4627 67.1095
4628 67.1095
4629 67.1095
4630 67.1095
4631 67.1095
4632 67.1095
4633 67.1095
4634 67.1095
4635 67.1095
4636 67.1095
4637 67.1095
4638 67.1095
4639 67.1095
4640 67.1095
4641 67.1095
4642 67.1095
4643 67.1095
4644 67.1095
4645 67.1095
4646 67.1095
4647 67.1095
4648 67.1095
4649 67.1095
4650 67.1095
4651 67.1095
4652 67.1095
4653 67.1095
4654 67.1095
4655 67.1095
4656 67.1095
4657 67.1095
4658 67.1095
4659 67.1095
4660 67.1095
4661 67.1095
4662 67.1095
4663 67.1095
4664 67.1095
4665 67.1095
4666 67.1095
4667 67.1095
4668 67.1095
4669 67.1095
4670 67.1095
4671 67.1095
4672 67.1095
4673 67.1095
4674 67.1095
4675 67.1095
4676 67.1095
4677 67.1095
4678 67.1095
4679 67.1095
4680 67.1095
4681 67.1095
4682 67.1095
4683 67.1095
4684 67.1095
4685 67.1095
4686 67.1095
4687 67.1095
4688 67.1095
4689 67.1095
4690 67.1095
4691 67.1095
4692 67.1095
4693 67.1095
4694 67.1095
4695 67.1095
4696 67.1095
4697 67.1095
4698 67.1095
4699 67.1095
4700 67.1095
4701 67.1095
4702 67.1095
4703 67.1095
4704 67.1095
4705 67.1095
4706 67.1095
4707 67.1095
4708 67.1095
4709 67.1095
4710 67.1095
4711 67.1095
4712 67.1095
4713 67.1095
4714 67.1095
4715 67.1095
4716 67.1095
4717 67.1095
4718 67.1095
4719 67.1095
4720 67.1095
4721 67.1095
4722 67.1095
4723 67.1095
4724 67.1095
4725 67.1095
4726 67.1095
4727 67.1095
4728 67.1095
4729 67.1095
4730 67.1095
4731 67.1095
4732 67.1095
4733 67.1095
4734 67.1095
4735 67.1095
4736 67.1095
4737 67.1095
4738 67.1095
4739 67.1095
4740 67.1095
4741 67.1095
4742 67.1095
4743 67.1095
4744 67.1095
4745 67.1095
4746 67.1095
4747 67.1095
4748 67.1095
4749 67.1095
4750 67.1095
4751 67.1095
4752 67.1095
4753 67.1095
4754 67.1095
4755 67.1095
4756 67.1095
4757 67.1095
4758 67.1095
4759 67.1095
4760 67.1095
4761 67.1095
4762 67.1095
4763 67.1095
4764 67.1095
4765 67.1095
4766 67.1095
4767 67.1095
4768 67.1095
4769 67.1095
4770 67.1095
4771 67.1095
4772 67.1095
4773 67.1095
4774 67.1095
4775 67.1095
4776 67.1095
4777 67.1095
4778 67.1095
4779 67.1095
4780 67.1095
4781 67.1095
4782 67.1095
4783 67.1095
4784 67.1095
4785 67.1095
4786 67.1095
4787 67.1095
4788 67.1095
4789 67.1095
4790 67.1095
4791 67.1095
4792 67.1095
4793 67.1095
4794 67.1095
4795 67.1095
4796 67.1095
4797 67.1095
4798 67.1095
4799 67.1095
4800 67.1095
4801 67.1095
4802 67.1095
4803 67.1095
4804 67.1095
4805 67.1095
4806 67.1095
4807 67.1095
4808 67.1095
4809 67.1095
4810 67.1095
4811 67.1095
4812 67.1095
4813 67.1095
4814 67.1095
4815 67.1095
4816 67.1095
4817 67.1095
4818 67.1095
4819 67.1095
4820 67.1095
4821 67.1095
4822 67.1095
4823 67.1095
4824 67.1095
4825 67.1095
4826 67.1095
4827 67.1095
4828 67.1095
4829 67.1095
4830 67.1095
4831 67.1095
4832 67.1095
4833 67.1095
4834 67.1095
4835 67.1095
4836 67.1095
4837 67.1095
4838 67.1095
4839 67.1095
4840 67.1095
4841 67.1095
4842 67.1095
4843 67.1095
4844 67.1095
4845 67.1095
4846 67.1095
4847 67.1095
4848 67.1095
4849 67.1095
4850 67.1095
4851 67.1095
4852 67.1095
4853 67.1095
4854 67.1095
4855 67.1095
4856 67.1095
4857 67.1095
4858 67.1095
4859 67.1095
4860 67.1095
4861 67.1095
4862 67.1095
4863 67.1095
4864 67.1095
4865 67.1095
4866 67.1095
4867 67.1095
4868 67.1095
4869 67.1095
4870 67.1095
4871 67.1095
4872 67.1095
4873 67.1095
4874 67.1095
4875 67.1095
4876 67.1095
4877 67.1095
4878 67.1095
4879 67.1095
4880 67.1095
4881 67.1095
4882 67.1095
4883 67.1095
4884 67.1095
4885 67.1095
4886 67.1095
4887 67.1095
4888 67.1095
4889 67.1095
4890 67.1095
4891 67.1095
4892 67.1095
4893 67.1095
4894 67.1095
4895 67.1095
4896 67.1095
4897 67.1095
4898 67.1095
4899 67.1095
4900 67.1095
4901 67.1095
4902 67.1095
4903 67.1095
4904 67.1095
4905 67.1095
4906 67.1095
4907 67.1095
4908 67.1095
4909 67.1095
4910 67.1095
4911 67.1095
4912 67.1095
4913 67.1095
4914 67.1095
4915 67.1095
4916 67.1095
4917 67.1095
4918 67.1095
4919 67.1095
4920 67.1095
4921 67.1095
4922 67.1095
4923 67.1095
4924 67.1095
4925 67.1095
4926 67.1095
4927 67.1095
4928 67.1095
4929 67.1095
4930 67.1095
4931 67.1095
4932 67.1095
4933 67.1095
4934 67.1095
4935 67.1095
4936 67.1095
4937 67.1095
4938 67.1095
4939 67.1095
4940 67.1095
4941 67.1095
4942 67.1095
4943 67.1095
4944 67.1095
4945 67.1095
4946 67.1095
4947 67.1095
4948 67.1095
4949 67.1095
4950 67.1095
4951 67.1095
4952 67.1095
4953 67.1095
4954 67.1095
4955 67.1095
4956 67.1095
4957 67.1095
4958 67.1095
4959 67.1095
4960 67.1095
4961 67.1095
4962 67.1095
4963 67.1095
4964 67.1095
4965 67.1095
4966 67.1095
4967 67.1095
4968 67.1095
4969 67.1095
4970 67.1095
4971 67.1095
4972 67.1095
4973 67.1095
4974 67.1095
4975 67.1095
4976 67.1095
4977 67.1095
4978 67.1095
4979 67.1095
4980 67.1095
4981 67.1095
4982 67.1095
4983 67.1095
4984 67.1095
4985 67.1095
4986 67.1095
4987 67.1095
4988 67.1095
4989 67.1095
4990 67.1095
4991 67.1095
4992 67.1095
4993 67.1095
4994 67.1095
4995 67.1095
4996 67.1095
4997 67.1095
4998 67.1095
4999 67.1095
5000 67.1095
5001 67.1095
5002 67.1095
5003 67.1095
5004 67.1095
5005 67.1095
5006 67.1095
5007 67.1095
5008 67.1095
5009 67.1095
5010 67.1095
5011 67.1095
5012 67.1095
5013 67.1095
5014 67.1095
5015 67.1095
5016 67.1095
5017 67.1095
5018 67.1095
5019 67.1095
5020 67.1095
5021 67.1095
5022 67.1095
5023 67.1095
5024 67.1095
5025 67.1095
5026 67.1095
5027 67.1095
5028 67.1095
5029 67.1095
5030 67.1095
5031 67.1095
5032 67.1095
5033 67.1095
5034 67.1095
5035 67.1095
5036 67.1095
5037 67.1095
5038 67.1095
5039 67.1095
5040 67.1095
5041 67.1095
5042 67.1095
5043 67.1095
5044 67.1095
5045 67.1095
5046 67.1095
5047 67.1095
5048 67.1095
5049 67.1095
5050 67.1095
5051 67.1095
5052 67.1095
5053 67.1095
5054 67.1095
5055 67.1095
5056 67.1095
5057 67.1095
5058 67.1095
5059 67.1095
5060 67.1095
5061 67.1095
5062 67.1095
5063 67.1095
5064 67.1095
5065 67.1095
5066 67.1095
5067 67.1095
5068 67.1095
5069 67.1095
5070 67.1095
5071 67.1095
5072 67.1095
5073 67.1095
5074 67.1095
5075 67.1095
5076 67.1095
5077 67.1095
5078 67.1095
5079 67.1095
5080 67.1095
5081 67.1095
5082 67.1095
5083 67.1095
5084 67.1095
5085 67.1095
5086 67.1095
5087 67.1095
5088 67.1095
5089 67.1095
5090 67.1095
5091 67.1095
5092 67.1095
5093 67.1095
5094 67.1095
5095 67.1095
5096 67.1095
5097 67.1095
5098 67.1095
5099 67.1095
5100 67.1095
5101 67.1095
5102 67.1095
5103 67.1095
5104 67.1095
5105 67.1095
5106 67.1095
5107 67.1095
5108 67.1095
5109 67.1095
5110 67.1095
5111 67.1095
5112 67.1095
5113 67.1095
5114 67.1095
5115 67.1095
5116 67.1095
5117 67.1095
5118 67.1095
5119 67.1095
5120 67.1095
5121 67.1095
5122 67.1095
5123 67.1095
5124 67.1095
5125 67.1095
5126 67.1095
5127 67.1095
5128 67.1095
5129 67.1095
5130 67.1095
5131 67.1095
5132 67.1095
5133 67.1095
5134 67.1095
5135 67.1095
5136 67.1095
5137 67.1095
5138 67.1095
5139 67.1095
5140 67.1095
5141 67.1095
5142 67.1095
5143 67.1095
5144 67.1095
5145 67.1095
5146 67.1095
5147 67.1095
5148 67.1095
5149 67.1095
5150 67.1095
5151 67.1095
5152 67.1095
5153 67.1095
5154 67.1095
5155 67.1095
5156 67.1095
5157 67.1095
5158 67.1095
5159 67.1095
5160 67.1095
5161 67.1095
5162 67.1095
5163 67.1095
5164 67.1095
5165 67.1095
5166 67.1095
5167 67.1095
5168 67.1095
5169 67.1095
5170 67.1095
5171 67.1095
5172 67.1095
5173 67.1095
5174 67.1095
5175 67.1095
5176 67.1095
5177 67.1095
5178 67.1095
5179 67.1095
5180 67.1095
5181 67.1095
5182 67.1095
5183 67.1095
5184 67.1095
5185 67.1095
5186 67.1095
5187 67.1095
5188 67.1095
5189 67.1095
5190 67.1095
5191 67.1095
5192 67.1095
5193 67.1095
5194 67.1095
5195 67.1095
5196 67.1095
5197 67.1095
5198 67.1095
5199 67.1095
5200 67.1095
5201 67.1095
5202 67.1095
5203 67.1095
5204 67.1095
5205 67.1095
5206 67.1095
5207 67.1095
5208 67.1095
5209 67.1095
5210 67.1095
5211 67.1095
5212 67.1095
5213 67.1095
5214 67.1095
5215 67.1095
5216 67.1095
5217 67.1095
5218 67.1095
5219 67.1095
5220 67.1095
5221 67.1095
5222 67.1095
5223 67.1095
5224 67.1095
5225 67.1095
5226 67.1095
5227 67.1095
5228 67.1095
5229 67.1095
5230 67.1095
5231 67.1095
5232 67.1095
5233 67.1095
5234 67.1095
5235 67.1095
5236 67.1095
5237 67.1095
5238 67.1095
5239 67.1095
5240 67.1095
5241 67.1095
5242 67.1095
5243 67.1095
5244 67.1095
5245 67.1095
5246 67.1095
5247 67.1095
5248 67.1095
5249 67.1095
5250 67.1095
5251 67.1095
5252 67.1095
5253 67.1095
5254 67.1095
5255 67.1095
5256 67.1095
5257 67.1095
5258 67.1095
5259 67.1095
5260 67.1095
5261 67.1095
5262 67.1095
5263 67.1095
5264 67.1095
5265 67.1095
5266 67.1095
5267 67.1095
5268 67.1095
5269 67.1095
5270 67.1095
5271 67.1095
5272 67.1095
5273 67.1095
5274 67.1095
5275 67.1095
5276 67.1095
5277 67.1095
5278 67.1095
5279 67.1095
5280 67.1095
5281 67.1095
5282 67.1095
5283 67.1095
5284 67.1095
5285 67.1095
5286 67.1095
5287 67.1095
5288 67.1095
5289 67.1095
5290 67.1095
5291 67.1095
5292 67.1095
5293 67.1095
5294 67.1095
5295 67.1095
5296 67.1095
5297 67.1095
5298 67.1095
5299 67.1095
5300 67.1095
5301 67.1095
5302 67.1095
5303 67.1095
5304 67.1095
5305 67.1095
5306 67.1095
5307 67.1095
5308 67.1095
5309 67.1095
5310 67.1095
5311 67.1095
5312 67.1095
5313 67.1095
5314 67.1095
5315 67.1095
5316 67.1095
5317 67.1095
5318 67.1095
5319 67.1095
5320 67.1095
5321 67.1095
5322 67.1095
5323 67.1095
5324 67.1095
5325 67.1095
5326 67.1095
5327 67.1095
5328 67.1095
5329 67.1095
5330 67.1095
5331 67.1095
5332 67.1095
5333 67.1095
5334 67.1095
5335 67.1095
5336 67.1095
5337 67.1095
5338 67.1095
5339 67.1095
5340 67.1095
5341 67.1095
5342 67.1095
5343 67.1095
5344 67.1095
5345 67.1095
5346 67.1095
5347 67.1095
5348 67.1095
5349 67.1095
5350 67.1095
5351 67.1095
5352 67.1095
5353 67.1095
5354 67.1095
5355 67.1095
5356 67.1095
5357 67.1095
5358 67.1095
5359 67.1095
5360 67.1095
5361 67.1095
5362 67.1095
5363 67.1095
5364 67.1095
5365 67.1095
5366 67.1095
5367 67.1095
5368 67.1095
5369 67.1095
5370 67.1095
5371 67.1095
5372 67.1095
5373 67.1095
5374 67.1095
5375 67.1095
5376 67.1095
5377 67.1095
5378 67.1095
5379 67.1095
5380 67.1095
5381 67.1095
5382 67.1095
5383 67.1095
5384 67.1095
5385 67.1095
5386 67.1095
5387 67.1095
5388 67.1095
5389 67.1095
5390 67.1095
5391 67.1095
5392 67.1095
5393 67.1095
5394 67.1095
5395 67.1095
5396 67.1095
5397 67.1095
5398 67.1095
5399 67.1095
5400 67.1095
5401 67.1095
5402 67.1095
5403 67.1095
5404 67.1095
5405 67.1095
5406 67.1095
5407 67.1095
5408 67.1095
5409 67.1095
5410 67.1095
5411 67.1095
5412 67.1095
5413 67.1095
5414 67.1095
5415 67.1095
5416 67.1095
5417 67.1095
5418 67.1095
5419 67.1095
5420 67.1095
5421 67.1095
5422 67.1095
5423 67.1095
5424 67.1095
5425 67.1095
5426 67.1095
5427 67.1095
5428 67.1095
5429 67.1095
5430 67.1095
5431 67.1095
5432 67.1095
5433 67.1095
5434 67.1095
5435 67.1095
5436 67.1095
5437 67.1095
5438 67.1095
5439 67.1095
5440 67.1095
5441 67.1095
5442 67.1095
5443 67.1095
5444 67.1095
5445 67.1095
5446 67.1095
5447 67.1095
5448 67.1095
5449 67.1095
5450 67.1095
5451 67.1095
5452 67.1095
5453 67.1095
5454 67.1095
5455 67.1095
5456 67.1095
5457 67.1095
5458 67.1095
5459 67.1095
5460 67.1095
5461 67.1095
5462 67.1095
5463 67.1095
5464 67.1095
5465 67.1095
5466 67.1095
5467 67.1095
5468 67.1095
5469 67.1095
5470 67.1095
5471 67.1095
5472 67.1095
5473 67.1095
5474 67.1095
5475 67.1095
5476 67.1095
5477 67.1095
5478 67.1095
5479 67.1095
5480 67.1095
5481 67.1095
5482 67.1095
5483 67.1095
5484 67.1095
5485 67.1095
5486 67.1095
5487 67.1095
5488 67.1095
5489 67.1095
5490 67.1095
5491 67.1095
5492 67.1095
5493 67.1095
5494 67.1095
5495 67.1095
5496 67.1095
5497 67.1095
5498 67.1095
5499 67.1095
5500 67.1095
5501 67.1095
5502 67.1095
5503 67.1095
5504 67.1095
5505 67.1095
5506 67.1095
5507 67.1095
5508 67.1095
5509 67.1095
5510 67.1095
5511 67.1095
5512 67.1095
5513 67.1095
5514 67.1095
5515 67.1095
5516 67.1095
5517 67.1095
5518 67.1095
5519 67.1095
5520 67.1095
5521 67.1095
5522 67.1095
5523 67.1095
5524 67.1095
5525 67.1095
5526 67.1095
5527 67.1095
5528 67.1095
5529 67.1095
5530 67.1095
5531 67.1095
5532 67.1095
5533 67.1095
5534 67.1095
5535 67.1095
5536 67.1095
5537 67.1095
5538 67.1095
5539 67.1095
5540 67.1095
5541 67.1095
5542 67.1095
5543 67.1095
5544 67.1095
5545 67.1095
5546 67.1095
5547 67.1095
5548 67.1095
5549 67.1095
5550 67.1095
5551 67.1095
5552 67.1095
5553 67.1095
5554 67.1095
5555 67.1095
5556 67.1095
5557 67.1095
5558 67.1095
5559 67.1095
5560 67.1095
5561 67.1095
5562 67.1095
5563 67.1095
5564 67.1095
5565 67.1095
5566 67.1095
5567 67.1095
5568 67.1095
5569 67.1095
5570 67.1095
5571 67.1095
5572 67.1095
5573 67.1095
5574 67.1095
5575 67.1095
5576 67.1095
5577 67.1095
5578 67.1095
5579 67.1095
5580 67.1095
5581 67.1095
5582 67.1095
5583 67.1095
5584 67.1095
5585 67.1095
5586 67.1095
5587 67.1095
5588 67.1095
5589 67.1095
5590 67.1095
5591 67.1095
5592 67.1095
5593 67.1095
5594 67.1095
5595 67.1095
5596 67.1095
5597 67.1095
5598 67.1095
5599 67.1095
5600 67.1095
5601 67.1095
5602 67.1095
5603 67.1095
5604 67.1095
5605 67.1095
5606 67.1095
5607 67.1095
5608 67.1095
5609 67.1095
5610 67.1095
5611 67.1095
5612 67.1095
5613 67.1095
5614 67.1095
5615 67.1095
5616 67.1095
5617 67.1095
5618 67.1095
5619 67.1095
5620 67.1095
5621 67.1095
5622 67.1095
5623 67.1095
5624 67.1095
5625 67.1095
5626 67.1095
5627 67.1095
5628 67.1095
5629 67.1095
5630 67.1095
5631 67.1095
5632 67.1095
5633 67.1095
5634 67.1095
5635 67.1095
5636 67.1095
5637 67.1095
5638 67.1095
5639 67.1095
5640 67.1095
5641 67.1095
5642 67.1095
5643 67.1095
5644 67.1095
5645 67.1095
5646 67.1095
5647 67.1095
5648 67.1095
5649 67.1095
5650 67.1095
5651 67.1095
5652 67.1095
5653 67.1095
5654 67.1095
5655 67.1095
5656 67.1095
5657 67.1095
5658 67.1095
5659 67.1095
5660 67.1095
5661 67.1095
5662 67.1095
5663 67.1095
5664 67.1095
5665 67.1095
5666 67.1095
5667 67.1095
5668 67.1095
5669 67.1095
5670 67.1095
5671 67.1095
5672 67.1095
5673 67.1095
5674 67.1095
5675 67.1095
5676 67.1095
5677 67.1095
5678 67.1095
5679 67.1095
5680 67.1095
5681 67.1095
5682 67.1095
5683 67.1095
5684 67.1095
5685 67.1095
5686 67.1095
5687 67.1095
5688 67.1095
5689 67.1095
5690 67.1095
5691 67.1095
5692 67.1095
5693 67.1095
5694 67.1095
5695 67.1095
5696 67.1095
5697 67.1095
5698 67.1095
5699 67.1095
5700 67.1095
5701 67.1095
5702 67.1095
5703 67.1095
5704 67.1095
5705 67.1095
5706 67.1095
5707 67.1095
5708 67.1095
5709 67.1095
5710 67.1095
5711 67.1095
5712 67.1095
5713 67.1095
5714 67.1095
5715 67.1095
5716 67.0895
5717 67.0895
5718 67.0895
5719 67.0895
5720 67.0895
5721 67.0895
5722 67.0895
5723 67.0895
5724 67.0895
5725 67.0895
5726 67.0895
5727 67.0895
5728 67.0895
5729 67.0895
5730 67.0895
5731 67.0895
5732 67.0895
5733 67.0895
5734 67.0895
5735 67.0895
5736 67.0895
5737 67.0895
5738 67.0895
5739 67.0895
5740 67.0895
5741 67.0895
5742 67.0895
5743 67.0895
5744 67.0895
5745 67.0895
5746 67.0895
5747 67.0895
5748 67.0895
5749 67.0895
5750 67.0895
5751 67.0895
5752 67.0895
5753 67.0895
5754 67.0895
5755 67.0895
5756 67.0895
5757 67.0895
5758 67.0895
5759 67.0895
5760 67.0895
5761 67.0895
5762 67.0895
5763 67.0895
5764 67.0895
5765 67.0895
5766 67.0895
5767 67.0895
5768 67.0895
5769 67.0895
5770 67.0895
5771 67.0895
5772 67.0895
5773 67.0895
5774 67.0895
5775 67.0895
5776 67.0895
5777 67.0895
5778 67.0895
5779 67.0895
5780 67.0895
5781 67.0895
5782 67.0895
5783 67.0895
5784 67.0895
5785 67.0895
5786 67.0895
5787 67.0895
5788 67.0895
5789 67.0895
5790 67.0895
5791 67.0895
5792 67.0895
5793 67.0895
5794 67.0895
5795 67.0895
5796 67.0895
5797 67.0895
5798 67.0895
5799 67.0895
5800 67.0895
5801 67.0895
5802 67.0895
5803 67.0895
5804 67.0895
5805 67.0895
5806 67.0895
5807 67.0895
5808 67.0895
5809 67.0895
5810 67.0895
5811 67.0895
5812 67.0895
5813 67.0895
5814 67.0895
5815 67.0895
5816 67.0895
5817 67.0895
5818 67.0895
5819 67.0895
5820 67.0895
5821 67.0895
5822 67.0895
5823 67.0895
5824 67.0895
5825 67.0895
5826 67.0895
5827 67.0895
5828 67.0895
5829 67.0895
5830 67.0895
5831 67.0895
5832 67.0895
5833 67.0895
5834 67.0895
5835 67.0895
5836 67.0895
5837 67.0895
5838 67.0895
5839 67.0895
5840 67.0895
5841 67.0895
5842 67.0895
5843 67.0895
5844 67.0895
5845 67.0895
5846 67.0895
5847 67.0895
5848 67.0895
5849 67.0895
5850 67.0895
5851 67.0895
5852 67.0895
5853 67.0895
5854 67.0895
5855 67.0895
5856 67.0895
5857 67.0895
5858 67.0895
5859 67.0895
5860 67.0895
5861 67.0895
5862 67.0895
5863 67.0895
5864 67.0895
5865 67.0895
5866 67.0895
5867 67.0895
5868 67.0895
5869 67.0895
5870 67.0895
5871 67.0895
5872 67.0895
5873 67.0895
5874 67.0895
5875 67.0895
5876 67.0895
5877 67.0895
5878 67.0895
5879 67.0895
5880 67.0895
5881 67.0895
5882 67.0895
5883 67.0895
5884 67.0895
5885 67.0895
5886 67.0895
5887 67.0895
5888 67.0895
5889 67.0895
5890 67.0895
5891 67.0895
5892 67.0895
5893 67.0895
5894 67.0895
5895 67.0895
5896 67.0895
5897 67.0895
5898 67.0895
5899 67.0895
5900 67.0895
5901 67.0895
5902 67.0895
5903 67.0895
5904 67.0895
5905 67.0895
5906 67.0895
5907 67.0895
5908 67.0895
5909 67.0895
5910 67.0895
5911 67.0895
5912 67.0895
5913 67.0895
5914 67.0895
5915 67.0895
5916 67.0895
5917 67.0895
5918 67.0895
5919 67.0895
5920 67.0895
5921 67.0895
5922 67.0895
5923 67.0895
5924 67.0895
5925 67.0895
5926 67.0895
5927 67.0895
5928 67.0895
5929 67.0895
5930 67.0895
5931 67.0895
5932 67.0895
5933 67.0895
5934 67.0895
5935 67.0895
5936 67.0895
5937 67.0895
5938 67.0895
5939 67.0895
5940 67.0895
5941 67.0895
5942 67.0895
5943 67.0895
5944 67.0895
5945 67.0895
5946 67.0895
5947 67.0895
5948 67.0895
5949 67.0895
5950 67.0895
5951 67.0895
5952 67.0895
5953 67.0895
5954 67.0895
5955 67.0895
5956 67.0895
5957 67.0895
5958 67.0895
5959 67.0895
5960 67.0895
5961 67.0895
5962 67.0895
5963 67.0895
5964 67.0895
5965 67.0895
5966 67.0895
5967 67.0895
5968 67.0895
5969 67.0895
5970 67.0895
5971 67.0895
5972 67.0895
5973 67.0895
5974 67.0895
5975 67.0895
5976 67.0895
5977 67.0895
5978 67.0895
5979 67.0895
5980 67.0895
5981 67.0895
5982 67.0895
5983 67.0895
5984 67.0895
5985 67.0895
5986 67.0895
5987 67.0895
5988 67.0895
5989 67.0895
5990 67.0895
5991 67.0895
5992 67.0895
5993 67.0895
5994 67.0895
5995 67.0895
5996 67.0895
5997 67.0895
5998 67.0895
5999 67.0895
6000 67.0895
