1 428.136
2 415.752
3 408.175
4 403.621
5 385.757
6 385.757
7 383.923
8 379.19
9 371.703
10 367.156
11 359.455
12 354.61
13 338.207
14 337.729
15 334.211
16 329.134
17 329.134
18 329.134
19 321.917
20 321.146
21 321.146
22 309.921
23 308.702
24 303.187
25 303.187
26 303.187
27 295.262
28 295.141
29 292.802
30 291.795
31 287.358
32 284.961
33 284.961
34 284.961
35 283.241
36 283.241
37 279.55
38 279.55
39 275.758
40 275.758
41 272.754
42 271.483
43 271.022
44 269.591
45 268.186
46 260.546
47 250.79
48 250.79
49 250.79
50 245.369
51 243.739
52 243.739
53 243.695
54 243.695
55 240.355
56 239.129
57 231.457
58 231.457
59 231.412
60 228.925
61 228.904
62 228.904
63 228.778
64 227.293
65 221.617
66 221.617
67 221.617
68 223.052
69 222.318
70 220.478
71 218.546
72 217.574
73 217.574
74 216.163
75 216.163
76 214.852
77 214.373
78 214.029
79 213.915
80 213.099
81 213.099
82 209.401
83 209.401
84 208.09
85 207.164
86 203.84
87 203.84
88 201.997
89 201.997
90 201.997
91 201.997
92 201.624
93 197.335
94 197.335
95 195.914
96 195.914
97 195.914
98 192.964
99 192.673
100 192.673
101 192.673
102 192.673
103 192.673
104 190.946
105 187.084
106 187.084
107 187.084
108 187.084
109 187.084
110 186.782
111 184.43
112 184.43
113 184.43
114 184.43
115 184.43
116 184.43
117 184.4
118 183.788
119 182.522
120 182.522
121 182.051
122 182.051
123 181.616
124 176.969
125 176.969
126 176.969
127 176.634
128 174.591
129 174.591
130 174.591
131 174.591
132 174.591
133 174.591
134 172.343
135 172.343
136 172.315
137 172.315
138 172.315
139 171.732
140 171.349
141 171.349
142 168.065
143 168.065
144 168.065
145 168.065
146 166.945
147 166.945
148 166.945
149 164.059
150 164.059
151 163.974
152 163.735
153 162.983
154 162.983
155 162.983
156 162.983
157 162.983
158 159.992
159 159.992
160 159.992
161 159.992
162 158.841
163 158.841
164 158.841
165 158.684
166 158.684
167 158.252
168 158.252
169 157.85
170 157.693
171 156.909
172 156.035
173 155.991
174 155.991
175 155.991
176 155.991
177 155.991
178 155.325
179 155.325
180 155.325
181 154.759
182 154.759
183 154.759
184 154.753
185 154.18
186 154.18
187 154.18
188 153.995
189 153.924
190 152.458
191 152.458
192 152.458
193 151.341
194 151.341
195 151.163
196 151.163
197 151.163
198 150.449
199 150.449
200 150.449
201 150.449
202 150.263
203 148.87
204 148.636
205 148.636
206 148.636
207 148.508
208 148.113
209 148.085
210 148.085
211 148.05
212 147.465
213 147.465
214 147.465
215 147.465
216 147.465
217 147.465
218 147.465
219 147.465
220 147.465
221 146.628
222 146.628
223 146.628
224 146.628
225 146.459
226 146.628
227 146.628
228 146.459
229 145.623
230 144.359
231 144.359
232 144.359
233 144.359
234 144.359
235 143.046
236 143.046
237 143.046
238 141.991
239 141.65
240 141.404
241 141.404
242 141.65
243 141.65
244 141.65
245 140.376
246 140.376
247 140.376
248 139.71
249 139.71
250 139.71
251 139.71
252 139.71
253 139.131
254 139.033
255 139.033
256 135.187
257 135.187
258 133.822
259 133.822
260 133.822
261 133.822
262 133.822
263 133.822
264 133.822
265 133.65
266 133.363
267 132.443
268 132.443
269 132.443
270 129.389
271 131.826
272 131.826
273 129.389
274 129.389
275 129.389
276 129.217
277 127.754
278 127.913
279 127.913
280 125.333
281 125.333
282 125.333
283 125.333
284 125.333
285 125.333
286 124.965
287 124.965
288 124.965
289 124.965
290 124.836
291 124.233
292 124.233
293 124.233
294 124.004
295 123.648
296 123.62
297 123.62
298 123.62
299 123.62
300 123.62
301 123.337
302 122.957
303 122.943
304 122.868
305 122.259
306 122.012
307 122.253
308 122.253
309 121.257
310 121.837
311 121.837
312 121.837
313 121.837
314 121.837
315 121.837
316 121.13
317 121.13
318 121.13
319 121.078
320 121.078
321 120.655
322 120.655
323 120.655
324 120.171
325 120.655
326 120.655
327 120.643
328 120.643
329 120.421
330 120.421
331 120.239
332 119.567
333 119.567
334 119.567
335 119.567
336 119.567
337 119.567
338 119.567
339 119.567
340 118.89
341 118.58
342 118.58
343 118.58
344 118.58
345 118.58
346 118.58
347 118.58
348 118.018
349 117.341
350 117.341
351 117.341
352 117.341
353 116.647
354 116.647
355 116.647
356 116.647
357 116.647
358 116.647
359 116.379
360 116.379
361 116.379
362 116.379
363 116.379
364 116.379
365 116.379
366 115.998
367 115.998
368 115.998
369 115.998
370 115.998
371 115.998
372 115.998
373 113.904
374 113.904
375 113.904
376 113.904
377 113.904
378 113.904
379 113.904
380 113.904
381 113.904
382 113.904
383 113.904
384 113.904
385 113.43
386 113.43
387 113.43
388 113.9
389 113.9
390 112.042
391 112.042
392 112.042
393 112.042
394 111.939
395 111.939
396 111.939
397 111.939
398 111.939
399 111.821
400 111.821
401 111.821
402 111.821
403 110.096
404 110.096
405 110.096
406 110.096
407 110.096
408 110.096
409 110.096
410 110.096
411 110.096
412 110.096
413 110.096
414 110.096
415 110.096
416 110.096
417 110.096
418 110.096
419 109.823
420 109.353
421 109.353
422 109.353
423 109.353
424 109.353
425 109.353
426 109.353
427 109.353
428 109.353
429 109.353
430 109.353
431 109.353
432 109.353
433 109.353
434 109.353
435 109.353
436 109.353
437 106.521
438 106.521
439 106.521
440 106.521
441 106.521
442 106.521
443 106.521
444 106.521
445 105.735
446 105.735
447 105.735
448 105.735
449 105.735
450 104.932
451 104.932
452 104.932
453 104.932
454 104.932
455 104.932
456 104.932
457 104.932
458 104.932
459 104.932
460 104.932
461 104.932
462 104.932
463 104.932
464 104.932
465 104.385
466 104.385
467 104.385
468 104.385
469 104.385
470 104.385
471 104.385
472 104.385
473 104.385
474 104.385
475 104.385
476 104.385
477 103.902
478 102.208
479 102.208
480 102.208
481 102.208
482 102.208
483 102.208
484 102.208
485 102.208
486 102.208
487 102.208
488 102.208
489 102.208
490 102.208
491 102.208
492 102.208
493 102.208
494 102.208
495 102.208
496 102.208
497 102.173
498 102.173
499 102.173
500 102.173
501 102.173
502 102.173
503 102.173
504 102.173
505 100.262
506 100.262
507 100.262
508 100.262
509 100.262
510 100.262
511 100.262
512 100.262
513 100.262
514 100.262
515 100.262
516 100.262
517 100.262
518 100.262
519 100.262
520 100.262
521 99.9725
522 99.7674
523 99.7674
524 99.7674
525 99.7674
526 99.7674
527 99.4673
528 99.4673
529 99.506
530 98.8152
531 98.8152
532 98.5538
533 98.5538
534 98.5538
535 98.5538
536 98.5538
537 98.5538
538 98.5538
539 98.5538
540 96.8285
541 96.7618
542 96.7618
543 96.7618
544 96.7618
545 96.7618
546 96.7618
547 96.3933
548 96.3933
549 96.3933
550 95.9353
551 95.9353
552 95.9353
553 95.9353
554 95.9353
555 95.9353
556 95.9353
557 95.9353
558 95.9353
559 95.9353
560 95.9353
561 95.9353
562 95.9353
563 95.702
564 95.702
565 95.702
566 95.702
567 95.702
568 95.702
569 95.702
570 95.702
571 95.702
572 95.702
573 95.702
574 94.9313
575 95.702
576 95.702
577 95.4341
578 95.4341
579 95.4341
580 95.4341
581 95.4341
582 95.4341
583 95.4341
584 95.4341
585 95.4341
586 95.4341
587 95.4341
588 95.4341
589 95.4341
590 95.4341
591 95.4341
592 95.4341
593 95.4341
594 95.4341
595 95.4341
596 95.4341
597 95.4341
598 95.4341
599 95.4341
600 95.4341
601 95.4341
602 95.4341
603 95.4341
604 95.4341
605 95.4341
606 95.4341
607 94.6182
608 94.6182
609 94.6182
610 94.6182
611 94.6182
612 94.6182
613 94.6182
614 94.6182
615 94.6182
616 94.0562
617 94.0562
618 94.0562
619 93.8212
620 93.8212
621 93.8212
622 93.8212
623 93.8212
624 93.8212
625 93.8212
626 93.8212
627 93.8212
628 93.8212
629 93.8212
630 93.7454
631 93.7454
632 93.7454
633 93.3056
634 93.3056
635 93.3056
636 93.2057
637 93.3056
638 93.3056
639 93.3056
640 93.3056
641 92.4546
642 92.4546
643 92.4546
644 92.4546
645 92.4546
646 92.4546
647 92.3228
648 91.8903
649 91.8903
650 91.8903
651 91.833
652 91.833
653 91.797
654 91.833
655 91.797
656 91.797
657 91.797
658 91.797
659 91.4484
660 91.4484
661 91.4484
662 91.4484
663 91.4484
664 91.2413
665 91.2413
666 91.2413
667 91.2155
668 90.982
669 90.982
670 90.2252
671 90.2252
672 90.2252
673 90.2252
674 90.2252
675 90.2252
676 90.2252
677 90.2252
678 90.2252
679 90.2252
680 90.2252
681 90.2252
682 90.2252
683 90.2252
684 90.2252
685 90.2252
686 90.2252
687 90.2252
688 90.2252
689 90.2252
690 90.2252
691 90.2252
692 90.2252
693 90.2252
694 90.2252
695 90.2252
696 90.2252
697 90.2252
698 90.2252
699 90.2252
700 90.2252
701 90.2252
702 90.2252
703 90.2252
704 90.1985
705 90.1985
706 90.2252
707 90.2252
708 90.2252
709 90.2252
710 90.1994
711 90.1994
712 90.1994
713 90.1994
714 90.1994
715 90.1994
716 90.1994
717 90.1994
718 90.1994
719 90.1994
720 90.1994
721 90.1929
722 89.7376
723 89.7376
724 89.7376
725 89.7376
726 89.7376
727 89.7376
728 89.7376
729 89.7376
730 89.7376
731 89.7376
732 89.7376
733 89.7376
734 89.4993
735 89.4993
736 89.4993
737 89.4993
738 89.4993
739 89.4993
740 89.4993
741 89.4993
742 89.4993
743 89.4993
744 89.4993
745 89.4993
746 89.4993
747 89.4993
748 89.4993
749 89.4993
750 89.4993
751 89.4993
752 89.3426
753 88.914
754 88.2148
755 88.2148
756 88.0874
757 88.2148
758 88.1762
759 88.1762
760 88.1762
761 87.5909
762 87.5909
763 87.5909
764 87.7366
765 87.6185
766 87.6185
767 87.4352
768 87.4352
769 87.4352
770 87.4352
771 87.4352
772 87.1303
773 87.1303
774 87.1303
775 87.1303
776 87.1303
777 87.1303
778 87.1303
779 87.1303
780 87.1303
781 87.1303
782 87.1303
783 87.1303
784 86.6145
785 86.6145
786 86.6145
787 86.6145
788 86.6145
789 86.6145
790 86.6145
791 86.6145
792 86.6145
793 86.6145
794 86.6145
795 86.6145
796 86.6145
797 86.6145
798 86.6145
799 85.2424
800 85.2424
801 85.2424
802 85.2424
803 85.2424
804 85.2424
805 85.2424
806 85.2424
807 85.2424
808 85.2424
809 85.2424
810 85.2424
811 85.2424
812 85.2424
813 85.2424
814 85.2424
815 85.2424
816 85.2424
817 85.2424
818 84.9604
819 84.9604
820 84.9604
821 84.9604
822 84.9604
823 84.9604
824 84.9604
825 84.9604
826 84.9604
827 84.9604
828 84.9604
829 84.9604
830 84.9604
831 84.9604
832 84.9604
833 84.9604
834 84.9604
835 84.9604
836 84.9604
837 84.9604
838 84.9604
839 84.9604
840 84.9604
841 83.3554
842 83.3554
843 83.3554
844 83.3554
845 83.3554
846 83.3554
847 82.893
848 82.893
849 82.893
850 82.893
851 82.893
852 82.893
853 82.893
854 82.893
855 82.4024
856 82.4024
857 82.4024
858 82.4024
859 82.3506
860 82.3506
861 81.9679
862 81.9679
863 81.9679
864 81.9679
865 81.9679
866 81.9162
867 81.9162
868 81.9162
869 81.9162
870 81.9162
871 81.9162
872 81.9162
873 81.9162
874 81.9162
875 81.9162
876 81.9162
877 81.9162
878 81.9162
879 81.4873
880 81.9162
881 81.4873
882 81.4873
883 81.4326
884 81.4326
885 81.4326
886 81.4326
887 81.4326
888 81.4326
889 81.4051
890 81.2969
891 81.2969
892 81.2969
893 81.2969
894 81.2969
895 81.2969
896 81.2541
897 81.2541
898 81.2541
899 81.2541
900 81.2541
901 81.2541
902 81.2541
903 81.2541
904 81.2541
905 81.2541
906 81.2541
907 81.2541
908 81.2541
909 81.2541
910 81.2541
911 81.2541
912 81.0249
913 81.0249
914 81.0249
915 81.0249
916 81.0249
917 81.0249
918 81.0249
919 81.0249
920 81.0249
921 81.0249
922 81.0249
923 81.0249
924 81.0249
925 81.0249
926 81.0249
927 81.0249
928 81.0249
929 80.4495
930 80.4495
931 80.4495
932 80.4495
933 80.4495
934 80.4495
935 80.4495
936 80.4495
937 80.4495
938 80.3186
939 80.3186
940 80.3186
941 80.3186
942 80.3186
943 80.3186
944 80.3186
945 80.3186
946 80.3186
947 79.9956
948 80.3186
949 80.3186
950 80.3186
951 80.3186
952 80.3186
953 80.3186
954 80.3186
955 80.3186
956 80.3186
957 80.3186
958 80.3186
959 80.3186
960 80.3186
961 80.3186
962 80.3186
963 80.3186
964 80.3186
965 80.3186
966 80.0555
967 80.0555
968 80.0555
969 80.0555
970 80.0555
971 79.7333
972 79.7333
973 79.7333
974 79.7333
975 79.7333
976 79.7333
977 79.7333
978 79.7333
979 79.4702
980 79.4702
981 79.4702
982 79.4702
983 79.4702
984 79.4702
985 79.4702
986 79.4702
987 79.4702
988 79.4702
989 79.4702
990 79.4702
991 79.4702
992 79.4702
993 79.4702
994 79.4702
995 79.4702
996 79.3942
997 79.3942
998 79.3942
999 79.3942
1000 79.3942
1001 79.3942
1002 79.3942
1003 79.3942
1004 79.3942
1005 79.3505
1006 79.3505
1007 78.9139
1008 78.9139
1009 78.9139
1010 78.851
1011 78.851
1012 78.851
1013 78.851
1014 78.851
1015 78.851
1016 78.851
1017 78.851
1018 78.851
1019 78.851
1020 78.851
1021 78.851
1022 78.851
1023 78.851
1024 78.851
1025 78.851
1026 78.851
1027 78.851
1028 78.851
1029 78.851
1030 78.851
1031 78.851
1032 78.851
1033 78.851
1034 78.851
1035 78.851
1036 78.851
1037 78.851
1038 78.851
1039 78.851
1040 78.851
1041 78.851
1042 78.851
1043 78.851
1044 78.851
1045 78.851
1046 78.851
1047 78.851
1048 78.851
1049 78.851
1050 78.851
1051 78.817
1052 78.817
1053 78.817
1054 78.817
1055 78.817
1056 78.817
1057 78.817
1058 78.817
1059 78.817
1060 78.817
1061 78.817
1062 78.817
1063 78.307
1064 77.9707
1065 77.9707
1066 77.9707
1067 77.9707
1068 77.9707
1069 77.9707
1070 77.9707
1071 77.9707
1072 77.9707
1073 77.9707
1074 77.9707
1075 77.9707
1076 77.9707
1077 77.9707
1078 77.9707
1079 77.9707
1080 77.9707
1081 77.9707
1082 77.9707
1083 77.9707
1084 77.9707
1085 77.9707
1086 77.9707
1087 77.9707
1088 77.9707
1089 77.9707
1090 77.6661
1091 77.6661
1092 77.6661
1093 77.6661
1094 77.6661
1095 77.6135
1096 77.6135
1097 77.6135
1098 77.6135
1099 77.6135
1100 77.6135
1101 77.6135
1102 77.4735
1103 77.4735
1104 77.4735
1105 77.4735
1106 77.4735
1107 77.4735
1108 77.4735
1109 77.4735
1110 77.4735
1111 77.4209
1112 77.4209
1113 77.4209
1114 77.4209
1115 77.4209
1116 77.4209
1117 77.4209
1118 77.4209
1119 77.4209
1120 77.4209
1121 77.4209
1122 77.4209
1123 77.4209
1124 77.4209
1125 77.4209
1126 77.4209
1127 77.4209
1128 77.4209
1129 77.4209
1130 77.4209
1131 77.4209
1132 77.4209
1133 77.4209
1134 77.4209
1135 77.4209
1136 77.4209
1137 77.4209
1138 77.4209
1139 77.4209
1140 77.4209
1141 77.4209
1142 77.4209
1143 77.4209
1144 77.4209
1145 77.4209
1146 76.6698
1147 76.6698
1148 76.6698
1149 76.6698
1150 76.6698
1151 76.6698
1152 76.6698
1153 76.6698
1154 76.6698
1155 76.6698
1156 76.6698
1157 76.6698
1158 76.6698
1159 76.6698
1160 76.6698
1161 76.6698
1162 76.6698
1163 76.6698
1164 76.6698
1165 76.6698
1166 76.6698
1167 76.6698
1168 76.6698
1169 76.6698
1170 76.6698
1171 76.6698
1172 76.6698
1173 76.6698
1174 76.6698
1175 76.6698
1176 76.6698
1177 76.6698
1178 76.6698
1179 76.6698
1180 76.6698
1181 76.6698
1182 76.6698
1183 76.6698
1184 76.6698
1185 76.6698
1186 76.6698
1187 76.6698
1188 76.6698
1189 76.6698
1190 76.6698
1191 76.6698
1192 76.6698
1193 76.6698
1194 76.6698
1195 76.6698
1196 76.6698
1197 76.068
1198 76.068
1199 76.068
1200 76.068
1201 76.068
1202 76.068
1203 76.068
1204 76.068
1205 76.068
1206 76.068
1207 76.068
1208 76.068
1209 76.068
1210 76.068
1211 76.068
1212 76.068
1213 76.068
1214 76.068
1215 76.068
1216 75.643
1217 75.643
1218 75.643
1219 75.643
1220 75.643
1221 75.643
1222 75.643
1223 75.643
1224 75.643
1225 75.643
1226 75.643
1227 75.643
1228 75.643
1229 75.643
1230 75.643
1231 75.643
1232 75.643
1233 75.643
1234 75.643
1235 75.643
1236 75.643
1237 75.643
1238 75.643
1239 75.643
1240 75.643
1241 75.643
1242 75.643
1243 75.643
1244 75.643
1245 75.643
1246 75.643
1247 75.643
1248 75.643
1249 75.643
1250 75.643
1251 75.643
1252 75.2984
1253 75.2984
1254 75.2984
1255 75.2984
1256 75.2984
1257 75.2984
1258 75.2984
1259 75.2984
1260 75.2984
1261 75.2984
1262 75.2984
1263 75.2984
1264 75.2984
1265 75.2984
1266 75.2984
1267 75.2984
1268 75.2984
1269 75.2984
1270 75.2984
1271 75.2984
1272 75.2984
1273 75.2984
1274 75.2984
1275 75.2984
1276 75.2984
1277 75.2984
1278 75.2984
1279 75.2984
1280 75.2984
1281 75.2984
1282 75.2984
1283 75.2984
1284 75.2984
1285 75.2984
1286 75.2984
1287 75.2984
1288 75.2984
1289 75.2984
1290 75.2984
1291 75.2466
1292 75.2466
1293 75.2466
1294 75.2466
1295 75.2466
1296 75.2466
1297 75.2466
1298 75.2466
1299 75.2466
1300 75.2466
1301 75.2466
1302 74.6388
1303 74.6388
1304 74.6388
1305 74.6388
1306 74.6388
1307 74.6388
1308 74.6388
1309 74.6388
1310 74.6388
1311 74.6388
1312 74.6388
1313 74.6388
1314 74.6388
1315 74.6388
1316 74.6388
1317 74.6388
1318 74.6388
1319 74.6388
1320 74.6388
1321 74.6388
1322 74.6388
1323 74.6388
1324 74.6388
1325 74.6388
1326 74.6388
1327 74.6388
1328 74.6388
1329 74.6388
1330 74.6388
1331 74.6388
1332 74.6388
1333 74.6388
1334 74.6388
1335 74.6388
1336 74.6388
1337 74.6388
1338 74.5134
1339 74.5134
1340 74.5134
1341 74.5134
1342 74.5134
1343 73.8955
1344 74.5134
1345 74.5134
1346 74.5134
1347 74.5134
1348 74.5134
1349 74.5134
1350 74.5134
1351 74.5134
1352 74.5134
1353 74.5134
1354 74.5134
1355 74.5134
1356 74.5134
1357 74.5134
1358 74.5134
1359 74.5134
1360 74.3692
1361 74.3692
1362 74.3692
1363 74.3692
1364 74.3692
1365 74.3692
1366 74.3692
1367 74.3692
1368 74.3692
1369 74.3692
1370 74.3692
1371 74.3692
1372 74.3692
1373 74.3692
1374 74.3692
1375 74.3692
1376 74.3692
1377 74.3692
1378 74.3692
1379 74.3692
1380 74.3692
1381 74.3692
1382 74.3692
1383 74.3692
1384 74.3692
1385 74.3692
1386 74.3692
1387 74.3692
1388 74.3692
1389 74.3692
1390 74.3692
1391 74.3692
1392 74.3692
1393 74.3692
1394 74.3692
1395 74.3692
1396 74.3692
1397 74.3692
1398 74.3692
1399 74.3692
1400 74.3692
1401 74.3692
1402 74.3692
1403 74.3692
1404 74.3692
1405 74.3692
1406 74.3692
1407 74.3692
1408 74.3692
1409 74.3692
1410 74.3692
1411 74.3692
1412 74.3692
1413 74.3692
1414 74.3692
1415 74.3692
1416 74.3692
1417 74.3692
1418 74.3692
1419 74.3692
1420 74.3692
1421 74.3692
1422 74.3692
1423 74.3692
1424 74.3692
1425 74.3692
1426 74.3692
1427 74.3692
1428 74.3692
1429 74.3692
1430 74.3692
1431 74.3692
1432 74.3692
1433 74.3692
1434 74.3692
1435 74.3692
1436 74.3692
1437 74.3692
1438 74.3692
1439 74.3692
1440 74.3692
1441 74.3692
1442 74.3692
1443 74.3692
1444 74.3692
1445 74.3692
1446 74.3692
1447 74.3692
1448 74.3692
1449 74.3692
1450 74.3692
1451 74.3692
1452 74.3692
1453 74.3692
1454 74.3692
1455 74.3692
1456 74.3692
1457 74.3692
1458 74.3692
1459 74.3692
1460 74.3247
1461 74.3692
1462 74.3692
1463 74.3692
1464 74.3692
1465 74.3692
1466 74.3692
1467 74.3692
1468 74.3692
1469 74.3692
1470 74.3692
1471 74.3692
1472 74.3692
1473 74.3692
1474 74.3692
1475 74.3692
1476 74.3692
1477 74.3692
1478 74.3692
1479 74.3692
1480 74.3692
1481 74.3692
1482 74.3692
1483 74.3692
1484 73.87
1485 74.3692
1486 74.3692
1487 74.3692
1488 74.3692
1489 74.3692
1490 74.3692
1491 74.3692
1492 74.3692
1493 74.3692
1494 74.3692
1495 74.3692
1496 74.3692
1497 74.3692
1498 74.3692
1499 74.3692
1500 74.3692
1501 74.3692
1502 74.3692
1503 74.3692
1504 74.3692
1505 74.3692
1506 74.3692
1507 74.3692
1508 74.3692
1509 73.8973
1510 73.8973
1511 73.8973
1512 73.8973
1513 73.8973
1514 73.8973
1515 73.8973
1516 73.8973
1517 73.8973
1518 73.8973
1519 73.8973
1520 73.8973
1521 73.8973
1522 73.8973
1523 73.8973
1524 73.8973
1525 73.8973
1526 73.8973
1527 73.8973
1528 73.8973
1529 73.8973
1530 73.8973
1531 73.8265
1532 73.8973
1533 73.8973
1534 73.8973
1535 73.8973
1536 73.8973
1537 73.8973
1538 73.8973
1539 73.8973
1540 73.8973
1541 73.7441
1542 73.7441
1543 73.7441
1544 73.7441
1545 73.7441
1546 73.7441
1547 73.7441
1548 73.7441
1549 73.7441
1550 73.7441
1551 73.7441
1552 73.7441
1553 73.7441
1554 73.7441
1555 73.7441
1556 73.7441
1557 73.7441
1558 73.7441
1559 73.7441
1560 73.7441
1561 73.7441
1562 73.7441
1563 73.7441
1564 73.7441
1565 73.7441
1566 73.7441
1567 73.7441
1568 73.7441
1569 73.7441
1570 73.7441
1571 73.7441
1572 73.7441
1573 73.7441
1574 73.7441
1575 73.7441
1576 73.7441
1577 73.7441
1578 73.7441
1579 73.7441
1580 73.5012
1581 73.5012
1582 73.5012
1583 73.5012
1584 73.5012
1585 73.5012
1586 73.5012
1587 73.5012
1588 73.5012
1589 73.5012
1590 73.5012
1591 73.5012
1592 73.5012
1593 73.5012
1594 73.5012
1595 73.5012
1596 73.5012
1597 73.5012
1598 73.5012
1599 73.5012
1600 73.5012
1601 73.5012
1602 73.5012
1603 73.5012
1604 73.5012
1605 73.5012
1606 73.5012
1607 73.5012
1608 73.5012
1609 73.5012
1610 73.5012
1611 73.5012
1612 73.5012
1613 73.5012
1614 73.5012
1615 73.5012
1616 73.5012
1617 73.5012
1618 73.5012
1619 73.5012
1620 73.5012
1621 73.5012
1622 73.5012
1623 73.5012
1624 73.4455
1625 73.4455
1626 73.4455
1627 73.4455
1628 73.4455
1629 73.4455
1630 73.4455
1631 73.389
1632 73.389
1633 73.3333
1634 73.3333
1635 73.3333
1636 73.3333
1637 73.3333
1638 73.3333
1639 73.3333
1640 73.3333
1641 73.3333
1642 73.3333
1643 73.3333
1644 73.3333
1645 73.3333
1646 73.3333
1647 73.3333
1648 73.3333
1649 73.3333
1650 73.3333
1651 73.3333
1652 73.3333
1653 73.3333
1654 73.3333
1655 73.3333
1656 73.3333
1657 73.3333
1658 73.3333
1659 73.3333
1660 73.3333
1661 73.3333
1662 73.3333
1663 73.3333
1664 73.3333
1665 73.3333
1666 73.3333
1667 73.3333
1668 73.3333
1669 73.3333
1670 73.3333
1671 73.3333
1672 73.3333
1673 73.3333
1674 73.3333
1675 73.3333
1676 73.3333
1677 73.3333
1678 73.3333
1679 73.3333
1680 73.3333
1681 73.3333
1682 73.3333
1683 73.3333
1684 73.3333
1685 73.3333
1686 73.3333
1687 73.3333
1688 73.3333
1689 73.3333
1690 73.3333
1691 73.3333
1692 73.3333
1693 73.3333
1694 73.3333
1695 73.3333
1696 73.3333
1697 73.3333
1698 73.3333
1699 73.3333
1700 73.3333
1701 73.3333
1702 73.3333
1703 73.3333
1704 73.3333
1705 73.3333
1706 73.3333
1707 73.3333
1708 73.3333
1709 73.3333
1710 73.3333
1711 73.3333
1712 73.1662
1713 73.1662
1714 73.1662
1715 73.1662
1716 73.1662
1717 73.1662
1718 73.1662
1719 73.1662
1720 73.1662
1721 73.1662
1722 73.1662
1723 73.1662
1724 73.1662
1725 73.1662
1726 73.1662
1727 73.1662
1728 73.1662
1729 73.1662
1730 73.1662
1731 73.1662
1732 73.1662
1733 73.1662
1734 73.1662
1735 73.1662
1736 73.1662
1737 73.1662
1738 73.1662
1739 73.1662
1740 73.1662
1741 73.1662
1742 73.1662
1743 73.1662
1744 73.1662
1745 73.1662
1746 73.1662
1747 73.1662
1748 73.1662
1749 73.1662
1750 73.1662
1751 73.1662
1752 73.1662
1753 73.1662
1754 73.1662
1755 73.1662
1756 73.1662
1757 73.1662
1758 73.1662
1759 73.1662
1760 73.1662
1761 73.1662
1762 73.1662
1763 73.1662
1764 73.1662
1765 73.1662
1766 73.1662
1767 73.1662
1768 73.1662
1769 73.1662
1770 73.1662
1771 73.1662
1772 73.1662
1773 73.1662
1774 73.1662
1775 73.1662
1776 73.1662
1777 73.1662
1778 73.1662
1779 73.1662
1780 73.1662
1781 73.1662
1782 73.1662
1783 73.1662
1784 73.1662
1785 73.1662
1786 73.1662
1787 73.1662
1788 73.1662
1789 73.1662
1790 73.1662
1791 73.1662
1792 73.1662
1793 73.1662
1794 73.1662
1795 73.1662
1796 73.1662
1797 73.1662
1798 73.1662
1799 73.1662
1800 73.1662
1801 72.9606
1802 72.9606
1803 72.9606
1804 72.9606
1805 72.9606
1806 72.9606
1807 72.9606
1808 72.9606
1809 72.9606
1810 72.9606
1811 72.9606
1812 72.9606
1813 72.9606
1814 72.9606
1815 72.9606
1816 72.9606
1817 72.9606
1818 72.9606
1819 72.9606
1820 72.9606
1821 72.9606
1822 72.9606
1823 72.9606
1824 72.9606
1825 72.9606
1826 72.9606
1827 72.9606
1828 72.9606
1829 72.9606
1830 72.9606
1831 72.876
1832 72.876
1833 72.5543
1834 72.9606
1835 72.9606
1836 72.9606
1837 72.9606
1838 72.9606
1839 72.9606
1840 72.9606
1841 72.9606
1842 72.8393
1843 72.8393
1844 72.8393
1845 72.8393
1846 72.8393
1847 72.8393
1848 72.8393
1849 72.8393
1850 72.8393
1851 72.8393
1852 72.8393
1853 72.8393
1854 72.8393
1855 72.8393
1856 72.8393
1857 72.8393
1858 72.8393
1859 72.8393
1860 72.8393
1861 72.8393
1862 72.8393
1863 72.8393
1864 72.8393
1865 72.8393
1866 72.8393
1867 72.8393
1868 72.6121
1869 72.6121
1870 72.6121
1871 72.6121
1872 72.6121
1873 72.6121
1874 72.6121
1875 72.6121
1876 72.6121
1877 72.6121
1878 72.6121
1879 72.6121
1880 72.6121
1881 72.6121
1882 72.6121
1883 72.6121
1884 72.6121
1885 72.6121
1886 72.6121
1887 72.6121
1888 72.6121
1889 72.6121
1890 72.6121
1891 72.6121
1892 72.6121
1893 72.6121
1894 72.6121
1895 72.6121
1896 72.6121
1897 72.6121
1898 72.6121
1899 72.6121
1900 72.6121
1901 72.6121
1902 72.6121
1903 72.6121
1904 72.6121
1905 72.6121
1906 72.6121
1907 72.6121
1908 72.6121
1909 72.6121
1910 72.6121
1911 72.6121
1912 72.6121
1913 72.6121
1914 72.6121
1915 72.6121
1916 72.6121
1917 72.6121
1918 72.6121
1919 72.6121
1920 72.6121
1921 72.6121
1922 72.6121
1923 72.6121
1924 72.6121
1925 72.6121
1926 72.6121
1927 72.6121
1928 72.2459
1929 72.2459
1930 72.2459
1931 72.2459
1932 72.2459
1933 72.2459
1934 72.2459
1935 72.2459
1936 72.2459
1937 72.2459
1938 72.2459
1939 72.2459
1940 72.2459
1941 72.2459
1942 72.2459
1943 72.2459
1944 72.2459
1945 72.2459
1946 72.1597
1947 72.1597
1948 72.1597
1949 72.1597
1950 72.1597
1951 72.1597
1952 72.1597
1953 72.1597
1954 72.1597
1955 72.1597
1956 72.1597
1957 72.1597
1958 72.1597
1959 72.1597
1960 72.1597
1961 72.1597
1962 72.1597
1963 72.1597
1964 72.1597
1965 72.1597
1966 72.1597
1967 72.1597
1968 72.1597
1969 72.1597
1970 72.1597
1971 72.1597
1972 72.1597
1973 72.1597
1974 72.1597
1975 72.1597
1976 72.1597
1977 72.1597
1978 72.1597
1979 72.1597
1980 72.1597
1981 72.1597
1982 72.1597
1983 72.1597
1984 72.1597
1985 72.1597
1986 72.1597
1987 72.1597
1988 72.1597
1989 72.1597
1990 72.1597
1991 72.1597
1992 72.1597
1993 72.1597
1994 72.1597
1995 72.1597
1996 72.1597
1997 72.1597
1998 72.1597
1999 72.1597
2000 72.1597
2001 72.1597
2002 72.1597
2003 72.1597
2004 72.1597
2005 72.1597
2006 72.1597
2007 72.1597
2008 72.1597
2009 72.1597
2010 72.1597
2011 72.1597
2012 72.1597
2013 72.1597
2014 72.1597
2015 72.1597
2016 72.1597
2017 72.1597
2018 72.1597
2019 72.1597
2020 72.1597
2021 72.1597
2022 72.1597
2023 72.1597
2024 72.1597
2025 72.1597
2026 72.1597
2027 72.1597
2028 72.1597
2029 72.1597
2030 72.1597
2031 72.1597
2032 72.1597
2033 72.1597
2034 72.1597
2035 72.1597
2036 72.1597
2037 72.1597
2038 72.1597
2039 72.1597
2040 72.1597
2041 72.1597
2042 72.1597
2043 72.1597
2044 72.1597
2045 72.1597
2046 72.1597
2047 72.1597
2048 72.1597
2049 72.1597
2050 72.1597
2051 72.1597
2052 72.1597
2053 72.1597
2054 72.1597
2055 72.1597
2056 72.1597
2057 72.1597
2058 72.1597
2059 72.1597
2060 72.1597
2061 72.1597
2062 72.1597
2063 72.1597
2064 72.1597
2065 72.1597
2066 72.1597
2067 72.1597
2068 72.1597
2069 72.1597
2070 72.1597
2071 72.1597
2072 72.1597
2073 72.1597
2074 72.1597
2075 72.1597
2076 72.1597
2077 72.1597
2078 72.1597
2079 72.1597
2080 72.1597
2081 72.1597
2082 72.1597
2083 72.1597
2084 72.1597
2085 72.1597
2086 72.1597
2087 72.1597
2088 72.1355
2089 72.1355
2090 72.1355
2091 72.1355
2092 72.1355
2093 71.6345
2094 71.6345
2095 71.6345
2096 71.6345
2097 71.6345
2098 71.6345
2099 71.6345
2100 71.6345
2101 71.6345
2102 71.6345
2103 71.5793
2104 71.5793
2105 71.5793
2106 71.5793
2107 71.5793
2108 71.5793
2109 71.5793
2110 71.5793
2111 71.5793
2112 71.5793
2113 71.5793
2114 71.5793
2115 71.5793
2116 71.5793
2117 71.5793
2118 71.5793
2119 71.5793
2120 71.5793
2121 71.5793
2122 71.5793
2123 71.5793
2124 71.5793
2125 71.5793
2126 71.5793
2127 71.5793
2128 71.5793
2129 71.5793
2130 71.5793
2131 71.5793
2132 71.5793
2133 71.5793
2134 71.5793
2135 71.5793
2136 71.5793
2137 71.5793
2138 71.5793
2139 71.5793
2140 71.5793
2141 71.5793
2142 71.5793
2143 71.5793
2144 71.5793
2145 71.5793
2146 71.5793
2147 71.5793
2148 71.5793
2149 71.5793
2150 71.5793
2151 71.5793
2152 71.5793
2153 71.5793
2154 71.5793
2155 71.5793
2156 71.5793
2157 71.5793
2158 71.5793
2159 71.5793
2160 71.5793
2161 71.5793
2162 71.5793
2163 71.5793
2164 71.5793
2165 71.5793
2166 71.5793
2167 71.5793
2168 71.5793
2169 71.5793
2170 71.5793
2171 71.5793
2172 71.5793
2173 71.5793
2174 71.5793
2175 71.5793
2176 71.5793
2177 71.5793
2178 71.5793
2179 71.5793
2180 71.5793
2181 71.5793
2182 71.5793
2183 71.5793
2184 71.5793
2185 71.5793
2186 71.5793
2187 71.5793
2188 71.5793
2189 71.5793
2190 71.5793
2191 71.5793
2192 71.5793
2193 71.5793
2194 71.5793
2195 71.5793
2196 71.5793
2197 71.5793
2198 71.5793
2199 71.5793
2200 71.5793
2201 71.5793
2202 71.5793
2203 71.5793
2204 71.5793
2205 71.5793
2206 71.5793
2207 71.5793
2208 71.5793
2209 71.5793
2210 71.5793
2211 71.5793
2212 71.5793
2213 71.5793
2214 71.5793
2215 71.5793
2216 71.5793
2217 71.5793
2218 71.5793
2219 71.5793
2220 71.5793
2221 71.5793
2222 71.5793
2223 71.5793
2224 71.5793
2225 71.5793
2226 71.5793
2227 71.5793
2228 71.5793
2229 71.5793
2230 71.5793
2231 71.5793
2232 71.5793
2233 71.5793
2234 71.5793
2235 71.5793
2236 71.5793
2237 71.5793
2238 71.5793
2239 71.5793
2240 71.5793
2241 71.5793
2242 71.5793
2243 71.5793
2244 71.5793
2245 71.5793
2246 71.5793
2247 71.5793
2248 71.5793
2249 71.5793
2250 71.3095
2251 71.5793
2252 71.5793
2253 71.5793
2254 71.5793
2255 71.5793
2256 71.5793
2257 71.5793
2258 71.5793
2259 71.5793
2260 71.5793
2261 71.5793
2262 71.5793
2263 71.5793
2264 71.5793
2265 71.5793
2266 71.5793
2267 71.5793
2268 71.5793
2269 71.5793
2270 71.5793
2271 71.5793
2272 71.5793
2273 71.5793
2274 71.5793
2275 71.5793
2276 71.5793
2277 71.5793
2278 71.5793
2279 71.5793
2280 71.5793
2281 71.5793
2282 71.5793
2283 71.5793
2284 71.5793
2285 71.5793
2286 71.5793
2287 71.5793
2288 71.5793
2289 71.5793
2290 71.5793
2291 71.5793
2292 71.5793
2293 71.5793
2294 71.5793
2295 71.5793
2296 71.5793
2297 71.5793
2298 71.5793
2299 71.5793
2300 71.5793
2301 71.5793
2302 71.5793
2303 71.5793
2304 71.5793
2305 71.5793
2306 71.5793
2307 71.5793
2308 71.5793
2309 71.5793
2310 71.5793
2311 71.5793
2312 71.5793
2313 71.5793
2314 71.5793
2315 71.5793
2316 71.5793
2317 71.5793
2318 71.5793
2319 71.5793
2320 71.5793
2321 71.5793
2322 71.5793
2323 71.5793
2324 71.5793
2325 71.5793
2326 71.5793
2327 71.5793
2328 71.5793
2329 71.5793
2330 71.5793
2331 71.5793
2332 71.5793
2333 71.5793
2334 71.5793
2335 71.5793
2336 71.5793
2337 71.5793
2338 71.5793
2339 71.5793
2340 71.5793
2341 71.5793
2342 71.5793
2343 71.5793
2344 71.5793
2345 71.5793
2346 71.5793
2347 71.5793
2348 71.5793
2349 71.5793
2350 71.5793
2351 71.5793
2352 71.5793
2353 71.5793
2354 71.5793
2355 71.5793
2356 71.5793
2357 71.5793
2358 71.5793
2359 71.5793
2360 71.5793
2361 71.5793
2362 71.5793
2363 71.5793
2364 71.5793
2365 71.5793
2366 71.5793
2367 71.5793
2368 71.5793
2369 71.5793
2370 71.5793
2371 71.5793
2372 71.5793
2373 71.5793
2374 71.5793
2375 71.5793
2376 71.5793
2377 71.5793
2378 71.5793
2379 71.5793
2380 71.442
2381 71.442
2382 71.442
2383 71.442
2384 71.442
2385 71.442
2386 71.442
2387 71.442
2388 71.442
2389 71.442
2390 71.442
2391 71.442
2392 71.442
2393 71.442
2394 71.442
2395 71.442
2396 71.442
2397 71.442
2398 71.442
2399 71.442
2400 71.442
2401 71.442
2402 71.442
2403 71.442
2404 71.442
2405 71.442
2406 71.442
2407 71.442
2408 71.442
2409 71.442
2410 71.442
2411 71.442
2412 71.442
2413 71.442
2414 71.442
2415 71.442
2416 71.442
2417 71.442
2418 71.442
2419 71.442
2420 71.442
2421 71.442
2422 71.442
2423 71.442
2424 71.442
2425 71.442
2426 71.442
2427 71.442
2428 71.442
2429 71.442
2430 71.442
2431 71.442
2432 71.442
2433 71.442
2434 71.442
2435 71.442
2436 71.442
2437 71.442
2438 71.2205
2439 71.2205
2440 71.2205
2441 71.2205
2442 71.2205
2443 71.2205
2444 71.2205
2445 71.2205
2446 71.2205
2447 71.2205
2448 71.2205
2449 71.2205
2450 71.2205
2451 71.2205
2452 71.2205
2453 71.2205
2454 71.2205
2455 71.2205
2456 71.2205
2457 71.2205
2458 71.2205
2459 71.2205
2460 71.2205
2461 71.2205
2462 71.2205
2463 71.2205
2464 71.2205
2465 71.2205
2466 71.2205
2467 71.2205
2468 71.2205
2469 71.2205
2470 71.2205
2471 71.2205
2472 71.2205
2473 71.2205
2474 71.2205
2475 71.2205
2476 71.2205
2477 71.2205
2478 71.2205
2479 71.2205
2480 71.2205
2481 71.2205
2482 71.2205
2483 71.2205
2484 71.2205
2485 71.2205
2486 71.2205
2487 71.2205
2488 71.2205
2489 71.2205
2490 71.2205
2491 71.2205
2492 71.2205
2493 71.2205
2494 71.2205
2495 71.2205
2496 71.2205
2497 71.2205
2498 71.2205
2499 71.2205
2500 71.2205
2501 71.2205
2502 71.2205
2503 71.2205
2504 71.2205
2505 71.2205
2506 71.2205
2507 71.2205
2508 71.2205
2509 71.2205
2510 71.2205
2511 71.2205
2512 71.2205
2513 71.2205
2514 71.2205
2515 71.2205
2516 71.2205
2517 71.2205
2518 71.2205
2519 71.2205
2520 71.2205
2521 71.2205
2522 71.2205
2523 71.2205
2524 71.2205
2525 71.2205
2526 71.2205
2527 71.2205
2528 71.2205
2529 71.2205
2530 71.2205
2531 71.2205
2532 71.2205
2533 71.2205
2534 71.2205
2535 71.2205
2536 71.2205
2537 71.2205
2538 71.2205
2539 71.2205
2540 71.2205
2541 71.2205
2542 71.2205
2543 71.2205
2544 71.2205
2545 71.2205
2546 71.2205
2547 71.2205
2548 71.2205
2549 71.2205
2550 71.2205
2551 71.2205
2552 71.2205
2553 71.2205
2554 71.2205
2555 71.2205
2556 71.2205
2557 71.2205
2558 71.2205
2559 71.2205
2560 71.2205
2561 71.2205
2562 71.2205
2563 71.2205
2564 71.2205
2565 71.2205
2566 71.2205
2567 71.2205
2568 71.2205
2569 70.8727
2570 70.8727
2571 70.8727
2572 70.8727
2573 70.8727
2574 70.8727
2575 70.8727
2576 70.8727
2577 70.8727
2578 70.8727
2579 70.8727
2580 70.8727
2581 70.8727
2582 70.8727
2583 70.8727
2584 70.8727
2585 70.8727
2586 70.8727
2587 70.8727
2588 70.8727
2589 70.8727
2590 70.8727
2591 70.8727
2592 70.8727
2593 70.8727
2594 70.8727
2595 70.8727
2596 70.8727
2597 70.8727
2598 70.8727
2599 70.8727
2600 70.8727
2601 70.8727
2602 70.8727
2603 70.8727
2604 70.8727
2605 70.8727
2606 70.783
2607 70.783
2608 70.783
2609 70.783
2610 70.783
2611 70.783
2612 70.783
2613 70.783
2614 70.783
2615 70.783
2616 70.783
2617 70.783
2618 70.783
2619 70.783
2620 70.783
2621 70.783
2622 70.783
2623 70.783
2624 70.783
2625 70.783
2626 70.783
2627 70.783
2628 70.783
2629 70.783
2630 70.783
2631 70.783
2632 70.783
2633 70.783
2634 70.783
2635 70.783
2636 70.783
2637 70.783
2638 70.783
2639 70.783
2640 70.783
2641 70.783
2642 70.783
2643 70.783
2644 70.783
2645 70.783
2646 70.783
2647 70.783
2648 70.783
2649 70.783
2650 70.783
2651 70.783
2652 70.783
2653 70.783
2654 70.783
2655 70.783
2656 70.783
2657 70.783
2658 70.783
2659 70.783
2660 70.783
2661 70.783
2662 70.783
2663 70.783
2664 70.783
2665 70.783
2666 70.783
2667 70.783
2668 70.783
2669 70.783
2670 70.783
2671 70.783
2672 70.783
2673 70.783
2674 70.783
2675 70.783
2676 70.783
2677 70.783
2678 70.783
2679 70.783
2680 70.783
2681 70.783
2682 70.783
2683 70.783
2684 70.783
2685 70.783
2686 70.783
2687 70.783
2688 70.783
2689 70.783
2690 70.783
2691 70.783
2692 70.783
2693 70.783
2694 70.783
2695 70.783
2696 70.783
2697 70.783
2698 70.783
2699 70.783
2700 70.783
2701 70.783
2702 70.783
2703 70.783
2704 70.783
2705 70.783
2706 70.783
2707 70.783
2708 70.783
2709 70.783
2710 70.783
2711 70.783
2712 70.783
2713 70.783
2714 70.783
2715 70.783
2716 70.783
2717 70.783
2718 70.783
2719 70.783
2720 70.783
2721 70.783
2722 70.783
2723 70.783
2724 70.783
2725 70.783
2726 70.783
2727 70.783
2728 70.783
2729 70.783
2730 70.783
2731 70.783
2732 70.783
2733 70.783
2734 70.783
2735 70.783
2736 70.783
2737 70.783
2738 70.783
2739 70.783
2740 70.783
2741 70.783
2742 70.783
2743 70.783
2744 70.783
2745 70.783
2746 70.783
2747 70.783
2748 70.783
2749 70.783
2750 70.783
2751 70.783
2752 70.783
2753 70.783
2754 70.783
2755 70.783
2756 70.783
2757 70.783
2758 70.783
2759 70.783
2760 70.783
2761 70.783
2762 70.783
2763 70.783
2764 70.783
2765 70.783
2766 70.783
2767 70.783
2768 70.783
2769 70.783
2770 70.783
2771 70.783
2772 70.783
2773 70.783
2774 70.783
2775 70.783
2776 70.783
2777 70.783
2778 70.783
2779 70.783
2780 70.783
2781 70.783
2782 70.783
2783 70.783
2784 70.783
2785 70.783
2786 70.783
2787 70.783
2788 70.783
2789 70.783
2790 70.783
2791 70.783
2792 70.783
2793 70.783
2794 70.783
2795 70.783
2796 70.783
2797 70.783
2798 70.783
2799 70.783
2800 70.783
2801 70.783
2802 70.783
2803 70.783
2804 70.783
2805 70.783
2806 70.783
2807 70.783
2808 70.783
2809 70.783
2810 70.783
2811 70.783
2812 70.783
2813 70.783
2814 70.783
2815 70.783
2816 70.783
2817 70.783
2818 70.783
2819 70.783
2820 70.783
2821 70.783
2822 70.783
2823 70.783
2824 70.783
2825 70.783
2826 70.783
2827 70.783
2828 70.783
2829 70.783
2830 70.783
2831 70.783
2832 70.783
2833 70.783
2834 70.783
2835 70.783
2836 70.783
2837 70.783
2838 70.783
2839 70.783
2840 70.783
2841 70.783
2842 70.783
2843 70.783
2844 70.6657
2845 70.6657
2846 70.6657
2847 70.6657
2848 70.6657
2849 70.6657
2850 70.6657
2851 70.6657
2852 70.6657
2853 70.6657
2854 70.6657
2855 70.6657
2856 70.6657
2857 70.6657
2858 70.6657
2859 70.6657
2860 70.6657
2861 70.6657
2862 70.6657
2863 70.6657
2864 70.6657
2865 70.6657
2866 70.6657
2867 70.6657
2868 70.6657
2869 70.6657
2870 70.6657
2871 70.6657
2872 70.6657
2873 70.6657
2874 70.6657
2875 70.6657
2876 70.6657
2877 70.6657
2878 70.6657
2879 70.6657
2880 70.6657
2881 70.6657
2882 70.6657
2883 70.6657
2884 70.6657
2885 70.6657
2886 70.6657
2887 70.6657
2888 70.6657
2889 70.6657
2890 70.6657
2891 70.6657
2892 70.6657
2893 70.6657
2894 70.6657
2895 70.6657
2896 70.6657
2897 70.6657
2898 70.6657
2899 70.6657
2900 70.6657
2901 70.6657
2902 70.6657
2903 70.6657
2904 70.6657
2905 70.6657
2906 70.6657
2907 70.6657
2908 70.6657
2909 70.6657
2910 70.6034
2911 70.6657
2912 70.6657
2913 70.6657
2914 70.6657
2915 70.6657
2916 70.6657
2917 70.6657
2918 70.6657
2919 70.6657
2920 70.6657
2921 70.6657
2922 70.6657
2923 70.6657
2924 70.6657
2925 70.6657
2926 70.6657
2927 70.6657
2928 70.6657
2929 70.6657
2930 70.6657
2931 70.6657
2932 70.5438
2933 70.5438
2934 70.5438
2935 70.5438
2936 70.5438
2937 70.5438
2938 70.5438
2939 70.5438
2940 70.5438
2941 70.5438
2942 70.5039
2943 70.5039
2944 70.5039
2945 70.5039
2946 70.5039
2947 70.5039
2948 70.5039
2949 70.5039
2950 70.5039
2951 70.5039
2952 70.5039
2953 70.5039
2954 70.5039
2955 70.5039
2956 70.5039
2957 70.5039
2958 70.5039
2959 70.5039
2960 70.5039
2961 70.5039
2962 70.5039
2963 70.5039
2964 70.5039
2965 70.5039
2966 70.5039
2967 70.5039
2968 70.5039
2969 70.5039
2970 70.5039
2971 70.5039
2972 70.5039
2973 70.5039
2974 70.5039
2975 70.5039
2976 70.5039
2977 70.5039
2978 70.5039
2979 70.5039
2980 70.5039
2981 70.5039
2982 70.5039
2983 70.5039
2984 70.5039
2985 70.5039
2986 70.5039
2987 70.5039
2988 70.5039
2989 70.5039
2990 70.5039
2991 70.5039
2992 70.5039
2993 70.5039
2994 70.5039
2995 70.5039
2996 70.5039
2997 70.5039
2998 70.5039
2999 70.5039
3000 70.5039
3001 70.5039
3002 70.5039
3003 70.5039
3004 70.5039
3005 70.5039
3006 70.5039
3007 70.5039
3008 70.5039
3009 70.5039
3010 70.5039
3011 70.5039
3012 70.5039
3013 70.5039
3014 70.5039
3015 70.5039
3016 70.5039
3017 70.5039
3018 70.5039
3019 70.5039
3020 70.5039
3021 70.5039
3022 70.106
3023 70.106
3024 70.106
3025 70.106
3026 70.106
3027 70.106
3028 70.106
3029 70.106
3030 70.106
3031 70.106
3032 70.106
3033 70.106
3034 70.106
3035 70.106
3036 70.106
3037 70.106
3038 70.106
3039 70.106
3040 70.106
3041 70.106
3042 70.106
3043 70.106
3044 70.106
3045 70.106
3046 70.106
3047 70.106
3048 70.106
3049 70.106
3050 70.106
3051 70.106
3052 70.106
3053 70.106
3054 70.106
3055 70.106
3056 70.106
3057 70.106
3058 70.106
3059 70.106
3060 70.106
3061 70.106
3062 70.106
3063 70.106
3064 70.106
3065 70.106
3066 70.106
3067 70.106
3068 70.106
3069 70.106
3070 70.106
3071 70.106
3072 70.0959
3073 69.4564
3074 69.4564
3075 69.4564
3076 69.4564
3077 69.4564
3078 69.4564
3079 69.4464
3080 69.4464
3081 69.4464
3082 69.4464
3083 69.4464
3084 69.4464
3085 69.4464
3086 69.4464
3087 69.4464
3088 69.4464
3089 69.4464
3090 69.4464
3091 69.4464
3092 69.4464
3093 69.4464
3094 69.4464
3095 69.4464
3096 69.4464
3097 69.4464
3098 69.4464
3099 69.4464
3100 69.4464
3101 69.4464
3102 69.4464
3103 69.4464
3104 69.4464
3105 69.4464
3106 69.4464
3107 69.4464
3108 69.4464
3109 69.4464
3110 69.4464
3111 69.4464
3112 69.4464
3113 69.4464
3114 69.4464
3115 69.4464
3116 69.4464
3117 69.4464
3118 69.4464
3119 69.4464
3120 69.4464
3121 69.4464
3122 69.4464
3123 69.4464
3124 69.4464
3125 69.4464
3126 69.4464
3127 69.4464
3128 69.4464
3129 69.4464
3130 69.4464
3131 69.4464
3132 69.4464
3133 69.4464
3134 69.4464
3135 69.4464
3136 69.4464
3137 69.4464
3138 69.4464
3139 69.4464
3140 69.4464
3141 69.4464
3142 69.4464
3143 69.4464
3144 69.4464
3145 69.4464
3146 69.4464
3147 69.4464
3148 69.4464
3149 69.4464
3150 69.4464
3151 69.4464
3152 69.4464
3153 69.4464
3154 69.4464
3155 69.4464
3156 69.4464
3157 69.4464
3158 69.4464
3159 69.4464
3160 69.4464
3161 69.4464
3162 69.4464
3163 69.4464
3164 69.4464
3165 69.4464
3166 69.4464
3167 69.4464
3168 69.4464
3169 69.4464
3170 69.4464
3171 69.4464
3172 69.4464
3173 69.4464
3174 69.4464
3175 69.4464
3176 69.4464
3177 69.4464
3178 69.4464
3179 69.4464
3180 69.4464
3181 69.4464
3182 69.4464
3183 69.4464
3184 69.4464
3185 69.4464
3186 69.4464
3187 69.4464
3188 69.4464
3189 69.4464
3190 69.4464
3191 69.4464
3192 69.4464
3193 69.4464
3194 69.4464
3195 69.4464
3196 69.4464
3197 69.4464
3198 69.4464
3199 69.4464
3200 69.4464
3201 69.4464
3202 69.4464
3203 69.4464
3204 69.4464
3205 69.4464
3206 69.4464
3207 69.4464
3208 69.4464
3209 69.4464
3210 69.4464
3211 69.4464
3212 69.4464
3213 69.4464
3214 69.4464
3215 69.4464
3216 69.4464
3217 69.4464
3218 69.4464
3219 69.4464
3220 69.4464
3221 69.4464
3222 69.4464
3223 69.4464
3224 69.4464
3225 69.4464
3226 69.4464
3227 69.4464
3228 69.4464
3229 69.4464
3230 69.4464
3231 69.4464
3232 69.4464
3233 69.4464
3234 69.4464
3235 69.4464
3236 69.4464
3237 69.4464
3238 69.4464
3239 69.4464
3240 69.4464
3241 69.4464
3242 69.4464
3243 69.4464
3244 69.4464
3245 69.4464
3246 69.4464
3247 69.4464
3248 69.4464
3249 69.4464
3250 69.4464
3251 69.4464
3252 69.4464
3253 69.4464
3254 69.4464
3255 69.4464
3256 69.4464
3257 69.4464
3258 69.4464
3259 69.4464
3260 69.4464
3261 69.4464
3262 69.4464
3263 69.4464
3264 69.4464
3265 69.4464
3266 69.4464
3267 69.4464
3268 69.4464
3269 69.4464
3270 69.4464
3271 69.4464
3272 69.4464
3273 69.4464
3274 69.4464
3275 69.4464
3276 69.4464
3277 69.4464
3278 69.4464
3279 69.4464
3280 69.4464
3281 69.4464
3282 69.4464
3283 69.4464
3284 69.4464
3285 69.4464
3286 69.4464
3287 69.4464
3288 69.4464
3289 69.4464
3290 69.4464
3291 69.4464
3292 69.4464
3293 69.4464
3294 69.4464
3295 69.4464
3296 69.4464
3297 69.4464
3298 69.4464
3299 69.4464
3300 69.4464
3301 69.4464
3302 69.4464
3303 69.4464
3304 69.4464
3305 69.4464
3306 69.4464
3307 69.4464
3308 69.4464
3309 69.4464
3310 69.4464
3311 69.4464
3312 69.4464
3313 69.4464
3314 69.4464
3315 69.4464
3316 69.4464
3317 69.4464
3318 69.4464
3319 69.4464
3320 69.4464
3321 69.4464
3322 69.4464
3323 69.4464
3324 69.4464
3325 69.4464
3326 69.4464
3327 69.4464
3328 69.4464
3329 69.4464
3330 69.4464
3331 69.4464
3332 69.4464
3333 69.4464
3334 69.4464
3335 69.4464
3336 69.4464
3337 69.4464
3338 69.4464
3339 69.4464
3340 69.4464
3341 69.4464
3342 69.4464
3343 69.4464
3344 69.4464
3345 69.4464
3346 69.4464
3347 69.4464
3348 69.4464
3349 69.4464
3350 69.4464
3351 69.4464
3352 69.4464
3353 69.4464
3354 69.4464
3355 69.4464
3356 69.4464
3357 69.4464
3358 69.4464
3359 69.4464
3360 69.4464
3361 69.4464
3362 69.4464
3363 69.4464
3364 69.4464
3365 69.4464
3366 69.4464
3367 69.4464
3368 69.4464
3369 69.4464
3370 69.4464
3371 69.4464
3372 69.4464
3373 69.4464
3374 69.4464
3375 69.4464
3376 69.4464
3377 69.4464
3378 69.4464
3379 69.4464
3380 69.4464
3381 69.4464
3382 69.4464
3383 69.4464
3384 69.4464
3385 69.4464
3386 69.4464
3387 69.4464
3388 69.4464
3389 69.4464
3390 69.4464
3391 69.4464
3392 69.4464
3393 69.4464
3394 69.4464
3395 69.4464
3396 69.4464
3397 69.4464
3398 69.4464
3399 69.4464
3400 69.4464
3401 69.4464
3402 69.4464
3403 69.4464
3404 69.4464
3405 69.4464
3406 69.4464
3407 69.4464
3408 69.4464
3409 69.4464
3410 69.4464
3411 69.4464
3412 69.4464
3413 69.4464
3414 69.4464
3415 68.5826
3416 68.5826
3417 68.5826
3418 68.5826
3419 68.5826
3420 68.5826
3421 68.5826
3422 68.5826
3423 68.5826
3424 68.5826
3425 68.5826
3426 68.5826
3427 68.5826
3428 68.5826
3429 68.5826
3430 68.5826
3431 68.5826
3432 68.5826
3433 68.5826
3434 68.5826
3435 68.5826
3436 68.5826
3437 68.5826
3438 68.5826
3439 68.5826
3440 68.5826
3441 68.5826
3442 68.5826
3443 68.5826
3444 68.5826
3445 68.5826
3446 68.5826
3447 68.5826
3448 68.5826
3449 68.5826
3450 68.5826
3451 68.5826
3452 68.5826
3453 68.5826
3454 68.5826
3455 68.5826
3456 68.5826
3457 68.1641
3458 68.1641
3459 68.1641
3460 68.1641
3461 68.1641
3462 68.1641
3463 68.1641
3464 68.1641
3465 68.1641
3466 68.1641
3467 68.1641
3468 68.1641
3469 68.1641
3470 68.1641
3471 68.1641
3472 68.1641
3473 68.1641
3474 68.1641
3475 68.1641
3476 68.1641
3477 68.1641
3478 68.1641
3479 68.1641
3480 68.1641
3481 68.1641
3482 68.1641
3483 68.1641
3484 68.1641
3485 68.1641
3486 68.1641
3487 68.1641
3488 68.1641
3489 68.1641
3490 68.1641
3491 68.1641
3492 68.1641
3493 68.1641
3494 68.1641
3495 68.1641
3496 68.1641
3497 67.9568
3498 67.9568
3499 67.9568
3500 67.9568
3501 67.9568
3502 67.9568
3503 67.9568
3504 67.9568
3505 67.9568
3506 67.9568
3507 67.9568
3508 67.9568
3509 67.9568
3510 67.9568
3511 67.9568
3512 67.9568
3513 67.9568
3514 67.9568
3515 67.9568
3516 67.9568
3517 67.9568
3518 67.9568
3519 67.9568
3520 67.9568
3521 67.9568
3522 67.9568
3523 67.9568
3524 67.9568
3525 67.9568
3526 67.9568
3527 67.9568
3528 67.9568
3529 67.9568
3530 67.9568
3531 67.9568
3532 67.9568
3533 67.9568
3534 67.9568
3535 67.9568
3536 67.9568
3537 67.9568
3538 67.9568
3539 67.9568
3540 67.9568
3541 67.9568
3542 67.9568
3543 67.9568
3544 67.9568
3545 67.9568
3546 67.9568
3547 67.9568
3548 67.9568
3549 67.9568
3550 67.9568
3551 67.9568
3552 67.9568
3553 67.9568
3554 67.9568
3555 67.9568
3556 67.9568
3557 67.9568
3558 67.9568
3559 67.9568
3560 67.9568
3561 67.9568
3562 67.9568
3563 67.9568
3564 67.9568
3565 67.9568
3566 67.9568
3567 67.9568
3568 67.9568
3569 67.9568
3570 67.9568
3571 67.9568
3572 67.9568
3573 67.9568
3574 67.9568
3575 67.9568
3576 67.9568
3577 67.9568
3578 67.9568
3579 67.9568
3580 67.9568
3581 67.9568
3582 67.9568
3583 67.9568
3584 67.9568
3585 67.9568
3586 67.9568
3587 67.9568
3588 67.9568
3589 67.9568
3590 67.9568
3591 67.9568
3592 67.9568
3593 67.9568
3594 67.9568
3595 67.9568
3596 67.9568
3597 67.9568
3598 67.9568
3599 67.9568
3600 67.9568
3601 67.9568
3602 67.9568
3603 67.9568
3604 67.9568
3605 67.9568
3606 67.9568
3607 67.9568
3608 67.9568
3609 67.9568
3610 67.9568
3611 67.9568
3612 67.9568
3613 67.9568
3614 67.4864
3615 67.4864
3616 67.4864
3617 67.4864
3618 67.4864
3619 67.4864
3620 67.4864
3621 67.4864
3622 67.4864
3623 67.4864
3624 67.4864
3625 67.4864
3626 67.4864
3627 67.4864
3628 67.4864
3629 67.4864
3630 67.4864
3631 67.4864
3632 67.4864
3633 67.4864
3634 67.4864
3635 67.4864
3636 67.4864
3637 67.4864
3638 67.4864
3639 67.4864
3640 67.4864
3641 67.4864
3642 67.4864
3643 67.4864
3644 67.4864
3645 67.4864
3646 67.4864
3647 67.4864
3648 67.4864
3649 67.4864
3650 67.4864
3651 67.4864
3652 67.4864
3653 67.4864
3654 67.4864
3655 67.4864
3656 67.4864
3657 67.4864
3658 67.4864
3659 67.4864
3660 67.4864
3661 67.4864
3662 67.4864
3663 67.4864
3664 67.4864
3665 67.4864
3666 67.4864
3667 67.4864
3668 67.4864
3669 67.4864
3670 67.4864
3671 67.4864
3672 67.4864
3673 67.4864
3674 67.4864
3675 67.4864
3676 67.4864
3677 67.4864
3678 67.4864
3679 67.4864
3680 67.4864
3681 67.4864
3682 67.4864
3683 67.4864
3684 67.4864
3685 67.4864
3686 67.4864
3687 67.4864
3688 67.4864
3689 67.4864
3690 67.4864
3691 67.4864
3692 67.4864
3693 67.4864
3694 67.4864
3695 67.4864
3696 67.4864
3697 67.4864
3698 67.4864
3699 67.4864
3700 67.4864
3701 67.4864
3702 67.4864
3703 67.4864
3704 67.4864
3705 67.4864
3706 67.4864
3707 67.4864
3708 67.4864
3709 67.4864
3710 67.4864
3711 67.4864
3712 67.4864
3713 67.4864
3714 67.4864
3715 67.4864
3716 67.4864
3717 67.4864
3718 67.4864
3719 67.4864
3720 67.4864
3721 67.4864
3722 67.4864
3723 67.4864
3724 67.4864
3725 67.4864
3726 67.4864
3727 67.4864
3728 67.4864
3729 67.4864
3730 67.4864
3731 67.4864
3732 67.4864
3733 67.0051
3734 67.4864
3735 67.4864
3736 67.4864
3737 67.4864
3738 67.4864
3739 67.4864
3740 67.4864
3741 67.4864
3742 67.4864
3743 67.4864
3744 67.4864
3745 67.4864
3746 67.4864
3747 67.4864
3748 67.4864
3749 67.4864
3750 67.4864
3751 67.4864
3752 67.4864
3753 67.4864
3754 67.4864
3755 67.4864
3756 67.4864
3757 67.4864
3758 67.4864
3759 67.4864
3760 67.4864
3761 67.4864
3762 67.4864
3763 67.4864
3764 67.4864
3765 67.4864
3766 67.4864
3767 67.4864
3768 67.4864
3769 67.4864
3770 67.4864
3771 67.4864
3772 67.4864
3773 67.4864
3774 67.4864
3775 67.4864
3776 67.4864
3777 67.4864
3778 67.4864
3779 67.4864
3780 67.4864
3781 67.4864
3782 67.4864
3783 67.4864
3784 67.4864
3785 67.4864
3786 67.4864
3787 67.4864
3788 67.4864
3789 67.4864
3790 67.4864
3791 67.4864
3792 67.4864
3793 67.4864
3794 67.4864
3795 67.4864
3796 67.4864
3797 67.4864
3798 67.4864
3799 67.4864
3800 67.4864
3801 67.4864
3802 67.4864
3803 67.4864
3804 67.4864
3805 67.4864
3806 67.4864
3807 67.4864
3808 67.4864
3809 67.4864
3810 67.4864
3811 67.4864
3812 67.4864
3813 67.4864
3814 67.4864
3815 67.4864
3816 67.4864
3817 67.4864
3818 67.4864
3819 67.4864
3820 67.4864
3821 67.4864
3822 67.4864
3823 67.4864
3824 67.4864
3825 67.4864
3826 67.4864
3827 67.4864
3828 67.4864
3829 67.4864
3830 67.4864
3831 67.4864
3832 67.4864
3833 67.4864
3834 67.4864
3835 67.4864
3836 67.4864
3837 67.4864
3838 67.4864
3839 67.4864
3840 67.4864
3841 67.4864
3842 67.4864
3843 67.4864
3844 67.4864
3845 67.4864
3846 67.4864
3847 67.4864
3848 67.4864
3849 67.4864
3850 67.4864
3851 67.4864
3852 67.4864
3853 67.4864
3854 67.4864
3855 67.4864
3856 67.4864
3857 67.4864
3858 67.4864
3859 67.4864
3860 67.4864
3861 67.4864
3862 67.4864
3863 67.4864
3864 67.4864
3865 67.4864
3866 67.4864
3867 67.4864
3868 67.4864
3869 67.4864
3870 67.4864
3871 67.4864
3872 67.4864
3873 67.4864
3874 67.4864
3875 67.4864
3876 67.4864
3877 67.4864
3878 67.4864
3879 67.4864
3880 67.4864
3881 67.4864
3882 67.4864
3883 67.4864
3884 67.4864
3885 67.4864
3886 67.4864
3887 67.4864
3888 67.4864
3889 67.4864
3890 67.4864
3891 67.4864
3892 67.4864
3893 67.4864
3894 67.4864
3895 67.4864
3896 67.4864
3897 67.4864
3898 67.4864
3899 67.4864
3900 67.4864
3901 67.4864
3902 67.4864
3903 67.4864
3904 67.4864
3905 67.4864
3906 67.4864
3907 67.4864
3908 67.4864
3909 67.4864
3910 67.4864
3911 67.4864
3912 67.4864
3913 67.4864
3914 67.4864
3915 67.4864
3916 67.4864
3917 67.4864
3918 67.4864
3919 67.4864
3920 67.4864
3921 67.4864
3922 67.4864
3923 67.4864
3924 67.4864
3925 67.4864
3926 67.4864
3927 67.4864
3928 67.4864
3929 67.4864
3930 67.4864
3931 67.4864
3932 67.4864
3933 67.4864
3934 67.4864
3935 67.4864
3936 67.4864
3937 67.4864
3938 67.4864
3939 67.4864
3940 67.4864
3941 67.4864
3942 67.4864
3943 67.4864
3944 67.4864
3945 67.4864
3946 67.4864
3947 67.4864
3948 67.4864
3949 67.4864
3950 67.4864
3951 67.4864
3952 67.4864
3953 67.4864
3954 67.4864
3955 67.4864
3956 67.4864
3957 67.4864
3958 67.4864
3959 67.4864
3960 67.4864
3961 67.4864
3962 67.4864
3963 67.4864
3964 67.4864
3965 67.4864
3966 67.4864
3967 67.4864
3968 67.4864
3969 67.4864
3970 67.4864
3971 67.4864
3972 67.4864
3973 67.4864
3974 67.4864
3975 67.4864
3976 67.4864
3977 67.4864
3978 67.4864
3979 67.4864
3980 67.4864
3981 67.4864
3982 67.4864
3983 67.4864
3984 67.4864
3985 67.4864
3986 67.4864
3987 67.4864
3988 67.4864
3989 67.4864
3990 67.4864
3991 67.4864
3992 67.4864
3993 67.4864
3994 67.4864
3995 67.4864
3996 67.4864
3997 67.4864
3998 67.4864
3999 67.4864
4000 67.4864
4001 67.4864
4002 67.4864
4003 67.4864
4004 67.4864
4005 67.4864
4006 67.4864
4007 67.4864
4008 67.4864
4009 67.4864
4010 67.4864
4011 67.4864
4012 67.4864
4013 67.4864
4014 67.4864
4015 67.4864
4016 67.4864
4017 67.4864
4018 67.4864
4019 67.4864
4020 67.4864
4021 67.4864
4022 67.4864
4023 67.4864
4024 67.4864
4025 67.4864
4026 67.4864
4027 67.4864
4028 67.4864
4029 67.4864
4030 67.4864
4031 67.4864
4032 67.4864
4033 67.4864
4034 67.4864
4035 67.4864
4036 67.4864
4037 67.4864
4038 67.4864
4039 67.4864
4040 67.4864
4041 67.4864
4042 67.4864
4043 67.4864
4044 67.4864
4045 67.4864
4046 67.4864
4047 67.4864
4048 67.4864
4049 67.4864
4050 67.4864
4051 67.4864
4052 67.4864
4053 67.4864
4054 67.4864
4055 67.4864
4056 67.4864
4057 67.4864
4058 67.4864
4059 67.4864
4060 67.4864
4061 67.4864
4062 67.4864
4063 67.4864
4064 67.4864
4065 67.4864
4066 67.4864
4067 67.4864
4068 67.4864
4069 67.4864
4070 67.4864
4071 67.4864
4072 67.4864
4073 67.4864
4074 67.4864
4075 67.4864
4076 67.2483
4077 67.2483
4078 67.2483
4079 67.2483
4080 67.2483
4081 67.2483
4082 67.2483
4083 67.2483
4084 67.2483
4085 67.2483
4086 67.2483
4087 67.2483
4088 67.2483
4089 67.2483
4090 67.2483
4091 67.2483
4092 67.2483
4093 67.2483
4094 67.2483
4095 67.2483
4096 67.2483
4097 67.2483
4098 67.2483
4099 67.2483
4100 67.2483
4101 67.2483
4102 67.2483
4103 67.2483
4104 67.2483
4105 67.2483
4106 67.2483
4107 67.2483
4108 67.2483
4109 67.2483
4110 67.2483
4111 67.2483
4112 67.2483
4113 67.2483
4114 67.2483
4115 67.2483
4116 67.2483
4117 67.2483
4118 67.2483
4119 67.2483
4120 67.2483
4121 67.2483
4122 67.2483
4123 67.2483
4124 67.2483
4125 67.2483
4126 67.2483
4127 67.2483
4128 67.2483
4129 67.2483
4130 67.2483
4131 67.2483
4132 67.2483
4133 67.2483
4134 67.2483
4135 67.2483
4136 67.2483
4137 67.2483
4138 67.2483
4139 67.2483
4140 67.2483
4141 67.2483
4142 67.2483
4143 67.2483
4144 67.2483
4145 67.2483
4146 67.2483
4147 67.2483
4148 67.2483
4149 67.2483
4150 67.2483
4151 67.2483
4152 67.2483
4153 67.2483
4154 67.2483
4155 67.2483
4156 67.2483
4157 67.2483
4158 67.2483
4159 67.2483
4160 67.2483
4161 67.2483
4162 67.2483
4163 67.2483
4164 67.2483
4165 67.2483
4166 67.2483
4167 67.2483
4168 67.2483
4169 67.2483
4170 67.2483
4171 67.2483
4172 67.2483
4173 67.2483
4174 67.2483
4175 67.2483
4176 67.2483
4177 67.2483
4178 67.2483
4179 67.2483
4180 67.2483
4181 67.2483
4182 67.2483
4183 67.2483
4184 67.2483
4185 67.2483
4186 67.2483
4187 67.2483
4188 67.2483
4189 67.2483
4190 67.2483
4191 67.2483
4192 67.2483
4193 67.2483
4194 67.2483
4195 67.2483
4196 67.2483
4197 67.2483
4198 67.2483
4199 67.2483
4200 67.2483
4201 67.2483
4202 67.2483
4203 67.2483
4204 67.2483
4205 67.2483
4206 67.2483
4207 67.035
4208 67.035
4209 67.035
4210 67.035
4211 67.035
4212 67.035
4213 67.035
4214 67.035
4215 67.035
4216 67.035
4217 67.035
4218 67.035
4219 67.035
4220 67.035
4221 67.035
4222 67.035
4223 67.035
4224 67.035
4225 67.035
4226 67.035
4227 67.035
4228 67.035
4229 67.035
4230 67.035
4231 67.035
4232 67.035
4233 67.035
4234 67.035
4235 67.035
4236 67.035
4237 67.035
4238 67.035
4239 67.035
4240 67.035
4241 67.035
4242 67.035
4243 67.035
4244 67.035
4245 67.035
4246 67.035
4247 67.035
4248 67.035
4249 67.035
4250 67.035
4251 67.035
4252 67.035
4253 67.035
4254 67.035
4255 67.035
4256 67.035
4257 67.035
4258 67.035
4259 67.035
4260 67.035
4261 67.035
4262 67.035
4263 67.035
4264 67.035
4265 67.035
4266 67.035
4267 67.035
4268 67.035
4269 67.035
4270 67.035
4271 67.035
4272 67.035
4273 67.035
4274 67.035
4275 67.035
4276 67.035
4277 67.035
4278 67.035
4279 67.035
4280 67.035
4281 67.035
4282 67.035
4283 67.035
4284 67.035
4285 67.035
4286 67.035
4287 67.035
4288 67.035
4289 67.035
4290 67.035
4291 67.035
4292 67.035
4293 67.035
4294 67.035
4295 67.035
4296 67.035
4297 67.035
4298 67.035
4299 67.035
4300 67.035
4301 67.035
4302 67.035
4303 67.035
4304 67.035
4305 67.035
4306 67.035
4307 67.035
4308 67.035
4309 67.035
4310 67.035
4311 67.035
4312 67.035
4313 67.035
4314 67.035
4315 67.035
4316 67.035
4317 67.035
4318 67.035
4319 67.035
4320 67.035
4321 67.035
4322 67.035
4323 67.035
4324 67.035
4325 67.035
4326 67.035
4327 67.035
4328 67.035
4329 67.035
4330 67.035
4331 67.035
4332 67.035
4333 67.035
4334 67.035
4335 67.035
4336 67.035
4337 67.035
4338 67.035
4339 67.035
4340 67.035
4341 67.035
4342 67.035
4343 67.035
4344 67.035
4345 67.035
4346 67.035
4347 67.035
4348 67.035
4349 67.035
4350 67.035
4351 67.035
4352 67.035
4353 67.035
4354 67.035
4355 67.035
4356 66.9514
4357 66.9514
4358 66.9514
4359 66.9514
4360 66.9514
4361 66.9514
4362 66.9514
4363 66.9514
4364 66.9514
4365 66.9514
4366 66.9514
4367 66.9514
4368 66.9514
4369 66.9514
4370 66.9514
4371 66.9514
4372 66.9514
4373 66.9514
4374 66.9514
4375 66.9514
4376 66.9514
4377 66.9514
4378 66.9514
4379 66.9514
4380 66.9514
4381 66.9514
4382 66.9514
4383 66.9514
4384 66.9514
4385 66.9514
4386 66.9514
4387 66.9514
4388 66.9514
4389 66.9514
4390 66.8891
4391 66.8891
4392 66.8891
4393 66.8891
4394 66.8891
4395 66.8891
4396 66.8891
4397 66.8891
4398 66.8891
4399 66.8022
4400 66.8022
4401 66.8022
4402 66.8022
4403 66.8022
4404 66.8022
4405 66.8022
4406 66.8022
4407 66.8022
4408 66.8022
4409 66.8022
4410 66.8022
4411 66.8022
4412 66.8022
4413 66.8022
4414 66.8022
4415 66.8022
4416 66.8022
4417 66.8022
4418 66.8022
4419 66.8022
4420 66.8022
4421 66.8022
4422 66.8022
4423 66.8022
4424 66.8022
4425 66.8022
4426 66.8022
4427 66.8022
4428 66.8022
4429 66.8022
4430 66.8022
4431 66.8022
4432 66.8022
4433 66.8022
4434 66.8022
4435 66.8022
4436 66.8022
4437 66.8022
4438 66.8022
4439 66.8022
4440 66.8022
4441 66.8022
4442 66.8022
4443 66.8022
4444 66.8022
4445 66.8022
4446 66.8022
4447 66.8022
4448 66.8022
4449 66.8022
4450 66.8022
4451 66.8022
4452 66.8022
4453 66.8022
4454 66.8022
4455 66.8022
4456 66.8022
4457 66.8022
4458 66.8022
4459 66.8022
4460 66.8022
4461 66.8022
4462 66.8022
4463 66.8022
4464 66.8022
4465 66.8022
4466 66.8022
4467 66.8022
4468 66.8022
4469 66.8022
4470 66.8022
4471 66.8022
4472 66.8022
4473 66.8022
4474 66.8022
4475 66.8022
4476 66.8022
4477 66.8022
4478 66.8022
4479 66.8022
4480 66.8022
4481 66.8022
4482 66.8022
4483 66.8022
4484 66.8022
4485 66.8022
4486 66.8022
4487 66.8022
4488 66.8022
4489 66.8022
4490 66.8022
4491 66.8022
4492 66.8022
4493 66.8022
4494 66.8022
4495 66.8022
4496 66.8022
4497 66.8022
4498 66.8022
4499 66.8022
4500 66.8022
4501 66.8022
4502 66.8022
4503 66.8022
4504 66.8022
4505 66.8022
4506 66.8022
4507 66.8022
4508 66.8022
4509 66.8022
4510 66.8022
4511 66.8022
4512 66.8022
4513 66.8022
4514 66.8022
4515 66.8022
4516 66.8022
4517 66.8022
4518 66.8022
4519 66.8022
4520 66.8022
4521 66.8022
4522 66.8022
4523 66.8022
4524 66.8022
4525 66.8022
4526 66.8022
4527 66.8022
4528 66.8022
4529 66.8022
4530 66.8022
4531 66.8022
4532 66.8022
4533 66.8022
4534 66.8022
4535 66.8022
4536 66.8022
4537 66.8022
4538 66.8022
4539 66.8022
4540 66.8022
4541 66.8022
4542 66.8022
4543 66.8022
4544 66.8022
4545 66.8022
4546 66.8022
4547 66.8022
4548 66.8022
4549 66.8022
4550 66.8022
4551 66.8022
4552 66.8022
4553 66.8022
4554 66.8022
4555 66.8022
4556 66.8022
4557 66.8022
4558 66.8022
4559 66.8022
4560 66.8022
4561 66.8022
4562 66.8022
4563 66.8022
4564 66.8022
4565 66.8022
4566 66.8022
4567 66.8022
4568 66.8022
4569 66.8022
4570 66.8022
4571 66.8022
4572 66.8022
4573 66.8022
4574 66.8022
4575 66.8022
4576 66.8022
4577 66.8022
4578 66.8022
4579 66.8022
4580 66.8022
4581 66.8022
4582 66.8022
4583 66.8022
4584 66.8022
4585 66.8022
4586 66.8022
4587 66.8022
4588 66.8022
4589 66.8022
4590 66.8022
4591 66.8022
4592 66.8022
4593 66.8022
4594 66.8022
4595 66.8022
4596 66.8022
4597 66.8022
4598 66.8022
4599 66.8022
4600 66.8022
4601 66.8022
4602 66.8022
4603 66.8022
4604 66.8022
4605 66.8022
4606 66.8022
4607 66.8022
4608 66.8022
4609 66.8022
4610 66.8022
4611 66.8022
4612 66.8022
4613 66.8022
4614 66.8022
4615 66.8022
4616 66.8022
4617 66.8022
4618 66.8022
4619 66.8022
4620 66.8022
4621 66.8022
4622 66.8022
4623 66.8022
4624 66.8022
4625 66.8022
4626 66.8022
4627 66.8022
4628 66.8022
4629 66.8022
4630 66.8022
4631 66.8022
4632 66.8022
4633 66.8022
4634 66.8022
4635 66.8022
4636 66.8022
4637 66.8022
4638 66.8022
4639 66.8022
4640 66.8022
4641 66.8022
4642 66.8022
4643 66.8022
4644 66.8022
4645 66.8022
4646 66.8022
4647 66.8022
4648 66.8022
4649 66.8022
4650 66.8022
4651 66.8022
4652 66.8022
4653 66.8022
4654 66.8022
4655 66.8022
4656 66.8022
4657 66.8022
4658 66.8022
4659 66.8022
4660 66.8022
4661 66.8022
4662 66.8022
4663 66.8022
4664 66.8022
4665 66.8022
4666 66.8022
4667 66.8022
4668 66.8022
4669 66.8022
4670 66.8022
4671 66.8022
4672 66.8022
4673 66.8022
4674 66.8022
4675 66.8022
4676 66.8022
4677 66.8022
4678 66.8022
4679 66.8022
4680 66.8022
4681 66.8022
4682 66.8022
4683 66.8022
4684 66.8022
4685 66.8022
4686 66.8022
4687 66.8022
4688 66.8022
4689 66.8022
4690 66.8022
4691 66.8022
4692 66.8022
4693 66.8022
4694 66.8022
4695 66.8022
4696 66.8022
4697 66.8022
4698 66.8022
4699 66.8022
4700 66.8022
4701 66.8022
4702 66.8022
4703 66.8022
4704 66.8022
4705 66.8022
4706 66.8022
4707 66.8022
4708 66.8022
4709 66.8022
4710 66.8022
4711 66.8022
4712 66.8022
4713 66.8022
4714 66.8022
4715 66.8022
4716 66.8022
4717 66.8022
4718 66.8022
4719 66.8022
4720 66.8022
4721 66.8022
4722 66.8022
4723 66.8022
4724 66.8022
4725 66.8022
4726 66.8022
4727 66.8022
4728 66.8022
4729 66.8022
4730 66.8022
4731 66.8022
4732 66.8022
4733 66.8022
4734 66.8022
4735 66.8022
4736 66.8022
4737 66.8022
4738 66.8022
4739 66.8022
4740 66.8022
4741 66.8022
4742 66.8022
4743 66.8022
4744 66.8022
4745 66.8022
4746 66.8022
4747 66.8022
4748 66.8022
4749 66.8022
4750 66.8022
4751 66.8022
4752 66.8022
4753 66.8022
4754 66.8022
4755 66.8022
4756 66.8022
4757 66.8022
4758 66.8022
4759 66.8022
4760 66.8022
4761 66.8022
4762 66.8022
4763 66.8022
4764 66.8022
4765 66.8022
4766 66.8022
4767 66.8022
4768 66.8022
4769 66.8022
4770 66.8022
4771 66.8022
4772 66.8022
4773 66.8022
4774 66.8022
4775 66.8022
4776 66.8022
4777 66.8022
4778 66.8022
4779 66.8022
4780 66.8022
4781 66.8022
4782 66.8022
4783 66.8022
4784 66.8022
4785 66.8022
4786 66.8022
4787 66.8022
4788 66.8022
4789 66.8022
4790 66.8022
4791 66.8022
4792 66.8022
4793 66.8022
4794 66.8022
4795 66.8022
4796 66.8022
4797 66.8022
4798 66.8022
4799 66.8022
4800 66.8022
4801 66.8022
4802 66.8022
4803 66.8022
4804 66.8022
4805 66.8022
4806 66.8022
4807 66.8022
4808 66.8022
4809 66.8022
4810 66.8022
4811 66.8022
4812 66.8022
4813 66.8022
4814 66.8022
4815 66.8022
4816 66.8022
4817 66.8022
4818 66.8022
4819 66.8022
4820 66.8022
4821 66.8022
4822 66.8022
4823 66.8022
4824 66.8022
4825 66.8022
4826 66.8022
4827 66.8022
4828 66.8022
4829 66.8022
4830 66.8022
4831 66.8022
4832 66.8022
4833 66.8022
4834 66.8022
4835 66.8022
4836 66.8022
4837 66.8022
4838 66.8022
4839 66.8022
4840 66.8022
4841 66.8022
4842 66.8022
4843 66.8022
4844 66.8022
4845 66.8022
4846 66.8022
4847 66.8022
4848 66.8022
4849 66.8022
4850 66.8022
4851 66.8022
4852 66.8022
4853 66.8022
4854 66.8022
4855 66.8022
4856 66.8022
4857 66.8022
4858 66.8022
4859 66.8022
4860 66.8022
4861 66.8022
4862 66.8022
4863 66.8022
4864 66.8022
4865 66.8022
4866 66.8022
4867 66.8022
4868 66.8022
4869 66.8022
4870 66.8022
4871 66.8022
4872 66.8022
4873 66.8022
4874 66.8022
4875 66.8022
4876 66.8022
4877 66.8022
4878 66.8022
4879 66.8022
4880 66.8022
4881 66.8022
4882 66.8022
4883 66.8022
4884 66.8022
4885 66.8022
4886 66.8022
4887 66.8022
4888 66.8022
4889 66.8022
4890 66.8022
4891 66.8022
4892 66.8022
4893 66.8022
4894 66.8022
4895 66.8022
4896 66.8022
4897 66.8022
4898 66.8022
4899 66.8022
4900 66.8022
4901 66.8022
4902 66.8022
4903 66.8022
4904 66.8022
4905 66.8022
4906 66.8022
4907 66.8022
4908 66.8022
4909 66.8022
4910 66.8022
4911 66.8022
4912 66.8022
4913 66.8022
4914 66.8022
4915 66.8022
4916 66.8022
4917 66.8022
4918 66.8022
4919 66.8022
4920 66.8022
4921 66.8022
4922 66.8022
4923 66.8022
4924 66.8022
4925 66.8022
4926 66.8022
4927 66.8022
4928 66.8022
4929 66.8022
4930 66.8022
4931 66.8022
4932 66.8022
4933 66.8022
4934 66.8022
4935 66.8022
4936 66.8022
4937 66.8022
4938 66.8022
4939 66.8022
4940 66.8022
4941 66.8022
4942 66.8022
4943 66.8022
4944 66.8022
4945 66.8022
4946 66.8022
4947 66.8022
4948 66.8022
4949 66.8022
4950 66.8022
4951 66.8022
4952 66.8022
4953 66.8022
4954 66.8022
4955 66.8022
4956 66.8022
4957 66.8022
4958 66.8022
4959 66.8022
4960 66.8022
4961 66.8022
4962 66.8022
4963 66.8022
4964 66.8022
4965 66.8022
4966 66.8022
4967 66.8022
4968 66.8022
4969 66.8022
4970 66.8022
4971 66.8022
4972 66.8022
4973 66.8022
4974 66.8022
4975 66.8022
4976 66.8022
4977 66.8022
4978 66.8022
4979 66.8022
4980 66.8022
4981 66.8022
4982 66.8022
4983 66.8022
4984 66.8022
4985 66.8022
4986 66.8022
4987 66.8022
4988 66.8022
4989 66.8022
4990 66.8022
4991 66.8022
4992 66.8022
4993 66.8022
4994 66.8022
4995 66.8022
4996 66.8022
4997 66.8022
4998 66.8022
4999 66.8022
5000 66.8022
5001 66.8022
5002 66.8022
5003 66.8022
5004 66.8022
5005 66.8022
5006 66.8022
5007 66.8022
5008 66.8022
5009 66.8022
5010 66.8022
5011 66.8022
5012 66.8022
5013 66.8022
5014 66.8022
5015 66.8022
5016 66.8022
5017 66.8022
5018 66.8022
5019 66.8022
5020 66.8022
5021 66.8022
5022 66.8022
5023 66.8022
5024 66.8022
5025 66.8022
5026 66.8022
5027 66.8022
5028 66.8022
5029 66.8022
5030 66.8022
5031 66.8022
5032 66.8022
5033 66.8022
5034 66.8022
5035 66.8022
5036 66.8022
5037 66.8022
5038 66.8022
5039 66.8022
5040 66.8022
5041 66.8022
5042 66.8022
5043 66.8022
5044 66.8022
5045 66.8022
5046 66.8022
5047 66.8022
5048 66.8022
5049 66.8022
5050 66.8022
5051 66.8022
5052 66.8022
5053 66.8022
5054 66.8022
5055 66.8022
5056 66.8022
5057 66.8022
5058 66.8022
5059 66.8022
5060 66.8022
5061 66.8022
5062 66.8022
5063 66.8022
5064 66.8022
5065 66.8022
5066 66.8022
5067 66.8022
5068 66.8022
5069 66.8022
5070 66.8022
5071 66.8022
5072 66.8022
5073 66.8022
5074 66.8022
5075 66.8022
5076 66.8022
5077 66.8022
5078 66.8022
5079 66.8022
5080 66.8022
5081 66.8022
5082 66.8022
5083 66.8022
5084 66.8022
5085 66.8022
5086 66.8022
5087 66.8022
5088 66.8022
5089 66.8022
5090 66.8022
5091 66.8022
5092 66.8022
5093 66.8022
5094 66.8022
5095 66.8022
5096 66.8022
5097 66.8022
5098 66.8022
5099 66.8022
5100 66.8022
5101 66.8022
5102 66.8022
5103 66.8022
5104 66.8022
5105 66.8022
5106 66.8022
5107 66.8022
5108 66.8022
5109 66.8022
5110 66.8022
5111 66.8022
5112 66.8022
5113 66.8022
5114 66.8022
5115 66.8022
5116 66.8022
5117 66.8022
5118 66.8022
5119 66.8022
5120 66.8022
5121 66.8022
5122 66.8022
5123 66.8022
5124 66.8022
5125 66.8022
5126 66.8022
5127 66.8022
5128 66.8022
5129 66.8022
5130 66.8022
5131 66.8022
5132 66.8022
5133 66.8022
5134 66.8022
5135 66.8022
5136 66.8022
5137 66.8022
5138 66.8022
5139 66.8022
5140 66.8022
5141 66.8022
5142 66.8022
5143 66.8022
5144 66.8022
5145 66.8022
5146 66.8022
5147 66.8022
5148 66.8022
5149 66.8022
5150 66.8022
5151 66.8022
5152 66.8022
5153 66.8022
5154 66.8022
5155 66.8022
5156 66.8022
5157 66.8022
5158 66.8022
5159 66.8022
5160 66.8022
5161 66.8022
5162 66.8022
5163 66.8022
5164 66.8022
5165 66.8022
5166 66.8022
5167 66.8022
5168 66.8022
5169 66.8022
5170 66.8022
5171 66.8022
5172 66.8022
5173 66.8022
5174 66.8022
5175 66.8022
5176 66.8022
5177 66.8022
5178 66.8022
5179 66.8022
5180 66.8022
5181 66.8022
5182 66.8022
5183 66.8022
5184 66.8022
5185 66.8022
5186 66.8022
5187 66.8022
5188 66.8022
5189 66.8022
5190 66.8022
5191 66.8022
5192 66.8022
5193 66.8022
5194 66.8022
5195 66.8022
5196 66.8022
5197 66.8022
5198 66.8022
5199 66.8022
5200 66.8022
5201 66.8022
5202 66.8022
5203 66.8022
5204 66.8022
5205 66.8022
5206 66.8022
5207 66.8022
5208 66.8022
5209 66.8022
5210 66.8022
5211 66.8022
5212 66.8022
5213 66.8022
5214 66.8022
5215 66.8022
5216 66.8022
5217 66.8022
5218 66.8022
5219 66.8022
5220 66.8022
5221 66.8022
5222 66.8022
5223 66.8022
5224 66.8022
5225 66.8022
5226 66.8022
5227 66.8022
5228 66.8022
5229 66.8022
5230 66.8022
5231 66.8022
5232 66.8022
5233 66.8022
5234 66.8022
5235 66.8022
5236 66.8022
5237 66.8022
5238 66.8022
5239 66.8022
5240 66.8022
5241 66.8022
5242 66.8022
5243 66.8022
5244 66.8022
5245 66.8022
5246 66.8022
5247 66.8022
5248 66.8022
5249 66.8022
5250 66.8022
5251 66.8022
5252 66.8022
5253 66.8022
5254 66.8022
5255 66.8022
5256 66.8022
5257 66.8022
5258 66.8022
5259 66.8022
5260 66.8022
5261 66.8022
5262 66.8022
5263 66.8022
5264 66.8022
5265 66.8022
5266 66.8022
5267 66.8022
5268 66.8022
5269 66.8022
5270 66.8022
5271 66.8022
5272 66.8022
5273 66.8022
5274 66.8022
5275 66.8022
5276 66.8022
5277 66.8022
5278 66.8022
5279 66.8022
5280 66.8022
5281 66.8022
5282 66.8022
5283 66.8022
5284 66.8022
5285 66.8022
5286 66.8022
5287 66.8022
5288 66.8022
5289 66.8022
5290 66.8022
5291 66.8022
5292 66.8022
5293 66.8022
5294 66.8022
5295 66.8022
5296 66.8022
5297 66.8022
5298 66.8022
5299 66.8022
5300 66.8022
5301 66.8022
5302 66.8022
5303 66.8022
5304 66.8022
5305 66.8022
5306 66.8022
5307 66.8022
5308 66.8022
5309 66.8022
5310 66.8022
5311 66.8022
5312 66.8022
5313 66.8022
5314 66.8022
5315 66.8022
5316 66.8022
5317 66.8022
5318 66.8022
5319 66.8022
5320 66.8022
5321 66.8022
5322 66.8022
5323 66.8022
5324 66.8022
5325 66.8022
5326 66.8022
5327 66.8022
5328 66.8022
5329 66.8022
5330 66.8022
5331 66.8022
5332 66.8022
5333 66.8022
5334 66.8022
5335 66.8022
5336 66.8022
5337 66.8022
5338 66.8022
5339 66.8022
5340 66.8022
5341 66.8022
5342 66.8022
5343 66.8022
5344 66.8022
5345 66.8022
5346 66.8022
5347 66.8022
5348 66.8022
5349 66.8022
5350 66.8022
5351 66.8022
5352 66.8022
5353 66.8022
5354 66.8022
5355 66.8022
5356 66.8022
5357 66.8022
5358 66.8022
5359 66.8022
5360 66.8022
5361 66.8022
5362 66.8022
5363 66.8022
5364 66.8022
5365 66.8022
5366 66.8022
5367 66.8022
5368 66.8022
5369 66.8022
5370 66.8022
5371 66.8022
5372 66.8022
5373 66.8022
5374 66.8022
5375 66.8022
5376 66.8022
5377 66.8022
5378 66.8022
5379 66.8022
5380 66.8022
5381 66.8022
5382 66.8022
5383 66.8022
5384 66.8022
5385 66.8022
5386 66.8022
5387 66.8022
5388 66.8022
5389 66.8022
5390 66.8022
5391 66.8022
5392 66.8022
5393 66.8022
5394 66.8022
5395 66.8022
5396 66.8022
5397 66.8022
5398 66.8022
5399 66.8022
5400 66.8022
5401 66.8022
5402 66.8022
5403 66.8022
5404 66.8022
5405 66.8022
5406 66.8022
5407 66.8022
5408 66.8022
5409 66.8022
5410 66.8022
5411 66.8022
5412 66.8022
5413 66.8022
5414 66.8022
5415 66.8022
5416 66.8022
5417 66.8022
5418 66.8022
5419 66.8022
5420 66.8022
5421 66.8022
5422 66.8022
5423 66.8022
5424 66.8022
5425 66.8022
5426 66.8022
5427 66.8022
5428 66.8022
5429 66.8022
5430 66.8022
5431 66.8022
5432 66.8022
5433 66.8022
5434 66.8022
5435 66.8022
5436 66.8022
5437 66.8022
5438 66.8022
5439 66.8022
5440 66.8022
5441 66.8022
5442 66.8022
5443 66.8022
5444 66.8022
5445 66.8022
5446 66.8022
5447 66.8022
5448 66.8022
5449 66.8022
5450 66.8022
5451 66.8022
5452 66.8022
5453 66.8022
5454 66.8022
5455 66.8022
5456 66.8022
5457 66.8022
5458 66.8022
5459 66.8022
5460 66.8022
5461 66.8022
5462 66.8022
5463 66.8022
5464 66.8022
5465 66.8022
5466 66.8022
5467 66.8022
5468 66.8022
5469 66.8022
5470 66.8022
5471 66.8022
5472 66.8022
5473 66.8022
5474 66.8022
5475 66.8022
5476 66.8022
5477 66.8022
5478 66.8022
5479 66.8022
5480 66.8022
5481 66.8022
5482 66.8022
5483 66.8022
5484 66.8022
5485 66.8022
5486 66.8022
5487 66.8022
5488 66.8022
5489 66.8022
5490 66.8022
5491 66.8022
5492 66.8022
5493 66.8022
5494 66.8022
5495 66.8022
5496 66.8022
5497 66.8022
5498 66.8022
5499 66.8022
5500 66.8022
5501 66.8022
5502 66.8022
5503 66.8022
5504 66.8022
5505 66.8022
5506 66.8022
5507 66.8022
5508 66.8022
5509 66.8022
5510 66.8022
5511 66.8022
5512 66.8022
5513 66.8022
5514 66.8022
5515 66.8022
5516 66.8022
5517 66.8022
5518 66.8022
5519 66.8022
5520 66.8022
5521 66.8022
5522 66.8022
5523 66.8022
5524 66.8022
5525 66.8022
5526 66.8022
5527 66.8022
5528 66.8022
5529 66.8022
5530 66.8022
5531 66.8022
5532 66.8022
5533 66.8022
5534 66.8022
5535 66.8022
5536 66.8022
5537 66.8022
5538 66.8022
5539 66.8022
5540 66.8022
5541 66.8022
5542 66.8022
5543 66.8022
5544 66.8022
5545 66.8022
5546 66.8022
5547 66.8022
5548 66.8022
5549 66.8022
5550 66.8022
5551 66.8022
5552 66.8022
5553 66.8022
5554 66.8022
5555 66.8022
5556 66.8022
5557 66.8022
5558 66.8022
5559 66.8022
5560 66.8022
5561 66.8022
5562 66.8022
5563 66.8022
5564 66.8022
5565 66.8022
5566 66.8022
5567 66.8022
5568 66.8022
5569 66.8022
5570 66.8022
5571 66.8022
5572 66.8022
5573 66.8022
5574 66.8022
5575 66.8022
5576 66.8022
5577 66.8022
5578 66.8022
5579 66.8022
5580 66.8022
5581 66.8022
5582 66.8022
5583 66.8022
5584 66.8022
5585 66.8022
5586 66.8022
5587 66.8022
5588 66.8022
5589 66.8022
5590 66.8022
5591 66.8022
5592 66.8022
5593 66.8022
5594 66.8022
5595 66.8022
5596 66.8022
5597 66.8022
5598 66.8022
5599 66.8022
5600 66.8022
5601 66.8022
5602 66.8022
5603 66.8022
5604 66.8022
5605 66.8022
5606 66.8022
5607 66.8022
5608 66.8022
5609 66.8022
5610 66.8022
5611 66.8022
5612 66.8022
5613 66.8022
5614 66.8022
5615 66.8022
5616 66.8022
5617 66.8022
5618 66.8022
5619 66.8022
5620 66.8022
5621 66.8022
5622 66.8022
5623 66.8022
5624 66.8022
5625 66.8022
5626 66.8022
5627 66.8022
5628 66.8022
5629 66.8022
5630 66.8022
5631 66.8022
5632 66.8022
5633 66.8022
5634 66.8022
5635 66.8022
5636 66.8022
5637 66.8022
5638 66.8022
5639 66.8022
5640 66.8022
5641 66.8022
5642 66.8022
5643 66.8022
5644 66.8022
5645 66.8022
5646 66.8022
5647 66.8022
5648 66.8022
5649 66.8022
5650 66.8022
5651 66.8022
5652 66.8022
5653 66.8022
5654 66.8022
5655 66.8022
5656 66.8022
5657 66.8022
5658 66.8022
5659 66.8022
5660 66.8022
5661 66.8022
5662 66.8022
5663 66.8022
5664 66.8022
5665 66.8022
5666 66.8022
5667 66.8022
5668 66.8022
5669 66.8022
5670 66.8022
5671 66.8022
5672 66.8022
5673 66.8022
5674 66.8022
5675 66.8022
5676 66.8022
5677 66.8022
5678 66.8022
5679 66.8022
5680 66.8022
5681 66.8022
5682 66.8022
5683 66.8022
5684 66.8022
5685 66.8022
5686 66.8022
5687 66.8022
5688 66.8022
5689 66.8022
5690 66.8022
5691 66.8022
5692 66.8022
5693 66.8022
5694 66.8022
5695 66.8022
5696 66.8022
5697 66.8022
5698 66.8022
5699 66.8022
5700 66.8022
5701 66.8022
5702 66.8022
5703 66.8022
5704 66.8022
5705 66.8022
5706 66.8022
5707 66.8022
5708 66.8022
5709 66.8022
5710 66.8022
5711 66.8022
5712 66.8022
5713 66.8022
5714 66.8022
5715 66.8022
5716 66.8022
5717 66.8022
5718 66.8022
5719 66.8022
5720 66.8022
5721 66.8022
5722 66.8022
5723 66.8022
5724 66.8022
5725 66.8022
5726 66.8022
5727 66.8022
5728 66.8022
5729 66.8022
5730 66.8022
5731 66.8022
5732 66.8022
5733 66.8022
5734 66.8022
5735 66.8022
5736 66.8022
5737 66.8022
5738 66.8022
5739 66.8022
5740 66.8022
5741 66.8022
5742 66.8022
5743 66.8022
5744 66.8022
5745 66.8022
5746 66.8022
5747 66.8022
5748 66.8022
5749 66.8022
5750 66.8022
5751 66.8022
5752 66.8022
5753 66.8022
5754 66.8022
5755 66.8022
5756 66.8022
5757 66.8022
5758 66.8022
5759 66.8022
5760 66.8022
5761 66.8022
5762 66.8022
5763 66.8022
5764 66.8022
5765 66.8022
5766 66.8022
5767 66.8022
5768 66.8022
5769 66.8022
5770 66.8022
5771 66.8022
5772 66.8022
5773 66.8022
5774 66.8022
5775 66.8022
5776 66.8022
5777 66.8022
5778 66.8022
5779 66.8022
5780 66.8022
5781 66.8022
5782 66.8022
5783 66.8022
5784 66.8022
5785 66.8022
5786 66.8022
5787 66.8022
5788 66.8022
5789 66.8022
5790 66.8022
5791 66.8022
5792 66.8022
5793 66.8022
5794 66.8022
5795 66.8022
5796 66.8022
5797 66.8022
5798 66.8022
5799 66.8022
5800 66.8022
5801 66.8022
5802 66.8022
5803 66.8022
5804 66.8022
5805 66.8022
5806 66.8022
5807 66.8022
5808 66.8022
5809 66.8022
5810 66.8022
5811 66.8022
5812 66.8022
5813 66.8022
5814 66.8022
5815 66.8022
5816 66.8022
5817 66.8022
5818 66.8022
5819 66.8022
5820 66.8022
5821 66.8022
5822 66.8022
5823 66.8022
5824 66.8022
5825 66.8022
5826 66.8022
5827 66.8022
5828 66.8022
5829 66.8022
5830 66.8022
5831 66.8022
5832 66.8022
5833 66.8022
5834 66.8022
5835 66.8022
5836 66.8022
5837 66.8022
5838 66.8022
5839 66.8022
5840 66.8022
5841 66.8022
5842 66.8022
5843 66.8022
5844 66.8022
5845 66.8022
5846 66.8022
5847 66.8022
5848 66.8022
5849 66.8022
5850 66.8022
5851 66.8022
5852 66.8022
5853 66.8022
5854 66.8022
5855 66.8022
5856 66.8022
5857 66.8022
5858 66.8022
5859 66.8022
5860 66.8022
5861 66.8022
5862 66.8022
5863 66.8022
5864 66.8022
5865 66.8022
5866 66.8022
5867 66.8022
5868 66.8022
5869 66.8022
5870 66.8022
5871 66.8022
5872 66.8022
5873 66.8022
5874 66.8022
5875 66.8022
5876 66.8022
5877 66.8022
5878 66.8022
5879 66.8022
5880 66.8022
5881 66.8022
5882 66.8022
5883 66.8022
5884 66.8022
5885 66.8022
5886 66.8022
5887 66.8022
5888 66.8022
5889 66.8022
5890 66.8022
5891 66.8022
5892 66.8022
5893 66.8022
5894 66.8022
5895 66.8022
5896 66.8022
5897 66.8022
5898 66.8022
5899 66.8022
5900 66.8022
5901 66.8022
5902 66.8022
5903 66.8022
5904 66.8022
5905 66.8022
5906 66.8022
5907 66.8022
5908 66.8022
5909 66.8022
5910 66.8022
5911 66.8022
5912 66.8022
5913 66.8022
5914 66.8022
5915 66.8022
5916 66.8022
5917 66.8022
5918 66.8022
5919 66.8022
5920 66.8022
5921 66.8022
5922 66.8022
5923 66.8022
5924 66.8022
5925 66.8022
5926 66.8022
5927 66.8022
5928 66.8022
5929 66.8022
5930 66.8022
5931 66.8022
5932 66.8022
5933 66.8022
5934 66.8022
5935 66.8022
5936 66.8022
5937 66.8022
5938 66.8022
5939 66.8022
5940 66.8022
5941 66.8022
5942 66.8022
5943 66.8022
5944 66.8022
5945 66.8022
5946 66.8022
5947 66.8022
5948 66.8022
5949 66.8022
5950 66.8022
5951 66.8022
5952 66.8022
5953 66.8022
5954 66.8022
5955 66.8022
5956 66.8022
5957 66.8022
5958 66.8022
5959 66.8022
5960 66.8022
5961 66.8022
5962 66.8022
5963 66.8022
5964 66.8022
5965 66.8022
5966 66.8022
5967 66.8022
5968 66.8022
5969 66.8022
5970 66.8022
5971 66.8022
5972 66.8022
5973 66.8022
5974 66.8022
5975 66.8022
5976 66.8022
5977 66.8022
5978 66.8022
5979 66.8022
5980 66.8022
5981 66.8022
5982 66.8022
5983 66.8022
5984 66.8022
5985 66.8022
5986 66.8022
5987 66.8022
5988 66.8022
5989 66.8022
5990 66.8022
5991 66.8022
5992 66.8022
5993 66.8022
5994 66.8022
5995 66.8022
5996 66.8022
5997 66.8022
5998 66.8022
5999 66.8022
6000 66.8022
