1 428.067
2 422.116
3 422.116
4 408.278
5 393.867
6 393.867
7 382.224
8 380.873
9 380.256
10 366.579
11 364.634
12 357.846
13 355.261
14 352.685
15 348.417
16 338.799
17 333.527
18 329.988
19 320.539
20 319.844
21 311.282
22 308.08
23 297.481
24 296.821
25 296.821
26 294.605
27 294.347
28 290.86
29 289.701
30 289.385
31 288.544
32 288.279
33 288.256
34 282.981
35 282.981
36 277.643
37 275.766
38 271.502
39 271.159
40 269.149
41 266.068
42 264.812
43 260.597
44 260.597
45 259.329
46 259.329
47 256.676
48 256.676
49 256.676
50 254.17
51 249.785
52 249.785
53 249.785
54 249.785
55 248.118
56 244.822
57 244.822
58 241.057
59 241.057
60 241.057
61 240.754
62 236.066
63 233.733
64 233.733
65 233.733
66 229.494
67 227.535
68 226.701
69 226.509
70 224.17
71 224.17
72 222.212
73 221.086
74 219.982
75 214.668
76 214.668
77 214.424
78 212.676
79 212.676
80 212.676
81 211.618
82 212.29
83 211.126
84 208.136
85 208.136
86 208.136
87 208.136
88 207.739
89 203.279
90 205.198
91 203.557
92 201.587
93 201.28
94 201.28
95 198.102
96 198.102
97 198.102
98 198.102
99 196.939
100 195.827
101 195.572
102 194.553
103 193.514
104 192.132
105 191.729
106 190.864
107 189.296
108 188.09
109 187.089
110 187.089
111 187.089
112 185.9
113 184.376
114 184.376
115 184.261
116 184.11
117 182.809
118 182.809
119 182.26
120 179.044
121 179.044
122 176.763
123 176.763
124 176.763
125 176.63
126 176.63
127 175.825
128 172.409
129 172.409
130 172.409
131 169.066
132 169.603
133 169.012
134 167.793
135 165.154
136 165.154
137 165.154
138 165.154
139 162.2
140 162.2
141 162.2
142 162.166
143 162.166
144 162.166
145 160.97
146 160.97
147 160.97
148 160.875
149 160.875
150 160.83
151 158.824
152 158.824
153 160.83
154 160.83
155 158.824
156 158.824
157 158.5
158 157.698
159 155.693
160 155.693
161 155.693
162 154.57
163 154.57
164 154.406
165 154.57
166 154.57
167 154.57
168 154.397
169 152.451
170 154.272
171 154.025
172 154.025
173 153.358
174 152.108
175 150.208
176 150.208
177 149.607
178 148.81
179 148.227
180 148.81
181 148.81
182 148.606
183 147.982
184 148.077
185 148.077
186 146.463
187 146.463
188 146.463
189 146.131
190 145.438
191 146.131
192 146.131
193 146.131
194 146.131
195 146.131
196 144.443
197 144.443
198 144.443
199 144.443
200 144.443
201 144.443
202 144.443
203 144.443
204 144.443
205 144.443
206 144.443
207 144.443
208 144.443
209 143.826
210 143.569
211 143.569
212 143.569
213 143.569
214 143.569
215 142.55
216 142.55
217 142.55
218 142.55
219 142.55
220 142.55
221 140.41
222 139.429
223 140.41
224 140.41
225 138.817
226 138.817
227 137.557
228 137.557
229 137.557
230 137.557
231 137.557
232 134.474
233 134.474
234 134.474
235 134.474
236 134.474
237 134.474
238 132.229
239 132.229
240 132.229
241 132.229
242 132.229
243 130.623
244 130.623
245 130.623
246 130.461
247 129.651
248 129.345
249 129.345
250 129.345
251 129.345
252 129.345
253 129.345
254 129.345
255 129.212
256 129.212
257 129.345
258 129.345
259 126.959
260 126.959
261 126.959
262 126.195
263 126.195
264 126.195
265 126.195
266 126.195
267 126.122
268 126.195
269 125.773
270 125.773
271 122.968
272 125.403
273 125.268
274 124.55
275 123.914
276 123.914
277 123.914
278 123.914
279 123.914
280 123.266
281 123.266
282 121.73
283 121.73
284 121.73
285 121.73
286 120.232
287 120.232
288 120.232
289 119.814
290 119.814
291 119.698
292 119.698
293 119.698
294 119.674
295 119.643
296 119.674
297 119.698
298 119.698
299 119.698
300 119.698
301 119.698
302 119.6
303 119.6
304 119.274
305 119.6
306 119.6
307 119.123
308 119.123
309 118.787
310 117.743
311 117.644
312 117.644
313 117.644
314 115.628
315 115.628
316 115.628
317 115.628
318 115.628
319 115.35
320 115.154
321 115.154
322 115.076
323 115.076
324 115.076
325 114.975
326 113.969
327 113.969
328 113.969
329 113.577
330 113.577
331 113.479
332 113.479
333 113.479
334 113.479
335 113.298
336 113.017
337 113.017
338 111.788
339 111.572
340 111.572
341 111.572
342 111.572
343 111.433
344 111.131
345 110.006
346 110.006
347 110.006
348 110.006
349 109.135
350 109.135
351 109.135
352 109.135
353 108.338
354 108.338
355 108
356 107.612
357 107.612
358 107.612
359 107.612
360 107.612
361 107.612
362 107.514
363 107.499
364 107.499
365 107.499
366 107.074
367 107.074
368 106.072
369 106.072
370 106.442
371 106.442
372 106.496
373 106.496
374 106.496
375 106.196
376 106.072
377 106.072
378 106.072
379 106.072
380 106.069
381 106.069
382 106.069
383 106.069
384 106.069
385 105.645
386 105.645
387 105.228
388 105.228
389 104.994
390 104.994
391 104.994
392 104.994
393 104.994
394 104.994
395 104.994
396 104.364
397 103.712
398 103.712
399 103.931
400 104.855
401 103.529
402 103.39
403 103.39
404 102.248
405 102.248
406 102.248
407 102.248
408 102.248
409 101.612
410 101.612
411 101.612
412 101.612
413 101.612
414 101.612
415 101.612
416 101.612
417 101.612
418 101.612
419 101.612
420 101.612
421 101.612
422 101.612
423 101.612
424 101.612
425 101.612
426 101.612
427 101.612
428 101.478
429 101.177
430 101.177
431 101.177
432 101.177
433 101.177
434 100.834
435 100.834
436 100.689
437 100.689
438 99.6991
439 99.6991
440 98.9006
441 98.9006
442 98.6101
443 98.6101
444 98.6101
445 98.9006
446 98.6101
447 98.3267
448 98.3267
449 98.3267
450 98.3267
451 97.8378
452 97.8378
453 97.5282
454 97.5282
455 97.5282
456 96.9575
457 96.9575
458 96.9575
459 96.9575
460 94.9759
461 94.9759
462 94.6342
463 94.6342
464 94.6342
465 94.6342
466 94.6342
467 94.6342
468 94.6342
469 94.6342
470 93.8112
471 93.8112
472 93.4695
473 93.4695
474 93.4695
475 93.4695
476 93.4142
477 93.3501
478 93.3501
479 93.3501
480 92.9148
481 92.9148
482 92.9148
483 92.9148
484 92.9148
485 92.9148
486 92.9148
487 92.9148
488 92.9148
489 92.9148
490 92.9148
491 92.9148
492 92.6535
493 92.6535
494 92.6535
495 92.6535
496 92.6535
497 92.6535
498 92.6535
499 92.6535
500 92.6535
501 92.13
502 92.13
503 92.13
504 92.13
505 92.13
506 92.13
507 92.13
508 92.13
509 92.13
510 92.13
511 92.13
512 92.13
513 92.13
514 92.13
515 91.3632
516 91.3632
517 91.3632
518 91.3632
519 91.3632
520 91.3632
521 91.3632
522 91.3632
523 91.3632
524 91.3632
525 91.3632
526 91.3598
527 91.3598
528 91.3598
529 91.3598
530 91.3598
531 91.3598
532 90.4546
533 90.4546
534 90.4546
535 90.4546
536 90.4546
537 90.4546
538 90.4546
539 90.4546
540 90.4546
541 90.4546
542 90.4546
543 90.4546
544 90.4546
545 90.4546
546 90.4546
547 90.4546
548 90.4546
549 90.4546
550 90.4546
551 90.4546
552 90.4546
553 90.4546
554 90.4546
555 90.4546
556 90.4431
557 90.4431
558 90.4431
559 90.4431
560 90.4431
561 90.1875
562 90.1761
563 90.1761
564 90.1761
565 90.0261
566 89.8486
567 89.8486
568 89.8486
569 89.4939
570 89.4939
571 89.4939
572 89.4939
573 89.4939
574 89.4939
575 89.2914
576 89.2914
577 89.2914
578 89.2914
579 89.0189
580 89.0189
581 89.0189
582 89.0189
583 89.0189
584 89.0189
585 89.0189
586 89.0189
587 89.0189
588 89.0189
589 89.0189
590 89.0007
591 88.9306
592 88.4294
593 88.4294
594 88.4294
595 88.4294
596 88.4294
597 88.4294
598 88.4294
599 88.4294
600 88.4294
601 88.4294
602 88.4294
603 88.4294
604 88.4294
605 88.4294
606 88.4294
607 88.4294
608 87.9763
609 87.9763
610 87.9763
611 87.9763
612 87.9763
613 87.9763
614 87.9763
615 87.9763
616 87.9763
617 87.9763
618 87.9763
619 87.9763
620 87.9763
621 87.9763
622 87.9763
623 87.9763
624 87.9763
625 87.9763
626 87.9763
627 87.9763
628 87.549
629 87.549
630 87.549
631 87.549
632 87.549
633 87.549
634 87.5309
635 87.5309
636 87.5309
637 87.5309
638 87.5309
639 87.5309
640 87.5309
641 87.5309
642 87.5309
643 87.5309
644 87.5309
645 87.5309
646 87.5309
647 87.5309
648 87.5309
649 87.5309
650 87.5309
651 87.5309
652 87.5309
653 86.6518
654 86.6518
655 86.6518
656 86.6518
657 86.6518
658 86.6045
659 86.4179
660 86.4179
661 86.4179
662 86.4179
663 86.4179
664 86.4179
665 86.4179
666 86.4179
667 86.4179
668 86.4179
669 86.4179
670 86.4179
671 86.4179
672 86.4179
673 86.4179
674 86.4179
675 86.4179
676 86.4179
677 86.4179
678 86.4179
679 86.4179
680 86.4179
681 86.4179
682 86.4179
683 86.4179
684 86.1285
685 86.1285
686 86.1285
687 86.1285
688 86.1285
689 86.1285
690 86.1285
691 86.1285
692 86.1285
693 86.1285
694 86.1285
695 86.1285
696 86.1285
697 86.1285
698 86.1285
699 86.1285
700 86.1285
701 86.1285
702 86.1285
703 86.1285
704 86.1285
705 86.1285
706 86.1285
707 86.1285
708 86.1285
709 86.1285
710 86.1285
711 86.1285
712 86.1285
713 86.1285
714 86.1285
715 86.1285
716 86.1285
717 86.1285
718 86.1285
719 86.1285
720 86.1285
721 86.1285
722 86.1285
723 86.1285
724 86.1285
725 86.1285
726 86.1285
727 86.1285
728 86.1285
729 86.1285
730 86.1285
731 86.1285
732 86.1285
733 86.1285
734 86.1285
735 86.1285
736 86.1285
737 86.1285
738 86.1285
739 86.1285
740 86.1285
741 86.1285
742 86.1285
743 86.1285
744 86.1285
745 86.1285
746 86.1285
747 86.1285
748 85.9696
749 85.8279
750 85.4976
751 85.4976
752 85.4976
753 85.4976
754 85.4976
755 85.4976
756 85.4748
757 85.4748
758 85.4748
759 85.4748
760 85.4748
761 85.4748
762 85.4748
763 85.4748
764 85.4748
765 85.4748
766 85.4748
767 85.4748
768 85.0795
769 85.0795
770 85.0795
771 85.0795
772 85.0795
773 85.0795
774 85.0795
775 85.0795
776 85.0795
777 85.0795
778 85.0795
779 85.0795
780 85.0795
781 85.0795
782 85.0795
783 85.0795
784 85.0795
785 85.0795
786 85.0795
787 85.0795
788 85.0795
789 85.0795
790 85.0795
791 85.0795
792 85.0795
793 85.0795
794 85.0795
795 85.0795
796 85.0764
797 85.0764
798 85.0764
799 85.0764
800 85.0764
801 85.0764
802 85.0764
803 85.0764
804 85.0764
805 85.0764
806 85.0764
807 85.0764
808 85.0764
809 85.0764
810 85.0764
811 85.0764
812 85.0764
813 85.0764
814 85.0764
815 85.0764
816 85.0764
817 84.5166
818 84.5166
819 84.5166
820 84.5166
821 84.5166
822 84.5166
823 84.5166
824 84.5166
825 84.5166
826 84.5166
827 84.5166
828 84.5166
829 84.5166
830 84.5166
831 84.5166
832 84.5166
833 84.5166
834 84.5166
835 84.5166
836 84.5166
837 84.5166
838 84.5166
839 84.5166
840 84.5166
841 84.5166
842 84.5166
843 84.5166
844 84.5166
845 83.5613
846 83.5613
847 83.5613
848 83.5613
849 83.5613
850 83.5613
851 83.5613
852 83.5613
853 83.5613
854 83.5613
855 83.5613
856 83.5613
857 83.5613
858 83.5613
859 83.5613
860 83.5613
861 83.5613
862 83.5613
863 83.5613
864 83.5613
865 83.5613
866 83.5613
867 83.5613
868 83.5613
869 83.5613
870 83.5613
871 83.5613
872 83.5613
873 83.5613
874 83.5613
875 83.5613
876 83.4603
877 83.4603
878 83.4603
879 83.4603
880 83.4603
881 83.4603
882 83.4603
883 83.4603
884 83.4603
885 83.4603
886 83.4603
887 83.4603
888 83.4603
889 83.4603
890 83.4603
891 83.4603
892 83.4603
893 83.4603
894 83.4603
895 83.4603
896 83.3792
897 83.3792
898 83.3792
899 83.3792
900 83.3792
901 83.3792
902 83.3792
903 83.3792
904 83.3792
905 83.3792
906 83.3792
907 82.6135
908 82.6135
909 82.6135
910 82.6135
911 82.6135
912 82.6135
913 82.6135
914 81.7718
915 81.7718
916 81.7718
917 81.7718
918 80.9882
919 80.9882
920 80.9882
921 80.9882
922 80.9882
923 80.9882
924 80.9882
925 80.9882
926 80.9882
927 80.8654
928 80.8654
929 80.5463
930 80.5463
931 80.5463
932 80.5463
933 80.5463
934 80.5463
935 80.5463
936 80.5463
937 80.4632
938 80.5463
939 80.5463
940 80.5463
941 80.5463
942 80.5463
943 80.5463
944 80.5463
945 80.5463
946 80.5463
947 80.5463
948 80.5463
949 80.5463
950 80.5463
951 80.5463
952 80.5463
953 80.5463
954 80.5463
955 80.5463
956 80.5463
957 80.5463
958 80.5463
959 80.5463
960 80.5463
961 80.5463
962 80.5463
963 80.5463
964 80.5463
965 80.5463
966 80.5463
967 80.5463
968 80.5463
969 80.5463
970 80.5463
971 80.5463
972 80.5463
973 80.5463
974 80.5463
975 80.5463
976 80.5463
977 80.5463
978 80.5463
979 80.5463
980 80.5463
981 80.5463
982 80.2743
983 80.2743
984 80.2743
985 80.2743
986 80.2743
987 80.2743
988 80.2743
989 80.2743
990 80.2743
991 80.2743
992 80.2743
993 80.2743
994 80.2743
995 80.2743
996 80.2743
997 80.2743
998 80.2743
999 80.2743
1000 80.2743
1001 80.2743
1002 80.2743
1003 80.2743
1004 80.2743
1005 80.2743
1006 80.2743
1007 80.2743
1008 80.2743
1009 80.2743
1010 80.2743
1011 80.2743
1012 80.2743
1013 80.2743
1014 80.2743
1015 80.2743
1016 80.2743
1017 80.2743
1018 80.2743
1019 80.2743
1020 79.3507
1021 79.3507
1022 79.3507
1023 79.3507
1024 79.3507
1025 79.3507
1026 79.3507
1027 79.3507
1028 79.3507
1029 79.325
1030 79.325
1031 79.3507
1032 79.3507
1033 79.0743
1034 79.0743
1035 79.0743
1036 79.0743
1037 79.0743
1038 79.0743
1039 79.0743
1040 79.0743
1041 79.0743
1042 79.0743
1043 79.0743
1044 79.0743
1045 78.516
1046 78.516
1047 78.4586
1048 78.4586
1049 78.4586
1050 78.4586
1051 78.4586
1052 78.4586
1053 78.4586
1054 78.4586
1055 78.4586
1056 78.4586
1057 78.4586
1058 78.4586
1059 78.4586
1060 78.4586
1061 78.4586
1062 78.4586
1063 78.4586
1064 78.4586
1065 78.4586
1066 78.4586
1067 78.4586
1068 78.4586
1069 78.4586
1070 78.4586
1071 78.4586
1072 78.1431
1073 78.4586
1074 78.4586
1075 78.4586
1076 78.4586
1077 78.1431
1078 78.1431
1079 78.0074
1080 78.0074
1081 78.0074
1082 78.0074
1083 77.6918
1084 77.6918
1085 77.6918
1086 77.6918
1087 77.6918
1088 77.6918
1089 77.6918
1090 77.6918
1091 77.6918
1092 77.219
1093 77.1391
1094 77.1391
1095 77.1391
1096 77.1391
1097 77.1391
1098 76.7677
1099 76.7677
1100 76.7677
1101 76.7677
1102 76.7677
1103 76.7677
1104 76.7677
1105 76.5572
1106 76.5572
1107 76.5572
1108 76.5572
1109 75.9533
1110 76.5572
1111 76.5572
1112 76.5572
1113 76.5572
1114 76.5572
1115 76.5572
1116 76.5572
1117 76.5572
1118 76.5572
1119 76.5572
1120 76.5572
1121 76.5572
1122 76.5572
1123 76.5572
1124 76.5572
1125 75.9809
1126 75.9809
1127 75.9809
1128 75.9809
1129 75.9809
1130 75.9809
1131 75.9809
1132 75.9809
1133 75.9809
1134 75.9809
1135 75.9809
1136 75.9809
1137 75.9809
1138 75.9809
1139 75.9809
1140 75.9809
1141 75.9809
1142 75.9809
1143 75.9809
1144 75.9809
1145 75.9809
1146 75.9809
1147 75.9809
1148 75.9809
1149 75.9809
1150 75.9809
1151 75.9809
1152 75.9809
1153 75.9809
1154 75.9809
1155 75.9809
1156 75.9809
1157 75.9809
1158 75.9809
1159 75.9809
1160 75.9809
1161 75.9809
1162 75.9809
1163 75.9809
1164 75.9809
1165 75.9809
1166 75.9809
1167 75.9809
1168 75.9809
1169 75.9809
1170 75.9809
1171 75.9809
1172 75.9809
1173 75.9809
1174 75.9809
1175 75.9809
1176 75.9809
1177 75.9809
1178 75.953
1179 75.953
1180 75.8903
1181 75.8903
1182 75.8903
1183 75.8903
1184 75.8903
1185 75.8903
1186 75.8903
1187 75.8903
1188 75.8903
1189 75.8903
1190 75.8903
1191 75.8903
1192 75.8903
1193 75.8903
1194 75.8903
1195 75.8903
1196 75.8903
1197 75.8903
1198 75.8903
1199 75.8903
1200 75.8903
1201 75.8903
1202 75.8903
1203 75.8903
1204 75.8903
1205 75.8903
1206 75.8903
1207 75.8903
1208 75.8903
1209 75.8903
1210 75.8903
1211 75.8903
1212 75.8903
1213 75.8903
1214 75.8903
1215 75.8903
1216 75.8279
1217 75.8279
1218 75.8279
1219 75.8279
1220 75.8279
1221 75.8279
1222 75.8279
1223 75.8279
1224 75.8279
1225 75.8279
1226 75.8279
1227 75.8279
1228 75.8279
1229 75.8279
1230 75.8279
1231 75.8279
1232 75.8279
1233 75.8279
1234 75.8279
1235 75.8279
1236 75.8279
1237 75.8279
1238 75.8279
1239 75.8279
1240 75.8279
1241 75.8279
1242 75.8279
1243 75.8279
1244 75.8279
1245 75.8279
1246 75.8279
1247 75.8279
1248 75.8279
1249 75.8279
1250 75.8279
1251 75.8279
1252 75.8279
1253 75.8279
1254 75.8279
1255 75.8279
1256 75.8279
1257 75.8279
1258 75.8279
1259 75.8279
1260 75.8279
1261 75.8279
1262 75.8279
1263 75.8279
1264 75.8279
1265 75.8279
1266 75.8279
1267 75.8279
1268 75.8279
1269 75.8279
1270 75.8279
1271 75.8279
1272 75.8279
1273 75.8279
1274 75.8279
1275 75.8279
1276 75.8279
1277 75.8279
1278 75.8279
1279 75.3422
1280 75.3422
1281 75.3422
1282 75.3422
1283 75.3422
1284 75.3422
1285 75.3422
1286 75.3422
1287 75.3422
1288 75.3422
1289 75.3422
1290 75.3422
1291 75.3422
1292 75.3422
1293 75.3422
1294 75.3422
1295 75.3422
1296 75.3422
1297 75.3422
1298 75.3422
1299 75.3422
1300 75.3422
1301 75.3422
1302 75.3422
1303 75.3422
1304 75.3422
1305 75.3422
1306 75.3422
1307 75.3422
1308 75.3422
1309 75.3422
1310 75.3422
1311 75.3422
1312 75.3422
1313 75.3422
1314 75.3422
1315 75.3422
1316 75.3422
1317 75.3422
1318 75.3323
1319 75.3323
1320 75.3323
1321 75.3323
1322 75.3323
1323 75.3323
1324 75.3323
1325 75.3323
1326 75.3323
1327 75.3323
1328 75.3323
1329 75.3323
1330 75.3323
1331 75.3323
1332 75.3323
1333 75.3323
1334 75.3323
1335 75.3323
1336 75.3323
1337 74.901
1338 74.901
1339 74.901
1340 74.901
1341 74.901
1342 74.901
1343 74.901
1344 74.901
1345 74.901
1346 74.901
1347 74.901
1348 74.901
1349 74.901
1350 74.901
1351 74.901
1352 74.901
1353 74.901
1354 74.901
1355 74.901
1356 74.901
1357 74.901
1358 74.901
1359 74.901
1360 74.901
1361 74.901
1362 74.901
1363 74.901
1364 74.901
1365 74.901
1366 74.901
1367 74.901
1368 74.901
1369 74.901
1370 74.901
1371 74.901
1372 74.901
1373 74.901
1374 74.901
1375 74.901
1376 74.901
1377 74.901
1378 74.901
1379 74.901
1380 74.901
1381 74.901
1382 74.901
1383 74.901
1384 74.901
1385 74.901
1386 74.901
1387 74.901
1388 74.901
1389 74.901
1390 74.901
1391 74.901
1392 74.901
1393 74.901
1394 74.901
1395 74.901
1396 74.901
1397 74.901
1398 74.901
1399 74.901
1400 74.901
1401 74.901
1402 74.5458
1403 74.5458
1404 74.5458
1405 74.5458
1406 74.5458
1407 74.5458
1408 74.5458
1409 74.5458
1410 74.5458
1411 74.5458
1412 74.5458
1413 74.5458
1414 74.4456
1415 74.4456
1416 74.4456
1417 74.4456
1418 74.4456
1419 74.4456
1420 74.4456
1421 74.4456
1422 74.4456
1423 74.4456
1424 74.4456
1425 74.4456
1426 74.4456
1427 74.4456
1428 74.4456
1429 74.4456
1430 74.4456
1431 74.4456
1432 74.4456
1433 74.4456
1434 74.4456
1435 74.2748
1436 74.2748
1437 74.2748
1438 74.2748
1439 73.5901
1440 73.5901
1441 73.5901
1442 73.5901
1443 73.5901
1444 73.5901
1445 73.5901
1446 73.5901
1447 73.5901
1448 73.5901
1449 73.5901
1450 73.5901
1451 73.5901
1452 73.5901
1453 73.5901
1454 73.5901
1455 73.5901
1456 73.5901
1457 73.5901
1458 73.5901
1459 73.5901
1460 73.5901
1461 73.5901
1462 73.5901
1463 73.5901
1464 73.5901
1465 73.5901
1466 73.5901
1467 73.5901
1468 73.5901
1469 73.5901
1470 73.5901
1471 73.5901
1472 73.5901
1473 73.5901
1474 73.5901
1475 73.5901
1476 73.5901
1477 73.5901
1478 73.5901
1479 73.5901
1480 73.5901
1481 73.5901
1482 73.5901
1483 73.5901
1484 73.5901
1485 73.5901
1486 73.5901
1487 73.5901
1488 73.5901
1489 73.5901
1490 73.5901
1491 73.5901
1492 73.5901
1493 73.5901
1494 73.5901
1495 73.5901
1496 73.5901
1497 73.5901
1498 73.5901
1499 73.5901
1500 73.5901
1501 73.5901
1502 73.5901
1503 73.5901
1504 73.5901
1505 73.5901
1506 73.5901
1507 73.5901
1508 73.5901
1509 73.5901
1510 73.5901
1511 73.5901
1512 73.5901
1513 73.5901
1514 73.5901
1515 73.5901
1516 73.5901
1517 73.4988
1518 73.4988
1519 73.4988
1520 73.4988
1521 73.4988
1522 73.4988
1523 73.4988
1524 73.4988
1525 73.4988
1526 73.4988
1527 73.4988
1528 73.4988
1529 73.4988
1530 73.4988
1531 73.4988
1532 73.4988
1533 73.4988
1534 73.4988
1535 73.4988
1536 73.4988
1537 73.1751
1538 73.1751
1539 73.1751
1540 73.1751
1541 73.1751
1542 73.1751
1543 73.1751
1544 73.1751
1545 73.1751
1546 73.1751
1547 73.1751
1548 73.0462
1549 73.0462
1550 73.0462
1551 73.0462
1552 73.0061
1553 73.0061
1554 73.0061
1555 73.0061
1556 73.0061
1557 73.0061
1558 73.0061
1559 73.0061
1560 73.0061
1561 73.0061
1562 73.0061
1563 73.0061
1564 73.0061
1565 73.0061
1566 73.0061
1567 73.0061
1568 73.0061
1569 73.0061
1570 73.0061
1571 73.0061
1572 73.0061
1573 73.0061
1574 73.0061
1575 73.0061
1576 73.0061
1577 73.0061
1578 73.0061
1579 73.0061
1580 73.0061
1581 73.0061
1582 73.0061
1583 73.0061
1584 73.0061
1585 73.0061
1586 73.0061
1587 73.0061
1588 73.0061
1589 73.0061
1590 73.0061
1591 73.0061
1592 73.0061
1593 73.0061
1594 73.0061
1595 73.0061
1596 73.0061
1597 73.0061
1598 73.0061
1599 73.0061
1600 73.0061
1601 73.0061
1602 73.0061
1603 73.0061
1604 73.0061
1605 73.0061
1606 73.0061
1607 73.0061
1608 73.0061
1609 73.0061
1610 73.0061
1611 73.0061
1612 73.0061
1613 73.0061
1614 73.0061
1615 73.0061
1616 73.0061
1617 73.0061
1618 73.0061
1619 73.0061
1620 73.0061
1621 73.0061
1622 73.0061
1623 73.0061
1624 73.0061
1625 73.0061
1626 73.0061
1627 73.0061
1628 73.0061
1629 73.0061
1630 73.0061
1631 73.0061
1632 73.0061
1633 73.0061
1634 73.0061
1635 73.0061
1636 73.0061
1637 73.0061
1638 73.0061
1639 73.0061
1640 73.0061
1641 73.0061
1642 73.0061
1643 73.0061
1644 73.0061
1645 73.0061
1646 73.0061
1647 73.0061
1648 73.0061
1649 73.0061
1650 73.0061
1651 73.0061
1652 73.0061
1653 73.0061
1654 73.0061
1655 73.0061
1656 72.957
1657 72.957
1658 72.957
1659 72.957
1660 72.957
1661 72.957
1662 72.957
1663 72.957
1664 72.957
1665 72.957
1666 72.957
1667 72.957
1668 72.957
1669 72.957
1670 72.957
1671 72.957
1672 72.957
1673 72.957
1674 72.957
1675 72.957
1676 72.957
1677 72.957
1678 72.957
1679 72.7668
1680 72.7668
1681 72.7668
1682 72.7668
1683 72.7668
1684 72.7668
1685 72.7668
1686 72.7668
1687 72.7668
1688 72.7668
1689 72.7668
1690 72.7668
1691 72.7668
1692 72.7668
1693 72.7668
1694 72.7668
1695 72.7668
1696 72.7668
1697 72.4158
1698 72.4158
1699 72.4158
1700 72.4158
1701 72.4158
1702 72.4158
1703 72.4158
1704 72.4158
1705 72.4158
1706 72.4158
1707 72.4158
1708 72.4158
1709 72.4158
1710 72.4158
1711 72.4158
1712 72.4158
1713 72.4158
1714 72.4158
1715 72.4158
1716 72.4158
1717 72.4158
1718 72.4158
1719 72.4158
1720 72.4158
1721 72.4158
1722 72.4158
1723 72.1894
1724 72.1894
1725 72.1894
1726 72.1894
1727 72.1894
1728 71.6892
1729 71.6892
1730 71.6892
1731 71.6892
1732 71.6892
1733 71.6892
1734 71.6892
1735 71.6301
1736 71.6301
1737 71.6301
1738 71.6301
1739 71.6301
1740 71.6301
1741 71.6301
1742 71.6301
1743 71.6301
1744 71.6301
1745 71.6301
1746 71.6301
1747 71.6301
1748 71.6301
1749 71.6301
1750 71.6301
1751 71.6301
1752 71.6301
1753 71.6301
1754 71.6301
1755 71.6301
1756 71.6301
1757 71.6301
1758 71.6301
1759 71.6301
1760 71.6301
1761 71.6301
1762 71.6301
1763 71.6301
1764 71.6301
1765 71.6301
1766 71.6301
1767 71.6301
1768 71.6301
1769 71.6301
1770 71.6301
1771 71.6301
1772 71.6301
1773 71.6301
1774 71.6301
1775 71.6301
1776 71.6301
1777 71.6301
1778 71.6301
1779 71.6301
1780 71.6301
1781 71.6301
1782 71.6301
1783 71.6301
1784 71.6301
1785 71.6301
1786 71.6301
1787 71.6301
1788 71.6301
1789 71.6301
1790 71.6301
1791 71.6301
1792 71.6301
1793 71.6301
1794 71.6301
1795 71.6301
1796 71.6301
1797 71.6301
1798 71.6301
1799 71.6301
1800 71.6301
1801 71.6301
1802 71.6301
1803 71.6301
1804 71.6301
1805 71.6301
1806 71.6301
1807 71.6301
1808 71.6301
1809 71.6301
1810 71.6301
1811 71.6301
1812 71.6301
1813 71.6301
1814 71.6301
1815 71.6301
1816 71.6301
1817 71.6301
1818 71.6301
1819 71.6301
1820 71.6301
1821 71.6301
1822 71.6301
1823 71.6301
1824 71.6301
1825 71.6301
1826 71.6301
1827 71.6301
1828 71.6301
1829 71.6301
1830 71.6301
1831 71.6301
1832 71.6301
1833 71.6301
1834 71.6301
1835 71.6301
1836 71.6301
1837 71.6301
1838 71.6301
1839 71.6301
1840 71.6301
1841 71.6301
1842 71.6301
1843 71.6301
1844 71.6301
1845 71.6301
1846 71.6301
1847 71.6301
1848 71.6301
1849 71.6301
1850 71.6301
1851 71.6301
1852 71.6301
1853 71.6301
1854 71.6301
1855 71.6301
1856 71.6301
1857 71.6301
1858 71.6301
1859 71.6301
1860 71.6301
1861 71.6301
1862 71.6301
1863 71.6301
1864 71.6301
1865 71.6301
1866 71.6301
1867 71.6301
1868 71.6301
1869 71.6301
1870 71.6301
1871 71.6301
1872 71.6301
1873 71.6301
1874 71.6301
1875 71.6301
1876 71.6301
1877 71.6301
1878 71.6301
1879 71.6301
1880 71.6301
1881 71.6301
1882 71.6301
1883 71.6301
1884 71.6301
1885 71.6301
1886 71.6301
1887 71.6301
1888 71.6301
1889 71.6301
1890 71.6301
1891 71.6301
1892 71.6301
1893 71.6301
1894 71.6301
1895 71.6301
1896 71.6301
1897 71.6301
1898 71.6301
1899 71.6301
1900 71.6301
1901 71.6301
1902 71.6301
1903 71.6301
1904 71.6301
1905 71.6301
1906 71.6301
1907 71.6301
1908 71.6301
1909 71.6301
1910 71.6301
1911 71.6301
1912 71.6301
1913 71.6301
1914 71.6301
1915 71.6301
1916 71.6301
1917 71.6301
1918 71.6301
1919 71.6301
1920 71.6301
1921 71.6301
1922 71.6301
1923 71.6301
1924 71.6301
1925 71.6301
1926 71.6301
1927 71.6301
1928 71.6301
1929 71.6301
1930 71.6301
1931 71.6301
1932 71.6301
1933 71.6301
1934 71.6301
1935 71.6301
1936 71.6301
1937 71.6301
1938 71.6301
1939 71.6301
1940 71.6301
1941 71.6301
1942 71.6301
1943 71.6301
1944 71.6301
1945 71.6301
1946 71.6301
1947 71.6301
1948 71.6301
1949 71.6301
1950 71.6301
1951 71.6301
1952 71.5938
1953 71.5938
1954 71.5938
1955 71.5938
1956 71.5938
1957 71.5938
1958 71.5938
1959 71.5938
1960 71.5938
1961 71.5938
1962 71.5938
1963 71.5938
1964 71.5938
1965 71.5938
1966 71.5938
1967 71.5938
1968 71.5938
1969 71.5938
1970 71.5938
1971 71.5938
1972 71.5938
1973 71.5938
1974 71.5938
1975 71.5938
1976 71.5938
1977 71.5938
1978 71.5938
1979 71.5938
1980 71.5938
1981 71.5938
1982 71.5938
1983 71.3949
1984 71.3949
1985 71.3949
1986 71.3949
1987 71.3949
1988 71.3949
1989 71.3949
1990 71.3949
1991 71.3432
1992 71.3949
1993 71.3949
1994 71.3949
1995 71.3949
1996 71.3949
1997 71.3949
1998 71.3949
1999 71.3949
2000 71.3949
2001 71.3949
2002 71.3949
2003 71.3949
2004 71.3949
2005 71.3949
2006 71.3949
2007 71.3949
2008 71.3949
2009 71.3949
2010 71.3949
2011 71.3949
2012 71.3949
2013 71.3949
2014 71.3949
2015 71.3949
2016 71.3949
2017 71.3949
2018 71.3949
2019 71.3949
2020 71.3949
2021 71.3949
2022 71.3949
2023 71.3949
2024 71.3949
2025 71.3949
2026 71.3949
2027 71.3949
2028 71.3949
2029 71.3949
2030 71.3949
2031 71.3949
2032 71.3949
2033 71.3949
2034 71.3949
2035 71.3949
2036 71.3949
2037 71.3949
2038 71.3949
2039 71.3949
2040 71.3949
2041 71.3949
2042 71.3949
2043 71.3949
2044 71.3949
2045 71.3949
2046 71.3432
2047 71.3432
2048 71.3432
2049 71.3432
2050 71.3432
2051 71.3432
2052 71.3432
2053 71.3432
2054 71.3432
2055 71.3432
2056 71.3432
2057 71.3432
2058 71.3432
2059 71.3432
2060 71.3432
2061 71.3432
2062 71.3432
2063 71.3432
2064 71.3432
2065 71.3432
2066 71.3432
2067 71.3432
2068 71.3432
2069 71.3432
2070 71.3432
2071 71.3432
2072 71.3432
2073 71.3432
2074 71.3432
2075 71.3432
2076 71.3432
2077 71.3432
2078 71.3432
2079 71.3432
2080 71.3432
2081 71.3432
2082 71.1428
2083 71.1428
2084 71.1428
2085 71.1428
2086 71.1428
2087 71.1428
2088 71.1428
2089 71.1428
2090 71.1428
2091 71.1428
2092 71.1428
2093 71.1428
2094 71.1428
2095 71.1428
2096 71.1428
2097 71.1428
2098 71.1428
2099 71.1428
2100 71.1428
2101 71.1428
2102 71.1428
2103 71.1428
2104 71.1428
2105 71.1428
2106 71.1428
2107 71.1428
2108 71.1428
2109 71.1428
2110 71.1428
2111 71.1428
2112 71.1428
2113 71.1428
2114 71.1428
2115 71.1428
2116 71.1428
2117 71.1428
2118 71.1428
2119 71.1428
2120 71.1428
2121 71.1428
2122 71.1428
2123 71.1428
2124 71.1428
2125 71.1428
2126 71.1428
2127 71.1428
2128 71.1428
2129 71.1428
2130 71.1428
2131 71.1428
2132 71.1428
2133 71.1428
2134 71.1428
2135 71.1428
2136 71.1428
2137 71.1428
2138 71.1428
2139 71.1428
2140 71.1428
2141 71.1428
2142 71.1428
2143 71.1428
2144 71.1428
2145 71.1428
2146 71.1428
2147 71.1428
2148 71.1428
2149 71.1428
2150 71.1428
2151 71.1428
2152 71.1428
2153 71.1428
2154 71.1428
2155 71.1428
2156 71.1428
2157 71.1428
2158 71.1428
2159 71.1428
2160 71.1428
2161 71.1428
2162 70.2467
2163 70.2467
2164 70.2467
2165 70.2467
2166 70.2467
2167 70.2467
2168 70.2467
2169 70.2467
2170 70.2467
2171 70.2467
2172 70.2467
2173 70.2467
2174 70.2467
2175 70.2467
2176 70.2467
2177 70.2467
2178 69.7279
2179 69.7279
2180 69.7279
2181 69.7279
2182 69.7279
2183 69.6676
2184 69.6676
2185 69.6676
2186 69.6676
2187 69.7279
2188 69.6676
2189 69.6676
2190 69.6676
2191 69.6676
2192 69.6676
2193 69.6676
2194 69.6676
2195 69.6676
2196 69.6676
2197 69.6676
2198 69.6676
2199 69.6676
2200 69.6676
2201 69.5739
2202 69.5739
2203 69.5739
2204 69.5739
2205 69.5739
2206 69.5739
2207 69.5739
2208 69.5739
2209 69.5739
2210 69.5739
2211 69.5739
2212 69.5739
2213 69.5739
2214 69.5739
2215 69.5739
2216 69.5739
2217 69.5739
2218 69.5739
2219 69.5739
2220 69.5739
2221 69.5739
2222 69.5739
2223 69.5739
2224 69.5739
2225 69.5739
2226 69.5739
2227 69.5739
2228 69.5739
2229 69.5739
2230 69.5739
2231 69.5739
2232 69.5739
2233 69.5739
2234 69.5739
2235 69.5739
2236 69.5739
2237 69.5739
2238 69.5739
2239 69.5739
2240 69.5739
2241 69.5739
2242 69.5739
2243 69.5739
2244 69.5739
2245 69.5739
2246 69.5739
2247 69.5739
2248 69.5739
2249 69.5739
2250 69.5739
2251 69.5739
2252 69.5739
2253 69.5739
2254 69.5739
2255 69.5739
2256 69.5739
2257 69.5739
2258 69.5739
2259 69.5739
2260 69.5739
2261 69.5739
2262 69.5739
2263 69.5739
2264 69.5739
2265 69.5739
2266 69.5739
2267 69.5739
2268 69.5739
2269 69.5739
2270 69.5739
2271 69.5739
2272 69.5739
2273 69.5739
2274 69.5739
2275 69.5739
2276 69.5739
2277 69.5739
2278 69.5739
2279 69.5739
2280 69.5739
2281 69.5739
2282 69.5739
2283 69.5739
2284 69.5739
2285 69.5739
2286 69.5739
2287 69.5739
2288 69.5739
2289 69.5739
2290 69.5739
2291 69.5739
2292 69.5739
2293 69.5739
2294 69.5739
2295 69.5739
2296 69.5739
2297 69.5739
2298 69.5739
2299 69.5739
2300 69.5739
2301 69.5739
2302 69.5739
2303 69.5739
2304 69.5739
2305 69.5739
2306 69.5739
2307 69.5739
2308 69.5739
2309 69.5739
2310 69.5739
2311 69.5739
2312 69.5739
2313 69.5739
2314 69.5739
2315 69.5739
2316 69.5739
2317 69.5739
2318 69.5739
2319 69.5739
2320 69.5739
2321 69.5739
2322 69.5739
2323 69.5739
2324 69.5739
2325 69.5739
2326 69.5739
2327 69.5739
2328 69.5739
2329 69.5739
2330 69.5739
2331 69.5739
2332 69.5739
2333 69.5739
2334 69.5739
2335 69.5739
2336 69.5739
2337 69.5739
2338 69.5739
2339 69.5739
2340 69.5739
2341 69.5739
2342 69.5739
2343 69.5739
2344 69.5739
2345 69.5739
2346 69.5739
2347 69.5739
2348 69.5739
2349 69.5739
2350 69.5739
2351 69.5739
2352 69.5739
2353 69.5739
2354 69.5739
2355 69.5739
2356 69.5739
2357 69.5739
2358 69.5739
2359 69.5739
2360 69.5739
2361 69.5739
2362 69.5739
2363 69.5739
2364 69.5739
2365 69.5739
2366 69.5739
2367 69.5739
2368 69.5739
2369 69.5739
2370 69.5739
2371 69.5739
2372 69.5739
2373 69.5739
2374 69.5739
2375 69.5739
2376 69.5739
2377 69.5739
2378 69.5739
2379 69.5739
2380 69.5739
2381 69.5739
2382 69.5739
2383 69.5739
2384 69.5739
2385 69.5739
2386 69.5739
2387 69.5739
2388 69.5739
2389 69.5739
2390 69.5739
2391 69.5739
2392 69.5739
2393 69.5739
2394 69.5739
2395 69.5739
2396 69.5739
2397 69.5739
2398 69.5739
2399 69.5739
2400 69.5739
2401 69.5739
2402 69.5739
2403 69.5739
2404 69.5739
2405 69.5739
2406 69.5739
2407 69.5739
2408 69.5739
2409 69.5739
2410 69.5739
2411 69.5739
2412 69.5739
2413 69.5739
2414 69.5739
2415 69.5739
2416 69.5739
2417 69.5739
2418 69.5739
2419 69.5739
2420 69.5739
2421 69.5739
2422 69.5739
2423 69.5739
2424 69.5739
2425 69.5739
2426 69.5739
2427 69.5739
2428 69.5739
2429 69.5739
2430 69.5739
2431 69.5739
2432 69.5739
2433 69.5739
2434 69.5739
2435 69.5739
2436 69.5739
2437 69.5739
2438 69.5739
2439 69.5739
2440 69.5739
2441 69.5739
2442 69.5739
2443 69.5739
2444 69.5739
2445 69.5739
2446 69.5739
2447 69.5739
2448 69.5739
2449 69.5739
2450 69.5739
2451 69.5739
2452 69.5739
2453 69.5739
2454 69.5739
2455 69.5739
2456 69.5739
2457 69.5739
2458 69.5739
2459 69.5739
2460 69.5739
2461 69.5739
2462 69.5739
2463 69.5739
2464 69.5739
2465 69.5739
2466 69.5739
2467 69.5739
2468 69.5739
2469 69.5739
2470 69.5739
2471 69.5739
2472 69.5739
2473 69.5739
2474 69.5739
2475 69.5739
2476 69.5739
2477 69.5739
2478 69.5739
2479 69.5739
2480 69.5739
2481 69.5739
2482 69.5739
2483 69.5739
2484 69.5739
2485 69.5739
2486 69.5739
2487 69.5739
2488 69.5739
2489 69.5739
2490 69.5739
2491 69.5739
2492 69.5739
2493 69.5739
2494 69.5739
2495 69.5739
2496 69.5739
2497 69.5739
2498 69.5739
2499 69.5739
2500 69.5739
2501 69.5739
2502 69.5739
2503 69.5739
2504 69.5652
2505 69.5652
2506 69.5652
2507 69.5652
2508 69.5652
2509 69.5652
2510 69.5652
2511 69.5652
2512 69.5652
2513 69.5652
2514 69.2202
2515 69.2202
2516 69.2202
2517 69.2202
2518 69.2202
2519 69.2202
2520 69.2202
2521 69.2202
2522 69.2202
2523 69.2202
2524 69.2202
2525 69.2202
2526 69.2202
2527 69.2202
2528 69.2202
2529 69.2202
2530 69.2202
2531 69.2202
2532 69.2202
2533 69.2202
2534 69.2202
2535 69.2202
2536 69.2202
2537 69.2202
2538 69.2202
2539 69.2202
2540 69.2202
2541 69.2202
2542 69.2202
2543 69.2202
2544 69.2202
2545 69.2202
2546 69.2202
2547 69.2202
2548 69.2202
2549 69.2202
2550 69.2202
2551 69.2202
2552 69.2202
2553 69.2202
2554 69.2202
2555 69.2202
2556 69.2202
2557 69.2202
2558 69.2202
2559 69.2202
2560 69.2202
2561 69.2202
2562 69.2202
2563 69.2202
2564 69.2202
2565 69.2202
2566 69.2202
2567 69.2202
2568 69.2202
2569 69.2202
2570 69.2202
2571 69.2202
2572 69.2202
2573 69.2202
2574 69.2202
2575 69.2202
2576 69.2202
2577 69.2202
2578 69.2202
2579 69.2202
2580 69.2202
2581 69.2202
2582 69.2202
2583 69.2202
2584 69.2202
2585 69.2202
2586 69.2202
2587 69.2202
2588 69.2202
2589 69.2202
2590 69.2202
2591 69.2202
2592 69.2202
2593 69.2202
2594 69.2202
2595 69.2202
2596 69.2202
2597 69.2202
2598 69.2202
2599 69.2202
2600 69.2202
2601 69.2202
2602 69.2202
2603 69.2202
2604 69.2202
2605 69.2202
2606 69.2202
2607 69.2202
2608 69.2202
2609 69.2202
2610 69.2202
2611 69.2202
2612 69.2202
2613 69.2202
2614 69.2202
2615 69.2202
2616 69.2202
2617 69.2202
2618 69.2202
2619 69.2202
2620 69.2202
2621 69.2202
2622 69.2202
2623 69.2202
2624 69.2202
2625 69.2202
2626 69.1567
2627 69.1567
2628 69.1567
2629 69.1567
2630 69.1567
2631 69.1567
2632 69.1567
2633 69.1567
2634 69.1567
2635 69.1567
2636 69.1567
2637 69.1567
2638 69.0839
2639 69.0839
2640 69.0839
2641 69.0839
2642 69.0583
2643 68.7392
2644 68.7392
2645 68.7392
2646 68.7392
2647 68.7392
2648 68.7392
2649 68.7392
2650 68.7392
2651 68.7392
2652 68.7392
2653 68.7392
2654 68.7392
2655 68.7392
2656 68.7392
2657 68.7392
2658 68.7392
2659 68.7392
2660 68.7392
2661 68.7392
2662 68.7392
2663 68.7392
2664 68.7392
2665 68.7392
2666 68.7392
2667 68.7392
2668 68.7392
2669 68.7392
2670 68.7392
2671 68.7392
2672 68.7392
2673 68.7392
2674 68.7392
2675 68.7392
2676 68.7392
2677 68.7392
2678 68.7392
2679 68.7392
2680 68.7392
2681 68.7392
2682 68.7392
2683 68.7392
2684 68.7392
2685 68.7392
2686 68.7392
2687 68.7392
2688 68.7392
2689 68.7392
2690 68.7392
2691 68.7392
2692 68.7392
2693 68.7392
2694 68.7392
2695 68.7392
2696 68.7392
2697 68.7392
2698 68.7392
2699 68.7392
2700 68.7392
2701 68.7392
2702 68.7392
2703 68.7392
2704 68.7392
2705 68.7392
2706 68.7392
2707 68.7392
2708 68.7392
2709 68.7392
2710 68.7392
2711 68.7392
2712 68.7392
2713 68.7392
2714 68.7392
2715 68.7392
2716 68.7392
2717 68.7392
2718 68.7392
2719 68.7392
2720 68.7392
2721 68.7392
2722 68.7392
2723 68.7392
2724 68.7392
2725 68.7392
2726 68.7392
2727 68.7392
2728 68.7392
2729 68.7392
2730 68.7392
2731 68.7392
2732 68.7392
2733 68.7392
2734 68.7392
2735 68.7392
2736 68.7392
2737 68.7392
2738 68.7392
2739 68.7392
2740 68.7392
2741 68.7392
2742 68.7392
2743 68.7392
2744 68.7392
2745 68.7392
2746 68.7392
2747 68.7392
2748 68.7392
2749 68.7392
2750 68.7392
2751 68.7392
2752 68.7392
2753 68.7392
2754 68.7392
2755 68.7392
2756 68.7392
2757 68.7392
2758 68.7392
2759 68.7392
2760 68.7392
2761 68.7392
2762 68.7392
2763 68.7392
2764 68.7392
2765 68.7392
2766 68.7392
2767 68.7392
2768 68.7392
2769 68.7392
2770 68.7392
2771 68.7392
2772 68.7392
2773 68.7392
2774 68.7392
2775 68.7392
2776 68.7392
2777 68.7392
2778 68.7392
2779 68.7392
2780 68.7392
2781 68.7392
2782 68.7392
2783 68.7392
2784 68.7392
2785 68.7392
2786 68.7392
2787 68.7392
2788 68.7392
2789 68.7392
2790 68.7392
2791 68.7392
2792 68.7392
2793 68.7392
2794 68.7392
2795 68.7392
2796 68.7392
2797 68.7392
2798 68.7392
2799 68.7392
2800 68.7392
2801 68.7392
2802 68.7392
2803 68.7392
2804 68.7392
2805 68.7392
2806 68.7392
2807 68.7392
2808 68.7392
2809 68.7392
2810 68.7392
2811 68.7392
2812 68.7392
2813 68.7392
2814 68.7392
2815 68.7392
2816 68.7392
2817 68.7392
2818 68.7392
2819 68.7392
2820 68.7392
2821 68.7392
2822 68.7392
2823 68.7392
2824 68.7392
2825 68.7392
2826 68.7392
2827 68.7392
2828 68.7392
2829 68.7392
2830 68.7392
2831 68.7392
2832 68.7392
2833 68.7392
2834 68.7392
2835 68.7392
2836 68.7392
2837 68.7392
2838 68.7392
2839 68.7392
2840 68.7392
2841 68.7392
2842 68.7392
2843 68.7392
2844 68.7392
2845 68.7392
2846 68.7392
2847 68.7392
2848 68.7392
2849 68.7392
2850 68.7392
2851 68.7392
2852 68.7392
2853 68.7392
2854 68.7392
2855 68.7392
2856 68.7392
2857 68.7392
2858 68.7392
2859 68.7392
2860 68.7392
2861 68.7392
2862 68.7392
2863 68.7392
2864 68.7392
2865 68.7392
2866 68.7392
2867 68.7392
2868 68.7392
2869 68.7392
2870 68.7392
2871 68.7392
2872 68.7392
2873 68.7392
2874 68.7392
2875 68.7392
2876 68.7392
2877 68.7392
2878 68.7392
2879 68.7392
2880 68.7392
2881 68.7392
2882 68.7392
2883 68.7392
2884 68.7392
2885 68.7392
2886 68.7392
2887 68.7392
2888 68.7392
2889 68.7392
2890 68.7392
2891 68.7392
2892 68.7392
2893 68.7392
2894 68.7392
2895 68.7392
2896 68.7392
2897 68.7392
2898 68.7392
2899 68.7392
2900 68.7392
2901 68.7392
2902 68.7392
2903 68.7392
2904 68.7392
2905 68.7392
2906 68.7392
2907 68.7392
2908 68.4943
2909 68.4943
2910 68.4943
2911 68.4943
2912 68.4943
2913 68.4943
2914 68.4943
2915 68.4943
2916 68.4943
2917 68.4943
2918 68.4943
2919 68.4943
2920 68.4943
2921 68.4943
2922 68.4943
2923 68.4943
2924 68.4943
2925 68.4943
2926 68.4943
2927 68.4943
2928 68.4943
2929 68.4943
2930 68.4943
2931 68.4943
2932 68.4582
2933 68.4582
2934 68.4582
2935 68.4582
2936 68.4582
2937 68.1192
2938 68.1192
2939 68.1192
2940 68.1192
2941 68.1192
2942 68.1192
2943 68.1192
2944 68.1192
2945 68.1192
2946 68.1192
2947 68.1192
2948 68.1192
2949 68.1192
2950 68.1192
2951 68.1192
2952 68.1192
2953 68.1192
2954 68.1192
2955 68.1192
2956 68.1192
2957 68.1192
2958 68.1192
2959 68.1192
2960 68.1192
2961 68.1192
2962 68.1192
2963 68.1192
2964 68.1192
2965 68.1192
2966 68.1192
2967 68.1192
2968 68.1192
2969 68.1192
2970 68.1192
2971 68.1192
2972 68.1192
2973 68.1192
2974 68.1192
2975 68.1192
2976 68.1192
2977 68.1192
2978 68.1192
2979 68.1192
2980 68.1192
2981 68.1192
2982 68.1192
2983 68.1192
2984 68.1192
2985 68.1192
2986 68.1192
2987 68.1192
2988 68.1192
2989 68.1192
2990 68.1192
2991 68.1192
2992 68.1192
2993 68.1192
2994 68.1192
2995 68.1192
2996 68.1192
2997 68.1192
2998 68.1192
2999 68.1192
3000 68.1192
3001 68.1192
3002 68.1192
3003 68.1192
3004 68.1192
3005 68.1192
3006 68.1192
3007 68.1192
3008 68.1192
3009 68.1192
3010 68.1192
3011 68.1192
3012 68.1192
3013 68.1192
3014 68.1192
3015 68.1192
3016 68.1192
3017 68.1192
3018 68.1192
3019 68.1192
3020 68.1192
3021 68.1192
3022 68.1192
3023 68.1192
3024 68.1192
3025 68.1192
3026 68.1192
3027 68.1192
3028 68.1192
3029 68.1192
3030 68.1192
3031 68.1192
3032 68.1192
3033 68.1192
3034 68.1192
3035 68.1192
3036 68.1192
3037 68.1192
3038 68.1192
3039 68.1192
3040 68.1192
3041 68.1192
3042 68.1192
3043 68.1192
3044 68.1192
3045 68.1192
3046 68.1192
3047 68.1192
3048 68.1192
3049 68.1192
3050 68.1192
3051 68.1192
3052 68.1192
3053 68.1192
3054 68.1192
3055 68.1192
3056 68.1192
3057 68.1192
3058 68.1192
3059 68.1192
3060 68.1192
3061 68.1192
3062 68.1192
3063 68.1192
3064 68.1192
3065 68.1192
3066 68.1192
3067 68.1192
3068 68.1192
3069 68.1192
3070 67.985
3071 67.985
3072 67.985
3073 67.985
3074 67.985
3075 67.985
3076 67.985
3077 67.985
3078 67.985
3079 67.985
3080 67.985
3081 67.985
3082 67.985
3083 67.985
3084 67.985
3085 67.985
3086 67.985
3087 67.985
3088 67.985
3089 67.985
3090 67.985
3091 67.985
3092 67.985
3093 67.985
3094 67.985
3095 67.985
3096 67.985
3097 67.985
3098 67.985
3099 67.985
3100 67.985
3101 67.985
3102 67.985
3103 67.985
3104 67.985
3105 67.985
3106 67.985
3107 67.985
3108 67.985
3109 67.985
3110 67.985
3111 67.985
3112 67.985
3113 67.985
3114 67.985
3115 67.985
3116 67.985
3117 67.985
3118 67.985
3119 67.985
3120 67.985
3121 67.985
3122 67.985
3123 67.985
3124 67.985
3125 67.985
3126 67.985
3127 67.985
3128 67.985
3129 67.985
3130 67.985
3131 67.985
3132 67.985
3133 67.985
3134 67.985
3135 67.985
3136 67.985
3137 67.985
3138 67.985
3139 67.985
3140 67.985
3141 67.985
3142 67.985
3143 67.985
3144 67.985
3145 67.985
3146 67.985
3147 67.985
3148 67.985
3149 67.985
3150 67.985
3151 67.985
3152 67.985
3153 67.985
3154 67.985
3155 67.985
3156 67.985
3157 67.985
3158 67.985
3159 67.985
3160 67.985
3161 67.985
3162 67.985
3163 67.985
3164 67.985
3165 67.985
3166 67.985
3167 67.985
3168 67.985
3169 67.985
3170 67.985
3171 67.985
3172 67.985
3173 67.985
3174 67.985
3175 67.985
3176 67.985
3177 67.985
3178 67.985
3179 67.985
3180 67.985
3181 67.985
3182 67.985
3183 67.985
3184 67.985
3185 67.985
3186 67.985
3187 67.985
3188 67.985
3189 67.985
3190 67.985
3191 67.985
3192 67.985
3193 67.985
3194 67.985
3195 67.985
3196 67.985
3197 67.985
3198 67.985
3199 67.985
3200 67.985
3201 67.985
3202 67.985
3203 67.985
3204 67.985
3205 67.985
3206 67.985
3207 67.985
3208 67.985
3209 67.985
3210 67.9311
3211 67.9311
3212 67.9311
3213 67.9311
3214 67.9311
3215 67.9311
3216 67.9311
3217 67.9311
3218 67.9311
3219 67.8156
3220 67.8156
3221 67.8156
3222 67.8156
3223 67.8156
3224 67.8156
3225 67.8156
3226 67.8156
3227 67.8156
3228 67.8156
3229 67.8156
3230 67.8156
3231 67.8156
3232 67.8156
3233 67.8156
3234 67.8156
3235 67.8156
3236 67.8156
3237 67.8156
3238 67.8156
3239 67.8156
3240 67.8156
3241 67.8156
3242 67.8156
3243 67.8156
3244 67.8156
3245 67.8156
3246 67.8156
3247 67.8156
3248 67.8156
3249 67.8156
3250 67.8156
3251 67.8156
3252 67.8156
3253 67.8156
3254 67.8156
3255 67.8156
3256 67.8156
3257 67.8156
3258 67.8156
3259 67.8156
3260 67.8156
3261 67.8156
3262 67.8156
3263 67.8156
3264 67.8156
3265 67.8156
3266 67.8156
3267 67.8156
3268 67.8156
3269 67.8156
3270 67.8156
3271 67.8156
3272 67.8156
3273 67.8156
3274 67.8156
3275 67.8156
3276 67.8156
3277 67.8156
3278 67.8156
3279 67.8156
3280 67.8156
3281 67.8156
3282 67.8156
3283 67.8156
3284 67.8156
3285 67.8156
3286 67.8156
3287 67.8156
3288 67.8156
3289 67.8156
3290 67.8156
3291 67.8156
3292 67.5806
3293 67.5806
3294 67.5806
3295 67.5806
3296 67.5806
3297 67.5806
3298 67.5806
3299 67.5806
3300 67.5806
3301 67.5806
3302 67.5806
3303 67.5806
3304 67.5806
3305 67.5806
3306 67.5806
3307 67.5806
3308 67.5806
3309 67.5806
3310 67.5806
3311 67.5806
3312 67.5806
3313 67.5806
3314 67.5806
3315 67.5806
3316 67.5806
3317 67.5806
3318 67.5806
3319 67.5806
3320 67.5806
3321 67.5421
3322 67.5421
3323 67.5421
3324 67.5421
3325 67.5421
3326 67.5421
3327 67.5421
3328 67.5421
3329 67.5421
3330 67.5421
3331 67.5421
3332 67.5421
3333 67.5421
3334 67.5421
3335 67.5421
3336 67.5421
3337 67.5421
3338 67.5421
3339 67.5421
3340 67.5421
3341 67.5421
3342 67.5421
3343 67.5421
3344 67.5421
3345 67.5421
3346 67.5421
3347 67.5421
3348 67.5421
3349 67.5421
3350 67.5416
3351 67.5416
3352 67.5416
3353 67.5416
3354 67.5416
3355 67.5416
3356 67.5416
3357 67.5416
3358 67.5416
3359 67.5416
3360 67.5416
3361 67.5416
3362 67.5416
3363 67.5416
3364 67.5416
3365 67.5416
3366 67.5416
3367 67.5416
3368 67.5416
3369 67.5416
3370 67.5416
3371 67.5416
3372 67.5416
3373 67.5416
3374 67.5416
3375 67.5416
3376 67.5416
3377 67.5416
3378 67.5416
3379 67.5416
3380 67.5416
3381 67.5416
3382 67.5416
3383 67.5416
3384 67.5416
3385 67.5416
3386 67.5416
3387 67.5416
3388 67.5416
3389 67.5416
3390 67.5416
3391 67.5416
3392 67.5416
3393 67.5416
3394 67.5416
3395 67.5416
3396 67.5416
3397 67.5416
3398 67.5416
3399 67.5416
3400 67.5416
3401 67.5416
3402 67.5416
3403 67.5416
3404 67.5416
3405 67.5416
3406 67.5416
3407 67.5416
3408 67.5416
3409 67.5416
3410 67.5416
3411 67.5416
3412 67.5416
3413 67.5416
3414 67.5416
3415 67.5416
3416 67.5416
3417 67.5416
3418 67.5416
3419 67.5416
3420 67.5416
3421 67.5416
3422 67.5416
3423 67.5416
3424 67.5416
3425 67.5416
3426 67.5416
3427 67.5416
3428 67.5416
3429 67.5416
3430 67.5416
3431 67.5416
3432 67.5416
3433 67.5416
3434 67.5416
3435 67.5416
3436 67.5416
3437 67.5416
3438 67.5416
3439 67.5416
3440 67.5416
3441 67.5416
3442 67.5416
3443 67.5416
3444 67.5416
3445 67.5416
3446 67.5416
3447 67.5416
3448 67.5416
3449 67.5416
3450 67.5416
3451 67.5416
3452 67.5416
3453 67.5416
3454 67.5416
3455 67.5416
3456 67.5416
3457 67.5416
3458 67.5416
3459 67.5416
3460 67.5416
3461 67.5416
3462 67.5416
3463 67.5416
3464 67.5416
3465 67.5416
3466 67.5416
3467 67.5416
3468 67.5416
3469 67.5416
3470 67.5416
3471 67.5416
3472 67.5416
3473 67.5416
3474 67.5416
3475 67.5416
3476 67.5416
3477 67.5416
3478 67.5416
3479 67.5416
3480 67.5416
3481 67.5416
3482 67.5416
3483 67.5416
3484 67.5416
3485 67.5416
3486 67.5416
3487 67.5416
3488 67.5416
3489 67.5416
3490 67.5416
3491 67.5416
3492 67.5416
3493 67.5416
3494 67.5416
3495 67.5416
3496 67.5416
3497 67.5416
3498 67.5416
3499 67.5416
3500 67.5416
3501 67.5416
3502 67.5416
3503 67.5416
3504 67.5416
3505 67.5416
3506 67.5416
3507 67.5416
3508 67.5416
3509 67.5416
3510 67.5416
3511 67.5416
3512 67.5416
3513 67.5416
3514 67.5416
3515 67.5416
3516 67.5416
3517 67.5416
3518 67.5416
3519 67.5416
3520 67.5416
3521 67.5416
3522 67.5416
3523 67.5416
3524 67.5416
3525 67.3944
3526 67.3944
3527 67.3944
3528 67.3944
3529 67.3944
3530 67.3944
3531 67.3944
3532 67.3944
3533 67.3944
3534 67.3944
3535 67.3944
3536 67.3944
3537 67.3944
3538 67.3944
3539 67.3944
3540 67.3944
3541 67.3944
3542 67.3944
3543 67.3944
3544 67.3944
3545 67.3944
3546 67.3944
3547 67.3944
3548 67.3944
3549 67.3944
3550 67.3944
3551 67.3944
3552 67.3944
3553 67.3944
3554 67.3944
3555 67.3944
3556 67.3944
3557 67.3944
3558 67.3944
3559 67.3944
3560 67.3944
3561 67.3944
3562 67.3944
3563 67.3944
3564 67.3944
3565 67.3944
3566 67.3944
3567 67.3944
3568 67.3944
3569 67.3944
3570 67.3944
3571 67.3944
3572 67.3944
3573 67.3944
3574 67.3944
3575 67.3944
3576 67.3944
3577 67.3944
3578 67.3944
3579 67.3944
3580 67.3944
3581 67.3944
3582 67.3944
3583 67.3944
3584 67.3944
3585 67.3944
3586 67.3944
3587 67.3944
3588 67.3944
3589 67.3944
3590 67.3944
3591 67.3944
3592 67.3944
3593 67.3944
3594 67.3944
3595 67.3944
3596 67.3944
3597 67.3944
3598 67.3944
3599 67.3944
3600 67.3944
3601 67.3944
3602 67.3944
3603 67.3944
3604 67.3944
3605 67.3944
3606 67.3944
3607 67.3944
3608 67.3944
3609 67.3944
3610 67.3944
3611 67.3944
3612 67.3944
3613 67.3944
3614 67.3944
3615 67.3944
3616 67.3944
3617 67.3944
3618 67.3944
3619 67.3944
3620 67.3944
3621 67.3944
3622 67.3944
3623 67.3944
3624 67.3944
3625 67.3944
3626 67.3944
3627 67.3944
3628 67.3944
3629 67.3944
3630 67.3944
3631 67.3944
3632 67.3944
3633 67.3944
3634 67.3944
3635 67.3944
3636 67.3944
3637 67.3944
3638 67.3944
3639 67.3944
3640 67.3944
3641 67.3944
3642 67.3944
3643 67.3944
3644 67.3944
3645 67.3944
3646 67.3944
3647 67.3944
3648 67.3944
3649 67.3944
3650 67.3944
3651 67.3944
3652 67.3944
3653 67.3944
3654 67.3944
3655 67.3944
3656 67.3944
3657 67.3944
3658 67.3944
3659 67.3944
3660 67.3944
3661 67.3944
3662 67.3944
3663 67.3944
3664 67.3944
3665 67.3944
3666 67.3944
3667 67.3944
3668 67.3944
3669 67.3944
3670 67.3944
3671 67.3944
3672 67.3944
3673 67.3944
3674 67.3944
3675 67.3038
3676 67.3944
3677 67.3038
3678 67.3038
3679 67.3038
3680 67.3038
3681 67.3038
3682 67.3038
3683 67.3038
3684 67.3038
3685 67.3038
3686 67.3038
3687 67.3038
3688 67.3038
3689 67.3038
3690 67.3038
3691 67.2354
3692 67.2354
3693 67.2354
3694 67.2354
3695 67.2354
3696 67.2354
3697 67.2354
3698 67.2354
3699 67.2354
3700 67.2354
3701 67.2354
3702 67.2354
3703 67.2354
3704 67.2354
3705 67.2354
3706 67.2354
3707 67.2354
3708 67.2354
3709 67.2354
3710 67.2354
3711 67.2354
3712 67.2354
3713 67.2354
3714 67.2354
3715 67.2354
3716 67.2354
3717 67.2354
3718 67.2354
3719 67.2354
3720 67.2354
3721 67.2354
3722 67.2354
3723 67.2354
3724 67.2354
3725 67.2354
3726 67.2354
3727 67.2354
3728 67.2354
3729 67.2354
3730 67.2354
3731 67.2354
3732 67.2354
3733 67.2354
3734 67.2354
3735 67.2354
3736 67.2354
3737 67.2354
3738 67.2354
3739 67.2354
3740 67.2354
3741 67.2354
3742 67.2354
3743 67.2354
3744 67.2354
3745 67.2354
3746 67.2354
3747 67.2354
3748 67.2354
3749 67.2354
3750 67.2354
3751 67.2354
3752 67.2354
3753 67.2354
3754 67.2354
3755 67.2354
3756 67.2354
3757 67.2354
3758 67.2354
3759 67.2354
3760 67.2354
3761 67.2354
3762 67.2354
3763 67.2354
3764 67.2354
3765 67.2354
3766 67.2354
3767 67.2354
3768 67.2354
3769 67.2354
3770 67.2354
3771 67.2354
3772 67.2354
3773 67.2354
3774 67.2354
3775 67.2354
3776 67.2354
3777 67.2354
3778 67.2354
3779 67.2354
3780 67.2354
3781 67.2354
3782 67.2354
3783 67.2354
3784 67.2354
3785 67.2354
3786 67.2354
3787 67.2354
3788 67.2354
3789 67.2354
3790 67.2354
3791 67.2354
3792 67.2354
3793 67.2354
3794 67.2354
3795 67.2354
3796 67.2354
3797 67.2354
3798 67.2354
3799 67.2354
3800 67.2354
3801 67.2354
3802 67.2354
3803 67.2354
3804 67.2354
3805 67.2354
3806 67.2354
3807 67.2354
3808 67.2354
3809 67.2354
3810 67.2354
3811 67.2354
3812 67.2354
3813 67.2354
3814 67.2354
3815 67.2354
3816 67.2354
3817 67.2354
3818 67.2354
3819 67.2354
3820 67.2354
3821 67.2354
3822 67.2354
3823 67.2354
3824 67.2354
3825 67.2354
3826 67.2354
3827 67.2354
3828 67.2354
3829 67.2354
3830 67.2354
3831 67.2354
3832 67.2354
3833 67.2354
3834 67.2354
3835 67.2354
3836 67.2354
3837 67.2354
3838 67.2354
3839 67.2354
3840 67.2354
3841 67.2354
3842 67.2354
3843 67.2354
3844 67.2354
3845 67.2354
3846 67.2354
3847 67.2354
3848 67.2354
3849 67.2354
3850 67.2354
3851 67.2354
3852 67.2354
3853 67.2354
3854 67.2354
3855 67.2354
3856 67.2354
3857 67.2354
3858 67.2354
3859 67.2354
3860 67.2354
3861 67.2354
3862 67.2354
3863 67.2354
3864 67.2354
3865 67.2354
3866 67.2354
3867 67.2354
3868 67.2354
3869 67.2354
3870 67.2354
3871 67.2354
3872 67.2354
3873 67.2354
3874 67.2354
3875 67.2354
3876 67.2354
3877 67.2354
3878 67.2354
3879 67.2354
3880 67.2354
3881 67.2354
3882 67.2354
3883 67.2354
3884 67.2354
3885 67.2354
3886 67.2354
3887 67.2354
3888 67.2354
3889 67.2354
3890 67.2354
3891 67.2354
3892 67.2354
3893 67.2354
3894 67.2354
3895 67.2354
3896 67.2354
3897 67.2354
3898 67.2354
3899 67.2354
3900 67.2354
3901 67.1832
3902 67.1832
3903 67.1832
3904 67.1832
3905 67.1832
3906 67.1832
3907 67.1832
3908 67.1832
3909 67.1832
3910 67.1832
3911 67.1832
3912 67.1832
3913 67.1832
3914 67.1832
3915 67.1832
3916 67.1832
3917 67.1832
3918 67.1832
3919 67.1832
3920 67.1832
3921 67.1832
3922 67.1832
3923 67.1832
3924 67.1832
3925 67.1832
3926 67.1832
3927 67.1832
3928 67.1832
3929 67.1832
3930 67.1832
3931 67.1832
3932 67.1832
3933 67.1832
3934 67.1832
3935 67.1832
3936 67.1832
3937 67.1832
3938 67.1832
3939 67.1832
3940 67.1832
3941 67.1832
3942 67.1832
3943 67.1832
3944 67.1832
3945 67.1832
3946 67.1832
3947 67.1832
3948 67.1832
3949 67.1832
3950 67.1832
3951 67.1832
3952 67.1832
3953 67.1832
3954 67.1832
3955 67.1832
3956 67.1832
3957 67.1832
3958 67.1832
3959 67.1832
3960 67.1832
3961 67.1832
3962 67.1832
3963 67.1832
3964 67.1832
3965 67.1832
3966 67.1832
3967 67.1832
3968 67.1832
3969 67.1832
3970 67.1832
3971 67.1832
3972 67.1832
3973 67.1832
3974 67.1832
3975 67.1832
3976 67.1832
3977 67.1832
3978 67.1832
3979 67.1832
3980 67.1832
3981 67.1832
3982 67.1832
3983 67.1832
3984 67.1832
3985 67.1832
3986 67.1832
3987 67.1832
3988 67.1832
3989 67.1832
3990 67.1832
3991 67.1832
3992 67.1832
3993 67.1832
3994 67.1832
3995 67.1832
3996 67.1832
3997 67.1832
3998 67.1832
3999 67.1832
4000 67.1832
4001 67.1832
4002 67.1832
4003 67.1832
4004 67.1832
4005 67.1832
4006 67.1832
4007 67.1832
4008 67.1832
4009 67.1832
4010 67.1832
4011 67.1832
4012 67.1832
4013 67.1832
4014 67.1832
4015 67.1832
4016 67.1832
4017 67.1832
4018 67.1832
4019 67.1832
4020 67.1832
4021 67.1832
4022 67.1832
4023 67.1832
4024 67.1832
4025 67.1832
4026 67.1832
4027 67.1832
4028 67.1832
4029 67.1832
4030 67.1832
4031 67.1832
4032 67.1832
4033 67.1832
4034 67.1832
4035 67.1832
4036 67.1832
4037 67.1832
4038 67.1832
4039 67.1832
4040 67.1832
4041 67.1832
4042 67.1832
4043 67.1832
4044 67.1832
4045 67.1832
4046 67.1832
4047 67.1832
4048 67.1832
4049 67.1832
4050 67.1832
4051 67.1832
4052 67.1832
4053 67.1832
4054 67.1832
4055 67.1832
4056 67.1832
4057 67.1832
4058 67.1832
4059 67.1832
4060 67.1832
4061 67.1832
4062 67.1832
4063 67.1832
4064 67.1832
4065 67.1832
4066 67.1832
4067 67.1832
4068 67.1832
4069 67.1832
4070 67.1832
4071 67.1832
4072 67.1832
4073 67.1832
4074 67.1832
4075 67.1832
4076 67.1832
4077 67.1832
4078 67.1832
4079 67.1832
4080 67.1832
4081 67.1832
4082 67.1832
4083 67.1832
4084 67.1832
4085 67.1832
4086 67.1832
4087 67.1832
4088 67.1832
4089 67.1832
4090 67.1832
4091 67.1832
4092 67.1832
4093 67.1832
4094 67.1832
4095 67.1832
4096 67.1832
4097 67.1832
4098 67.1832
4099 67.1832
4100 67.1832
4101 67.1832
4102 67.1832
4103 67.1832
4104 67.1832
4105 67.1832
4106 67.1832
4107 67.1832
4108 67.1832
4109 67.1832
4110 67.1832
4111 67.1832
4112 67.1832
4113 67.1832
4114 67.1832
4115 67.1832
4116 67.1832
4117 67.1832
4118 67.1832
4119 67.1832
4120 67.1832
4121 67.1832
4122 67.1832
4123 67.1832
4124 67.1832
4125 67.1832
4126 67.1832
4127 67.1832
4128 67.1832
4129 67.1832
4130 67.1832
4131 67.1832
4132 67.1832
4133 67.1832
4134 67.1832
4135 67.1832
4136 67.1832
4137 67.1832
4138 67.1832
4139 67.1832
4140 67.1832
4141 67.1832
4142 67.1832
4143 67.1832
4144 67.1832
4145 67.1832
4146 67.1832
4147 67.1832
4148 67.1832
4149 67.1832
4150 67.1832
4151 67.1832
4152 67.1832
4153 67.1832
4154 67.1832
4155 67.1832
4156 67.1832
4157 67.1832
4158 67.1832
4159 67.1832
4160 67.1832
4161 67.1832
4162 67.1832
4163 67.1832
4164 67.1832
4165 67.1832
4166 67.1832
4167 67.1832
4168 67.1832
4169 67.1832
4170 67.1832
4171 67.1832
4172 67.1832
4173 67.1832
4174 67.1832
4175 67.1832
4176 67.1832
4177 67.1832
4178 67.1832
4179 67.1832
4180 67.1832
4181 67.1832
4182 67.1832
4183 67.1832
4184 67.1832
4185 67.1832
4186 67.1832
4187 67.1832
4188 67.1832
4189 67.1832
4190 67.1832
4191 67.1832
4192 67.1832
4193 67.1832
4194 67.1832
4195 67.1832
4196 67.1832
4197 67.1832
4198 67.1832
4199 67.1832
4200 67.1832
4201 67.1832
4202 67.1832
4203 67.1832
4204 67.1832
4205 67.1832
4206 67.1832
4207 67.1832
4208 67.1832
4209 67.1832
4210 67.1832
4211 67.1832
4212 67.1832
4213 67.1832
4214 67.1832
4215 67.1832
4216 67.1832
4217 67.1832
4218 67.1832
4219 67.1832
4220 67.1832
4221 67.1832
4222 67.1832
4223 67.1832
4224 67.1832
4225 67.1832
4226 67.1832
4227 67.1832
4228 67.1832
4229 67.1832
4230 67.1832
4231 67.1832
4232 67.1832
4233 67.1832
4234 67.1832
4235 67.1832
4236 67.1832
4237 67.1832
4238 67.1832
4239 67.1832
4240 67.1832
4241 67.1832
4242 67.1832
4243 67.1832
4244 67.1832
4245 67.1832
4246 67.1832
4247 67.1832
4248 67.1832
4249 67.1832
4250 67.1832
4251 67.1832
4252 67.1832
4253 67.1832
4254 67.1832
4255 67.1832
4256 67.1832
4257 67.1832
4258 67.1832
4259 67.1832
4260 67.1832
4261 67.1832
4262 67.1832
4263 67.1832
4264 67.1832
4265 67.1832
4266 67.1832
4267 67.1832
4268 67.1832
4269 67.1832
4270 67.1832
4271 67.1832
4272 67.1832
4273 67.1832
4274 67.1832
4275 67.1832
4276 67.1832
4277 67.1832
4278 67.1832
4279 67.1832
4280 67.1832
4281 67.1832
4282 67.1832
4283 67.1832
4284 67.1832
4285 67.1832
4286 67.1832
4287 67.1832
4288 67.1832
4289 67.1832
4290 67.1832
4291 67.1832
4292 67.1832
4293 67.1832
4294 67.1832
4295 67.1832
4296 67.1832
4297 67.1832
4298 67.1832
4299 67.1832
4300 67.1832
4301 67.1832
4302 67.1832
4303 67.1832
4304 67.1832
4305 67.1832
4306 67.1832
4307 67.1832
4308 67.1832
4309 67.1832
4310 67.1832
4311 67.1832
4312 67.1832
4313 67.1832
4314 67.1832
4315 67.1832
4316 67.1832
4317 67.1832
4318 67.1832
4319 67.1832
4320 67.1832
4321 67.1832
4322 67.1832
4323 67.1832
4324 67.1832
4325 67.1832
4326 67.1832
4327 67.1832
4328 67.1832
4329 67.1832
4330 67.1832
4331 67.1832
4332 67.1832
4333 67.1832
4334 67.1832
4335 67.1832
4336 67.1832
4337 67.1832
4338 67.1832
4339 67.1832
4340 67.1832
4341 67.1832
4342 67.1832
4343 67.1832
4344 67.1832
4345 67.1832
4346 67.1832
4347 67.1832
4348 67.1832
4349 67.1832
4350 67.1832
4351 67.1832
4352 67.1832
4353 67.1832
4354 67.1832
4355 67.1832
4356 67.1832
4357 67.1832
4358 67.1832
4359 67.1832
4360 67.1832
4361 67.1832
4362 67.1832
4363 67.1832
4364 67.1832
4365 67.1832
4366 67.1832
4367 67.1832
4368 67.1832
4369 67.1832
4370 67.1832
4371 67.1832
4372 67.1832
4373 67.1832
4374 67.1832
4375 67.1832
4376 67.1832
4377 67.1832
4378 67.1832
4379 67.1832
4380 67.1832
4381 67.1832
4382 67.1832
4383 67.1832
4384 67.1832
4385 67.1832
4386 67.1832
4387 67.1832
4388 67.1832
4389 67.1832
4390 67.1832
4391 67.1832
4392 67.1832
4393 67.1832
4394 67.1832
4395 67.1832
4396 67.1832
4397 67.1832
4398 67.1832
4399 67.1832
4400 67.1832
4401 67.1832
4402 67.1832
4403 67.1832
4404 67.1832
4405 67.1832
4406 67.1832
4407 67.1832
4408 67.1832
4409 67.1832
4410 67.1832
4411 67.1832
4412 67.1832
4413 67.1832
4414 67.1832
4415 67.1832
4416 67.1832
4417 67.1832
4418 67.1832
4419 67.1832
4420 67.1832
4421 67.1832
4422 67.1832
4423 67.1832
4424 67.1832
4425 67.1832
4426 67.1832
4427 67.1832
4428 67.1832
4429 67.1832
4430 67.1832
4431 67.1832
4432 67.1832
4433 67.1832
4434 67.1832
4435 67.1832
4436 67.1832
4437 67.1832
4438 67.1832
4439 67.1832
4440 67.1832
4441 67.1832
4442 67.1832
4443 67.1832
4444 67.1832
4445 67.1832
4446 67.1832
4447 67.1832
4448 66.4328
4449 66.4328
4450 66.4328
4451 66.4328
4452 66.4328
4453 66.4328
4454 66.4328
4455 66.4328
4456 66.4328
4457 66.4328
4458 66.4328
4459 66.4328
4460 66.4328
4461 66.4328
4462 66.4328
4463 66.4328
4464 66.4328
4465 66.4328
4466 66.4328
4467 66.4328
4468 66.4328
4469 66.4328
4470 66.4328
4471 66.4328
4472 66.4328
4473 66.4328
4474 66.4328
4475 66.4328
4476 66.4328
4477 66.4328
4478 66.4328
4479 66.4328
4480 66.4328
4481 66.4328
4482 66.4328
4483 66.4328
4484 66.4328
4485 66.4328
4486 66.4328
4487 66.4328
4488 66.4328
4489 66.4328
4490 66.4328
4491 66.4328
4492 66.4328
4493 66.4328
4494 66.4328
4495 66.4328
4496 66.4328
4497 66.4328
4498 66.4328
4499 66.4328
4500 66.4328
4501 66.4328
4502 66.4328
4503 66.4328
4504 66.4328
4505 66.4328
4506 66.4328
4507 66.4328
4508 66.4328
4509 66.4328
4510 66.4328
4511 66.4328
4512 66.4328
4513 66.4328
4514 66.4328
4515 66.4328
4516 66.4328
4517 66.4328
4518 66.4328
4519 66.4328
4520 66.4328
4521 66.4328
4522 66.4328
4523 66.4328
4524 66.4328
4525 66.4328
4526 66.4328
4527 66.4328
4528 66.4328
4529 66.4328
4530 66.4328
4531 66.4328
4532 66.4328
4533 66.4328
4534 66.4328
4535 66.4328
4536 66.4328
4537 66.4328
4538 66.4328
4539 66.4328
4540 66.4328
4541 66.4328
4542 66.4328
4543 66.4328
4544 66.4328
4545 66.4328
4546 66.4328
4547 66.4328
4548 66.4328
4549 66.4328
4550 66.4328
4551 66.4328
4552 66.4328
4553 66.4328
4554 66.4328
4555 66.4328
4556 66.4328
4557 66.4328
4558 66.4328
4559 66.4328
4560 66.4328
4561 66.4328
4562 66.4328
4563 66.4328
4564 66.4328
4565 66.4328
4566 66.4328
4567 66.4328
4568 66.4328
4569 66.4328
4570 66.4328
4571 66.4328
4572 66.4328
4573 66.4328
4574 66.4328
4575 66.4328
4576 66.4328
4577 66.4328
4578 66.4328
4579 66.4328
4580 66.4328
4581 66.4328
4582 66.4328
4583 66.4328
4584 66.4328
4585 66.4328
4586 66.4328
4587 66.4328
4588 66.4328
4589 66.4328
4590 66.4328
4591 66.4328
4592 66.4328
4593 66.4328
4594 66.4328
4595 66.4328
4596 66.4328
4597 66.4328
4598 66.4328
4599 66.4328
4600 66.4328
4601 66.4328
4602 66.4328
4603 66.4328
4604 66.4328
4605 66.4328
4606 66.4328
4607 66.4328
4608 66.4328
4609 66.4328
4610 66.4328
4611 66.4328
4612 66.4328
4613 66.4328
4614 66.4328
4615 66.4328
4616 66.4328
4617 66.4328
4618 66.4328
4619 66.4328
4620 66.4328
4621 66.4328
4622 66.4328
4623 66.4328
4624 66.4328
4625 66.4328
4626 66.4328
4627 66.4328
4628 66.4328
4629 66.4328
4630 66.4328
4631 66.4328
4632 66.4328
4633 66.4328
4634 66.4328
4635 66.4328
4636 66.4328
4637 66.4328
4638 66.4328
4639 66.4328
4640 66.4328
4641 66.4328
4642 66.4328
4643 66.4328
4644 66.4328
4645 66.4328
4646 66.4328
4647 66.4328
4648 66.4328
4649 66.4328
4650 66.4328
4651 66.4328
4652 66.4328
4653 66.4328
4654 66.4328
4655 66.4328
4656 66.4328
4657 66.4328
4658 66.4328
4659 66.4328
4660 66.4328
4661 66.4328
4662 66.4328
4663 66.4328
4664 66.4328
4665 66.4328
4666 66.4328
4667 66.4328
4668 66.4328
4669 66.4328
4670 66.4328
4671 66.4328
4672 66.4328
4673 66.4328
4674 66.4328
4675 66.3889
4676 66.3889
4677 66.3889
4678 66.3889
4679 66.3889
4680 66.3889
4681 66.3889
4682 66.3889
4683 66.3889
4684 66.3889
4685 66.3889
4686 66.3889
4687 66.3889
4688 66.3889
4689 66.3889
4690 66.3889
4691 66.3889
4692 66.3889
4693 66.3889
4694 66.3889
4695 66.3889
4696 66.3889
4697 66.3889
4698 66.3889
4699 66.3889
4700 66.3889
4701 66.3889
4702 66.3889
4703 66.3889
4704 66.3889
4705 66.3889
4706 66.3889
4707 66.3889
4708 66.3889
4709 66.3889
4710 66.3889
4711 66.3889
4712 66.3889
4713 66.3889
4714 66.3889
4715 66.3889
4716 66.3889
4717 66.3889
4718 66.3889
4719 66.3889
4720 66.3889
4721 66.3889
4722 66.3889
4723 66.3889
4724 66.3889
4725 66.3889
4726 66.3889
4727 66.3889
4728 66.3889
4729 66.3889
4730 66.3889
4731 66.3889
4732 66.3889
4733 66.3889
4734 66.3889
4735 66.3889
4736 66.3889
4737 66.3889
4738 66.3889
4739 66.3889
4740 66.3889
4741 66.3889
4742 66.3889
4743 66.3889
4744 66.3889
4745 66.3889
4746 66.3889
4747 66.3889
4748 66.3889
4749 66.3889
4750 66.3889
4751 66.3889
4752 66.3889
4753 66.3889
4754 66.3889
4755 66.3889
4756 66.3889
4757 66.3889
4758 66.3889
4759 66.3889
4760 66.3889
4761 66.3889
4762 66.3889
4763 66.3889
4764 66.3889
4765 66.3889
4766 66.3889
4767 66.3889
4768 66.3889
4769 66.3889
4770 66.3889
4771 66.3889
4772 66.3889
4773 66.3889
4774 66.3889
4775 66.3889
4776 66.3889
4777 66.3889
4778 66.3889
4779 66.3889
4780 66.3889
4781 66.3889
4782 66.3889
4783 66.3889
4784 66.3889
4785 66.3889
4786 66.3889
4787 66.3889
4788 66.3889
4789 66.3889
4790 66.3889
4791 66.3889
4792 66.3889
4793 66.3889
4794 66.3889
4795 66.3889
4796 66.3889
4797 66.3889
4798 66.3889
4799 66.3889
4800 66.3889
4801 66.3889
4802 66.3889
4803 66.3889
4804 66.3889
4805 66.3889
4806 66.3889
4807 66.3889
4808 66.3889
4809 66.3889
4810 66.3889
4811 66.3889
4812 66.3889
4813 66.3889
4814 66.3889
4815 66.3889
4816 66.3889
4817 66.3889
4818 66.3889
4819 66.3889
4820 66.3889
4821 66.3889
4822 66.3889
4823 66.3889
4824 66.3889
4825 66.3889
4826 66.3889
4827 66.3889
4828 66.3889
4829 66.3889
4830 66.3889
4831 66.3889
4832 66.3889
4833 66.3889
4834 66.3889
4835 66.3889
4836 66.3889
4837 66.3889
4838 66.3889
4839 66.3889
4840 66.3889
4841 66.3889
4842 66.3889
4843 66.3889
4844 66.3889
4845 66.3889
4846 66.3889
4847 66.3889
4848 66.3889
4849 66.3889
4850 66.3889
4851 66.3889
4852 66.3889
4853 66.3889
4854 66.3889
4855 66.3889
4856 66.3889
4857 66.3889
4858 66.3889
4859 66.3889
4860 66.3889
4861 66.3889
4862 66.3889
4863 66.3889
4864 66.3889
4865 66.3889
4866 66.3889
4867 66.3889
4868 66.3889
4869 66.3889
4870 66.3889
4871 66.3889
4872 66.3889
4873 66.3889
4874 66.3889
4875 66.3889
4876 66.3889
4877 66.3889
4878 66.3889
4879 66.3889
4880 66.3889
4881 66.3889
4882 66.3889
4883 66.3889
4884 66.3889
4885 66.3889
4886 66.3889
4887 66.3889
4888 66.3889
4889 66.3889
4890 66.3889
4891 66.3889
4892 66.3889
4893 66.3889
4894 66.3889
4895 66.3889
4896 66.3889
4897 66.3889
4898 66.3889
4899 66.3889
4900 66.3889
4901 66.3889
4902 66.3889
4903 66.3889
4904 66.3889
4905 66.3889
4906 66.3889
4907 66.3889
4908 66.3889
4909 66.3889
4910 66.3889
4911 66.3889
4912 66.3889
4913 66.3889
4914 66.3889
4915 66.3889
4916 66.3889
4917 66.3889
4918 66.3889
4919 66.3889
4920 66.3889
4921 66.3889
4922 66.3889
4923 66.3889
4924 66.3889
4925 66.3889
4926 66.3889
4927 66.3889
4928 66.3889
4929 66.3889
4930 66.3889
4931 66.3889
4932 66.3889
4933 66.3889
4934 66.3889
4935 66.3889
4936 66.3889
4937 66.3889
4938 66.3889
4939 66.3889
4940 66.3889
4941 66.3889
4942 66.3889
4943 66.3889
4944 66.3889
4945 66.3889
4946 66.3889
4947 66.3889
4948 66.3889
4949 66.3889
4950 66.3889
4951 66.3889
4952 66.3889
4953 66.3889
4954 66.3889
4955 66.3889
4956 66.3889
4957 66.3889
4958 66.3889
4959 66.3889
4960 66.3889
4961 66.3889
4962 66.3889
4963 66.3889
4964 66.3889
4965 66.3889
4966 66.3889
4967 66.3889
4968 66.3889
4969 66.3889
4970 66.3889
4971 66.3889
4972 66.3889
4973 66.3889
4974 66.3889
4975 66.3889
4976 66.3889
4977 66.3889
4978 66.3889
4979 66.3889
4980 66.3889
4981 66.3889
4982 66.3889
4983 66.3889
4984 66.3889
4985 66.3889
4986 66.3889
4987 66.3889
4988 66.3889
4989 66.3889
4990 66.3889
4991 66.3889
4992 66.3889
4993 66.3889
4994 66.3889
4995 66.3889
4996 66.3889
4997 66.3889
4998 66.3889
4999 66.3889
5000 66.3889
5001 66.3889
5002 66.3889
5003 66.3889
5004 66.3889
5005 66.3889
5006 66.3889
5007 66.3889
5008 66.3889
5009 66.3889
5010 66.3889
5011 66.3889
5012 66.3889
5013 66.3889
5014 66.3889
5015 66.3889
5016 66.3889
5017 66.3889
5018 66.3889
5019 66.3889
5020 66.3889
5021 66.3889
5022 66.3889
5023 66.3889
5024 66.3889
5025 66.3889
5026 66.3889
5027 66.3889
5028 66.3889
5029 66.3889
5030 66.3889
5031 66.3889
5032 66.3889
5033 66.3889
5034 66.3889
5035 66.3889
5036 66.3889
5037 66.3889
5038 66.3889
5039 66.3889
5040 66.3889
5041 66.3889
5042 66.3889
5043 66.3889
5044 66.3889
5045 66.3889
5046 66.3889
5047 66.3889
5048 66.3889
5049 66.3889
5050 66.3889
5051 66.3889
5052 66.3889
5053 66.3889
5054 66.3889
5055 66.3889
5056 66.3889
5057 66.3889
5058 66.3889
5059 66.3889
5060 66.3889
5061 66.3889
5062 66.3889
5063 66.3889
5064 66.3889
5065 66.3889
5066 66.3889
5067 66.3889
5068 66.3889
5069 66.3889
5070 66.3889
5071 66.3889
5072 66.3889
5073 66.3889
5074 66.3889
5075 66.3889
5076 66.3889
5077 66.3889
5078 66.3889
5079 66.3889
5080 66.3889
5081 66.3889
5082 66.3889
5083 66.3889
5084 66.3889
5085 66.3889
5086 66.3889
5087 66.3889
5088 66.3889
5089 66.3889
5090 66.3889
5091 66.3889
5092 66.3889
5093 66.3889
5094 66.3889
5095 66.3889
5096 66.3889
5097 66.3889
5098 66.3889
5099 66.3889
5100 66.3889
5101 66.3889
5102 66.3889
5103 66.3889
5104 66.3889
5105 66.3889
5106 66.3889
5107 66.3889
5108 66.3889
5109 66.3889
5110 66.3889
5111 66.3889
5112 66.3889
5113 66.3889
5114 66.3889
5115 66.3889
5116 66.3889
5117 66.3889
5118 66.3889
5119 66.3889
5120 66.3889
5121 66.3889
5122 66.3889
5123 66.3889
5124 66.3889
5125 66.3889
5126 66.3889
5127 66.3889
5128 66.3889
5129 66.3889
5130 66.3889
5131 66.3889
5132 66.3889
5133 66.3889
5134 66.3889
5135 66.3889
5136 66.3889
5137 66.3889
5138 66.3889
5139 66.3889
5140 66.3889
5141 66.3889
5142 66.3889
5143 66.3889
5144 66.3889
5145 66.3889
5146 66.3889
5147 66.3889
5148 66.3889
5149 66.3889
5150 66.3889
5151 66.3889
5152 66.3889
5153 66.3889
5154 66.3889
5155 66.3889
5156 66.3889
5157 66.3889
5158 66.3889
5159 66.3889
5160 66.3889
5161 66.3889
5162 66.3889
5163 66.3889
5164 66.3889
5165 66.3889
5166 66.3889
5167 66.3889
5168 66.3889
5169 66.3889
5170 66.3889
5171 66.3889
5172 66.3889
5173 66.3889
5174 66.3889
5175 66.3889
5176 66.3889
5177 66.3889
5178 66.3889
5179 66.3889
5180 66.3889
5181 66.3889
5182 66.3889
5183 66.3889
5184 66.3889
5185 66.3889
5186 66.3889
5187 66.3889
5188 66.3889
5189 66.3889
5190 66.3889
5191 66.3889
5192 66.3889
5193 66.3889
5194 66.3889
5195 66.3889
5196 66.3889
5197 66.3889
5198 66.3889
5199 66.3889
5200 66.3889
5201 66.3889
5202 66.3889
5203 66.3889
5204 66.3889
5205 66.3889
5206 66.3889
5207 66.3889
5208 66.3889
5209 66.3889
5210 66.3889
5211 66.3889
5212 66.3889
5213 66.3889
5214 66.3889
5215 66.3889
5216 66.3889
5217 66.3889
5218 66.3889
5219 66.3889
5220 66.3889
5221 66.3889
5222 66.3889
5223 66.3889
5224 66.3889
5225 66.3889
5226 66.3889
5227 66.3889
5228 66.3889
5229 66.3889
5230 66.3889
5231 66.3889
5232 66.3889
5233 66.3889
5234 66.3889
5235 66.3889
5236 66.3889
5237 66.3889
5238 66.3889
5239 66.3889
5240 66.3889
5241 66.3889
5242 66.3889
5243 66.3889
5244 66.3889
5245 66.3889
5246 66.3889
5247 66.3889
5248 66.3889
5249 66.3889
5250 66.3889
5251 66.3889
5252 66.3889
5253 66.3889
5254 66.3889
5255 66.3889
5256 66.3889
5257 66.3889
5258 66.3889
5259 66.3889
5260 66.3889
5261 66.3889
5262 66.3889
5263 66.3889
5264 66.3889
5265 66.3889
5266 66.3889
5267 66.3889
5268 66.3889
5269 66.3889
5270 66.3889
5271 66.3889
5272 66.3889
5273 66.3889
5274 66.3889
5275 66.3889
5276 66.3889
5277 66.3889
5278 66.3889
5279 66.3889
5280 66.3889
5281 66.3889
5282 66.3889
5283 66.3889
5284 66.3889
5285 66.3889
5286 66.3889
5287 66.3889
5288 66.3889
5289 66.3889
5290 66.3889
5291 66.3889
5292 66.3889
5293 66.3889
5294 66.3889
5295 66.3889
5296 66.3889
5297 66.3889
5298 66.3889
5299 66.3889
5300 66.3889
5301 66.3889
5302 66.3889
5303 66.3889
5304 66.3889
5305 66.3889
5306 66.3889
5307 66.3889
5308 66.3889
5309 66.3889
5310 66.3889
5311 66.3889
5312 66.3889
5313 66.3889
5314 66.3889
5315 66.3889
5316 66.3889
5317 66.3889
5318 66.3889
5319 66.3889
5320 66.3889
5321 66.3889
5322 66.3889
5323 66.3889
5324 66.3889
5325 66.3889
5326 66.3889
5327 66.3889
5328 66.3889
5329 66.3889
5330 66.3889
5331 66.3889
5332 66.3889
5333 66.3889
5334 66.3889
5335 66.3889
5336 66.3889
5337 66.3889
5338 66.3889
5339 66.3889
5340 66.3889
5341 66.3889
5342 66.3889
5343 66.3889
5344 66.3889
5345 66.3889
5346 66.3889
5347 66.3889
5348 66.3889
5349 66.3889
5350 66.3889
5351 66.3889
5352 66.3889
5353 66.3889
5354 66.3889
5355 66.3889
5356 66.3889
5357 66.3889
5358 66.3889
5359 66.3889
5360 66.3889
5361 66.3889
5362 66.3889
5363 66.3889
5364 66.3889
5365 66.3889
5366 66.3889
5367 66.3889
5368 66.3889
5369 66.3889
5370 66.3889
5371 66.3889
5372 66.3889
5373 66.3889
5374 66.3889
5375 66.3889
5376 66.3889
5377 66.3889
5378 66.3889
5379 66.3889
5380 66.3889
5381 66.3889
5382 66.3889
5383 66.3889
5384 66.3889
5385 66.3889
5386 66.3889
5387 66.3889
5388 66.3889
5389 66.3889
5390 66.3889
5391 66.3889
5392 66.3889
5393 66.3889
5394 66.3889
5395 66.3889
5396 66.3889
5397 66.3889
5398 66.3889
5399 66.3889
5400 66.3889
5401 66.3889
5402 66.3889
5403 66.3889
5404 66.3889
5405 66.3889
5406 66.3889
5407 66.3889
5408 66.3889
5409 66.3889
5410 66.3889
5411 66.3889
5412 66.3889
5413 66.3889
5414 66.3889
5415 66.3889
5416 66.3889
5417 66.3889
5418 66.3889
5419 66.3889
5420 66.3889
5421 66.3889
5422 66.3889
5423 66.3889
5424 66.3889
5425 66.3889
5426 66.3889
5427 66.3889
5428 66.1665
5429 66.1665
5430 66.1665
5431 66.1665
5432 66.1665
5433 66.1665
5434 66.1665
5435 66.1665
5436 66.1665
5437 66.1665
5438 66.1665
5439 66.1665
5440 66.1665
5441 66.1665
5442 66.1665
5443 66.1665
5444 66.1665
5445 66.1665
5446 66.1665
5447 66.1665
5448 66.1665
5449 66.1665
5450 66.1665
5451 66.1665
5452 66.1665
5453 66.1665
5454 66.1665
5455 66.1665
5456 66.1665
5457 66.1665
5458 66.1665
5459 66.1665
5460 66.1665
5461 66.1665
5462 66.1665
5463 66.1665
5464 66.1665
5465 66.1665
5466 66.1665
5467 66.1665
5468 66.1665
5469 66.1665
5470 66.1665
5471 66.1665
5472 66.1665
5473 66.1665
5474 66.1665
5475 66.1665
5476 66.1665
5477 66.1665
5478 66.1665
5479 66.1665
5480 66.1665
5481 66.1665
5482 66.1665
5483 66.1665
5484 66.1665
5485 66.1665
5486 66.1665
5487 66.1665
5488 66.1665
5489 66.1665
5490 66.1665
5491 66.1665
5492 66.1665
5493 66.1665
5494 66.1665
5495 66.1665
5496 66.1665
5497 66.1665
5498 66.1665
5499 66.1665
5500 66.1665
5501 66.1665
5502 66.1665
5503 66.1665
5504 66.1665
5505 66.1665
5506 66.1665
5507 66.1665
5508 66.1665
5509 66.1665
5510 66.1665
5511 66.1665
5512 66.1665
5513 66.1665
5514 66.1665
5515 66.1665
5516 66.1665
5517 66.1665
5518 66.1665
5519 66.1665
5520 66.1665
5521 66.1665
5522 66.1665
5523 66.1665
5524 66.1665
5525 66.1665
5526 66.1665
5527 66.1665
5528 66.1665
5529 66.1665
5530 66.1665
5531 66.1665
5532 66.1665
5533 66.1665
5534 66.1665
5535 66.1665
5536 66.1665
5537 66.1665
5538 66.1665
5539 66.1665
5540 66.1665
5541 66.1665
5542 66.1665
5543 66.1665
5544 66.1665
5545 66.1665
5546 66.1665
5547 66.1665
5548 66.1665
5549 66.1665
5550 66.1665
5551 66.1665
5552 66.1665
5553 66.1665
5554 66.1665
5555 66.1665
5556 66.1665
5557 66.1665
5558 66.1665
5559 65.9541
5560 66.1665
5561 66.1665
5562 66.1665
5563 66.1665
5564 66.1665
5565 66.1665
5566 66.1665
5567 66.1665
5568 66.1665
5569 66.1665
5570 66.1665
5571 66.1665
5572 66.1665
5573 66.1665
5574 66.1665
5575 66.1665
5576 66.1665
5577 66.1665
5578 66.1665
5579 66.1665
5580 66.1665
5581 66.1665
5582 66.1665
5583 66.1665
5584 66.1665
5585 66.1665
5586 66.1665
5587 66.1665
5588 66.1665
5589 66.1665
5590 66.1665
5591 66.1665
5592 66.1665
5593 66.1665
5594 66.1665
5595 66.1665
5596 66.1665
5597 66.1665
5598 66.1665
5599 66.1665
5600 66.1665
5601 66.1665
5602 66.1665
5603 66.1665
5604 66.1665
5605 66.1665
5606 66.1665
5607 66.1665
5608 66.1665
5609 66.1665
5610 66.1665
5611 66.1665
5612 66.1665
5613 66.1665
5614 66.1665
5615 66.1665
5616 66.1665
5617 66.1665
5618 66.1665
5619 66.1665
5620 66.1665
5621 66.1665
5622 66.1665
5623 66.1665
5624 66.1665
5625 66.1665
5626 66.1665
5627 66.1665
5628 66.1665
5629 66.1665
5630 66.1665
5631 66.1665
5632 66.1665
5633 66.1665
5634 66.1665
5635 66.1665
5636 66.1665
5637 66.1665
5638 66.1665
5639 66.1665
5640 66.1665
5641 66.1665
5642 66.1665
5643 66.1665
5644 66.1665
5645 66.1665
5646 66.1665
5647 66.1665
5648 66.1665
5649 66.1665
5650 66.1665
5651 66.1665
5652 66.1665
5653 66.1665
5654 66.1665
5655 66.1665
5656 66.1665
5657 66.1665
5658 66.1665
5659 66.1665
5660 66.1665
5661 66.1665
5662 66.1665
5663 66.1665
5664 66.1665
5665 66.1665
5666 66.1665
5667 66.1665
5668 66.1665
5669 66.1665
5670 66.1665
5671 66.1665
5672 66.1665
5673 66.1665
5674 66.1665
5675 66.1665
5676 66.1665
5677 66.1665
5678 66.1665
5679 66.1665
5680 66.1665
5681 66.1665
5682 66.1665
5683 66.1665
5684 66.1665
5685 66.1665
5686 66.1665
5687 66.1665
5688 66.1665
5689 66.1665
5690 66.1665
5691 66.1665
5692 66.1665
5693 66.1665
5694 66.1665
5695 66.1665
5696 66.1665
5697 66.1665
5698 66.1665
5699 66.1665
5700 66.1665
5701 66.1665
5702 66.1665
5703 66.1665
5704 66.1665
5705 66.1665
5706 66.1665
5707 66.1665
5708 66.1665
5709 66.1665
5710 66.1665
5711 66.1665
5712 66.1665
5713 66.1665
5714 66.1665
5715 66.1665
5716 66.1665
5717 66.1665
5718 66.1665
5719 66.1665
5720 66.1665
5721 66.1665
5722 66.1665
5723 66.1665
5724 66.1665
5725 66.1665
5726 66.1665
5727 66.1665
5728 66.1665
5729 66.1665
5730 66.1665
5731 66.1665
5732 66.1665
5733 66.1665
5734 66.1665
5735 66.1665
5736 66.1665
5737 66.1665
5738 66.1665
5739 66.1665
5740 66.1665
5741 66.1665
5742 66.1665
5743 66.1665
5744 66.1665
5745 66.1665
5746 66.1665
5747 66.1665
5748 66.1665
5749 66.1665
5750 66.1665
5751 66.1665
5752 66.1665
5753 66.1665
5754 66.1665
5755 66.1665
5756 66.1665
5757 66.1665
5758 66.1665
5759 66.1665
5760 66.1665
5761 66.1665
5762 66.1665
5763 66.1665
5764 66.1665
5765 66.1665
5766 66.1665
5767 66.1665
5768 66.1665
5769 66.1665
5770 66.1665
5771 66.1665
5772 66.1665
5773 66.1665
5774 66.1665
5775 66.1665
5776 66.1665
5777 66.1665
5778 66.1665
5779 66.1665
5780 66.1665
5781 66.1665
5782 66.1665
5783 66.1665
5784 66.1665
5785 66.1665
5786 66.1665
5787 66.1665
5788 66.1665
5789 66.1665
5790 66.1665
5791 66.1665
5792 66.1665
5793 66.1665
5794 66.1665
5795 66.1665
5796 66.1665
5797 66.1665
5798 66.1665
5799 66.1665
5800 66.1665
5801 66.1665
5802 66.1665
5803 66.1665
5804 66.1665
5805 66.1665
5806 66.1665
5807 66.1665
5808 66.1665
5809 66.1665
5810 66.1665
5811 66.1665
5812 66.1665
5813 66.1665
5814 66.1665
5815 66.1665
5816 66.1665
5817 66.1665
5818 66.1665
5819 66.1665
5820 66.1665
5821 66.1665
5822 66.1665
5823 66.1665
5824 66.1665
5825 66.1665
5826 66.1665
5827 66.1665
5828 66.1665
5829 66.1665
5830 66.1665
5831 66.1665
5832 66.1665
5833 66.1665
5834 66.1665
5835 66.1665
5836 66.1665
5837 66.1665
5838 66.1665
5839 66.1665
5840 66.1665
5841 66.1665
5842 66.1665
5843 66.1665
5844 66.1665
5845 66.1665
5846 66.1665
5847 66.1665
5848 66.1665
5849 66.1665
5850 66.1665
5851 66.1665
5852 66.1665
5853 66.1665
5854 66.1665
5855 66.1665
5856 66.1665
5857 66.1665
5858 66.1665
5859 66.1665
5860 66.1665
5861 66.1665
5862 66.1665
5863 66.1665
5864 66.1665
5865 66.1665
5866 66.1665
5867 66.1665
5868 66.1665
5869 66.1665
5870 66.1665
5871 66.1665
5872 66.1665
5873 66.1665
5874 66.1665
5875 66.1665
5876 66.1665
5877 66.1665
5878 66.1665
5879 66.1665
5880 66.1665
5881 66.1665
5882 66.1665
5883 66.1665
5884 66.1665
5885 66.1665
5886 66.1665
5887 66.1665
5888 66.1665
5889 66.1665
5890 66.1665
5891 66.1665
5892 66.1665
5893 66.1665
5894 66.1665
5895 66.1665
5896 66.1665
5897 66.1665
5898 66.1665
5899 66.1665
5900 66.1665
5901 66.1665
5902 66.1665
5903 66.1665
5904 66.1665
5905 66.1665
5906 66.1665
5907 66.1665
5908 66.1665
5909 66.1665
5910 66.1665
5911 66.1665
5912 66.1665
5913 66.1665
5914 66.1665
5915 66.1665
5916 66.1665
5917 66.1665
5918 66.1665
5919 66.1665
5920 66.1665
5921 66.1665
5922 66.1665
5923 66.1665
5924 66.1665
5925 66.1665
5926 66.1665
5927 66.1665
5928 66.1665
5929 66.1665
5930 66.1665
5931 66.1665
5932 66.1665
5933 66.1665
5934 66.1665
5935 66.1665
5936 66.1665
5937 66.1665
5938 66.1665
5939 66.1665
5940 66.1665
5941 66.1665
5942 66.1665
5943 66.1665
5944 66.1665
5945 66.1665
5946 66.1665
5947 66.1665
5948 66.1665
5949 66.1665
5950 66.1665
5951 66.1665
5952 66.1665
5953 66.1665
5954 66.1665
5955 66.1665
5956 66.1665
5957 66.1665
5958 66.1665
5959 66.1665
5960 66.1665
5961 66.1665
5962 66.1665
5963 66.1665
5964 66.1665
5965 66.1665
5966 66.1665
5967 66.1665
5968 66.1665
5969 66.1665
5970 66.1665
5971 66.1665
5972 66.1665
5973 66.1665
5974 66.1665
5975 66.1665
5976 66.1665
5977 66.1665
5978 66.1665
5979 66.1665
5980 66.1665
5981 66.1665
5982 66.1665
5983 66.1665
5984 66.1665
5985 66.1665
5986 66.1665
5987 66.1665
5988 66.1665
5989 66.1665
5990 66.1665
5991 66.1665
5992 66.1665
5993 66.1665
5994 66.1665
5995 66.1665
5996 66.1665
5997 66.1665
5998 66.1665
5999 66.1665
6000 66.1665
