1 437.922
2 423.757
3 406.744
4 398.169
5 388.394
6 381.298
7 375.525
8 375.525
9 365.07
10 353.992
11 348.712
12 346.99
13 333.188
14 321.884
15 304.237
16 304.237
17 304.237
18 296.394
19 296.394
20 296.394
21 289.901
22 285.696
23 285.696
24 285.148
25 281.238
26 280.457
27 279.907
28 277.41
29 267.978
30 267.978
31 267.654
32 267.654
33 267.078
34 262.869
35 257.28
36 257.28
37 257.28
38 256.751
39 256.572
40 252.313
41 250.972
42 245.492
43 245.492
44 241.036
45 245.492
46 242.316
47 238.272
48 238.791
49 238.105
50 238.105
51 235.976
52 236.867
53 234.452
54 234.452
55 232.785
56 232.785
57 231.764
58 231.764
59 231.344
60 231.344
61 230.568
62 231.059
63 224.549
64 224.549
65 224.549
66 221.75
67 219.814
68 217.231
69 217.231
70 216.676
71 216.676
72 216.362
73 216.362
74 215.858
75 215.799
76 215.329
77 212.132
78 212.132
79 212.132
80 211.156
81 210.897
82 210.527
83 209.927
84 209.927
85 208.685
86 206.418
87 206.418
88 205.998
89 205.227
90 203.53
91 203.53
92 201.392
93 201.335
94 201.335
95 200.443
96 196.901
97 196.901
98 196.901
99 193.005
100 193.005
101 193.005
102 192.997
103 192.997
104 190.039
105 189.936
106 189.936
107 188.659
108 186.214
109 186.214
110 186.214
111 186.214
112 185.493
113 182.645
114 181.607
115 181.607
116 181.607
117 181.607
118 181.607
119 181.607
120 180.599
121 180.599
122 180.573
123 180.573
124 180.573
125 178.975
126 176.587
127 176.587
128 176.587
129 176.587
130 173.147
131 174.028
132 173.192
133 174.028
134 174.028
135 173.331
136 171.076
137 169.478
138 169.478
139 169.478
140 169.478
141 167.761
142 167.761
143 167.761
144 167.761
145 167.761
146 167.585
147 167.585
148 167.761
149 167.761
150 167.761
151 167.761
152 167.761
153 166.375
154 166.69
155 166.045
156 166.045
157 166.045
158 165.931
159 165.062
160 164.992
161 164.699
162 163.96
163 163.96
164 163.785
165 163.156
166 159.896
167 159.896
168 161.152
169 160.256
170 160.256
171 160.102
172 160.102
173 160.102
174 160.102
175 160.071
176 158.567
177 158.413
178 158.413
179 158.413
180 157.639
181 157.476
182 156.001
183 156.001
184 155.847
185 154.926
186 154.91
187 154.91
188 154.91
189 154.91
190 154.312
191 154.312
192 151.72
193 151.72
194 151.72
195 151.72
196 151.68
197 151.68
198 151.596
199 151.596
200 151.336
201 151.214
202 150.6
203 150.421
204 150.421
205 149.646
206 149.646
207 147.537
208 147.537
209 147.537
210 147.537
211 142.445
212 142.445
213 142.269
214 139.405
215 139.405
216 139.405
217 138.073
218 138.073
219 138.073
220 138.073
221 138.073
222 137.314
223 137.546
224 137.546
225 137.307
226 136.636
227 136.636
228 136.636
229 136.636
230 136.355
231 136.355
232 136.355
233 136.355
234 135.792
235 135.792
236 135.599
237 135.45
238 135.45
239 135.45
240 135.45
241 135.45
242 133.878
243 133.878
244 133.878
245 133.878
246 133.878
247 133.878
248 132.911
249 132.911
250 132.911
251 132.442
252 132.442
253 132.442
254 132.442
255 130.258
256 130.194
257 130.194
258 130.194
259 128.786
260 128.786
261 128.51
262 127.294
263 127.294
264 127.294
265 127.294
266 127.294
267 127.294
268 127.294
269 127.294
270 127.294
271 127.294
272 127.294
273 127.294
274 127.294
275 127.294
276 127.294
277 127.294
278 127.294
279 127.294
280 127.294
281 126.639
282 126.639
283 126.639
284 126.639
285 126.639
286 125.214
287 125.214
288 125.214
289 124.58
290 124.58
291 124.58
292 124.58
293 124.58
294 124.58
295 124.328
296 124.328
297 124.328
298 124.328
299 124.328
300 124.328
301 124.328
302 124.328
303 124.328
304 124.328
305 124.328
306 124.328
307 124.328
308 124.328
309 124.136
310 124.136
311 124.029
312 124.029
313 124.029
314 123.563
315 123.563
316 123.563
317 122.059
318 122.059
319 121.532
320 122.059
321 122.059
322 122.059
323 121.276
324 121.276
325 120.901
326 120.901
327 120.51
328 120.51
329 120.024
330 120.024
331 119.383
332 119.312
333 119.208
334 119.208
335 119.208
336 118.176
337 118.176
338 118.176
339 116.936
340 118.176
341 118.176
342 116.943
343 116.943
344 116.943
345 116.943
346 116.943
347 116.277
348 116.187
349 115.981
350 116.187
351 116.187
352 116.187
353 115.27
354 116.015
355 116.015
356 116.015
357 116.015
358 116.015
359 116.015
360 115.349
361 116.015
362 116.015
363 116.015
364 113.556
365 113.556
366 113.556
367 113.556
368 113.556
369 113.556
370 113.311
371 112.25
372 112.687
373 112.687
374 112.687
375 112.687
376 112.687
377 112.308
378 112.687
379 112.687
380 111.139
381 111.139
382 111.139
383 110.799
384 110.799
385 110.799
386 110.799
387 110.799
388 110.799
389 110.799
390 110.799
391 110.345
392 110.345
393 110.345
394 110.345
395 110.345
396 109.264
397 109.264
398 109.264
399 109.264
400 108.632
401 108.632
402 108.632
403 108.632
404 108.425
405 108.425
406 108.425
407 108.425
408 108.046
409 108.046
410 108.046
411 108.046
412 108.022
413 108.022
414 108.022
415 108.022
416 108.022
417 108.022
418 107.493
419 107.493
420 107.493
421 107.493
422 107.493
423 107.493
424 107.493
425 107.493
426 107.493
427 107.493
428 107.493
429 107.09
430 107.09
431 107.493
432 107.493
433 107.114
434 107.114
435 107.114
436 107
437 107
438 107
439 107
440 107
441 107
442 106.987
443 106.98
444 106.98
445 106.98
446 106.833
447 106.833
448 106.28
449 106.28
450 106.28
451 106.107
452 106.107
453 106.107
454 106.107
455 106.107
456 106.006
457 106.006
458 105.514
459 105.514
460 105.514
461 105.514
462 105.514
463 105.514
464 105.445
465 105.445
466 105.445
467 105.291
468 105.291
469 105.175
470 105.175
471 105.175
472 105.175
473 105.052
474 105.052
475 105.052
476 105.052
477 105.052
478 105.025
479 105.025
480 104.812
481 104.812
482 104.812
483 104.812
484 104.812
485 104.689
486 104.025
487 104.511
488 104.511
489 104.689
490 104.689
491 104.418
492 104.689
493 104.689
494 104.689
495 104.689
496 104.689
497 104.689
498 104.689
499 104.689
500 104.484
501 104.689
502 104.689
503 104.689
504 104.689
505 102.979
506 102.979
507 102.979
508 102.979
509 102.979
510 102.979
511 102.979
512 102.845
513 102.845
514 102.845
515 102.845
516 102.845
517 102.415
518 102.415
519 102.415
520 102.415
521 102.415
522 102.415
523 102.415
524 102.415
525 101.732
526 100.091
527 100.091
528 100.091
529 100.091
530 100.091
531 100.091
532 100.091
533 100.091
534 100.091
535 100.091
536 98.607
537 98.607
538 98.607
539 98.607
540 98.607
541 98.607
542 96.0648
543 95.5394
544 95.5394
545 95.3859
546 95.3859
547 95.3859
548 95.1115
549 94.2948
550 94.2948
551 94.2948
552 94.2948
553 94.2948
554 94.2948
555 94.2948
556 94.2948
557 94.2948
558 94.2948
559 94.2948
560 94.2948
561 94.2948
562 94.2948
563 94.2005
564 94.2005
565 94.2005
566 94.2005
567 94.2005
568 94.2005
569 94.2005
570 94.2005
571 94.2005
572 94.2005
573 94.2005
574 94.2005
575 94.2005
576 94.2005
577 94.2005
578 94.2005
579 94.2005
580 94.2005
581 94.0155
582 94.0155
583 93.6152
584 93.6152
585 93.6152
586 93.6152
587 93.6152
588 93.3271
589 93.3271
590 93.3271
591 92.8829
592 92.8829
593 92.8829
594 92.8829
595 92.8829
596 92.8829
597 92.3483
598 92.3483
599 92.3483
600 91.9731
601 91.8468
602 91.8468
603 91.8468
604 91.8468
605 91.8468
606 91.8468
607 91.8468
608 91.8468
609 91.8468
610 91.8468
611 91.8468
612 91.8468
613 91.6578
614 91.6578
615 91.6578
616 91.6578
617 91.6578
618 91.6578
619 91.6578
620 91.6578
621 91.6578
622 91.2239
623 91.2239
624 91.2029
625 91.2029
626 91.2029
627 91.2029
628 91.0706
629 91.0706
630 91.0706
631 91.0706
632 91.0706
633 91.0706
634 91.0706
635 91.0706
636 91.0706
637 90.8599
638 90.8599
639 90.8599
640 90.8599
641 90.8599
642 90.7695
643 90.7695
644 90.7695
645 90.6005
646 90.7695
647 90.7695
648 90.7695
649 90.7695
650 90.5312
651 90.4017
652 90.4017
653 90.3545
654 90.3545
655 90.3545
656 90.0733
657 90.0733
658 90.0733
659 90.0733
660 89.9827
661 89.9827
662 89.9827
663 89.9827
664 89.9827
665 89.9827
666 89.9827
667 89.9827
668 89.9827
669 89.9827
670 89.9827
671 89.9827
672 89.9827
673 89.5829
674 89.5829
675 89.5829
676 89.5829
677 89.5829
678 89.5829
679 89.5829
680 89.5829
681 89.5829
682 89.5829
683 89.5829
684 89.5829
685 89.3432
686 89.3432
687 89.3149
688 89.3149
689 89.3149
690 89.3149
691 89.3149
692 89.3149
693 89.3149
694 89.3149
695 88.9846
696 88.9846
697 88.9846
698 89.1892
699 89.1892
700 89.1892
701 89.1892
702 89.1892
703 89.1892
704 89.1892
705 89.1892
706 89.1892
707 89.1892
708 89.1116
709 89.1116
710 89.1116
711 89.1116
712 89.1116
713 89.1116
714 88.8038
715 88.8038
716 88.8038
717 88.2947
718 88.2947
719 88.2947
720 88.2947
721 88.2947
722 88.2947
723 88.2947
724 88.2947
725 88.2947
726 88.2947
727 88.2947
728 88.2947
729 88.2947
730 88.2041
731 88.2041
732 88.2041
733 88.2041
734 88.2041
735 88.2041
736 88.2041
737 88.064
738 88.064
739 87.9735
740 87.9735
741 87.9735
742 87.9735
743 87.9735
744 87.9735
745 87.3913
746 87.3913
747 87.3913
748 87.3913
749 87.3913
750 87.3913
751 87.3913
752 87.3913
753 87.3429
754 87.3429
755 87.3429
756 87.3429
757 87.3429
758 87.3429
759 87.3429
760 87.3429
761 87.3429
762 87.3429
763 87.3429
764 87.3429
765 87.3429
766 87.3429
767 86.9307
768 86.9307
769 86.9307
770 86.9307
771 86.9307
772 86.9307
773 86.9307
774 86.8472
775 86.8472
776 86.8472
777 86.8472
778 86.8472
779 86.8472
780 86.8472
781 86.8472
782 86.8472
783 86.8472
784 86.8472
785 86.8472
786 86.8472
787 86.7092
788 86.7092
789 86.7092
790 86.7092
791 86.7092
792 86.7092
793 86.7092
794 86.7092
795 86.7092
796 86.7092
797 86.0832
798 86.0832
799 86.0832
800 86.0832
801 86.0832
802 86.0832
803 86.0832
804 86.0832
805 85.5587
806 85.5587
807 85.5587
808 85.5587
809 85.5587
810 85.5587
811 84.7142
812 84.7142
813 84.7142
814 84.7142
815 84.7142
816 84.7142
817 84.7142
818 84.7142
819 84.7142
820 84.7142
821 84.7142
822 84.7142
823 84.7142
824 84.2864
825 84.2928
826 84.2928
827 84.2928
828 84.2928
829 84.2928
830 84.2928
831 84.2928
832 84.1418
833 84.1418
834 84.1418
835 84.1418
836 84.1418
837 84.1418
838 84.1418
839 84.1418
840 84.1418
841 84.1418
842 84.1418
843 84.1418
844 84.1418
845 84.1418
846 84.1418
847 84.1418
848 84.1418
849 84.1418
850 84.1418
851 83.7844
852 83.7844
853 83.7844
854 83.7844
855 83.7844
856 83.1869
857 83.1869
858 83.1869
859 83.1869
860 83.1869
861 83.1869
862 83.1869
863 83.1869
864 83.1869
865 83.1869
866 83.1869
867 83.1869
868 83.1869
869 83.1869
870 82.8689
871 82.8689
872 82.8689
873 82.8689
874 82.0039
875 82.0039
876 82.0039
877 82.0039
878 82.0039
879 82.0039
880 82.0039
881 82.0039
882 82.0039
883 82.0039
884 82.0039
885 82.0039
886 82.0039
887 82.0039
888 82.0039
889 82.0039
890 82.0039
891 82.0039
892 82.0039
893 82.0039
894 82.0039
895 82.0039
896 82.0039
897 82.0039
898 82.0039
899 82.0039
900 82.0039
901 82.0039
902 81.9757
903 81.9757
904 81.9757
905 81.9757
906 81.9757
907 81.5653
908 81.5653
909 81.5653
910 81.5653
911 81.5653
912 81.5653
913 81.5653
914 81.3715
915 81.3715
916 81.3715
917 81.3715
918 81.3001
919 81.3001
920 81.3001
921 81.3001
922 81.3001
923 81.3001
924 81.3001
925 81.3001
926 81.3001
927 81.3001
928 81.3001
929 81.3001
930 81.3001
931 81.3001
932 81.3001
933 81.3001
934 81.3001
935 81.3001
936 81.3001
937 81.3001
938 81.3001
939 81.3001
940 81.3001
941 81.3001
942 81.3001
943 81.3001
944 81.3001
945 81.3001
946 81.3001
947 81.3001
948 81.3001
949 81.3001
950 81.3001
951 81.3001
952 81.3001
953 81.3001
954 81.3001
955 81.3001
956 81.3001
957 81.3001
958 81.3001
959 81.3001
960 81.3001
961 81.3001
962 81.3001
963 81.3001
964 81.3001
965 81.3001
966 81.3001
967 81.3001
968 81.3001
969 81.3001
970 81.0483
971 81.0483
972 80.8756
973 80.8756
974 81.0483
975 81.0483
976 81.0483
977 81.0483
978 81.0483
979 81.0483
980 81.0483
981 81.0483
982 81.0483
983 81.0483
984 81.0483
985 81.0483
986 81.0483
987 81.0483
988 81.0483
989 81.0483
990 81.0483
991 81.0483
992 81.0483
993 81.0483
994 81.0483
995 81.0483
996 81.0483
997 81.0483
998 81.0483
999 81.0483
1000 81.0214
1001 81.0214
1002 81.0214
1003 81.0214
1004 81.0214
1005 81.0214
1006 81.0214
1007 81.0214
1008 80.5229
1009 80.5229
1010 80.5229
1011 80.5229
1012 79.4638
1013 79.4638
1014 79.4638
1015 79.2582
1016 79.2582
1017 79.2582
1018 79.2582
1019 79.2582
1020 79.2582
1021 79.2582
1022 79.2582
1023 79.2582
1024 79.2582
1025 79.2582
1026 79.2582
1027 79.2582
1028 79.2582
1029 79.2582
1030 79.2582
1031 79.2582
1032 79.1772
1033 79.1772
1034 79.1772
1035 79.1772
1036 79.1772
1037 79.1193
1038 79.1193
1039 79.1193
1040 79.1193
1041 79.1193
1042 79.1193
1043 79.1193
1044 79.1193
1045 79.0198
1046 79.1193
1047 79.1193
1048 79.1193
1049 79.1193
1050 79.1193
1051 79.1193
1052 79.0843
1053 79.0843
1054 79.0843
1055 79.0843
1056 79.0843
1057 78.793
1058 78.793
1059 78.793
1060 78.793
1061 78.793
1062 78.793
1063 78.793
1064 78.793
1065 78.793
1066 78.793
1067 78.793
1068 78.793
1069 78.793
1070 77.9385
1071 77.9385
1072 77.9385
1073 77.9385
1074 77.9385
1075 77.9385
1076 77.9385
1077 77.9385
1078 77.9385
1079 77.9385
1080 77.9012
1081 77.9012
1082 77.9012
1083 77.9012
1084 77.9012
1085 77.9012
1086 77.9012
1087 77.9012
1088 77.9012
1089 77.9012
1090 77.9012
1091 77.9012
1092 77.9012
1093 77.9012
1094 77.9012
1095 77.9012
1096 77.9012
1097 77.9012
1098 77.9012
1099 77.9012
1100 77.9012
1101 77.9012
1102 77.9012
1103 77.9012
1104 77.9012
1105 77.9012
1106 77.9012
1107 77.9012
1108 77.9012
1109 77.9012
1110 77.9012
1111 77.8175
1112 77.8175
1113 77.8175
1114 77.8175
1115 77.8175
1116 77.8175
1117 77.7654
1118 77.7654
1119 77.7654
1120 77.7654
1121 77.7654
1122 77.7654
1123 77.7654
1124 77.7654
1125 77.7654
1126 77.7654
1127 77.7654
1128 77.7654
1129 77.7654
1130 77.7654
1131 77.7654
1132 77.7654
1133 77.7654
1134 77.7654
1135 77.7654
1136 77.7654
1137 77.7654
1138 77.7654
1139 77.7654
1140 77.7654
1141 77.7654
1142 77.7654
1143 77.7654
1144 77.7654
1145 77.7654
1146 77.7654
1147 77.7654
1148 77.7654
1149 77.7654
1150 77.7654
1151 77.7654
1152 77.7654
1153 77.7654
1154 77.7654
1155 77.7654
1156 77.7654
1157 77.7654
1158 77.7654
1159 77.7654
1160 77.7654
1161 77.7654
1162 77.7654
1163 77.7654
1164 77.7654
1165 77.7654
1166 77.7654
1167 77.7654
1168 77.7654
1169 77.7654
1170 77.7654
1171 77.7654
1172 77.7654
1173 77.7654
1174 77.7654
1175 77.7654
1176 77.7654
1177 77.7654
1178 77.7654
1179 77.7654
1180 77.7654
1181 77.7654
1182 77.7654
1183 77.7654
1184 77.7654
1185 77.4746
1186 77.4746
1187 77.4746
1188 77.4746
1189 77.4746
1190 77.4746
1191 77.4746
1192 77.4746
1193 77.4746
1194 77.4746
1195 77.4746
1196 77.4746
1197 77.4746
1198 77.4746
1199 77.4746
1200 77.4746
1201 77.4746
1202 77.4746
1203 77.3343
1204 77.3343
1205 77.3343
1206 77.3343
1207 77.3343
1208 77.3343
1209 77.1361
1210 77.1361
1211 77.1361
1212 77.1361
1213 77.1361
1214 77.1361
1215 77.1361
1216 77.1361
1217 77.1361
1218 77.1361
1219 77.1361
1220 77.1361
1221 77.1361
1222 77.1361
1223 77.1361
1224 77.1361
1225 77.1361
1226 77.103
1227 77.103
1228 77.103
1229 77.103
1230 77.103
1231 77.103
1232 77.103
1233 77.103
1234 77.103
1235 77.103
1236 77.103
1237 77.103
1238 77.103
1239 77.103
1240 77.103
1241 77.103
1242 77.103
1243 77.103
1244 77.103
1245 77.103
1246 77.103
1247 77.103
1248 77.103
1249 77.103
1250 77.103
1251 77.103
1252 77.103
1253 77.103
1254 77.103
1255 77.103
1256 77.103
1257 77.103
1258 77.103
1259 77.103
1260 77.103
1261 77.103
1262 77.103
1263 76.9091
1264 76.9091
1265 76.9091
1266 76.9091
1267 76.9091
1268 76.9091
1269 76.9091
1270 76.9091
1271 76.9091
1272 76.9091
1273 76.9091
1274 76.9091
1275 76.9091
1276 76.9091
1277 76.9091
1278 76.9091
1279 76.9091
1280 76.9091
1281 76.9091
1282 76.9091
1283 76.9091
1284 76.9091
1285 76.9091
1286 76.9091
1287 76.9091
1288 76.9091
1289 76.9091
1290 76.9091
1291 76.9091
1292 76.9091
1293 76.9091
1294 76.9091
1295 76.9091
1296 76.9091
1297 76.9091
1298 76.9091
1299 76.9091
1300 76.9091
1301 76.9091
1302 76.9091
1303 76.9091
1304 76.9091
1305 76.9091
1306 76.9091
1307 76.9091
1308 76.9091
1309 76.9091
1310 76.9091
1311 76.9091
1312 76.9091
1313 76.9091
1314 76.9091
1315 76.9091
1316 76.9091
1317 76.9091
1318 76.9091
1319 76.9091
1320 76.9091
1321 76.9091
1322 76.9091
1323 76.9091
1324 76.9091
1325 76.9091
1326 76.9091
1327 76.9091
1328 76.9091
1329 76.8607
1330 76.8881
1331 76.9091
1332 76.8607
1333 76.8607
1334 76.8607
1335 76.8607
1336 76.8607
1337 76.8607
1338 76.8607
1339 76.8607
1340 76.8607
1341 76.8607
1342 76.8607
1343 76.8277
1344 76.8277
1345 76.8191
1346 76.8277
1347 76.8277
1348 76.8277
1349 76.8277
1350 76.8277
1351 76.8277
1352 76.8277
1353 76.8277
1354 76.8277
1355 76.8277
1356 76.8277
1357 76.6648
1358 76.6648
1359 76.6648
1360 76.5877
1361 76.5877
1362 76.5877
1363 76.5877
1364 76.5877
1365 76.4011
1366 76.4011
1367 76.4011
1368 76.4011
1369 76.4011
1370 76.4011
1371 76.4011
1372 76.4011
1373 76.4011
1374 76.4011
1375 76.4011
1376 76.4011
1377 76.2938
1378 76.2938
1379 76.2938
1380 76.2938
1381 76.2938
1382 76.2938
1383 76.2938
1384 76.2938
1385 76.2938
1386 76.2216
1387 76.2216
1388 76.2216
1389 76.2216
1390 76.2216
1391 76.2216
1392 76.2216
1393 76.2216
1394 76.1143
1395 76.1143
1396 76.1143
1397 76.1143
1398 76.1143
1399 76.1143
1400 76.1143
1401 76.1143
1402 76.1143
1403 76.1143
1404 76.1143
1405 76.1143
1406 75.9277
1407 76.1143
1408 76.1143
1409 76.1143
1410 76.1143
1411 76.1143
1412 76.1143
1413 76.1143
1414 76.1143
1415 76.1143
1416 76.1143
1417 75.9999
1418 75.9999
1419 75.9999
1420 75.9999
1421 75.9999
1422 75.9999
1423 75.9999
1424 75.9999
1425 75.9999
1426 75.9999
1427 75.9999
1428 75.9999
1429 75.9999
1430 75.9999
1431 75.9999
1432 75.9999
1433 75.9999
1434 75.9999
1435 75.9999
1436 75.9999
1437 75.9999
1438 75.9999
1439 75.9999
1440 75.9999
1441 75.9999
1442 75.9999
1443 75.9999
1444 75.9999
1445 75.9999
1446 75.9999
1447 75.9999
1448 75.9999
1449 75.9999
1450 75.9999
1451 75.9999
1452 75.9999
1453 75.9999
1454 75.9999
1455 75.9999
1456 75.9999
1457 75.9999
1458 75.9999
1459 75.9999
1460 75.9999
1461 75.9999
1462 75.9999
1463 75.9999
1464 75.9999
1465 75.9999
1466 75.9999
1467 75.9999
1468 75.9999
1469 75.9999
1470 75.9999
1471 75.9999
1472 75.9999
1473 75.9999
1474 75.9999
1475 75.9999
1476 75.9999
1477 75.9999
1478 75.9999
1479 75.9999
1480 75.9999
1481 75.9999
1482 75.9999
1483 75.9999
1484 75.9999
1485 75.9999
1486 75.9999
1487 75.9999
1488 75.9999
1489 75.9999
1490 75.9999
1491 75.9999
1492 75.9999
1493 75.9999
1494 75.9999
1495 75.9999
1496 75.9999
1497 75.9999
1498 75.9999
1499 75.9999
1500 75.9999
1501 75.9999
1502 75.9999
1503 75.9999
1504 75.9999
1505 75.9999
1506 75.9999
1507 75.9999
1508 75.9999
1509 75.9999
1510 75.9999
1511 75.9999
1512 75.9999
1513 75.9999
1514 75.9999
1515 75.9999
1516 75.9999
1517 75.9999
1518 75.9999
1519 75.9999
1520 75.9999
1521 75.9999
1522 75.9999
1523 75.9999
1524 75.9999
1525 75.9999
1526 75.9999
1527 75.9999
1528 75.9999
1529 75.9999
1530 75.9999
1531 75.9999
1532 75.9999
1533 75.8211
1534 75.8211
1535 75.8211
1536 75.8211
1537 75.8211
1538 75.8211
1539 75.8211
1540 75.8211
1541 75.8211
1542 75.8211
1543 75.8211
1544 75.8211
1545 75.8211
1546 75.8211
1547 75.8211
1548 75.8211
1549 75.8211
1550 75.8211
1551 75.8211
1552 75.8211
1553 75.8211
1554 75.8211
1555 75.8211
1556 75.8211
1557 75.8211
1558 75.8211
1559 75.8211
1560 75.8211
1561 75.8211
1562 75.8211
1563 75.8211
1564 75.8211
1565 75.8211
1566 75.8211
1567 75.8211
1568 75.8211
1569 75.8211
1570 75.8211
1571 75.8211
1572 75.8211
1573 75.6344
1574 75.6344
1575 75.6344
1576 75.6344
1577 75.8211
1578 75.8211
1579 75.8211
1580 75.8211
1581 75.8211
1582 75.8211
1583 75.8211
1584 75.8211
1585 75.8211
1586 75.8211
1587 75.8211
1588 75.8211
1589 75.1968
1590 75.1968
1591 75.1968
1592 75.1968
1593 75.1968
1594 75.1968
1595 75.1968
1596 75.1968
1597 75.1968
1598 75.1968
1599 75.1968
1600 75.1968
1601 75.1968
1602 75.1968
1603 75.1968
1604 75.1968
1605 75.1968
1606 75.1968
1607 75.1968
1608 75.1968
1609 75.1968
1610 75.1968
1611 75.1968
1612 75.1968
1613 75.1968
1614 75.1968
1615 75.1968
1616 75.1968
1617 75.1968
1618 75.1968
1619 75.1968
1620 75.1968
1621 75.1968
1622 75.1968
1623 75.1968
1624 75.1968
1625 75.1968
1626 75.1968
1627 75.1968
1628 75.1968
1629 75.1968
1630 75.1968
1631 75.1968
1632 75.1968
1633 75.1968
1634 75.1968
1635 75.1968
1636 75.1968
1637 75.1968
1638 75.1968
1639 75.1968
1640 75.1968
1641 75.1968
1642 75.1968
1643 75.1968
1644 75.1968
1645 75.1968
1646 75.1968
1647 75.1968
1648 75.1968
1649 75.1968
1650 75.1968
1651 75.1968
1652 75.1968
1653 75.1968
1654 75.1968
1655 75.1968
1656 75.1968
1657 75.1968
1658 75.1968
1659 75.1968
1660 75.1968
1661 75.1968
1662 75.1968
1663 75.1968
1664 75.1968
1665 75.1968
1666 75.1968
1667 75.1968
1668 75.1968
1669 75.1968
1670 75.1968
1671 75.1968
1672 75.1968
1673 75.1968
1674 75.1968
1675 75.1968
1676 75.1968
1677 75.1968
1678 75.1968
1679 75.1968
1680 75.1968
1681 75.1968
1682 75.1968
1683 75.1968
1684 75.1968
1685 75.1968
1686 75.1968
1687 75.1968
1688 75.1968
1689 75.1968
1690 75.1968
1691 75.1968
1692 75.1968
1693 75.1968
1694 75.1968
1695 75.1968
1696 75.1968
1697 75.1968
1698 75.1968
1699 75.1968
1700 75.1968
1701 75.1968
1702 75.1968
1703 75.1968
1704 75.1968
1705 75.1968
1706 75.1968
1707 75.1968
1708 75.1968
1709 75.1968
1710 75.1968
1711 75.1968
1712 75.1968
1713 75.1968
1714 75.1968
1715 75.1968
1716 75.1968
1717 75.1968
1718 75.1968
1719 75.1968
1720 75.1678
1721 75.1678
1722 75.1678
1723 75.1678
1724 75.1678
1725 75.1678
1726 75.1678
1727 75.1678
1728 75.1678
1729 75.1678
1730 75.1678
1731 75.1586
1732 75.1586
1733 75.1586
1734 75.1586
1735 75.1586
1736 75.1586
1737 75.1586
1738 75.1586
1739 75.1586
1740 75.1586
1741 75.1586
1742 75.1586
1743 75.1586
1744 75.1586
1745 75.1586
1746 75.1586
1747 75.1586
1748 75.1586
1749 75.1586
1750 75.1586
1751 75.1586
1752 75.1586
1753 75.1586
1754 75.1586
1755 75.1586
1756 75.1586
1757 75.1586
1758 75.1586
1759 75.1586
1760 75.1586
1761 75.1586
1762 75.1586
1763 75.1586
1764 75.1586
1765 75.1586
1766 75.1586
1767 75.1586
1768 75.1586
1769 75.1586
1770 75.1586
1771 75.1586
1772 75.1586
1773 75.1586
1774 75.1586
1775 75.1586
1776 75.1586
1777 75.1586
1778 75.1586
1779 75.1545
1780 75.1545
1781 75.1545
1782 74.4598
1783 74.4598
1784 74.4598
1785 74.4598
1786 74.4598
1787 74.4598
1788 74.4598
1789 74.4598
1790 74.4598
1791 74.4598
1792 74.4598
1793 74.4598
1794 74.4598
1795 74.4598
1796 74.4598
1797 74.4598
1798 74.4598
1799 74.4598
1800 74.4598
1801 74.4598
1802 74.4598
1803 74.4598
1804 74.4598
1805 74.4598
1806 74.4598
1807 74.4598
1808 74.4598
1809 74.4598
1810 74.4598
1811 74.4598
1812 74.4598
1813 74.4598
1814 74.4598
1815 74.2995
1816 74.2995
1817 74.2995
1818 74.2995
1819 74.2995
1820 74.2995
1821 74.2995
1822 74.2995
1823 74.2995
1824 74.2995
1825 74.2995
1826 74.2995
1827 74.2995
1828 74.2995
1829 74.2995
1830 74.2995
1831 74.2995
1832 74.2995
1833 74.2995
1834 74.2995
1835 74.2995
1836 74.2995
1837 74.2995
1838 74.2995
1839 74.2995
1840 74.2995
1841 74.2995
1842 74.2995
1843 74.16
1844 74.16
1845 74.16
1846 74.16
1847 74.16
1848 74.16
1849 74.16
1850 74.16
1851 74.16
1852 74.16
1853 74.16
1854 74.16
1855 74.16
1856 74.16
1857 74.16
1858 74.16
1859 74.16
1860 74.16
1861 74.16
1862 74.16
1863 74.16
1864 74.16
1865 74.16
1866 74.16
1867 74.16
1868 74.16
1869 74.16
1870 74.16
1871 74.16
1872 74.16
1873 74.16
1874 74.16
1875 74.16
1876 74.16
1877 74.16
1878 74.16
1879 74.16
1880 74.16
1881 74.16
1882 74.16
1883 74.16
1884 74.16
1885 74.16
1886 74.16
1887 74.16
1888 74.16
1889 74.16
1890 74.16
1891 74.16
1892 74.16
1893 74.16
1894 74.16
1895 74.16
1896 74.16
1897 74.16
1898 74.16
1899 74.16
1900 74.16
1901 74.16
1902 74.16
1903 74.16
1904 74.16
1905 74.16
1906 74.16
1907 74.16
1908 74.16
1909 74.16
1910 74.16
1911 74.16
1912 74.16
1913 74.16
1914 74.16
1915 74.16
1916 74.16
1917 74.16
1918 74.16
1919 74.16
1920 74.0926
1921 74.0926
1922 74.0926
1923 74.0926
1924 74.0926
1925 74.0926
1926 74.0926
1927 74.0926
1928 74.0926
1929 74.0926
1930 74.0926
1931 74.0926
1932 74.0926
1933 74.0926
1934 74.0926
1935 74.0926
1936 74.0926
1937 74.0926
1938 74.0926
1939 74.0926
1940 74.0926
1941 74.0926
1942 74.0926
1943 74.0926
1944 74.0926
1945 74.0926
1946 74.0926
1947 74.0926
1948 74.0926
1949 74.0926
1950 74.0926
1951 74.0926
1952 74.0926
1953 74.0926
1954 74.0926
1955 74.0926
1956 74.0926
1957 74.0926
1958 74.0926
1959 74.0926
1960 74.0926
1961 74.0926
1962 74.0926
1963 74.0926
1964 74.0926
1965 74.0926
1966 74.0926
1967 74.0926
1968 74.0926
1969 74.0926
1970 74.0926
1971 74.0926
1972 74.0926
1973 74.0926
1974 74.0926
1975 74.0926
1976 74.0926
1977 74.0926
1978 74.0926
1979 74.0926
1980 74.0926
1981 74.0926
1982 74.0926
1983 74.0926
1984 74.0926
1985 74.0926
1986 74.0926
1987 74.0926
1988 74.0926
1989 74.0926
1990 74.0926
1991 74.0926
1992 74.0926
1993 74.0926
1994 74.0926
1995 74.0926
1996 74.0926
1997 74.0926
1998 74.0926
1999 74.0803
2000 74.0778
2001 74.0778
2002 74.0778
2003 74.0778
2004 74.0778
2005 74.0778
2006 74.0778
2007 74.0778
2008 74.0778
2009 74.0778
2010 74.0778
2011 74.0778
2012 74.0778
2013 74.0778
2014 74.0778
2015 74.0778
2016 74.0778
2017 74.0778
2018 74.0778
2019 74.0778
2020 74.0778
2021 74.0778
2022 74.0778
2023 74.0778
2024 74.0778
2025 74.0778
2026 74.0778
2027 74.0778
2028 74.0778
2029 74.0778
2030 74.0778
2031 74.0778
2032 74.0778
2033 74.0778
2034 74.0778
2035 74.0778
2036 74.0778
2037 74.0778
2038 74.0778
2039 74.0778
2040 74.0778
2041 74.0778
2042 74.0778
2043 74.0778
2044 74.0778
2045 74.0778
2046 74.0778
2047 74.0778
2048 74.0778
2049 74.0778
2050 74.0778
2051 74.0778
2052 74.0778
2053 74.0778
2054 74.0778
2055 74.0778
2056 74.0778
2057 74.0778
2058 74.0778
2059 74.0778
2060 74.0778
2061 74.0778
2062 74.0778
2063 74.0778
2064 74.0778
2065 74.0778
2066 74.0778
2067 74.0778
2068 74.0778
2069 74.0778
2070 74.0778
2071 74.0778
2072 74.0778
2073 74.0778
2074 74.0778
2075 74.0778
2076 74.0778
2077 74.0778
2078 74.0778
2079 74.0778
2080 73.8299
2081 73.8299
2082 73.8299
2083 73.8299
2084 73.8299
2085 73.8299
2086 73.8299
2087 73.8299
2088 73.8299
2089 73.8299
2090 73.8299
2091 73.8299
2092 73.8299
2093 73.8299
2094 73.8299
2095 73.8299
2096 73.8299
2097 73.8299
2098 73.8299
2099 73.8299
2100 73.8299
2101 73.8299
2102 73.8299
2103 73.8299
2104 73.8299
2105 73.8299
2106 73.8299
2107 73.8299
2108 73.8299
2109 73.8299
2110 73.8299
2111 73.8299
2112 73.8299
2113 73.8299
2114 73.8299
2115 73.8299
2116 73.8299
2117 73.8299
2118 73.8299
2119 73.8299
2120 73.8299
2121 73.8299
2122 73.8299
2123 73.8299
2124 73.8299
2125 73.8299
2126 73.8037
2127 73.8299
2128 73.8299
2129 73.8299
2130 73.8299
2131 73.8299
2132 73.8299
2133 73.8299
2134 73.8299
2135 73.8299
2136 73.8299
2137 73.8299
2138 73.8299
2139 73.8299
2140 73.8299
2141 73.8299
2142 73.8299
2143 73.8299
2144 73.8299
2145 73.8299
2146 73.8299
2147 73.8299
2148 73.8299
2149 73.8299
2150 73.8299
2151 73.8299
2152 73.8299
2153 73.8299
2154 73.8299
2155 73.8299
2156 73.8299
2157 73.8299
2158 73.8299
2159 73.8299
2160 73.8299
2161 73.8299
2162 73.8299
2163 73.8299
2164 73.8299
2165 73.8299
2166 73.8299
2167 73.8299
2168 73.8299
2169 73.8299
2170 73.8299
2171 73.8299
2172 73.8299
2173 73.8299
2174 73.8299
2175 73.8299
2176 73.8299
2177 73.8299
2178 73.8299
2179 73.8299
2180 73.8299
2181 73.8299
2182 73.8299
2183 73.8299
2184 73.8299
2185 73.8299
2186 73.8299
2187 73.8299
2188 73.8299
2189 73.8299
2190 73.8299
2191 73.8299
2192 73.8299
2193 73.8299
2194 73.8299
2195 73.8299
2196 73.8299
2197 73.8299
2198 73.8299
2199 73.5928
2200 73.5928
2201 73.5928
2202 73.5928
2203 73.5928
2204 73.5928
2205 73.5928
2206 73.5928
2207 73.5928
2208 73.5928
2209 73.5928
2210 73.5928
2211 73.5928
2212 73.5928
2213 73.5928
2214 73.5928
2215 73.5928
2216 73.5928
2217 73.5928
2218 73.5928
2219 73.5928
2220 73.5928
2221 73.5928
2222 73.5928
2223 73.5928
2224 73.5928
2225 73.5928
2226 73.5928
2227 73.5928
2228 73.5928
2229 73.5928
2230 73.5928
2231 73.5928
2232 73.5928
2233 73.5928
2234 73.5928
2235 73.5928
2236 73.5928
2237 73.5928
2238 73.5928
2239 73.5928
2240 73.5928
2241 73.5928
2242 73.5928
2243 73.5928
2244 73.5928
2245 73.5928
2246 73.5928
2247 73.5928
2248 73.5928
2249 73.5928
2250 73.5928
2251 73.5928
2252 73.5928
2253 73.5928
2254 73.5928
2255 73.5928
2256 73.5928
2257 73.5928
2258 73.5928
2259 73.5928
2260 73.5928
2261 73.5928
2262 73.5928
2263 73.5928
2264 73.5928
2265 73.5928
2266 73.5928
2267 73.5928
2268 73.5928
2269 73.5512
2270 73.5512
2271 73.5512
2272 73.5512
2273 73.5512
2274 73.5512
2275 73.5512
2276 73.5512
2277 73.5512
2278 73.5512
2279 73.5512
2280 73.5512
2281 73.5512
2282 73.5512
2283 73.5512
2284 73.5512
2285 73.5512
2286 73.5512
2287 73.5512
2288 73.5512
2289 73.5512
2290 73.5512
2291 73.5512
2292 73.5512
2293 73.5512
2294 73.5512
2295 73.5512
2296 73.5512
2297 73.5512
2298 73.5512
2299 73.5512
2300 73.5512
2301 73.5512
2302 73.5512
2303 73.5512
2304 73.5512
2305 73.5512
2306 73.5512
2307 73.5512
2308 73.5512
2309 73.5512
2310 73.5512
2311 73.5512
2312 73.5512
2313 73.5512
2314 73.5512
2315 73.5512
2316 73.5512
2317 73.5512
2318 73.5512
2319 73.5512
2320 73.5512
2321 73.5512
2322 73.5512
2323 73.5512
2324 73.5512
2325 73.5512
2326 73.5512
2327 73.5512
2328 73.5512
2329 73.5512
2330 73.5512
2331 73.5512
2332 73.5512
2333 73.5512
2334 73.5512
2335 73.5512
2336 73.5512
2337 73.5512
2338 73.5512
2339 73.5512
2340 73.5512
2341 73.5512
2342 73.5512
2343 73.4143
2344 73.4143
2345 73.4143
2346 73.4143
2347 73.4143
2348 73.4143
2349 73.4143
2350 73.4143
2351 73.4143
2352 73.4143
2353 73.4143
2354 73.4143
2355 73.4143
2356 73.4143
2357 73.4143
2358 73.4143
2359 73.4143
2360 73.4143
2361 73.4143
2362 73.4143
2363 73.4143
2364 73.4143
2365 73.4143
2366 73.4143
2367 73.4143
2368 73.4143
2369 73.4143
2370 73.4143
2371 73.4143
2372 73.4143
2373 73.4143
2374 73.4143
2375 73.4143
2376 73.4143
2377 73.4041
2378 73.4041
2379 73.4041
2380 73.4041
2381 73.4041
2382 73.4041
2383 73.4041
2384 73.4041
2385 73.4041
2386 73.4041
2387 73.4041
2388 73.4041
2389 73.4041
2390 73.4041
2391 73.4041
2392 73.4041
2393 73.4041
2394 73.4041
2395 73.4041
2396 73.4041
2397 72.931
2398 72.931
2399 72.931
2400 72.931
2401 72.931
2402 72.931
2403 72.931
2404 72.931
2405 72.931
2406 72.931
2407 72.931
2408 72.931
2409 72.931
2410 72.5909
2411 72.5909
2412 72.5909
2413 72.5909
2414 72.5909
2415 72.5909
2416 72.5909
2417 72.5909
2418 72.5909
2419 72.5909
2420 72.5909
2421 72.5909
2422 72.5909
2423 72.5909
2424 72.5909
2425 72.5909
2426 72.5909
2427 72.5909
2428 72.5909
2429 72.5909
2430 72.5909
2431 72.5909
2432 72.5909
2433 72.5909
2434 72.5909
2435 72.5909
2436 72.5909
2437 72.5909
2438 72.5909
2439 72.5909
2440 72.5909
2441 72.5909
2442 72.5909
2443 72.5909
2444 72.5909
2445 72.5909
2446 72.5909
2447 72.5909
2448 72.5909
2449 72.5909
2450 72.5909
2451 72.5647
2452 72.5647
2453 72.5647
2454 72.5647
2455 72.5647
2456 72.5647
2457 72.5647
2458 72.5647
2459 72.5647
2460 72.5647
2461 72.5647
2462 72.5647
2463 72.5647
2464 72.5647
2465 72.5647
2466 72.5647
2467 72.5647
2468 72.5077
2469 72.5077
2470 72.5077
2471 72.5077
2472 72.5077
2473 72.5077
2474 72.5077
2475 72.5077
2476 72.5077
2477 72.5077
2478 72.5077
2479 72.5077
2480 72.5077
2481 72.5077
2482 72.5077
2483 72.5077
2484 72.5077
2485 72.5077
2486 72.5077
2487 72.5077
2488 72.4526
2489 72.4526
2490 72.4526
2491 72.4526
2492 72.4526
2493 72.4526
2494 72.4526
2495 72.4526
2496 72.4526
2497 72.4526
2498 72.4526
2499 72.4526
2500 72.4526
2501 72.4526
2502 72.4526
2503 72.4526
2504 72.4526
2505 72.4526
2506 72.4526
2507 72.4526
2508 72.4526
2509 72.4526
2510 72.4526
2511 72.4526
2512 72.4526
2513 72.4526
2514 72.4526
2515 72.4526
2516 72.4526
2517 72.4526
2518 72.4526
2519 72.4526
2520 72.4526
2521 72.4526
2522 72.4526
2523 72.4526
2524 72.4526
2525 72.4526
2526 72.4526
2527 72.4526
2528 72.4526
2529 72.4526
2530 72.4526
2531 72.4526
2532 72.4526
2533 72.4526
2534 72.4526
2535 72.4526
2536 72.4526
2537 72.4526
2538 72.4526
2539 72.4526
2540 72.4526
2541 72.4526
2542 72.4526
2543 72.4526
2544 72.4526
2545 72.4526
2546 72.4526
2547 72.4526
2548 72.4526
2549 72.4526
2550 72.4526
2551 72.4526
2552 72.4526
2553 72.4526
2554 72.4526
2555 72.4526
2556 72.4526
2557 72.4526
2558 72.4526
2559 72.4526
2560 72.4526
2561 72.4526
2562 72.4526
2563 72.4526
2564 72.4526
2565 72.4526
2566 72.4526
2567 72.4526
2568 72.4526
2569 72.4526
2570 72.4526
2571 72.4526
2572 72.4526
2573 72.4526
2574 72.4526
2575 72.4526
2576 72.4526
2577 72.4526
2578 72.4526
2579 72.4526
2580 72.4526
2581 72.4526
2582 72.4526
2583 72.4526
2584 72.4526
2585 72.4526
2586 72.4526
2587 72.4526
2588 72.4526
2589 72.4526
2590 72.4526
2591 72.4526
2592 72.4526
2593 72.4526
2594 72.4526
2595 72.4526
2596 72.4526
2597 72.4526
2598 72.4526
2599 72.4526
2600 72.4526
2601 72.4526
2602 72.4526
2603 72.4526
2604 72.4526
2605 72.4526
2606 72.4526
2607 72.4526
2608 72.4526
2609 72.4526
2610 72.4526
2611 72.4526
2612 72.4526
2613 72.4526
2614 72.4526
2615 72.4526
2616 72.4526
2617 72.4526
2618 72.4526
2619 72.4526
2620 72.4526
2621 72.4526
2622 72.4526
2623 72.4526
2624 72.4526
2625 72.4526
2626 72.4526
2627 72.4526
2628 72.4526
2629 72.4526
2630 72.4526
2631 72.4526
2632 72.4526
2633 72.4526
2634 72.4526
2635 72.4526
2636 72.4526
2637 72.4526
2638 72.4526
2639 72.4526
2640 72.4526
2641 72.4526
2642 72.4526
2643 72.4526
2644 72.4526
2645 72.4526
2646 72.4526
2647 72.4526
2648 72.4526
2649 72.4526
2650 72.4526
2651 72.4526
2652 72.4526
2653 72.4526
2654 72.4526
2655 72.4526
2656 72.4526
2657 72.4526
2658 72.4526
2659 72.4526
2660 72.4526
2661 72.4526
2662 72.4526
2663 72.4526
2664 72.4526
2665 72.4526
2666 72.4526
2667 72.4526
2668 72.4526
2669 72.4526
2670 72.4526
2671 72.4526
2672 72.4526
2673 72.4526
2674 72.4526
2675 72.4526
2676 72.4526
2677 72.4526
2678 72.4526
2679 72.4526
2680 72.4526
2681 72.4526
2682 72.4526
2683 72.4526
2684 72.4526
2685 72.4526
2686 72.4526
2687 72.4526
2688 72.4526
2689 72.4526
2690 72.4526
2691 72.4526
2692 72.4526
2693 72.4526
2694 72.4526
2695 72.4526
2696 72.4526
2697 72.4526
2698 72.4526
2699 72.4526
2700 72.4526
2701 72.4526
2702 72.4526
2703 72.4526
2704 72.4526
2705 72.4526
2706 72.4526
2707 72.4526
2708 72.4526
2709 72.4526
2710 72.4526
2711 72.4526
2712 72.4526
2713 72.4526
2714 72.4526
2715 72.4526
2716 72.4526
2717 72.4526
2718 72.4526
2719 72.4526
2720 72.4526
2721 72.4526
2722 72.4526
2723 72.4526
2724 72.4526
2725 72.4526
2726 72.4526
2727 72.4526
2728 72.4526
2729 72.4526
2730 72.4526
2731 72.4526
2732 72.0033
2733 72.0033
2734 72.0033
2735 72.0008
2736 72.0008
2737 72.0008
2738 72.0008
2739 72.0008
2740 72.0008
2741 72.0008
2742 72.0008
2743 72.0008
2744 72.0008
2745 72.0008
2746 72.0008
2747 72.0008
2748 72.0008
2749 72.0008
2750 72.0008
2751 72.0008
2752 72.0008
2753 71.9021
2754 71.9021
2755 71.9021
2756 71.9021
2757 71.9021
2758 71.9021
2759 71.9021
2760 71.9021
2761 71.9021
2762 71.9021
2763 71.9021
2764 71.9021
2765 71.9021
2766 71.9021
2767 71.9021
2768 71.9021
2769 71.9021
2770 71.9021
2771 71.9021
2772 71.9021
2773 71.9021
2774 71.9021
2775 71.9021
2776 71.9021
2777 71.9021
2778 71.9021
2779 71.9021
2780 71.9021
2781 71.9021
2782 71.9021
2783 71.9021
2784 71.9021
2785 71.9021
2786 71.9021
2787 71.9021
2788 71.9021
2789 71.9021
2790 71.9021
2791 71.9021
2792 71.9021
2793 71.9021
2794 71.9021
2795 71.9021
2796 71.9021
2797 71.9021
2798 71.9021
2799 71.9021
2800 71.9021
2801 71.9021
2802 71.9021
2803 71.9021
2804 71.9021
2805 71.9021
2806 71.9021
2807 71.9021
2808 71.9021
2809 71.9021
2810 71.9021
2811 71.9021
2812 71.9021
2813 71.9021
2814 71.9021
2815 71.9021
2816 71.9021
2817 71.9021
2818 71.9021
2819 71.9021
2820 71.9021
2821 71.9021
2822 71.9021
2823 71.9021
2824 71.9021
2825 71.9021
2826 71.9021
2827 71.9021
2828 71.9021
2829 71.9021
2830 71.9021
2831 71.9021
2832 71.9021
2833 71.9021
2834 71.9021
2835 71.9021
2836 71.9021
2837 71.9021
2838 71.9021
2839 71.9021
2840 71.9021
2841 71.9021
2842 71.9021
2843 71.9021
2844 71.9021
2845 71.9021
2846 71.9021
2847 71.9021
2848 71.9021
2849 71.9021
2850 71.9021
2851 71.9021
2852 71.9021
2853 71.9021
2854 71.9021
2855 71.9021
2856 71.9021
2857 71.9021
2858 71.9021
2859 71.9021
2860 71.9021
2861 71.9021
2862 71.9021
2863 71.9021
2864 71.9021
2865 71.9021
2866 71.9021
2867 71.9021
2868 71.9021
2869 71.9021
2870 71.9021
2871 71.9021
2872 71.9021
2873 71.9021
2874 71.9021
2875 71.9021
2876 71.9021
2877 71.9021
2878 71.9021
2879 71.9021
2880 71.9021
2881 71.9021
2882 71.9021
2883 71.9021
2884 71.9021
2885 71.9021
2886 71.9021
2887 71.9021
2888 71.9021
2889 71.9021
2890 71.9021
2891 71.9021
2892 71.9021
2893 71.9021
2894 71.9021
2895 71.9021
2896 71.9021
2897 71.9021
2898 71.9021
2899 71.9021
2900 71.9021
2901 71.9021
2902 71.9021
2903 71.9021
2904 71.9021
2905 71.9021
2906 71.9021
2907 71.9021
2908 71.9021
2909 71.9021
2910 71.9021
2911 71.9021
2912 71.9021
2913 71.9021
2914 71.9021
2915 71.9021
2916 71.9021
2917 71.9021
2918 71.9021
2919 71.9021
2920 71.9021
2921 71.9021
2922 71.9021
2923 71.9021
2924 71.9021
2925 71.9021
2926 71.9021
2927 71.9021
2928 71.9021
2929 71.9021
2930 71.9021
2931 71.9021
2932 71.9021
2933 71.9021
2934 71.9021
2935 71.9021
2936 71.9021
2937 71.9021
2938 71.9021
2939 71.9021
2940 71.9021
2941 71.9021
2942 71.9021
2943 71.9021
2944 71.9021
2945 71.9021
2946 71.9021
2947 71.9021
2948 71.9021
2949 71.9021
2950 71.9021
2951 71.9021
2952 71.9021
2953 71.9021
2954 71.9021
2955 71.9021
2956 71.9021
2957 71.9021
2958 71.9021
2959 71.9021
2960 71.9021
2961 71.9021
2962 71.9021
2963 71.9021
2964 71.9021
2965 71.9021
2966 71.9021
2967 71.9021
2968 71.9021
2969 71.9021
2970 71.9021
2971 71.9021
2972 71.9021
2973 71.9021
2974 71.9021
2975 71.9021
2976 71.9021
2977 71.9021
2978 71.9021
2979 71.9021
2980 71.9021
2981 71.9021
2982 71.9021
2983 71.9021
2984 71.9021
2985 71.9021
2986 71.9021
2987 71.9021
2988 71.9021
2989 71.9021
2990 71.9021
2991 71.9021
2992 71.9021
2993 71.9021
2994 71.9021
2995 71.9021
2996 71.9021
2997 71.9021
2998 71.9021
2999 71.9021
3000 71.9021
3001 71.9021
3002 71.9021
3003 71.9021
3004 71.9021
3005 71.9021
3006 71.9021
3007 71.9021
3008 71.9021
3009 71.9021
3010 71.9021
3011 71.9021
3012 71.9021
3013 71.9021
3014 71.9021
3015 71.9021
3016 71.9021
3017 71.9021
3018 71.9021
3019 71.9021
3020 71.9021
3021 71.9021
3022 71.9021
3023 71.9021
3024 71.9021
3025 71.9021
3026 71.9021
3027 71.9021
3028 71.9021
3029 71.9021
3030 71.9021
3031 71.9021
3032 71.9021
3033 71.9021
3034 71.9021
3035 71.9021
3036 71.9021
3037 71.9021
3038 71.9021
3039 71.9021
3040 71.9021
3041 71.9021
3042 71.9021
3043 71.9021
3044 71.9021
3045 71.9021
3046 71.9021
3047 71.9021
3048 71.9021
3049 71.9021
3050 71.9021
3051 71.9021
3052 71.9021
3053 71.9021
3054 71.9021
3055 71.9021
3056 71.9021
3057 71.9021
3058 71.9021
3059 71.9021
3060 71.9021
3061 71.9021
3062 71.9021
3063 71.9021
3064 71.9021
3065 71.9021
3066 71.9021
3067 71.9021
3068 71.9021
3069 71.9021
3070 71.9021
3071 71.9021
3072 71.9021
3073 71.9021
3074 71.9021
3075 71.9021
3076 71.9021
3077 71.9021
3078 71.9021
3079 71.9021
3080 71.9021
3081 71.9021
3082 71.9021
3083 71.9021
3084 71.9021
3085 71.9021
3086 71.9021
3087 71.9021
3088 71.9021
3089 71.9021
3090 71.9021
3091 71.9021
3092 71.9021
3093 71.9021
3094 71.9021
3095 71.9021
3096 71.9021
3097 71.9021
3098 71.9021
3099 71.9021
3100 71.9021
3101 71.9021
3102 71.9021
3103 71.9021
3104 71.9021
3105 71.9021
3106 71.9021
3107 71.9021
3108 71.9021
3109 71.9021
3110 71.9021
3111 71.9021
3112 71.9021
3113 71.9021
3114 71.9021
3115 71.9021
3116 71.9021
3117 71.8391
3118 71.8391
3119 71.8391
3120 71.8391
3121 71.8391
3122 71.8391
3123 71.8391
3124 71.8391
3125 71.8391
3126 71.8391
3127 71.8391
3128 71.8391
3129 71.8391
3130 71.8391
3131 71.8391
3132 71.8391
3133 71.8391
3134 71.8391
3135 71.8391
3136 71.8391
3137 71.8391
3138 71.8391
3139 71.8391
3140 71.8391
3141 71.8391
3142 71.8391
3143 71.8391
3144 71.8391
3145 71.8391
3146 71.8391
3147 71.8391
3148 71.8391
3149 71.8391
3150 71.8391
3151 71.8391
3152 71.8391
3153 71.8391
3154 71.8391
3155 71.8391
3156 71.8391
3157 71.8391
3158 71.8391
3159 71.8391
3160 71.8391
3161 71.8391
3162 71.8391
3163 71.8391
3164 71.8391
3165 71.8391
3166 71.8391
3167 71.8391
3168 71.8391
3169 71.8391
3170 71.8391
3171 71.8391
3172 71.8391
3173 71.7407
3174 71.7407
3175 71.7407
3176 71.7407
3177 71.7407
3178 71.7407
3179 71.7407
3180 71.7407
3181 71.7407
3182 71.7407
3183 71.7407
3184 71.7407
3185 71.7407
3186 71.7407
3187 71.7407
3188 71.7407
3189 71.7407
3190 71.7407
3191 71.7407
3192 71.7407
3193 71.7407
3194 71.7407
3195 71.7407
3196 71.7407
3197 71.7407
3198 71.7407
3199 71.7407
3200 71.7407
3201 71.7407
3202 71.7407
3203 71.7407
3204 71.7407
3205 71.7407
3206 71.7407
3207 71.7407
3208 71.7407
3209 71.7407
3210 71.7407
3211 71.7407
3212 71.7407
3213 71.7407
3214 71.7407
3215 71.7407
3216 71.7407
3217 71.7407
3218 71.7407
3219 71.7407
3220 71.7407
3221 71.7407
3222 71.7407
3223 71.7407
3224 71.7407
3225 71.7407
3226 71.7407
3227 71.7407
3228 71.7407
3229 71.7407
3230 71.7407
3231 71.7407
3232 71.7407
3233 71.7407
3234 71.7407
3235 71.7407
3236 71.7407
3237 71.7407
3238 71.7407
3239 71.7407
3240 71.7407
3241 71.7407
3242 71.7407
3243 71.7407
3244 71.7407
3245 71.7407
3246 71.7407
3247 71.7407
3248 71.7407
3249 71.7407
3250 71.7407
3251 71.7407
3252 71.7407
3253 71.7407
3254 71.7407
3255 71.7407
3256 71.7407
3257 71.7407
3258 71.7407
3259 71.7407
3260 71.7407
3261 71.7407
3262 71.7407
3263 71.7407
3264 71.7407
3265 71.7407
3266 71.7407
3267 71.7407
3268 71.7407
3269 71.7407
3270 71.7407
3271 71.7407
3272 71.7407
3273 71.7407
3274 71.7407
3275 71.7407
3276 71.7407
3277 71.7407
3278 71.7407
3279 71.7407
3280 71.7407
3281 71.7407
3282 71.7407
3283 71.7407
3284 71.7407
3285 71.7407
3286 71.7407
3287 71.7407
3288 71.7407
3289 71.7407
3290 71.7407
3291 71.7407
3292 71.7407
3293 71.7407
3294 71.7407
3295 71.7407
3296 71.7407
3297 71.7407
3298 71.7407
3299 71.7407
3300 71.7407
3301 71.7407
3302 71.7407
3303 71.7407
3304 71.7407
3305 71.7407
3306 71.7407
3307 71.7407
3308 71.7407
3309 71.7407
3310 71.7407
3311 71.7407
3312 71.7407
3313 71.7407
3314 71.7407
3315 71.7407
3316 71.7407
3317 71.7407
3318 71.7407
3319 71.7407
3320 71.7407
3321 71.7407
3322 71.7407
3323 71.7407
3324 71.7407
3325 71.7407
3326 71.7407
3327 71.7407
3328 71.7407
3329 71.7407
3330 71.7407
3331 71.7407
3332 71.7407
3333 71.7407
3334 71.7407
3335 71.7407
3336 71.7407
3337 71.7407
3338 71.7407
3339 71.7407
3340 71.7407
3341 71.7407
3342 71.7407
3343 71.7407
3344 71.7407
3345 71.7407
3346 71.7407
3347 71.7407
3348 71.7407
3349 71.7407
3350 71.7407
3351 71.7407
3352 71.7407
3353 71.7407
3354 71.7407
3355 71.7407
3356 71.7407
3357 71.7407
3358 71.7407
3359 71.7407
3360 71.7407
3361 71.7407
3362 71.7407
3363 71.7407
3364 71.7407
3365 71.7407
3366 71.7407
3367 71.7407
3368 71.7407
3369 71.7407
3370 71.7407
3371 71.7407
3372 71.7407
3373 71.7407
3374 71.7407
3375 71.7407
3376 71.7407
3377 71.7407
3378 71.7407
3379 71.7407
3380 71.7407
3381 71.7407
3382 71.7407
3383 71.7407
3384 71.7407
3385 71.7407
3386 71.7407
3387 71.7407
3388 71.7407
3389 71.7407
3390 71.7407
3391 71.7407
3392 71.7407
3393 71.7407
3394 71.7407
3395 71.7407
3396 71.7407
3397 71.7407
3398 71.7407
3399 71.7407
3400 71.7407
3401 71.7407
3402 71.7407
3403 71.7407
3404 71.7407
3405 71.7407
3406 71.7407
3407 71.7407
3408 71.7407
3409 71.7407
3410 71.7407
3411 71.7407
3412 71.7407
3413 71.7407
3414 71.7407
3415 71.7407
3416 71.6938
3417 71.6938
3418 71.6938
3419 71.6938
3420 71.6938
3421 71.6938
3422 71.6938
3423 71.6938
3424 71.6938
3425 71.6938
3426 71.6938
3427 71.6938
3428 71.6938
3429 71.6938
3430 71.6938
3431 71.6938
3432 71.6938
3433 71.6938
3434 71.6938
3435 71.6938
3436 71.6938
3437 71.6938
3438 71.6938
3439 71.6938
3440 71.6938
3441 71.6938
3442 71.6938
3443 71.6938
3444 71.6938
3445 71.6938
3446 71.6938
3447 71.6938
3448 71.6938
3449 71.6938
3450 71.6938
3451 71.6938
3452 71.6938
3453 71.6938
3454 71.6938
3455 71.6938
3456 71.6938
3457 71.6938
3458 71.6938
3459 71.6938
3460 71.6938
3461 71.6938
3462 71.6938
3463 71.6938
3464 71.6938
3465 71.6938
3466 71.6938
3467 71.6938
3468 71.6938
3469 71.6938
3470 71.6938
3471 71.6938
3472 71.6938
3473 71.6938
3474 71.6938
3475 71.6938
3476 71.6938
3477 71.6938
3478 71.6938
3479 71.6938
3480 71.6938
3481 71.6938
3482 71.6938
3483 71.6938
3484 71.6938
3485 71.6938
3486 71.6938
3487 71.6938
3488 71.6938
3489 71.6938
3490 71.6938
3491 71.6938
3492 71.6938
3493 71.6938
3494 71.6938
3495 71.6938
3496 71.6938
3497 71.6938
3498 71.6938
3499 71.6938
3500 71.6938
3501 71.6938
3502 71.6938
3503 71.6938
3504 71.6938
3505 71.6938
3506 71.6938
3507 71.6938
3508 71.6938
3509 71.6938
3510 71.6938
3511 71.6938
3512 71.6938
3513 71.6938
3514 71.6938
3515 71.6938
3516 71.6938
3517 71.6938
3518 71.6938
3519 71.6938
3520 71.6938
3521 71.6938
3522 71.6938
3523 71.6938
3524 71.6938
3525 71.6938
3526 71.6938
3527 71.6938
3528 71.6938
3529 71.6938
3530 71.6938
3531 71.6938
3532 71.6938
3533 71.6938
3534 71.6938
3535 71.6938
3536 71.6938
3537 71.6938
3538 71.6938
3539 71.6938
3540 71.6938
3541 71.6938
3542 71.6938
3543 71.6938
3544 71.6938
3545 71.6938
3546 71.6938
3547 71.6938
3548 71.6938
3549 71.6938
3550 71.6938
3551 71.6938
3552 71.6938
3553 71.6938
3554 71.6938
3555 71.6938
3556 71.6938
3557 71.6938
3558 71.6938
3559 71.6938
3560 71.6938
3561 71.6938
3562 71.6938
3563 71.6938
3564 71.6938
3565 71.6938
3566 71.6938
3567 71.6938
3568 71.6938
3569 71.6938
3570 71.6938
3571 71.6938
3572 71.6938
3573 71.6938
3574 71.6938
3575 71.6938
3576 71.6938
3577 71.6938
3578 71.6938
3579 71.6938
3580 71.6938
3581 71.6938
3582 71.6938
3583 71.6938
3584 71.6938
3585 71.6938
3586 71.6938
3587 71.6938
3588 71.6938
3589 71.6938
3590 71.6938
3591 71.6938
3592 71.6938
3593 71.6938
3594 71.6938
3595 71.6938
3596 71.6938
3597 71.6938
3598 71.6938
3599 71.4884
3600 71.4884
3601 71.4884
3602 71.4884
3603 71.4884
3604 71.4884
3605 71.4884
3606 71.4884
3607 71.4884
3608 71.4884
3609 71.4884
3610 71.4884
3611 71.4884
3612 71.4884
3613 71.4884
3614 71.4884
3615 71.4884
3616 71.4884
3617 71.4884
3618 71.4884
3619 71.4884
3620 71.4884
3621 71.4884
3622 71.4884
3623 71.4884
3624 71.4884
3625 71.4884
3626 71.4884
3627 71.4884
3628 71.4884
3629 71.4884
3630 71.4884
3631 71.4884
3632 71.4884
3633 71.4884
3634 71.4884
3635 71.4884
3636 71.4884
3637 71.4884
3638 71.4884
3639 71.4884
3640 71.4884
3641 71.4884
3642 71.4884
3643 71.4884
3644 71.4884
3645 71.4884
3646 71.4884
3647 71.4884
3648 71.4884
3649 71.4884
3650 71.4884
3651 71.4884
3652 71.4884
3653 71.4884
3654 71.4884
3655 71.4884
3656 71.4884
3657 71.4884
3658 71.4884
3659 71.4884
3660 71.4884
3661 71.4884
3662 71.4884
3663 71.4884
3664 71.4884
3665 71.4884
3666 71.4884
3667 71.4884
3668 71.4884
3669 71.4884
3670 71.4884
3671 71.4884
3672 71.4884
3673 71.4884
3674 71.4884
3675 71.4884
3676 71.4884
3677 71.4884
3678 71.4884
3679 71.4884
3680 71.4884
3681 71.4884
3682 71.4884
3683 71.4884
3684 71.4884
3685 71.4884
3686 71.4884
3687 71.4884
3688 71.4884
3689 71.4884
3690 71.4884
3691 71.4884
3692 71.4884
3693 71.4884
3694 71.4884
3695 71.4884
3696 71.4884
3697 71.4884
3698 71.4884
3699 71.4884
3700 71.4884
3701 71.4884
3702 71.4884
3703 71.4884
3704 71.4884
3705 71.4884
3706 71.4884
3707 71.4884
3708 71.4884
3709 71.4884
3710 71.4884
3711 71.4884
3712 71.4884
3713 71.4884
3714 71.4884
3715 71.4884
3716 71.4884
3717 71.4884
3718 71.4884
3719 71.4884
3720 71.4884
3721 71.4884
3722 71.4884
3723 71.4884
3724 71.4884
3725 71.4884
3726 71.4884
3727 71.4884
3728 71.4884
3729 71.4884
3730 71.4884
3731 71.4884
3732 71.4884
3733 71.4884
3734 71.4884
3735 71.4884
3736 71.4884
3737 71.4884
3738 71.4884
3739 71.4884
3740 71.4884
3741 71.4884
3742 71.4884
3743 71.4884
3744 71.4884
3745 71.4884
3746 71.4884
3747 71.4884
3748 71.4884
3749 71.4884
3750 71.4884
3751 71.4884
3752 71.4884
3753 71.4884
3754 71.4884
3755 71.4884
3756 71.4884
3757 71.4884
3758 71.4884
3759 71.4884
3760 71.4884
3761 71.4884
3762 71.4884
3763 71.4884
3764 71.4884
3765 71.4884
3766 71.4884
3767 71.4884
3768 71.4884
3769 71.4884
3770 71.4884
3771 71.4884
3772 71.2614
3773 71.2614
3774 71.2614
3775 71.2614
3776 71.2614
3777 71.2614
3778 71.2614
3779 71.2614
3780 71.2614
3781 71.2614
3782 71.2614
3783 71.2614
3784 71.2614
3785 71.2614
3786 71.2614
3787 71.2614
3788 71.2614
3789 71.2614
3790 71.2614
3791 71.2614
3792 71.2614
3793 71.2614
3794 71.2614
3795 71.2614
3796 71.2614
3797 71.2614
3798 71.2614
3799 71.2614
3800 71.2614
3801 71.2614
3802 71.2614
3803 71.2614
3804 71.2614
3805 71.2614
3806 71.2614
3807 71.2614
3808 71.2614
3809 71.2614
3810 71.2614
3811 71.2614
3812 71.2614
3813 71.2614
3814 71.2614
3815 71.2614
3816 71.2614
3817 71.2614
3818 71.2614
3819 71.2614
3820 71.2614
3821 71.2614
3822 71.2614
3823 71.2614
3824 71.2614
3825 71.2614
3826 71.2614
3827 71.2614
3828 71.2614
3829 71.2614
3830 71.2614
3831 71.2614
3832 71.2614
3833 71.2614
3834 71.2614
3835 71.2614
3836 71.2614
3837 71.2614
3838 71.2614
3839 71.2614
3840 71.2614
3841 71.2614
3842 71.2614
3843 71.2614
3844 71.2614
3845 71.2614
3846 71.2614
3847 71.2614
3848 71.2614
3849 71.2614
3850 71.2614
3851 71.2614
3852 71.2614
3853 71.2614
3854 71.2614
3855 71.2614
3856 71.2614
3857 71.2614
3858 71.2614
3859 71.2614
3860 71.2614
3861 71.2614
3862 71.2614
3863 71.2614
3864 71.2614
3865 71.2614
3866 71.2614
3867 71.2614
3868 71.2614
3869 71.2614
3870 71.2614
3871 71.2614
3872 71.2614
3873 71.2614
3874 71.2614
3875 71.2614
3876 71.2614
3877 71.2614
3878 71.2614
3879 71.2614
3880 71.2614
3881 71.2614
3882 71.2614
3883 71.2614
3884 71.2614
3885 71.2614
3886 71.2614
3887 71.2614
3888 71.2614
3889 71.2614
3890 71.2614
3891 71.2614
3892 71.2614
3893 71.2614
3894 71.2614
3895 71.2614
3896 71.2614
3897 71.2614
3898 71.2614
3899 71.2614
3900 71.2614
3901 71.2614
3902 71.2614
3903 71.2614
3904 71.2614
3905 71.2614
3906 71.2614
3907 71.2614
3908 71.2614
3909 71.2614
3910 71.2614
3911 71.2614
3912 71.2614
3913 71.2614
3914 71.2614
3915 71.2614
3916 71.2614
3917 71.2614
3918 71.2614
3919 71.2614
3920 71.2614
3921 71.2614
3922 71.2614
3923 71.2614
3924 71.2614
3925 71.2614
3926 71.2614
3927 71.2614
3928 71.2614
3929 71.2614
3930 71.2614
3931 71.2614
3932 71.2614
3933 71.2614
3934 71.2614
3935 71.2614
3936 71.2614
3937 71.2614
3938 71.2614
3939 71.2614
3940 71.2614
3941 71.2614
3942 71.2614
3943 71.2614
3944 71.2614
3945 70.8037
3946 70.8037
3947 70.8037
3948 70.8037
3949 70.8037
3950 70.8037
3951 70.8037
3952 70.8037
3953 70.8037
3954 70.8037
3955 70.8037
3956 70.8037
3957 70.8037
3958 70.8037
3959 70.8037
3960 70.8037
3961 70.8037
3962 70.8037
3963 70.8037
3964 70.8037
3965 70.8037
3966 70.8037
3967 70.8037
3968 70.8037
3969 70.8037
3970 70.8037
3971 70.8037
3972 70.8037
3973 70.8037
3974 70.8037
3975 70.8037
3976 70.8037
3977 70.8037
3978 70.8037
3979 70.8037
3980 70.8037
3981 70.8037
3982 70.8037
3983 70.8037
3984 70.8037
3985 70.8037
3986 70.8037
3987 70.8037
3988 70.8037
3989 70.8037
3990 70.8037
3991 70.8037
3992 70.8037
3993 70.8037
3994 70.8037
3995 70.8037
3996 70.8037
3997 70.8037
3998 70.8037
3999 70.8037
4000 70.8037
4001 70.8037
4002 70.8037
4003 70.8037
4004 70.8037
4005 70.8037
4006 70.8037
4007 70.8037
4008 70.8037
4009 70.8037
4010 70.8037
4011 70.8037
4012 70.8037
4013 70.8037
4014 70.8037
4015 70.8037
4016 70.8037
4017 70.8037
4018 70.8037
4019 70.8037
4020 70.8037
4021 70.8037
4022 70.8037
4023 70.8037
4024 70.8037
4025 70.8037
4026 70.8037
4027 70.8037
4028 70.8037
4029 70.8037
4030 70.8037
4031 70.8037
4032 70.8037
4033 70.8037
4034 70.8037
4035 70.8037
4036 70.8037
4037 70.737
4038 70.737
4039 70.737
4040 70.737
4041 70.737
4042 70.737
4043 70.737
4044 70.737
4045 70.737
4046 70.737
4047 70.737
4048 70.737
4049 70.737
4050 70.737
4051 70.737
4052 70.737
4053 70.737
4054 70.737
4055 70.737
4056 70.737
4057 70.737
4058 70.737
4059 70.737
4060 70.737
4061 70.737
4062 70.737
4063 70.737
4064 70.737
4065 70.737
4066 70.737
4067 70.737
4068 70.737
4069 70.737
4070 70.737
4071 70.737
4072 70.737
4073 70.737
4074 70.737
4075 70.737
4076 70.737
4077 70.737
4078 70.737
4079 70.737
4080 70.737
4081 70.737
4082 70.737
4083 70.737
4084 70.737
4085 70.737
4086 70.737
4087 70.737
4088 70.737
4089 70.737
4090 70.737
4091 70.737
4092 70.737
4093 70.737
4094 70.737
4095 70.737
4096 70.737
4097 70.737
4098 70.737
4099 70.737
4100 70.737
4101 70.737
4102 70.737
4103 70.737
4104 70.737
4105 70.737
4106 70.737
4107 70.737
4108 70.737
4109 70.737
4110 70.737
4111 70.737
4112 70.737
4113 70.737
4114 70.737
4115 70.737
4116 70.737
4117 70.737
4118 70.737
4119 70.737
4120 70.737
4121 70.737
4122 70.737
4123 70.737
4124 70.737
4125 70.737
4126 70.737
4127 70.737
4128 70.737
4129 70.737
4130 70.737
4131 70.737
4132 70.737
4133 70.737
4134 70.737
4135 70.737
4136 70.737
4137 70.737
4138 70.737
4139 70.737
4140 70.737
4141 70.737
4142 70.737
4143 70.737
4144 70.737
4145 70.737
4146 70.737
4147 70.737
4148 70.737
4149 70.737
4150 70.737
4151 70.737
4152 70.737
4153 70.737
4154 70.737
4155 70.737
4156 70.737
4157 70.737
4158 70.737
4159 70.737
4160 70.737
4161 70.737
4162 70.737
4163 70.737
4164 70.737
4165 70.737
4166 70.737
4167 70.737
4168 70.737
4169 70.737
4170 70.737
4171 70.737
4172 70.737
4173 70.737
4174 70.737
4175 70.737
4176 70.737
4177 70.737
4178 70.737
4179 70.737
4180 70.737
4181 70.737
4182 70.737
4183 70.737
4184 70.737
4185 70.737
4186 70.737
4187 70.737
4188 70.737
4189 70.737
4190 70.737
4191 70.737
4192 70.737
4193 70.737
4194 70.737
4195 70.737
4196 70.737
4197 70.737
4198 70.737
4199 70.737
4200 70.737
4201 70.737
4202 70.737
4203 70.737
4204 70.737
4205 70.737
4206 70.737
4207 70.737
4208 70.737
4209 70.737
4210 70.737
4211 70.737
4212 70.737
4213 70.737
4214 70.737
4215 70.737
4216 70.737
4217 70.737
4218 70.737
4219 70.737
4220 70.737
4221 70.737
4222 70.737
4223 70.737
4224 70.737
4225 70.737
4226 70.737
4227 70.737
4228 70.737
4229 70.737
4230 70.737
4231 70.737
4232 70.737
4233 70.737
4234 70.737
4235 70.737
4236 70.737
4237 70.737
4238 70.737
4239 70.737
4240 70.737
4241 70.737
4242 70.737
4243 70.737
4244 70.737
4245 70.737
4246 70.737
4247 70.737
4248 70.737
4249 70.737
4250 70.737
4251 70.737
4252 70.737
4253 70.737
4254 70.737
4255 70.737
4256 70.737
4257 70.737
4258 70.737
4259 70.737
4260 70.737
4261 70.737
4262 70.737
4263 70.737
4264 70.737
4265 70.737
4266 70.737
4267 70.737
4268 70.737
4269 70.737
4270 70.737
4271 70.737
4272 70.737
4273 70.737
4274 70.737
4275 70.737
4276 70.737
4277 70.737
4278 70.737
4279 70.737
4280 70.737
4281 70.737
4282 70.737
4283 70.737
4284 70.737
4285 70.737
4286 70.737
4287 70.737
4288 70.737
4289 70.737
4290 70.737
4291 70.737
4292 70.737
4293 70.737
4294 70.737
4295 70.737
4296 70.737
4297 70.737
4298 70.737
4299 70.737
4300 70.737
4301 70.737
4302 70.737
4303 70.737
4304 70.737
4305 70.737
4306 70.737
4307 70.737
4308 70.737
4309 70.737
4310 70.737
4311 70.737
4312 70.737
4313 70.737
4314 70.737
4315 70.737
4316 70.737
4317 70.737
4318 70.737
4319 70.737
4320 70.737
4321 70.737
4322 70.737
4323 70.737
4324 70.737
4325 70.737
4326 70.737
4327 70.737
4328 70.737
4329 70.737
4330 70.737
4331 70.737
4332 70.737
4333 70.737
4334 70.737
4335 70.737
4336 70.737
4337 70.737
4338 70.737
4339 70.737
4340 70.737
4341 70.737
4342 70.737
4343 70.737
4344 70.737
4345 70.737
4346 70.737
4347 70.737
4348 70.737
4349 70.737
4350 70.737
4351 70.737
4352 70.737
4353 70.737
4354 70.737
4355 70.737
4356 70.737
4357 70.737
4358 70.737
4359 70.737
4360 70.737
4361 70.737
4362 70.737
4363 70.737
4364 70.737
4365 70.737
4366 70.737
4367 70.737
4368 70.737
4369 70.737
4370 70.737
4371 70.737
4372 70.737
4373 70.737
4374 70.737
4375 70.737
4376 70.737
4377 70.737
4378 70.737
4379 70.737
4380 70.737
4381 70.737
4382 70.737
4383 70.737
4384 70.737
4385 70.737
4386 70.737
4387 70.737
4388 70.737
4389 70.737
4390 70.737
4391 70.737
4392 70.737
4393 70.737
4394 70.737
4395 70.737
4396 70.737
4397 70.737
4398 70.737
4399 70.737
4400 70.737
4401 70.737
4402 70.737
4403 70.737
4404 70.737
4405 70.737
4406 70.737
4407 70.737
4408 70.737
4409 70.737
4410 70.737
4411 70.737
4412 70.737
4413 70.737
4414 70.737
4415 70.737
4416 70.737
4417 70.737
4418 70.737
4419 70.737
4420 70.737
4421 70.737
4422 70.737
4423 70.737
4424 70.737
4425 70.737
4426 70.737
4427 70.737
4428 70.737
4429 70.737
4430 70.737
4431 70.737
4432 70.737
4433 70.737
4434 70.737
4435 70.737
4436 70.737
4437 70.737
4438 70.737
4439 70.737
4440 70.737
4441 70.737
4442 70.737
4443 70.737
4444 70.737
4445 70.737
4446 70.737
4447 70.737
4448 70.737
4449 70.737
4450 70.737
4451 70.737
4452 70.737
4453 70.737
4454 70.737
4455 70.737
4456 70.737
4457 70.737
4458 70.737
4459 70.737
4460 70.737
4461 70.737
4462 70.737
4463 70.737
4464 70.737
4465 70.737
4466 70.737
4467 70.737
4468 70.737
4469 70.737
4470 70.737
4471 70.737
4472 70.737
4473 70.737
4474 70.737
4475 70.737
4476 70.737
4477 70.737
4478 70.737
4479 70.737
4480 70.737
4481 70.737
4482 70.737
4483 70.737
4484 70.737
4485 70.737
4486 70.737
4487 70.737
4488 70.737
4489 70.737
4490 70.737
4491 70.737
4492 70.737
4493 70.737
4494 70.737
4495 70.737
4496 70.737
4497 70.737
4498 70.737
4499 70.737
4500 70.737
4501 70.737
4502 70.737
4503 70.737
4504 70.737
4505 70.737
4506 70.737
4507 70.737
4508 70.737
4509 70.737
4510 70.737
4511 70.737
4512 70.737
4513 70.737
4514 70.737
4515 70.737
4516 70.737
4517 70.737
4518 70.737
4519 70.737
4520 70.737
4521 70.737
4522 70.737
4523 70.737
4524 70.737
4525 70.737
4526 70.737
4527 70.737
4528 70.737
4529 70.737
4530 70.737
4531 70.737
4532 70.737
4533 70.737
4534 70.737
4535 70.737
4536 70.737
4537 70.737
4538 70.737
4539 70.737
4540 70.737
4541 70.737
4542 70.737
4543 70.737
4544 70.737
4545 70.737
4546 70.737
4547 70.737
4548 70.737
4549 70.737
4550 70.737
4551 70.737
4552 70.737
4553 70.737
4554 70.737
4555 70.737
4556 70.737
4557 70.737
4558 70.737
4559 70.737
4560 70.737
4561 70.737
4562 70.737
4563 70.737
4564 70.737
4565 70.737
4566 70.737
4567 70.737
4568 70.737
4569 70.737
4570 70.737
4571 70.737
4572 70.737
4573 70.737
4574 70.737
4575 70.737
4576 70.737
4577 70.737
4578 70.737
4579 70.737
4580 70.737
4581 70.737
4582 70.737
4583 70.737
4584 70.737
4585 70.737
4586 70.737
4587 70.737
4588 70.737
4589 70.737
4590 70.737
4591 70.737
4592 70.7136
4593 70.7136
4594 70.7136
4595 70.7136
4596 70.7136
4597 70.7136
4598 70.7136
4599 70.7136
4600 70.7136
4601 70.7136
4602 70.7136
4603 70.7136
4604 70.7136
4605 70.7136
4606 70.7136
4607 70.7136
4608 70.7136
4609 70.7136
4610 70.7136
4611 70.7136
4612 70.7136
4613 70.7136
4614 70.7136
4615 70.7136
4616 70.7136
4617 70.7136
4618 70.7136
4619 70.7136
4620 70.7136
4621 70.7136
4622 70.7136
4623 70.7136
4624 70.7136
4625 70.7136
4626 70.7136
4627 70.7136
4628 70.7136
4629 70.7136
4630 70.7136
4631 70.7136
4632 70.7136
4633 70.7136
4634 70.7136
4635 70.7136
4636 70.7136
4637 70.7136
4638 70.7136
4639 70.7136
4640 70.2235
4641 70.2235
4642 70.2235
4643 70.2235
4644 70.2235
4645 70.2235
4646 70.2235
4647 70.2235
4648 70.2235
4649 70.2235
4650 70.2235
4651 70.2235
4652 70.2235
4653 70.2235
4654 70.2235
4655 70.2235
4656 70.2235
4657 70.2235
4658 70.2235
4659 70.2235
4660 70.2235
4661 70.2235
4662 70.2235
4663 70.2235
4664 70.2235
4665 70.2235
4666 70.2235
4667 70.2235
4668 70.2235
4669 70.2235
4670 70.2235
4671 70.2235
4672 70.2235
4673 70.2235
4674 70.2235
4675 70.2235
4676 70.2235
4677 70.2235
4678 70.2235
4679 70.2235
4680 70.2235
4681 70.2235
4682 70.2235
4683 70.2235
4684 70.2235
4685 70.2235
4686 70.2235
4687 70.2235
4688 70.2235
4689 70.2235
4690 70.2235
4691 70.2235
4692 70.2235
4693 70.2235
4694 70.2235
4695 70.2235
4696 70.2235
4697 70.2235
4698 70.2235
4699 70.2235
4700 70.2235
4701 70.2235
4702 70.2235
4703 70.2235
4704 70.2235
4705 70.2235
4706 70.2235
4707 70.2235
4708 70.2235
4709 70.2235
4710 70.2235
4711 70.2235
4712 70.2235
4713 70.2235
4714 70.2235
4715 70.2235
4716 70.2235
4717 70.2235
4718 70.2235
4719 70.2235
4720 70.2235
4721 70.2235
4722 70.2235
4723 70.2235
4724 70.2235
4725 70.2235
4726 70.2235
4727 70.2235
4728 70.2235
4729 70.2235
4730 70.2235
4731 70.2235
4732 70.2235
4733 70.2235
4734 70.2235
4735 70.2235
4736 70.2235
4737 70.2235
4738 70.2235
4739 70.2235
4740 70.2235
4741 70.2235
4742 70.2235
4743 70.2235
4744 70.2235
4745 70.2235
4746 70.2235
4747 70.2235
4748 70.2235
4749 70.2235
4750 70.2235
4751 70.2235
4752 70.2235
4753 70.2235
4754 70.2235
4755 70.2235
4756 70.2235
4757 70.2235
4758 70.2235
4759 70.2235
4760 70.2235
4761 70.2235
4762 70.2235
4763 70.2235
4764 70.2235
4765 70.2235
4766 70.2235
4767 70.2235
4768 70.2235
4769 70.2235
4770 70.2235
4771 70.2235
4772 70.2235
4773 70.2235
4774 70.2235
4775 70.2235
4776 70.2235
4777 70.2235
4778 70.2235
4779 70.2235
4780 70.2235
4781 70.2235
4782 70.2235
4783 70.2235
4784 70.2235
4785 70.2235
4786 70.2235
4787 70.2235
4788 70.2235
4789 70.2235
4790 70.2235
4791 70.2235
4792 70.2235
4793 70.2235
4794 70.2235
4795 70.2235
4796 70.2235
4797 70.2235
4798 70.2235
4799 70.2235
4800 70.2235
4801 70.2235
4802 70.2235
4803 70.2235
4804 70.2235
4805 70.2235
4806 70.2235
4807 70.2235
4808 70.2235
4809 70.2235
4810 70.2235
4811 70.2235
4812 70.2235
4813 70.2235
4814 70.2235
4815 70.2235
4816 70.2235
4817 70.2235
4818 70.2235
4819 70.2235
4820 70.2235
4821 70.2235
4822 70.2235
4823 70.2235
4824 70.2235
4825 70.2235
4826 70.2235
4827 70.2235
4828 70.2235
4829 70.2235
4830 70.2235
4831 70.2235
4832 70.2235
4833 70.2235
4834 70.2235
4835 70.2235
4836 70.2235
4837 70.2235
4838 70.2235
4839 70.2235
4840 70.2235
4841 70.2235
4842 70.2235
4843 70.2235
4844 70.2235
4845 70.2235
4846 70.2235
4847 70.2235
4848 70.2235
4849 70.2235
4850 70.2235
4851 70.2235
4852 70.2235
4853 70.2235
4854 70.2235
4855 70.2235
4856 70.2235
4857 70.2235
4858 70.2235
4859 70.2235
4860 70.2235
4861 70.2235
4862 70.2235
4863 70.2235
4864 70.2235
4865 70.2235
4866 70.2235
4867 70.2235
4868 70.2235
4869 70.2235
4870 70.2235
4871 70.2235
4872 70.2235
4873 70.2235
4874 70.2235
4875 70.2235
4876 70.2235
4877 70.2235
4878 70.2235
4879 70.2235
4880 70.2235
4881 70.2235
4882 70.2235
4883 70.2235
4884 70.2235
4885 70.2235
4886 70.2235
4887 70.2235
4888 70.2235
4889 70.2235
4890 70.2235
4891 70.2235
4892 70.2235
4893 70.2235
4894 70.2235
4895 70.2235
4896 70.2235
4897 70.2235
4898 70.2235
4899 70.2235
4900 70.2235
4901 70.2235
4902 70.2235
4903 70.2235
4904 70.2235
4905 70.2235
4906 70.2235
4907 70.2235
4908 70.2235
4909 70.2235
4910 70.2235
4911 70.2235
4912 70.2235
4913 70.2235
4914 70.2235
4915 70.2235
4916 70.2235
4917 70.2235
4918 70.2235
4919 70.2235
4920 70.2235
4921 70.2235
4922 70.2235
4923 70.2235
4924 70.2235
4925 70.2235
4926 70.2235
4927 70.2235
4928 70.2235
4929 70.2235
4930 70.2235
4931 70.2235
4932 70.2235
4933 70.2235
4934 70.2235
4935 70.2235
4936 70.2235
4937 70.2235
4938 70.2235
4939 70.2235
4940 70.2235
4941 70.2235
4942 70.2235
4943 70.2235
4944 70.2235
4945 70.2235
4946 70.2235
4947 70.2235
4948 70.2235
4949 70.2235
4950 70.2235
4951 70.2235
4952 70.2235
4953 70.2235
4954 70.2235
4955 70.2235
4956 70.2235
4957 70.2235
4958 70.2235
4959 70.2235
4960 70.2235
4961 70.2235
4962 70.2235
4963 70.2235
4964 70.2235
4965 70.2235
4966 70.2235
4967 70.2235
4968 70.2235
4969 70.2235
4970 70.2235
4971 70.2235
4972 70.2235
4973 70.2235
4974 70.2235
4975 70.2235
4976 70.2235
4977 70.2235
4978 70.2235
4979 70.2235
4980 70.2235
4981 70.2235
4982 70.2235
4983 70.2235
4984 70.2235
4985 70.2235
4986 70.2235
4987 70.2235
4988 70.2235
4989 70.2235
4990 70.2235
4991 70.2235
4992 70.2235
4993 70.2235
4994 70.2235
4995 70.2235
4996 70.2235
4997 70.2235
4998 70.2235
4999 70.2235
5000 70.2235
5001 70.2235
5002 70.2235
5003 70.2235
5004 70.2235
5005 70.2235
5006 70.2235
5007 70.2235
5008 70.2235
5009 70.2235
5010 70.2235
5011 70.2235
5012 70.2235
5013 70.2235
5014 70.2235
5015 70.2235
5016 70.2235
5017 70.2235
5018 70.2235
5019 70.2235
5020 70.2235
5021 70.2235
5022 70.2235
5023 70.2235
5024 70.2235
5025 70.2235
5026 70.2235
5027 70.2235
5028 70.2235
5029 70.2235
5030 70.2235
5031 70.2235
5032 70.2235
5033 70.2235
5034 70.2235
5035 70.2235
5036 70.2235
5037 70.2235
5038 70.2235
5039 70.2235
5040 70.2235
5041 70.2235
5042 70.2235
5043 70.2235
5044 70.2235
5045 70.2235
5046 70.2235
5047 70.2235
5048 70.2235
5049 70.2235
5050 70.2235
5051 70.2235
5052 70.2235
5053 70.2235
5054 70.2235
5055 70.2235
5056 70.2235
5057 70.2235
5058 70.2235
5059 70.2235
5060 70.2235
5061 70.2235
5062 70.2235
5063 70.2235
5064 70.2235
5065 70.2235
5066 70.2235
5067 70.2235
5068 70.2235
5069 70.2235
5070 70.2235
5071 70.2235
5072 70.2235
5073 70.2235
5074 70.2235
5075 70.2235
5076 70.2235
5077 70.2235
5078 70.2235
5079 70.2235
5080 70.2235
5081 70.2235
5082 70.2235
5083 70.2235
5084 70.2235
5085 70.2235
5086 70.2235
5087 70.2235
5088 70.2235
5089 70.2235
5090 70.2235
5091 70.2235
5092 70.2235
5093 70.2235
5094 70.2235
5095 70.2235
5096 70.2235
5097 70.2235
5098 70.2235
5099 70.2235
5100 70.2235
5101 70.2235
5102 70.2235
5103 70.2235
5104 70.2235
5105 70.2235
5106 70.2235
5107 70.2235
5108 70.2235
5109 70.2235
5110 70.2235
5111 70.2235
5112 70.2235
5113 70.2235
5114 70.2235
5115 70.2235
5116 70.2235
5117 70.2235
5118 70.2235
5119 70.2235
5120 70.2235
5121 70.2235
5122 70.2235
5123 70.2235
5124 70.2235
5125 70.2235
5126 70.2235
5127 70.2235
5128 70.2235
5129 70.2235
5130 70.2235
5131 70.2235
5132 70.2235
5133 70.2235
5134 70.2235
5135 70.2235
5136 70.2235
5137 70.2235
5138 70.2235
5139 70.2235
5140 70.2235
5141 70.2235
5142 70.2235
5143 70.2235
5144 70.2235
5145 70.2235
5146 70.2235
5147 70.2235
5148 70.2235
5149 70.2235
5150 70.2235
5151 70.2235
5152 70.2235
5153 70.2235
5154 70.2235
5155 70.2235
5156 70.2235
5157 70.2235
5158 70.2235
5159 70.2235
5160 70.2235
5161 70.2235
5162 70.2235
5163 70.2235
5164 70.2235
5165 70.2235
5166 70.2235
5167 70.2235
5168 70.2235
5169 70.2235
5170 70.2235
5171 70.2235
5172 70.2235
5173 70.2235
5174 70.2235
5175 70.2235
5176 70.2235
5177 70.2235
5178 70.2235
5179 70.2235
5180 70.2235
5181 70.2235
5182 70.2235
5183 70.2235
5184 70.2235
5185 70.2235
5186 70.2235
5187 70.2235
5188 70.2235
5189 70.2235
5190 70.2235
5191 70.2235
5192 70.2235
5193 70.2235
5194 70.2235
5195 70.2235
5196 70.2235
5197 70.2235
5198 70.2235
5199 70.2235
5200 70.2235
5201 70.2235
5202 70.2235
5203 70.2235
5204 70.2235
5205 70.2235
5206 70.2235
5207 70.2235
5208 70.2235
5209 70.2235
5210 70.2235
5211 70.2235
5212 70.2235
5213 70.2235
5214 70.2235
5215 70.2235
5216 70.2235
5217 70.2235
5218 70.2235
5219 70.2235
5220 70.2235
5221 70.2235
5222 70.2235
5223 70.2235
5224 70.2235
5225 70.2235
5226 70.2235
5227 70.2235
5228 70.2235
5229 70.2235
5230 70.2235
5231 70.2235
5232 70.2235
5233 70.2235
5234 70.2235
5235 70.2235
5236 70.2235
5237 70.2235
5238 70.2235
5239 70.2235
5240 70.2235
5241 70.2235
5242 70.2235
5243 70.2235
5244 70.2235
5245 70.2235
5246 70.2235
5247 70.2235
5248 70.2235
5249 70.2235
5250 70.2235
5251 70.2235
5252 70.2235
5253 70.2235
5254 70.2235
5255 70.2235
5256 70.2235
5257 70.2235
5258 70.2235
5259 70.2235
5260 70.2235
5261 70.2235
5262 70.2235
5263 70.2235
5264 70.2235
5265 70.2235
5266 70.2235
5267 70.2235
5268 70.2235
5269 70.2235
5270 70.2235
5271 70.2235
5272 70.2235
5273 70.2235
5274 70.2235
5275 70.2235
5276 70.2235
5277 70.2235
5278 70.2235
5279 70.2235
5280 70.2235
5281 70.2235
5282 70.2235
5283 70.2235
5284 70.2235
5285 70.2235
5286 70.2235
5287 70.2235
5288 70.2235
5289 70.2235
5290 70.2235
5291 70.2235
5292 70.2235
5293 70.2235
5294 70.2235
5295 70.2235
5296 70.2235
5297 70.2235
5298 70.2235
5299 70.2235
5300 70.2235
5301 70.2235
5302 70.2235
5303 70.2235
5304 70.2235
5305 70.2235
5306 70.2235
5307 70.2235
5308 70.2235
5309 70.2235
5310 70.2235
5311 70.2235
5312 70.2235
5313 70.2235
5314 70.2235
5315 70.2235
5316 70.2235
5317 70.2235
5318 70.2235
5319 70.2235
5320 70.2235
5321 70.2235
5322 70.2235
5323 70.2235
5324 70.2235
5325 70.2235
5326 70.2235
5327 70.2235
5328 70.2235
5329 70.2235
5330 70.2235
5331 70.2235
5332 70.2235
5333 70.2235
5334 70.2235
5335 70.2235
5336 70.2235
5337 70.2235
5338 70.2235
5339 70.2235
5340 70.2235
5341 70.2235
5342 70.2235
5343 70.2235
5344 70.2235
5345 70.2235
5346 70.2235
5347 70.2235
5348 70.2235
5349 70.2235
5350 70.2235
5351 70.2235
5352 70.2235
5353 70.2235
5354 70.2235
5355 70.2235
5356 70.2235
5357 70.2235
5358 70.2235
5359 70.2235
5360 70.2235
5361 70.2235
5362 70.2235
5363 70.2235
5364 70.2235
5365 70.2235
5366 70.2235
5367 70.2235
5368 70.2235
5369 70.2235
5370 70.2235
5371 70.2235
5372 70.2235
5373 70.2235
5374 70.2235
5375 70.2235
5376 70.2235
5377 70.2235
5378 70.2235
5379 70.2235
5380 70.2235
5381 70.2235
5382 70.2235
5383 70.2235
5384 70.2235
5385 70.2235
5386 70.2235
5387 70.2235
5388 70.2235
5389 70.2235
5390 70.2235
5391 70.2235
5392 70.2235
5393 70.2235
5394 70.2235
5395 70.2235
5396 70.2235
5397 70.2235
5398 70.2235
5399 70.2235
5400 70.2235
5401 70.2235
5402 70.2235
5403 70.2235
5404 70.2235
5405 70.2235
5406 70.2235
5407 70.2235
5408 70.2235
5409 70.2235
5410 70.2235
5411 70.2235
5412 70.2235
5413 70.2235
5414 70.2235
5415 70.2235
5416 70.2235
5417 70.2235
5418 70.2235
5419 70.2235
5420 70.2235
5421 70.2235
5422 70.2235
5423 70.2235
5424 70.2235
5425 70.2235
5426 70.2235
5427 70.2235
5428 70.2235
5429 70.2235
5430 70.2235
5431 70.2235
5432 70.2235
5433 70.2235
5434 70.2235
5435 70.2235
5436 70.2235
5437 70.2235
5438 70.2235
5439 70.2235
5440 70.2235
5441 70.2235
5442 70.2235
5443 70.2235
5444 70.2235
5445 70.2235
5446 70.2235
5447 70.2235
5448 70.2235
5449 70.2235
5450 70.2235
5451 70.2235
5452 70.2235
5453 70.2235
5454 70.2235
5455 70.2235
5456 70.2235
5457 70.2235
5458 70.2235
5459 70.2235
5460 70.2235
5461 70.2235
5462 70.2235
5463 70.2235
5464 70.2235
5465 70.2235
5466 70.2235
5467 70.2235
5468 70.2235
5469 70.2235
5470 70.2235
5471 70.2235
5472 70.2235
5473 70.2235
5474 70.2235
5475 70.2235
5476 70.2235
5477 70.2235
5478 70.2235
5479 70.2235
5480 70.2235
5481 70.2235
5482 70.2235
5483 70.2235
5484 70.2235
5485 70.2235
5486 70.2235
5487 70.2235
5488 70.2235
5489 70.2235
5490 70.2235
5491 70.2235
5492 70.2235
5493 70.2235
5494 70.2235
5495 70.2235
5496 70.2235
5497 70.2235
5498 70.2235
5499 70.2235
5500 70.2235
5501 70.2235
5502 70.2235
5503 70.2235
5504 70.2235
5505 70.2235
5506 70.2235
5507 70.2235
5508 70.2235
5509 70.2235
5510 70.2235
5511 70.2235
5512 70.2235
5513 70.2235
5514 70.2235
5515 70.2235
5516 70.2235
5517 70.2235
5518 70.2235
5519 70.2235
5520 70.2235
5521 70.2235
5522 70.2235
5523 70.2235
5524 70.2235
5525 70.2235
5526 70.2235
5527 70.2235
5528 70.2235
5529 70.2235
5530 70.2235
5531 70.2235
5532 70.2235
5533 70.2235
5534 70.2235
5535 70.2235
5536 70.2235
5537 70.2235
5538 70.2235
5539 70.2235
5540 70.2235
5541 70.2235
5542 70.2235
5543 70.2235
5544 70.2235
5545 70.2235
5546 70.2235
5547 70.2235
5548 70.2235
5549 70.2235
5550 70.2235
5551 70.2235
5552 70.2235
5553 70.2235
5554 70.2235
5555 70.2235
5556 70.2235
5557 70.2235
5558 70.2235
5559 70.2235
5560 70.2235
5561 70.2235
5562 70.2235
5563 70.2235
5564 70.2235
5565 70.2235
5566 70.2235
5567 70.2235
5568 70.2235
5569 70.2235
5570 70.2235
5571 70.2235
5572 70.2235
5573 70.2235
5574 70.2235
5575 70.2235
5576 70.2235
5577 70.2235
5578 70.2235
5579 70.2235
5580 70.2235
5581 70.2235
5582 70.2235
5583 70.2235
5584 70.2235
5585 70.2235
5586 70.2235
5587 70.2235
5588 70.2235
5589 70.2235
5590 70.2235
5591 70.2235
5592 70.2235
5593 70.2235
5594 70.2235
5595 70.2235
5596 70.2235
5597 70.2235
5598 70.2235
5599 70.2235
5600 70.2235
5601 70.2235
5602 70.2235
5603 70.2235
5604 70.2235
5605 70.2235
5606 70.2235
5607 70.2235
5608 70.2235
5609 70.2235
5610 70.2235
5611 70.2235
5612 70.2235
5613 70.2235
5614 70.2235
5615 70.2235
5616 70.2235
5617 70.2235
5618 70.2235
5619 70.2235
5620 70.2235
5621 70.2235
5622 70.2235
5623 70.2235
5624 70.2235
5625 70.2235
5626 70.2235
5627 70.2235
5628 70.2235
5629 70.2235
5630 70.2235
5631 70.2235
5632 70.2235
5633 70.2235
5634 70.2235
5635 70.2235
5636 70.2235
5637 70.2235
5638 70.2235
5639 70.2235
5640 70.2235
5641 70.2235
5642 70.2235
5643 70.2235
5644 70.2235
5645 70.2235
5646 70.2235
5647 70.2235
5648 70.2235
5649 70.2235
5650 70.2235
5651 70.2235
5652 70.2235
5653 70.2235
5654 70.2235
5655 70.2235
5656 70.2235
5657 70.2235
5658 70.2235
5659 70.2235
5660 70.2235
5661 70.2235
5662 70.2235
5663 70.2235
5664 70.2235
5665 70.2235
5666 70.2235
5667 70.2235
5668 70.2235
5669 70.2235
5670 70.2235
5671 70.2235
5672 70.2235
5673 70.2235
5674 70.2235
5675 70.2235
5676 70.2235
5677 70.2235
5678 70.2235
5679 70.2235
5680 70.2235
5681 70.2235
5682 70.2235
5683 70.2235
5684 70.2235
5685 70.2235
5686 70.2235
5687 70.2235
5688 70.2235
5689 70.2235
5690 70.2235
5691 70.2235
5692 70.2235
5693 70.2235
5694 70.2235
5695 70.2235
5696 70.2235
5697 70.2235
5698 70.2235
5699 70.2235
5700 70.2235
5701 70.2235
5702 70.2235
5703 70.2235
5704 70.2235
5705 70.2235
5706 70.2235
5707 70.2235
5708 70.2235
5709 70.2235
5710 70.2235
5711 70.2235
5712 70.2235
5713 70.2235
5714 70.2235
5715 70.2235
5716 70.2235
5717 70.2235
5718 70.2235
5719 70.2235
5720 70.2235
5721 70.2235
5722 70.2235
5723 70.2235
5724 70.2235
5725 70.2235
5726 70.2235
5727 70.2235
5728 70.2235
5729 70.2235
5730 70.2235
5731 70.2235
5732 70.2235
5733 70.2235
5734 70.2235
5735 70.2235
5736 70.2235
5737 70.2235
5738 70.2235
5739 70.2235
5740 70.2235
5741 70.2235
5742 70.2235
5743 70.2235
5744 70.2235
5745 70.2235
5746 70.2235
5747 70.2235
5748 70.2235
5749 70.2235
5750 70.2235
5751 70.2235
5752 70.2235
5753 70.2235
5754 70.2235
5755 70.2235
5756 70.2235
5757 70.2235
5758 70.2235
5759 70.2235
5760 70.2235
5761 70.2235
5762 70.2235
5763 70.2235
5764 70.2235
5765 70.2235
5766 70.2235
5767 70.2235
5768 70.2235
5769 70.2235
5770 70.2235
5771 70.2235
5772 70.2235
5773 70.2235
5774 70.2235
5775 70.2235
5776 70.2235
5777 70.2235
5778 70.2235
5779 70.2235
5780 70.2235
5781 70.2235
5782 70.2235
5783 70.2235
5784 70.2235
5785 70.2235
5786 70.2235
5787 70.2235
5788 70.2235
5789 70.2235
5790 70.2235
5791 70.2235
5792 70.2235
5793 70.2235
5794 70.2235
5795 70.2235
5796 70.2235
5797 70.2235
5798 70.2235
5799 70.2235
5800 70.2235
5801 70.2235
5802 70.2235
5803 70.2235
5804 70.2235
5805 70.2235
5806 70.2235
5807 70.2235
5808 70.2235
5809 70.2235
5810 70.2235
5811 70.2235
5812 70.2235
5813 70.2235
5814 70.2235
5815 70.2235
5816 70.2235
5817 70.2235
5818 70.2235
5819 70.2235
5820 70.2235
5821 70.2235
5822 70.2235
5823 70.2235
5824 70.2235
5825 70.2235
5826 70.2235
5827 70.2235
5828 70.2235
5829 70.2235
5830 70.2235
5831 70.2235
5832 70.2235
5833 70.2235
5834 70.2235
5835 70.2235
5836 70.2235
5837 70.2235
5838 70.2235
5839 70.2235
5840 70.2235
5841 70.2235
5842 70.2235
5843 70.2235
5844 70.2235
5845 70.2235
5846 70.2235
5847 70.2235
5848 70.2235
5849 70.2235
5850 70.2235
5851 70.2235
5852 70.2235
5853 70.2235
5854 70.2235
5855 70.2235
5856 70.2235
5857 70.2235
5858 70.2235
5859 70.2235
5860 70.2235
5861 70.2235
5862 70.2235
5863 70.2235
5864 70.2235
5865 70.2235
5866 70.2235
5867 70.2235
5868 70.2235
5869 70.2235
5870 70.2235
5871 70.2235
5872 70.2235
5873 70.2235
5874 70.2235
5875 70.2235
5876 70.2235
5877 70.2235
5878 70.2235
5879 70.2235
5880 70.2235
5881 70.2235
5882 70.2235
5883 70.2235
5884 70.2235
5885 70.2235
5886 70.2235
5887 70.2235
5888 70.2235
5889 70.2235
5890 70.2235
5891 70.2235
5892 70.2235
5893 70.2235
5894 70.2235
5895 70.2235
5896 70.2235
5897 70.2235
5898 70.2235
5899 70.2235
5900 70.2235
5901 70.2235
5902 70.2235
5903 70.2235
5904 70.2235
5905 70.2235
5906 70.2235
5907 70.2235
5908 70.2235
5909 70.2235
5910 70.2235
5911 70.2235
5912 70.2235
5913 70.2235
5914 70.2235
5915 70.2235
5916 70.2235
5917 70.2235
5918 70.2235
5919 70.2235
5920 70.2235
5921 70.2235
5922 70.2235
5923 70.2235
5924 70.2235
5925 70.2235
5926 70.2235
5927 70.2235
5928 70.2235
5929 70.2235
5930 70.2235
5931 70.2235
5932 70.2235
5933 70.2235
5934 70.2235
5935 70.2235
5936 70.2235
5937 70.2235
5938 70.2235
5939 70.2235
5940 70.2235
5941 70.2235
5942 70.2235
5943 70.2235
5944 70.2235
5945 70.2235
5946 70.2235
5947 70.2235
5948 70.2235
5949 70.2235
5950 70.2235
5951 70.2235
5952 70.2235
5953 70.2235
5954 70.2235
5955 70.2235
5956 70.2235
5957 70.2235
5958 70.2235
5959 70.2235
5960 70.2235
5961 70.2235
5962 70.2235
5963 70.2235
5964 70.2235
5965 70.2235
5966 70.2235
5967 70.2235
5968 70.2235
5969 70.2235
5970 70.2235
5971 70.2235
5972 70.2235
5973 70.2235
5974 70.2235
5975 70.2235
5976 70.2235
5977 70.2235
5978 70.2235
5979 70.2235
5980 70.2235
5981 70.2235
5982 70.2235
5983 70.2235
5984 70.2235
5985 70.2235
5986 70.2235
5987 70.2235
5988 70.2235
5989 70.2235
5990 70.2235
5991 70.2235
5992 70.2235
5993 70.2235
5994 70.2235
5995 70.2235
5996 70.2235
5997 70.2235
5998 70.2235
5999 70.2235
6000 70.2235
