1 420.931
2 417.48
3 407.05
4 399.499
5 375.149
6 375.149
7 374.713
8 361.934
9 355.574
10 355.574
11 355.427
12 351.141
13 338.258
14 337.901
15 338.166
16 336.444
17 332.395
18 327.053
19 314.454
20 313.106
21 312.247
22 312.247
23 308.411
24 308.411
25 308.411
26 305.939
27 294.039
28 294.039
29 290.854
30 287.215
31 284.749
32 287.448
33 282.899
34 278.745
35 273.141
36 273.141
37 272.692
38 269.496
39 269.496
40 269.372
41 253.532
42 252.017
43 252.017
44 251.139
45 251.139
46 251.139
47 248.634
48 248.634
49 244.857
50 244.857
51 244.174
52 238.236
53 234.006
54 234.006
55 234.006
56 234.006
57 227.828
58 222.437
59 220.957
60 220.957
61 220.575
62 220.449
63 220.449
64 220.449
65 219.267
66 212.273
67 212.273
68 210.187
69 206.053
70 206.053
71 204.535
72 204.016
73 203.284
74 203.284
75 202.199
76 200.102
77 200.102
78 199.765
79 198.056
80 198.056
81 198.056
82 195.273
83 195.273
84 188.743
85 188.743
86 188.591
87 187.207
88 187.207
89 186.085
90 186.085
91 184.034
92 184.034
93 184.034
94 181.587
95 181.01
96 182.718
97 181.587
98 180.327
99 180.327
100 180.219
101 180.008
102 179.573
103 178.948
104 177.557
105 176.079
106 175.653
107 176.079
108 176.079
109 175.688
110 175.688
111 175.688
112 172.975
113 172.975
114 172.975
115 172.797
116 172.797
117 172.797
118 172.797
119 168.983
120 168.983
121 168.983
122 168.983
123 168.983
124 168.983
125 168.983
126 168.983
127 168.983
128 168.983
129 168.983
130 168.983
131 168.822
132 168.822
133 168.822
134 168.764
135 168.822
136 165.805
137 165.805
138 165.805
139 165.805
140 165.805
141 165.805
142 165.805
143 164.3
144 164.3
145 164.3
146 163.648
147 163.588
148 162.701
149 162.701
150 162.701
151 162.701
152 162.143
153 161.916
154 161.916
155 161.25
156 161.25
157 161.25
158 160.991
159 158.952
160 155.793
161 156.663
162 156.663
163 156.663
164 156.663
165 156.663
166 156.663
167 156.421
168 156.421
169 155.846
170 155.656
171 155.519
172 155.519
173 155.519
174 155.519
175 154.628
176 154.628
177 153.914
178 150.509
179 149.562
180 149.562
181 149.562
182 149.562
183 147.528
184 145.975
185 146.922
186 146.922
187 145.695
188 145.695
189 143.375
190 143.375
191 143.232
192 138.688
193 138.688
194 138.688
195 137.741
196 137.741
197 137.741
198 137.741
199 136.922
200 136.922
201 136.451
202 136.305
203 136.305
204 136.138
205 134.949
206 134.332
207 133.471
208 134.122
209 133.92
210 133.293
211 133.815
212 133.815
213 132.23
214 132.23
215 132.23
216 132.174
217 132.174
218 130.322
219 130.322
220 130.322
221 130.266
222 130.266
223 129.763
224 129.719
225 129.719
226 129.719
227 129.719
228 129.608
229 129.608
230 129.608
231 129.608
232 129.608
233 129.608
234 129.608
235 129.608
236 129.176
237 129.176
238 129.176
239 129.176
240 129.176
241 129.176
242 128.55
243 128.55
244 128.55
245 128.55
246 128.55
247 125.939
248 125.939
249 125.139
250 125.139
251 125.139
252 124.507
253 124.507
254 124.507
255 124.507
256 124.507
257 124.507
258 124.507
259 124.507
260 124.489
261 124.489
262 121.653
263 122.468
264 122.468
265 122.468
266 122.468
267 121.976
268 123.329
269 122.732
270 122.732
271 122.732
272 121.568
273 122.036
274 121.503
275 121.503
276 121.302
277 121.302
278 120.524
279 120.524
280 120.249
281 120.249
282 119.217
283 119.217
284 119.217
285 119.217
286 119.217
287 119.217
288 119.217
289 119.217
290 119.217
291 118.749
292 118.749
293 118.749
294 118.43
295 118.43
296 118.43
297 118.249
298 118.249
299 117.81
300 117.81
301 117.81
302 117.49
303 117.352
304 117.352
305 117.352
306 117.352
307 117.352
308 116.594
309 116.594
310 116.22
311 115.865
312 115.865
313 115.865
314 114.807
315 114.807
316 114.807
317 114.807
318 114.807
319 114.428
320 114.428
321 114.428
322 114.4
323 114.4
324 114.4
325 114.4
326 114.4
327 114.4
328 114.4
329 114.4
330 114.278
331 114.278
332 114.278
333 114.278
334 114.278
335 114.135
336 113.208
337 113.208
338 112.529
339 112.529
340 112.447
341 112.447
342 112.447
343 112.447
344 112.407
345 111.851
346 111.851
347 111.851
348 111.141
349 111.097
350 111.097
351 111.097
352 110.531
353 111.097
354 111.048
355 110.893
356 110.893
357 110.388
358 110.388
359 110.388
360 110.388
361 110.185
362 110.185
363 110.185
364 110.185
365 109.35
366 109.435
367 109.435
368 109.16
369 109.16
370 109.155
371 109.155
372 109.155
373 109.155
374 109.155
375 109.155
376 109.155
377 109.155
378 108.607
379 105.825
380 105.825
381 105.825
382 105.825
383 105.825
384 103.431
385 103.431
386 103.431
387 103.431
388 103.431
389 103.431
390 103.431
391 103.431
392 103.431
393 103.431
394 103.431
395 103.024
396 103.262
397 103.262
398 101.41
399 100.414
400 100.414
401 100.048
402 100.048
403 100.048
404 100.048
405 100.048
406 100.048
407 100.048
408 100.048
409 99.3343
410 99.3343
411 99.3343
412 99.3343
413 99.3343
414 99.3343
415 99.2173
416 98.8338
417 99.3343
418 99.3343
419 99.3343
420 99.3343
421 99.3343
422 99.3343
423 99.3066
424 99.3066
425 99.3066
426 99.3066
427 99.0715
428 99.0715
429 98.8055
430 98.6005
431 98.6005
432 98.6005
433 98.6005
434 98.6005
435 98.6005
436 98.6005
437 98.1726
438 98.1726
439 98.1726
440 98.1726
441 98.1726
442 98.1726
443 98.1726
444 98.1726
445 98.1726
446 98.0321
447 98.0321
448 98.0321
449 98.0321
450 98.0321
451 98.0321
452 97.788
453 97.788
454 97.5866
455 97.5866
456 97.5866
457 97.5866
458 97.5866
459 97.5866
460 97.5866
461 97.5866
462 97.5453
463 97.5453
464 97.5453
465 97.5453
466 96.9575
467 96.9575
468 96.9575
469 96.9575
470 96.6235
471 96.5995
472 96.5995
473 96.5995
474 96.5995
475 96.5995
476 96.5995
477 96.5995
478 96.5995
479 96.5995
480 96.5995
481 96.5853
482 96.5853
483 96.5853
484 96.5853
485 96.5853
486 96.5853
487 95.9625
488 95.1741
489 95.1741
490 95.1741
491 95.1741
492 95.1741
493 95.1741
494 94.7464
495 94.7464
496 94.7464
497 94.6038
498 94.7464
499 94.6038
500 94.6038
501 94.6038
502 94.6038
503 94.6038
504 94.0337
505 94.0337
506 93.606
507 93.606
508 93.606
509 93.606
510 93.606
511 93.606
512 93.606
513 93.606
514 93.606
515 93.606
516 93.606
517 93.606
518 93.1915
519 93.1915
520 93.1915
521 93.1915
522 93.1915
523 93.1915
524 93.1915
525 93.1915
526 93.1915
527 93.1915
528 93.1915
529 93.1915
530 93.1915
531 93.1915
532 93.1915
533 93.1915
534 93.1915
535 93.0948
536 92.8864
537 92.8864
538 92.8864
539 92.8864
540 92.8864
541 92.8864
542 92.8864
543 92.8864
544 92.8864
545 92.8864
546 92.5128
547 92.5128
548 92.5128
549 92.5128
550 92.5128
551 91.7254
552 91.7254
553 91.7254
554 91.7254
555 91.7254
556 91.7254
557 91.7254
558 91.7254
559 91.7254
560 91.7254
561 91.3824
562 91.299
563 91.299
564 91.299
565 91.299
566 91.299
567 91.299
568 91.299
569 91.299
570 91.299
571 91.299
572 91.299
573 91.299
574 91.299
575 91.299
576 91.299
577 91.299
578 91.299
579 91.299
580 91.299
581 91.299
582 91.299
583 91.299
584 91.299
585 91.299
586 91.299
587 91.299
588 91.299
589 91.299
590 91.299
591 91.299
592 91.299
593 91.299
594 91.299
595 91.299
596 91.299
597 91.299
598 91.299
599 91.299
600 91.299
601 91.299
602 91.299
603 91.299
604 91.299
605 91.299
606 91.299
607 91.299
608 91.299
609 91.1201
610 91.1201
611 91.1201
612 91.1201
613 91.1201
614 91.1201
615 91.1201
616 91.1201
617 91.1201
618 91.1201
619 91.1166
620 91.1166
621 91.1166
622 91.1029
623 91.1029
624 91.1029
625 91.1029
626 91.1029
627 91.1029
628 91.1029
629 91.1029
630 91.1029
631 91.1029
632 91.1029
633 91.1029
634 91.1029
635 91.1029
636 91.1029
637 91.1029
638 91.1029
639 91.1029
640 91.1029
641 91.1029
642 91.1029
643 91.1029
644 91.1029
645 91.1029
646 91.1029
647 91.1029
648 91.1029
649 91.1029
650 91.0456
651 91.0456
652 91.0456
653 91.0456
654 91.0456
655 91.0456
656 91.0456
657 91.0456
658 91.0456
659 91.0456
660 91.0456
661 91.0456
662 91.0456
663 91.0456
664 91.0456
665 91.0456
666 91.0456
667 91.0456
668 91.0456
669 91.0456
670 91.0456
671 91.0456
672 91.0456
673 91.0456
674 91.0456
675 91.0456
676 91.0456
677 91.026
678 90.4851
679 90.4851
680 90.4851
681 90.4851
682 90.4851
683 90.4851
684 90.4851
685 90.4851
686 90.4851
687 90.4851
688 90.4851
689 90.4851
690 90.4851
691 90.4851
692 90.4851
693 90.4851
694 90.4851
695 90.3196
696 90.3196
697 90.3196
698 89.9247
699 89.9247
700 89.9247
701 89.9247
702 89.9247
703 89.9247
704 89.9247
705 89.9247
706 89.9247
707 89.9247
708 89.9247
709 89.9247
710 89.9247
711 89.9247
712 89.9247
713 89.3503
714 89.3503
715 88.1241
716 88.1241
717 88.1241
718 88.1241
719 88.1241
720 88.1241
721 88.1241
722 88.1241
723 88.1241
724 87.924
725 87.924
726 87.924
727 87.924
728 87.924
729 87.924
730 87.924
731 87.924
732 86.9998
733 86.9998
734 86.9998
735 86.9998
736 86.9998
737 86.9998
738 86.9032
739 86.9032
740 86.9032
741 86.9032
742 86.9032
743 86.9032
744 86.9032
745 86.9032
746 86.9032
747 86.6497
748 86.6497
749 86.6497
750 86.6497
751 86.6497
752 86.6497
753 86.6497
754 86.3207
755 86.3207
756 86.3207
757 86.3207
758 86.3207
759 86.3207
760 86.3207
761 86.3207
762 86.3207
763 86.3207
764 86.3207
765 86.3207
766 86.3207
767 86.3207
768 86.3207
769 86.3207
770 86.3207
771 86.3207
772 86.3207
773 86.3207
774 86.2233
775 86.3207
776 86.3207
777 86.3207
778 86.3207
779 85.1279
780 85.1279
781 85.1279
782 85.1279
783 85.1279
784 85.1279
785 85.1279
786 85.1279
787 85.1279
788 85.1279
789 85.1279
790 85.1279
791 85.1279
792 85.1279
793 85.1279
794 85.1279
795 85.1279
796 85.1279
797 85.1279
798 85.1279
799 85.1279
800 85.1279
801 85.1279
802 85.1279
803 85.1279
804 85.1279
805 85.1279
806 85.1279
807 85.1279
808 85.0793
809 85.0793
810 85.079
811 85.079
812 85.079
813 85.079
814 85.0304
815 85.0304
816 85.0304
817 85.0304
818 85.0304
819 85.0304
820 85.0304
821 85.0304
822 85.0304
823 85.0304
824 85.0304
825 85.0304
826 85.0304
827 85.0304
828 85.0304
829 85.0304
830 85.0304
831 85.0304
832 85.0304
833 85.0304
834 85.0304
835 85.0304
836 85.0304
837 85.0304
838 85.0304
839 85.0304
840 85.0304
841 85.0304
842 85.0304
843 85.0304
844 85.0304
845 85.0304
846 85.0304
847 85.0304
848 85.0304
849 85.0304
850 85.0304
851 85.0304
852 85.0304
853 85.0304
854 85.0304
855 85.0304
856 85.0304
857 84.4245
858 84.4245
859 84.4245
860 84.4245
861 84.4245
862 84.4245
863 84.4245
864 84.4245
865 84.4245
866 84.4245
867 84.4245
868 84.4245
869 84.4245
870 84.4245
871 84.4245
872 83.0642
873 83.5252
874 83.5252
875 83.5252
876 83.5252
877 83.5252
878 83.5252
879 83.5252
880 83.5252
881 83.5252
882 83.5252
883 83.5252
884 83.218
885 83.218
886 83.218
887 83.218
888 83.218
889 83.218
890 83.218
891 83.218
892 83.218
893 83.218
894 83.218
895 83.218
896 83.218
897 83.218
898 83.218
899 83.218
900 83.218
901 83.218
902 83.218
903 83.218
904 83.218
905 83.218
906 83.218
907 83.218
908 83.218
909 83.218
910 83.218
911 83.218
912 83.218
913 83.218
914 83.218
915 83.218
916 83.218
917 83.218
918 83.218
919 83.218
920 83.218
921 83.218
922 83.218
923 83.218
924 83.218
925 82.0293
926 83.218
927 83.218
928 83.218
929 83.218
930 83.218
931 83.218
932 83.218
933 83.218
934 83.218
935 83.218
936 83.218
937 83.218
938 83.218
939 83.218
940 83.218
941 83.218
942 83.218
943 83.218
944 83.218
945 83.218
946 82.929
947 82.929
948 82.929
949 82.929
950 82.929
951 82.929
952 82.929
953 82.929
954 82.929
955 82.929
956 82.929
957 82.929
958 82.929
959 82.929
960 82.929
961 82.929
962 82.929
963 82.929
964 82.929
965 82.929
966 82.929
967 82.929
968 82.929
969 82.929
970 82.929
971 82.8977
972 82.8977
973 82.8977
974 82.8977
975 82.8977
976 81.8562
977 81.8562
978 81.8562
979 81.8562
980 81.8562
981 81.8562
982 81.8562
983 81.8562
984 81.8562
985 81.8562
986 81.8562
987 81.8562
988 81.8562
989 81.8562
990 81.8562
991 81.8562
992 81.8562
993 81.8562
994 81.8562
995 81.8562
996 81.8562
997 81.8562
998 81.8562
999 81.8562
1000 81.8562
1001 81.8562
1002 81.8562
1003 81.8562
1004 81.8562
1005 81.8562
1006 81.8562
1007 81.8562
1008 81.8562
1009 81.8562
1010 81.8562
1011 81.8562
1012 81.8562
1013 81.8562
1014 81.8562
1015 81.8562
1016 81.8562
1017 81.8562
1018 81.8562
1019 81.8562
1020 81.8562
1021 81.8562
1022 81.8562
1023 81.8562
1024 81.8562
1025 81.8562
1026 81.8562
1027 81.8562
1028 81.8562
1029 81.8562
1030 81.8562
1031 81.8562
1032 81.8562
1033 81.8562
1034 81.8562
1035 81.8562
1036 81.8562
1037 81.8562
1038 81.8562
1039 81.8562
1040 81.8562
1041 81.8562
1042 81.8562
1043 81.8562
1044 81.8562
1045 81.8562
1046 81.8562
1047 81.8562
1048 81.8562
1049 81.8562
1050 81.8045
1051 81.8045
1052 81.8045
1053 81.8045
1054 81.8045
1055 81.8045
1056 81.8045
1057 81.8045
1058 81.8045
1059 81.8045
1060 81.8045
1061 81.8045
1062 81.8045
1063 81.8045
1064 81.8045
1065 81.8045
1066 81.8045
1067 81.8045
1068 81.8045
1069 81.8045
1070 81.8045
1071 81.8045
1072 81.8045
1073 81.8045
1074 81.8045
1075 81.8045
1076 81.8045
1077 81.8045
1078 81.8045
1079 81.8045
1080 81.8045
1081 80.6157
1082 81.8045
1083 80.6157
1084 80.6157
1085 80.6157
1086 80.6157
1087 80.6157
1088 80.6157
1089 80.6157
1090 80.6157
1091 80.6157
1092 80.6157
1093 80.6157
1094 80.6157
1095 80.6157
1096 80.6157
1097 80.6157
1098 80.0744
1099 80.0744
1100 80.0744
1101 80.0744
1102 80.0744
1103 80.0744
1104 79.855
1105 79.855
1106 79.855
1107 79.855
1108 79.855
1109 79.855
1110 79.855
1111 79.855
1112 79.855
1113 79.855
1114 79.855
1115 79.855
1116 79.855
1117 79.855
1118 79.855
1119 79.855
1120 79.855
1121 79.855
1122 79.855
1123 79.855
1124 79.855
1125 79.5869
1126 79.5869
1127 79.5869
1128 79.5869
1129 79.5869
1130 79.5869
1131 79.5869
1132 79.5869
1133 79.5869
1134 79.5869
1135 79.5869
1136 79.5869
1137 79.5869
1138 79.5869
1139 79.5869
1140 79.5869
1141 79.5869
1142 79.5869
1143 79.5869
1144 79.5869
1145 79.5869
1146 79.5869
1147 79.5869
1148 79.5869
1149 79.5869
1150 79.5869
1151 79.5869
1152 79.5869
1153 79.5869
1154 79.5869
1155 79.5869
1156 79.5869
1157 79.5869
1158 79.5869
1159 79.5869
1160 79.5869
1161 79.5869
1162 79.5869
1163 79.5869
1164 79.5869
1165 79.5869
1166 79.5869
1167 79.5869
1168 79.5869
1169 79.5869
1170 79.5869
1171 79.5869
1172 79.5869
1173 79.5869
1174 79.5869
1175 79.5869
1176 79.5869
1177 79.5869
1178 79.5869
1179 79.5869
1180 79.5869
1181 79.5869
1182 79.5869
1183 79.5869
1184 79.5869
1185 79.5869
1186 79.5869
1187 79.5869
1188 79.5869
1189 79.5869
1190 79.5869
1191 79.5869
1192 79.5869
1193 79.5869
1194 79.5869
1195 79.5869
1196 79.5869
1197 79.5869
1198 79.5869
1199 79.5869
1200 79.0343
1201 79.0343
1202 79.0343
1203 79.0343
1204 79.0343
1205 79.0343
1206 79.0343
1207 79.0343
1208 79.0343
1209 79.0343
1210 79.0343
1211 79.0343
1212 79.0343
1213 79.0343
1214 79.0343
1215 79.0343
1216 79.0343
1217 79.0343
1218 79.0343
1219 79.0343
1220 79.0343
1221 79.0343
1222 79.0343
1223 79.0343
1224 79.0343
1225 79.0343
1226 79.0343
1227 79.0343
1228 79.0343
1229 79.0343
1230 79.0343
1231 79.0343
1232 79.0343
1233 79.0343
1234 79.0343
1235 79.0343
1236 79.0343
1237 79.0343
1238 79.0343
1239 79.0343
1240 79.0343
1241 79.0343
1242 79.0343
1243 79.0343
1244 79.0343
1245 79.0343
1246 79.0343
1247 79.0343
1248 79.0343
1249 79.0343
1250 79.0343
1251 79.0343
1252 79.0343
1253 79.0343
1254 79.0343
1255 79.0343
1256 79.0343
1257 79.0343
1258 79.0343
1259 79.0343
1260 79.0343
1261 79.0343
1262 79.0343
1263 79.0343
1264 79.0343
1265 79.0343
1266 79.0343
1267 79.0343
1268 79.0343
1269 79.0343
1270 79.0343
1271 79.0343
1272 79.0343
1273 79.0343
1274 79.0343
1275 79.0343
1276 79.0343
1277 79.0343
1278 79.0343
1279 79.0343
1280 79.0343
1281 79.0343
1282 79.0343
1283 79.0343
1284 79.0343
1285 79.0343
1286 79.0343
1287 79.0343
1288 79.0343
1289 79.0343
1290 79.0343
1291 79.0343
1292 79.0343
1293 79.0343
1294 79.0343
1295 79.0343
1296 79.0343
1297 79.0343
1298 79.0343
1299 79.0343
1300 79.0343
1301 79.0343
1302 79.0343
1303 79.0343
1304 79.0343
1305 79.0343
1306 79.0343
1307 79.0343
1308 79.0343
1309 79.0343
1310 79.0343
1311 78.9201
1312 78.9201
1313 78.9201
1314 78.9201
1315 78.9201
1316 78.9201
1317 78.9201
1318 78.9201
1319 78.9201
1320 78.9201
1321 78.9201
1322 78.9201
1323 78.9201
1324 78.9201
1325 78.9201
1326 78.9201
1327 78.9201
1328 78.9201
1329 78.9201
1330 78.9201
1331 78.9201
1332 78.9201
1333 78.9201
1334 78.9201
1335 78.9201
1336 78.9201
1337 78.9201
1338 78.6498
1339 78.6498
1340 78.6498
1341 78.6498
1342 78.6498
1343 78.6498
1344 78.6498
1345 78.6498
1346 78.6498
1347 78.6498
1348 78.6498
1349 78.6498
1350 78.6498
1351 78.6498
1352 78.6498
1353 78.6498
1354 78.6498
1355 78.6498
1356 78.6498
1357 78.6498
1358 78.6498
1359 78.6498
1360 78.6498
1361 78.6498
1362 78.6498
1363 78.6498
1364 78.6498
1365 78.6498
1366 78.6498
1367 78.6498
1368 78.6498
1369 78.6498
1370 78.6498
1371 78.6498
1372 78.6498
1373 78.6498
1374 78.6498
1375 78.6498
1376 78.6498
1377 78.6498
1378 78.6498
1379 78.6498
1380 78.6498
1381 78.6498
1382 78.6498
1383 78.6498
1384 78.6498
1385 78.6498
1386 78.6498
1387 78.6498
1388 78.6498
1389 78.6498
1390 78.6498
1391 78.6498
1392 78.6498
1393 78.6498
1394 78.6498
1395 78.6498
1396 78.6498
1397 78.6498
1398 78.6498
1399 78.6498
1400 78.6498
1401 78.6498
1402 78.6498
1403 78.6498
1404 78.6498
1405 78.6498
1406 78.6498
1407 78.6498
1408 78.6498
1409 78.6498
1410 78.6498
1411 78.6498
1412 78.3507
1413 78.3507
1414 78.3507
1415 78.3507
1416 78.3507
1417 78.3507
1418 77.2379
1419 77.2379
1420 77.2379
1421 77.2379
1422 77.2379
1423 77.2379
1424 77.2379
1425 77.2379
1426 77.2379
1427 77.2379
1428 77.2379
1429 77.2379
1430 77.2379
1431 77.2379
1432 77.2379
1433 77.2379
1434 77.2379
1435 77.2379
1436 77.2379
1437 77.2379
1438 77.2379
1439 77.2379
1440 77.2379
1441 77.2379
1442 77.2379
1443 77.2379
1444 77.2379
1445 77.2379
1446 77.2379
1447 77.2379
1448 77.2379
1449 77.2379
1450 77.2379
1451 77.2379
1452 77.2379
1453 77.2379
1454 77.2379
1455 77.2379
1456 76.5816
1457 76.5816
1458 76.5816
1459 76.5816
1460 76.5816
1461 76.5816
1462 76.5816
1463 76.5816
1464 76.5816
1465 76.5816
1466 76.5816
1467 76.5816
1468 76.5816
1469 76.5816
1470 76.5816
1471 76.5816
1472 76.5816
1473 76.5816
1474 76.5816
1475 76.5816
1476 76.5816
1477 76.5816
1478 76.5816
1479 76.5816
1480 76.5816
1481 76.5816
1482 76.5816
1483 76.5816
1484 76.5816
1485 76.5816
1486 76.5816
1487 76.5816
1488 76.5816
1489 76.5816
1490 76.5816
1491 76.5816
1492 76.5816
1493 76.5816
1494 76.5816
1495 76.5816
1496 76.5816
1497 76.5816
1498 76.5816
1499 76.5816
1500 76.5816
1501 76.5816
1502 76.5118
1503 76.5118
1504 76.5118
1505 76.5118
1506 76.5118
1507 76.5118
1508 76.5118
1509 76.5118
1510 76.5118
1511 76.5118
1512 76.5118
1513 76.5118
1514 76.5118
1515 76.5118
1516 76.3495
1517 76.3495
1518 76.3495
1519 76.3495
1520 76.3495
1521 76.3495
1522 76.3495
1523 76.3495
1524 76.3495
1525 76.3495
1526 76.3495
1527 76.3495
1528 76.3495
1529 76.3495
1530 76.3495
1531 76.3495
1532 76.3495
1533 76.3495
1534 76.3495
1535 76.3495
1536 76.3495
1537 76.3495
1538 76.3495
1539 76.3495
1540 76.3495
1541 76.3495
1542 76.3495
1543 76.3495
1544 76.3495
1545 76.3495
1546 76.3495
1547 76.3495
1548 76.3495
1549 76.3495
1550 76.3495
1551 76.3495
1552 76.3495
1553 76.3495
1554 76.3495
1555 76.3495
1556 76.3495
1557 76.3495
1558 76.3495
1559 76.3495
1560 76.3495
1561 76.3495
1562 76.3495
1563 76.3495
1564 76.3495
1565 76.3495
1566 76.3495
1567 76.3495
1568 76.3495
1569 76.3495
1570 76.3495
1571 76.3495
1572 76.3495
1573 76.3495
1574 76.3495
1575 76.3495
1576 76.3495
1577 76.3495
1578 76.3495
1579 76.3495
1580 76.3495
1581 76.3495
1582 76.3495
1583 76.3495
1584 76.3495
1585 76.3495
1586 76.3495
1587 76.3495
1588 76.3495
1589 76.3495
1590 76.3495
1591 76.3495
1592 76.3495
1593 76.3495
1594 76.3495
1595 76.3495
1596 76.3495
1597 76.3495
1598 76.3495
1599 76.3495
1600 76.3495
1601 76.3495
1602 76.3495
1603 76.3495
1604 76.3495
1605 76.3495
1606 76.3495
1607 76.3495
1608 76.3495
1609 76.3495
1610 76.3495
1611 76.3495
1612 76.3495
1613 76.3495
1614 76.3495
1615 76.3495
1616 76.3495
1617 76.3495
1618 76.3495
1619 76.3495
1620 76.3495
1621 76.3495
1622 76.3495
1623 76.3495
1624 76.3495
1625 76.3495
1626 76.3495
1627 76.3495
1628 76.3495
1629 76.3495
1630 76.3495
1631 76.3495
1632 76.3495
1633 76.3495
1634 76.3495
1635 76.3495
1636 76.3495
1637 76.3495
1638 76.3495
1639 76.3495
1640 76.3495
1641 76.3495
1642 76.3495
1643 76.3495
1644 76.3495
1645 76.3495
1646 76.3495
1647 76.3495
1648 76.3495
1649 76.3495
1650 76.3423
1651 76.3423
1652 76.3423
1653 76.3423
1654 76.3423
1655 76.3423
1656 76.3423
1657 76.3423
1658 76.3423
1659 76.3423
1660 76.3423
1661 76.3423
1662 76.3423
1663 76.3423
1664 76.3423
1665 76.3423
1666 76.3423
1667 76.3423
1668 76.3423
1669 76.3423
1670 76.3423
1671 76.3423
1672 76.3423
1673 76.3423
1674 76.3423
1675 76.3423
1676 76.3423
1677 76.3423
1678 76.3423
1679 76.3423
1680 76.3423
1681 76.3423
1682 76.3423
1683 76.3423
1684 76.3423
1685 76.3423
1686 76.3423
1687 76.3423
1688 76.3423
1689 76.3423
1690 76.3423
1691 76.3423
1692 76.3423
1693 76.3423
1694 76.3423
1695 76.3423
1696 76.3423
1697 76.3423
1698 76.3423
1699 76.3423
1700 76.3423
1701 76.3423
1702 76.3423
1703 76.3423
1704 76.3423
1705 76.3423
1706 76.3423
1707 76.3423
1708 76.3423
1709 76.3423
1710 76.3423
1711 76.3423
1712 76.3423
1713 76.3423
1714 76.3423
1715 76.1044
1716 76.1044
1717 76.1044
1718 76.1044
1719 76.1044
1720 76.1044
1721 76.1044
1722 76.1044
1723 76.1044
1724 76.1044
1725 76.1044
1726 76.1044
1727 76.1044
1728 76.1044
1729 76.1044
1730 76.1044
1731 76.1044
1732 76.1044
1733 76.1044
1734 76.1044
1735 76.1044
1736 76.1044
1737 76.1044
1738 76.1044
1739 76.1044
1740 76.1044
1741 76.1044
1742 76.1044
1743 76.1044
1744 76.1044
1745 76.1044
1746 76.1044
1747 76.1044
1748 76.1044
1749 76.1044
1750 76.1044
1751 76.1044
1752 76.1044
1753 76.1044
1754 76.1044
1755 76.1044
1756 76.1044
1757 76.1044
1758 76.1044
1759 76.1044
1760 76.1044
1761 76.1044
1762 76.1044
1763 76.1044
1764 76.1044
1765 76.1044
1766 76.1044
1767 76.1044
1768 76.1044
1769 76.1044
1770 76.1044
1771 76.1044
1772 76.1044
1773 76.1044
1774 76.1044
1775 76.1044
1776 76.1044
1777 76.1044
1778 76.1044
1779 76.1044
1780 76.1044
1781 76.1044
1782 76.1044
1783 76.1044
1784 76.1044
1785 76.1044
1786 76.1044
1787 76.1044
1788 76.1044
1789 76.1044
1790 76.1044
1791 76.1044
1792 76.1044
1793 76.1044
1794 76.1044
1795 76.1044
1796 76.1044
1797 76.1044
1798 76.1044
1799 76.1044
1800 76.1044
1801 76.1044
1802 76.1044
1803 76.1044
1804 76.1044
1805 76.1044
1806 76.1044
1807 76.1044
1808 76.1044
1809 76.1044
1810 76.1044
1811 76.1044
1812 76.1044
1813 76.1044
1814 76.1044
1815 76.1044
1816 76.1044
1817 76.1044
1818 76.1044
1819 76.1044
1820 76.1044
1821 76.1044
1822 76.1044
1823 76.1044
1824 76.1044
1825 76.1044
1826 76.1044
1827 76.1044
1828 76.1044
1829 76.1044
1830 76.1044
1831 76.1044
1832 75.4828
1833 75.4828
1834 75.4828
1835 75.4828
1836 75.4828
1837 75.4828
1838 75.4828
1839 75.4828
1840 75.4828
1841 75.4828
1842 75.4828
1843 75.4828
1844 75.4828
1845 75.4828
1846 75.4828
1847 75.4828
1848 75.4828
1849 75.4828
1850 75.4828
1851 75.4828
1852 75.4828
1853 75.4828
1854 75.4828
1855 75.4828
1856 75.4828
1857 75.4828
1858 75.4828
1859 75.4828
1860 75.4828
1861 75.4828
1862 75.4828
1863 75.4828
1864 75.4828
1865 75.4828
1866 75.4828
1867 75.4828
1868 75.4828
1869 75.1607
1870 75.1607
1871 75.1607
1872 75.1607
1873 75.1607
1874 75.1607
1875 75.1607
1876 75.1607
1877 75.1607
1878 75.1607
1879 75.1607
1880 75.1607
1881 75.1607
1882 75.1607
1883 75.1607
1884 75.1607
1885 75.1607
1886 75.1607
1887 75.1607
1888 75.1607
1889 75.1607
1890 75.1607
1891 75.1607
1892 75.1607
1893 75.1607
1894 75.1607
1895 75.1607
1896 75.1607
1897 75.1607
1898 75.1607
1899 75.1607
1900 75.1607
1901 75.1607
1902 75.1607
1903 75.1607
1904 75.1607
1905 75.1607
1906 75.1607
1907 75.1607
1908 75.1607
1909 75.1607
1910 75.1607
1911 75.1607
1912 75.1607
1913 75.1607
1914 75.1607
1915 75.1607
1916 75.1607
1917 75.1607
1918 75.1607
1919 75.1607
1920 75.1607
1921 75.1607
1922 75.1607
1923 75.1607
1924 75.1607
1925 75.1607
1926 75.1607
1927 75.1607
1928 75.1607
1929 75.1607
1930 75.1607
1931 75.1607
1932 75.1607
1933 75.1607
1934 75.1607
1935 75.1607
1936 75.1607
1937 75.1607
1938 75.1607
1939 75.1607
1940 75.1607
1941 75.1607
1942 75.1607
1943 75.1607
1944 75.1607
1945 75.1607
1946 75.1607
1947 75.1607
1948 75.1607
1949 75.1607
1950 75.1607
1951 75.1607
1952 75.1607
1953 75.1607
1954 75.1607
1955 75.1607
1956 75.1607
1957 75.1607
1958 75.1607
1959 75.1607
1960 75.1607
1961 75.1607
1962 75.1607
1963 75.1607
1964 75.1607
1965 75.1607
1966 75.1607
1967 75.1607
1968 75.1607
1969 75.1607
1970 75.1607
1971 75.1607
1972 75.1607
1973 75.1607
1974 75.1607
1975 75.1607
1976 75.1607
1977 75.1607
1978 75.1607
1979 75.1607
1980 75.1607
1981 75.1607
1982 75.1607
1983 75.1607
1984 75.1607
1985 75.1607
1986 75.1607
1987 75.1607
1988 75.1607
1989 75.1607
1990 75.1607
1991 75.1607
1992 75.1607
1993 75.1607
1994 75.1607
1995 75.1607
1996 75.1607
1997 75.1607
1998 75.1607
1999 75.1607
2000 75.1607
2001 75.1607
2002 75.1607
2003 75.1607
2004 75.1607
2005 75.1607
2006 75.1607
2007 75.1607
2008 75.1607
2009 75.1607
2010 75.1607
2011 75.1607
2012 75.1607
2013 75.1607
2014 75.1607
2015 75.1607
2016 75.1607
2017 75.1607
2018 75.1607
2019 75.1607
2020 75.1607
2021 75.1607
2022 75.1607
2023 75.1607
2024 75.1607
2025 75.1607
2026 75.1607
2027 75.1607
2028 75.1607
2029 75.1607
2030 75.1607
2031 75.1607
2032 75.1607
2033 75.1607
2034 75.1607
2035 75.1607
2036 75.1607
2037 75.1607
2038 75.1607
2039 75.1607
2040 75.1607
2041 75.1607
2042 75.1607
2043 75.1607
2044 75.1607
2045 75.1607
2046 75.1607
2047 75.1607
2048 75.1607
2049 75.1607
2050 75.1607
2051 75.1607
2052 75.1607
2053 75.1607
2054 75.1607
2055 75.1607
2056 75.1607
2057 75.1607
2058 75.1607
2059 75.1607
2060 75.1607
2061 75.1607
2062 75.1607
2063 75.1607
2064 75.1607
2065 75.1607
2066 75.1607
2067 75.1607
2068 75.1607
2069 75.1607
2070 75.1607
2071 75.1607
2072 75.1607
2073 75.1607
2074 75.1607
2075 75.1607
2076 75.1607
2077 75.1607
2078 75.1607
2079 75.1607
2080 75.1607
2081 75.1607
2082 75.1607
2083 75.1607
2084 75.1607
2085 75.1607
2086 75.1607
2087 75.1607
2088 75.1607
2089 75.1607
2090 75.1607
2091 75.1607
2092 75.1607
2093 75.1607
2094 75.1607
2095 75.1607
2096 75.1607
2097 75.1607
2098 75.1607
2099 75.1607
2100 75.1607
2101 75.1607
2102 75.1607
2103 75.1607
2104 75.1607
2105 75.1607
2106 75.1607
2107 75.1607
2108 75.1607
2109 75.1607
2110 75.1607
2111 75.1607
2112 75.1607
2113 75.1607
2114 75.1607
2115 75.1607
2116 75.1607
2117 75.1607
2118 75.1607
2119 75.1607
2120 75.1607
2121 75.1607
2122 75.1607
2123 75.1607
2124 75.1607
2125 75.1607
2126 75.1607
2127 75.1607
2128 75.1607
2129 75.1607
2130 75.1607
2131 75.1607
2132 75.1607
2133 75.1607
2134 75.1607
2135 75.1607
2136 75.1607
2137 75.1607
2138 75.1607
2139 75.1607
2140 75.1607
2141 75.1607
2142 75.1607
2143 75.1607
2144 75.1607
2145 75.1607
2146 75.1607
2147 75.1607
2148 75.1607
2149 75.1607
2150 75.1607
2151 75.1607
2152 75.1607
2153 75.1607
2154 75.1607
2155 75.1607
2156 75.1607
2157 75.1607
2158 75.1607
2159 75.1607
2160 75.1607
2161 75.1607
2162 75.1607
2163 75.1607
2164 75.1607
2165 75.1607
2166 75.1607
2167 75.1607
2168 75.1607
2169 75.1607
2170 75.1607
2171 75.1607
2172 75.1607
2173 75.1607
2174 75.1607
2175 75.1607
2176 75.1607
2177 75.1607
2178 75.1607
2179 75.1607
2180 75.1607
2181 75.1607
2182 75.1607
2183 75.1607
2184 75.1607
2185 75.1607
2186 75.1607
2187 75.1607
2188 75.1607
2189 75.1607
2190 75.1607
2191 75.1607
2192 75.1607
2193 75.1607
2194 75.1607
2195 75.1607
2196 75.1607
2197 75.1607
2198 75.1607
2199 75.1607
2200 75.1607
2201 75.1607
2202 75.1607
2203 75.1607
2204 75.1607
2205 75.1607
2206 74.9184
2207 74.9184
2208 74.9184
2209 74.9184
2210 74.9184
2211 74.9184
2212 74.9184
2213 74.9184
2214 74.9184
2215 74.9184
2216 74.9184
2217 74.9184
2218 74.9184
2219 74.9184
2220 74.9184
2221 74.9184
2222 74.9184
2223 74.9184
2224 74.9184
2225 74.9184
2226 74.9184
2227 74.9184
2228 74.9184
2229 74.9184
2230 74.9184
2231 74.9184
2232 74.9184
2233 74.9184
2234 74.9184
2235 74.9184
2236 74.9184
2237 74.9184
2238 74.9184
2239 74.9184
2240 74.4479
2241 74.4479
2242 74.4479
2243 74.4479
2244 74.4479
2245 74.4479
2246 74.4479
2247 74.4479
2248 74.4479
2249 74.4479
2250 74.4479
2251 74.4479
2252 74.4479
2253 74.4479
2254 74.4479
2255 74.4479
2256 74.4479
2257 74.4479
2258 74.4479
2259 74.4479
2260 74.4479
2261 74.4479
2262 74.4479
2263 74.4479
2264 74.4479
2265 74.4479
2266 74.4479
2267 74.4479
2268 74.4479
2269 74.4479
2270 74.4479
2271 74.4479
2272 74.3335
2273 74.3335
2274 74.3335
2275 74.3335
2276 74.3335
2277 74.3335
2278 74.3335
2279 74.3335
2280 74.3335
2281 74.3335
2282 74.3335
2283 74.3335
2284 74.3335
2285 74.3335
2286 74.3335
2287 74.3335
2288 74.3335
2289 74.3335
2290 74.3335
2291 74.3335
2292 74.3335
2293 74.3335
2294 74.3335
2295 74.3335
2296 74.3335
2297 74.3335
2298 74.3335
2299 74.3335
2300 74.3335
2301 74.3335
2302 74.3335
2303 74.3335
2304 74.3335
2305 74.3335
2306 74.3335
2307 74.3335
2308 74.3335
2309 74.3335
2310 74.3335
2311 74.3335
2312 74.3335
2313 74.3335
2314 74.3335
2315 74.3335
2316 74.3335
2317 74.3335
2318 74.3335
2319 74.3335
2320 74.3335
2321 74.3335
2322 74.3335
2323 74.3335
2324 74.3335
2325 74.3335
2326 74.3335
2327 74.3335
2328 74.3335
2329 74.3335
2330 74.3335
2331 74.3335
2332 74.3335
2333 74.3335
2334 74.3335
2335 74.3335
2336 74.3335
2337 74.3335
2338 74.3335
2339 74.3335
2340 74.3335
2341 74.3335
2342 74.3335
2343 74.3335
2344 74.3335
2345 74.3335
2346 74.3335
2347 74.3335
2348 74.3335
2349 74.3335
2350 74.3335
2351 74.3335
2352 74.3335
2353 74.3335
2354 74.3335
2355 74.3335
2356 74.3335
2357 74.3335
2358 74.3335
2359 74.3335
2360 74.3335
2361 74.3335
2362 74.3335
2363 74.3335
2364 74.3335
2365 74.3335
2366 74.3335
2367 74.3335
2368 74.3335
2369 74.3335
2370 74.3335
2371 74.3335
2372 74.3335
2373 74.3335
2374 74.3335
2375 74.3335
2376 74.3335
2377 74.3335
2378 74.3335
2379 74.3335
2380 74.3335
2381 74.3335
2382 74.3335
2383 74.3335
2384 74.3335
2385 74.3335
2386 74.3335
2387 74.3335
2388 74.3335
2389 74.3335
2390 74.3335
2391 74.3335
2392 74.3335
2393 74.3335
2394 74.3335
2395 74.3335
2396 74.3335
2397 74.3335
2398 74.3335
2399 74.3335
2400 74.3335
2401 74.3335
2402 74.3335
2403 74.3335
2404 74.3335
2405 74.3335
2406 74.3335
2407 74.3335
2408 74.3335
2409 74.3335
2410 74.3335
2411 74.3335
2412 74.3335
2413 74.3335
2414 74.3335
2415 74.3335
2416 74.3335
2417 74.3335
2418 74.3335
2419 74.3335
2420 74.3335
2421 74.3335
2422 74.3335
2423 74.3335
2424 74.3335
2425 74.3335
2426 74.3335
2427 74.3335
2428 74.3335
2429 74.3335
2430 74.3335
2431 74.3335
2432 74.3335
2433 74.3335
2434 74.3335
2435 74.3335
2436 74.3335
2437 74.3335
2438 74.3335
2439 74.3335
2440 74.3335
2441 74.3335
2442 74.3335
2443 74.3335
2444 74.3335
2445 74.3335
2446 74.3335
2447 74.3335
2448 74.3335
2449 74.3335
2450 74.3335
2451 74.3335
2452 74.3335
2453 74.3335
2454 74.3335
2455 74.3335
2456 74.3335
2457 74.3335
2458 74.3335
2459 74.3335
2460 74.3335
2461 74.3335
2462 74.3335
2463 74.3335
2464 74.3335
2465 74.3335
2466 74.3335
2467 74.3335
2468 74.3335
2469 74.3335
2470 74.3335
2471 74.3335
2472 74.3335
2473 74.3335
2474 74.3335
2475 74.3335
2476 74.3335
2477 74.3335
2478 74.3335
2479 74.3335
2480 74.3335
2481 74.3335
2482 74.3335
2483 74.3335
2484 74.3335
2485 74.3335
2486 74.3335
2487 74.3335
2488 74.3335
2489 74.3335
2490 74.3335
2491 74.3335
2492 74.3335
2493 74.3335
2494 74.3335
2495 74.3335
2496 74.3335
2497 74.3335
2498 74.3335
2499 74.3335
2500 74.3335
2501 74.3335
2502 74.3335
2503 74.3335
2504 74.3335
2505 74.3335
2506 74.3335
2507 74.3335
2508 74.3335
2509 74.3335
2510 74.3335
2511 74.3335
2512 74.3335
2513 74.3335
2514 74.3335
2515 74.3335
2516 74.3335
2517 74.3335
2518 74.3335
2519 74.3335
2520 74.3335
2521 74.3335
2522 74.3335
2523 74.3335
2524 74.3335
2525 74.3335
2526 74.3335
2527 74.3335
2528 74.3335
2529 74.3335
2530 74.3335
2531 74.3335
2532 74.3335
2533 74.3335
2534 74.3335
2535 74.3335
2536 74.3335
2537 74.3335
2538 74.3335
2539 74.3335
2540 74.3335
2541 74.3335
2542 74.3335
2543 74.3335
2544 74.3335
2545 74.3335
2546 74.3335
2547 74.3335
2548 74.3335
2549 74.3335
2550 74.3335
2551 74.3335
2552 74.3335
2553 74.3335
2554 74.3335
2555 74.3335
2556 74.3335
2557 74.3335
2558 74.3335
2559 74.3335
2560 74.3335
2561 74.3335
2562 74.3335
2563 74.3335
2564 74.3335
2565 74.3335
2566 74.3335
2567 74.3335
2568 74.3335
2569 74.3335
2570 74.3335
2571 74.3335
2572 74.3335
2573 74.3335
2574 74.3335
2575 74.3335
2576 74.3335
2577 74.3335
2578 74.3335
2579 74.3335
2580 74.3335
2581 74.3335
2582 74.3335
2583 74.3335
2584 74.3335
2585 74.3335
2586 74.3335
2587 74.3335
2588 74.3335
2589 74.3335
2590 74.3335
2591 74.3335
2592 74.3335
2593 74.3335
2594 74.3335
2595 74.3335
2596 74.3335
2597 74.3335
2598 74.3335
2599 74.3335
2600 74.3335
2601 74.3335
2602 74.3335
2603 74.1785
2604 74.1785
2605 74.1785
2606 74.1785
2607 74.1785
2608 74.1785
2609 74.1785
2610 74.1785
2611 74.1785
2612 74.1785
2613 74.1785
2614 74.1785
2615 74.1785
2616 74.1785
2617 74.1785
2618 74.1785
2619 74.1785
2620 74.1785
2621 74.1785
2622 74.1785
2623 74.1785
2624 74.1785
2625 74.1785
2626 74.1785
2627 74.1785
2628 74.1785
2629 74.1785
2630 74.1785
2631 74.1785
2632 74.1785
2633 74.1785
2634 74.1785
2635 74.1785
2636 74.1785
2637 74.1785
2638 74.1785
2639 74.1785
2640 74.1785
2641 74.1785
2642 74.1785
2643 74.1785
2644 74.1785
2645 74.1785
2646 74.1785
2647 74.1785
2648 74.1785
2649 74.1785
2650 74.1785
2651 74.1785
2652 74.1785
2653 74.1785
2654 74.1785
2655 74.1785
2656 74.1785
2657 74.1785
2658 74.1785
2659 74.1785
2660 74.1785
2661 74.1785
2662 74.1785
2663 74.1785
2664 74.1785
2665 74.1785
2666 74.1785
2667 74.1785
2668 74.1785
2669 74.1785
2670 74.1785
2671 74.1785
2672 74.1785
2673 74.1785
2674 74.1785
2675 74.1785
2676 74.1785
2677 74.1785
2678 74.1785
2679 74.1785
2680 74.1785
2681 74.1785
2682 74.1785
2683 74.1785
2684 74.1785
2685 74.1785
2686 74.1785
2687 74.1785
2688 74.1785
2689 74.1785
2690 74.1785
2691 74.1785
2692 74.1785
2693 74.1785
2694 74.1785
2695 74.1785
2696 74.1785
2697 74.1785
2698 74.1785
2699 74.1785
2700 74.1785
2701 74.1785
2702 74.1785
2703 74.1785
2704 74.1785
2705 74.1785
2706 74.1785
2707 74.1785
2708 74.1785
2709 74.1785
2710 74.1785
2711 74.1785
2712 74.1785
2713 74.1785
2714 74.1785
2715 74.1785
2716 74.1785
2717 74.1785
2718 74.1785
2719 74.1785
2720 74.1785
2721 74.1785
2722 74.1785
2723 74.1785
2724 74.1785
2725 74.1785
2726 74.1785
2727 74.1785
2728 74.1785
2729 74.1785
2730 74.1785
2731 74.1785
2732 74.1785
2733 74.1785
2734 74.1785
2735 74.1785
2736 74.1785
2737 74.1785
2738 74.1785
2739 74.1785
2740 74.1785
2741 74.1785
2742 74.1785
2743 74.1785
2744 74.1785
2745 74.1785
2746 74.1785
2747 74.1785
2748 74.1785
2749 74.1785
2750 74.1785
2751 74.1785
2752 74.1785
2753 74.1785
2754 74.1785
2755 74.1785
2756 74.1785
2757 74.1785
2758 74.1785
2759 74.1785
2760 74.1785
2761 74.1785
2762 74.1785
2763 74.1785
2764 74.1785
2765 74.1785
2766 74.1785
2767 74.1785
2768 74.1785
2769 74.1785
2770 74.1785
2771 74.1785
2772 74.1785
2773 74.1785
2774 74.1785
2775 74.1785
2776 74.1785
2777 74.1785
2778 74.1785
2779 74.1785
2780 74.1785
2781 74.1785
2782 74.1785
2783 74.1785
2784 74.1785
2785 74.1785
2786 74.1785
2787 74.1785
2788 74.1785
2789 74.1785
2790 74.1785
2791 73.5387
2792 73.5387
2793 73.5387
2794 73.5387
2795 73.5387
2796 73.5387
2797 73.5387
2798 73.5387
2799 73.5387
2800 73.5387
2801 73.5387
2802 73.5387
2803 73.5387
2804 73.5387
2805 73.5387
2806 73.5387
2807 73.5387
2808 73.5387
2809 73.5387
2810 73.5387
2811 73.5387
2812 73.5387
2813 73.5387
2814 73.5387
2815 73.5387
2816 73.5387
2817 73.5387
2818 73.5387
2819 73.5387
2820 73.5387
2821 73.5387
2822 73.5387
2823 73.5387
2824 73.5387
2825 73.5387
2826 73.5387
2827 73.5387
2828 73.5387
2829 73.5387
2830 73.5387
2831 73.5387
2832 73.5387
2833 73.5387
2834 73.5387
2835 73.5387
2836 73.5387
2837 73.5387
2838 73.5387
2839 72.7818
2840 72.7818
2841 73.5387
2842 73.5387
2843 73.5387
2844 73.5387
2845 73.5387
2846 73.5387
2847 73.5387
2848 73.5387
2849 73.5387
2850 73.5387
2851 73.5387
2852 73.5387
2853 73.5387
2854 73.5387
2855 73.5387
2856 73.5387
2857 73.5387
2858 73.5387
2859 73.5387
2860 73.5387
2861 73.5387
2862 73.5387
2863 73.5387
2864 73.5387
2865 73.5387
2866 73.5387
2867 73.5387
2868 73.5387
2869 73.5387
2870 73.5387
2871 73.5387
2872 73.5387
2873 73.5387
2874 73.5387
2875 73.5387
2876 73.5387
2877 73.5387
2878 73.5387
2879 73.5387
2880 73.5387
2881 73.5387
2882 73.5387
2883 73.5387
2884 73.5387
2885 73.5387
2886 73.5387
2887 73.5387
2888 73.5387
2889 73.5387
2890 73.5387
2891 73.5387
2892 73.5387
2893 73.5387
2894 73.5387
2895 73.5387
2896 73.5387
2897 73.5387
2898 73.5387
2899 73.5387
2900 73.5387
2901 73.5387
2902 73.5387
2903 73.5387
2904 73.5387
2905 73.5387
2906 73.5387
2907 73.5387
2908 73.5387
2909 73.5387
2910 73.5387
2911 73.5387
2912 73.5387
2913 73.5387
2914 73.5387
2915 73.5387
2916 73.5387
2917 73.5387
2918 73.5387
2919 73.5387
2920 73.5387
2921 73.5387
2922 73.5387
2923 73.5387
2924 73.5387
2925 73.5387
2926 73.5387
2927 73.5387
2928 73.5387
2929 73.5387
2930 73.5387
2931 73.5387
2932 73.5387
2933 73.5387
2934 73.5387
2935 73.5387
2936 73.5387
2937 73.5387
2938 73.5387
2939 73.5387
2940 73.5387
2941 73.5387
2942 73.5387
2943 73.5387
2944 73.5387
2945 73.5387
2946 73.5387
2947 73.5387
2948 73.5387
2949 73.5387
2950 73.5387
2951 73.5387
2952 73.5387
2953 73.5387
2954 73.5387
2955 73.5387
2956 73.5387
2957 73.5387
2958 73.5387
2959 73.5387
2960 73.5387
2961 73.5387
2962 73.5387
2963 73.5387
2964 73.5387
2965 73.5387
2966 73.5387
2967 73.5387
2968 73.5387
2969 73.5387
2970 73.5387
2971 73.5387
2972 73.5387
2973 73.5387
2974 73.5387
2975 73.5387
2976 73.5387
2977 73.5387
2978 73.5387
2979 73.5387
2980 73.5387
2981 73.5387
2982 73.5387
2983 73.5387
2984 73.5387
2985 73.5387
2986 73.5387
2987 73.5387
2988 73.5387
2989 73.5387
2990 73.5387
2991 73.5387
2992 73.5387
2993 73.5387
2994 73.5387
2995 73.5387
2996 73.5387
2997 73.5387
2998 73.5387
2999 73.5387
3000 73.5387
3001 73.5387
3002 73.5387
3003 73.5387
3004 73.5387
3005 73.5387
3006 73.5387
3007 73.5387
3008 73.5387
3009 73.5387
3010 73.5387
3011 73.5387
3012 73.5387
3013 73.5387
3014 73.5387
3015 73.5387
3016 73.5387
3017 73.5387
3018 73.5387
3019 73.5387
3020 73.5387
3021 73.5387
3022 73.5387
3023 73.5387
3024 73.5387
3025 73.5387
3026 73.5387
3027 73.5387
3028 73.5387
3029 73.5387
3030 73.5387
3031 73.5387
3032 73.5387
3033 73.5387
3034 73.5387
3035 73.5387
3036 73.5387
3037 73.5387
3038 73.5387
3039 73.5387
3040 73.5387
3041 73.5387
3042 73.5387
3043 73.5387
3044 73.5387
3045 73.5387
3046 73.5387
3047 73.5387
3048 73.5387
3049 73.5387
3050 73.5387
3051 73.5387
3052 73.5387
3053 73.5387
3054 73.5387
3055 73.5387
3056 73.5387
3057 73.5387
3058 73.5387
3059 73.5387
3060 73.5387
3061 73.5387
3062 73.5387
3063 73.5387
3064 73.5387
3065 73.5387
3066 73.5387
3067 73.5387
3068 73.5387
3069 73.5387
3070 73.5387
3071 73.5387
3072 73.5387
3073 73.5387
3074 73.5387
3075 73.5387
3076 73.5387
3077 73.5387
3078 73.5387
3079 73.5387
3080 73.5387
3081 73.5387
3082 73.5387
3083 73.5387
3084 73.5387
3085 73.486
3086 73.486
3087 73.486
3088 73.486
3089 73.486
3090 73.486
3091 73.486
3092 73.486
3093 73.486
3094 73.486
3095 73.486
3096 73.486
3097 73.486
3098 73.486
3099 73.486
3100 73.486
3101 73.486
3102 73.486
3103 73.486
3104 73.486
3105 73.486
3106 73.486
3107 73.486
3108 73.486
3109 73.486
3110 73.486
3111 73.486
3112 73.486
3113 73.486
3114 73.486
3115 73.486
3116 73.486
3117 73.486
3118 73.486
3119 73.486
3120 73.486
3121 73.486
3122 73.486
3123 73.486
3124 73.486
3125 73.486
3126 73.486
3127 73.486
3128 73.486
3129 73.486
3130 73.486
3131 73.486
3132 73.486
3133 73.486
3134 73.486
3135 73.486
3136 73.486
3137 73.486
3138 73.486
3139 73.486
3140 73.486
3141 73.486
3142 73.486
3143 73.486
3144 73.486
3145 73.486
3146 73.486
3147 73.486
3148 73.486
3149 73.486
3150 73.486
3151 73.486
3152 73.486
3153 73.486
3154 73.486
3155 73.486
3156 73.486
3157 73.486
3158 73.486
3159 73.486
3160 73.486
3161 73.486
3162 73.486
3163 73.486
3164 73.486
3165 73.486
3166 73.486
3167 73.486
3168 73.486
3169 73.486
3170 73.486
3171 73.486
3172 73.486
3173 73.4775
3174 73.4775
3175 73.4775
3176 73.4775
3177 73.4775
3178 73.4775
3179 73.4775
3180 73.4775
3181 73.4775
3182 73.4775
3183 73.4775
3184 73.4775
3185 73.4775
3186 73.4775
3187 73.4775
3188 73.4775
3189 73.4775
3190 73.4775
3191 73.4775
3192 73.4775
3193 73.1031
3194 73.1031
3195 73.1031
3196 73.1031
3197 73.1031
3198 73.1031
3199 73.1031
3200 73.1031
3201 73.1031
3202 73.1031
3203 73.1031
3204 73.1031
3205 73.1031
3206 73.1031
3207 73.1031
3208 73.1031
3209 73.1031
3210 73.1031
3211 73.1031
3212 73.1031
3213 73.1031
3214 73.1031
3215 73.1031
3216 73.1031
3217 73.1031
3218 73.1031
3219 73.1031
3220 73.1031
3221 73.1031
3222 73.1031
3223 73.1031
3224 73.1031
3225 73.1031
3226 73.1031
3227 73.1031
3228 73.1031
3229 73.1031
3230 73.1031
3231 73.1031
3232 73.1031
3233 73.1031
3234 73.1031
3235 73.1031
3236 73.1031
3237 73.1031
3238 73.1031
3239 73.1031
3240 73.1031
3241 73.1031
3242 73.1031
3243 73.1031
3244 73.1031
3245 73.1031
3246 73.1031
3247 73.1031
3248 72.3461
3249 72.3461
3250 72.3461
3251 72.3461
3252 72.3461
3253 72.3461
3254 72.3461
3255 72.3461
3256 72.3461
3257 72.3461
3258 72.3461
3259 72.3461
3260 72.3461
3261 72.3461
3262 72.3461
3263 72.3461
3264 72.3461
3265 72.3461
3266 72.3461
3267 72.3461
3268 72.3461
3269 72.3461
3270 72.3461
3271 72.3461
3272 72.3461
3273 72.3461
3274 72.3461
3275 72.3461
3276 72.3461
3277 72.3461
3278 72.3461
3279 72.3461
3280 72.3461
3281 72.3461
3282 72.3461
3283 72.3461
3284 72.3461
3285 72.3461
3286 72.3461
3287 72.3461
3288 72.3461
3289 72.3461
3290 72.3461
3291 72.3461
3292 72.3461
3293 72.3461
3294 72.3461
3295 72.3461
3296 72.3461
3297 72.3461
3298 72.3461
3299 72.3461
3300 72.3461
3301 72.3461
3302 72.3461
3303 72.3461
3304 72.3461
3305 72.3461
3306 72.3461
3307 72.3461
3308 72.3461
3309 72.3461
3310 72.3461
3311 72.3461
3312 72.3461
3313 72.3461
3314 72.3461
3315 72.3461
3316 72.3461
3317 72.3461
3318 72.3461
3319 72.3461
3320 72.3461
3321 72.3461
3322 72.194
3323 72.194
3324 72.194
3325 72.1232
3326 72.1232
3327 71.9711
3328 71.9711
3329 71.9711
3330 71.9711
3331 71.9711
3332 71.9711
3333 71.9711
3334 71.9711
3335 71.9711
3336 71.9711
3337 71.9711
3338 71.9711
3339 71.9711
3340 71.9711
3341 71.9711
3342 71.9711
3343 71.9711
3344 71.9711
3345 71.9711
3346 71.9711
3347 71.9711
3348 71.9711
3349 71.9711
3350 71.9711
3351 71.9711
3352 71.9711
3353 71.9711
3354 71.9711
3355 71.9711
3356 71.9711
3357 71.9711
3358 71.9711
3359 71.9711
3360 71.9711
3361 71.9711
3362 71.9711
3363 71.9711
3364 71.9711
3365 71.9711
3366 71.9711
3367 71.9711
3368 71.9711
3369 71.9711
3370 71.9711
3371 71.9711
3372 71.9711
3373 71.9711
3374 71.9711
3375 71.9711
3376 71.9711
3377 71.9711
3378 71.9711
3379 71.9711
3380 71.9711
3381 71.9711
3382 71.9711
3383 71.9711
3384 71.9711
3385 71.9711
3386 71.9711
3387 71.9711
3388 71.9711
3389 71.9711
3390 71.9711
3391 71.9711
3392 71.9711
3393 71.9711
3394 71.9711
3395 71.9711
3396 71.9711
3397 71.9645
3398 71.9645
3399 71.9645
3400 71.9645
3401 71.9645
3402 71.9645
3403 71.9645
3404 71.9645
3405 71.9645
3406 71.9645
3407 71.9645
3408 71.9645
3409 71.9645
3410 71.9645
3411 71.9645
3412 71.9645
3413 71.9645
3414 71.9645
3415 71.9645
3416 71.9645
3417 71.9645
3418 71.9645
3419 71.9645
3420 71.9645
3421 71.9645
3422 71.9645
3423 71.9645
3424 71.9645
3425 71.9645
3426 71.9645
3427 71.9645
3428 71.9645
3429 71.9645
3430 71.9645
3431 71.9645
3432 71.9645
3433 71.9645
3434 71.9645
3435 71.9645
3436 71.9645
3437 71.9645
3438 71.9645
3439 71.9645
3440 71.9645
3441 71.9645
3442 71.9645
3443 71.9645
3444 71.9645
3445 71.9645
3446 71.9645
3447 71.9645
3448 71.9645
3449 71.9645
3450 71.9645
3451 71.9645
3452 71.9645
3453 71.9645
3454 71.9645
3455 71.9645
3456 71.9645
3457 71.9645
3458 71.9645
3459 71.9645
3460 71.9645
3461 71.9645
3462 71.9645
3463 71.9645
3464 71.9645
3465 71.9645
3466 71.9645
3467 71.9645
3468 71.9645
3469 71.9645
3470 71.9645
3471 71.9645
3472 71.9645
3473 71.9645
3474 71.9645
3475 71.9645
3476 71.9645
3477 71.9645
3478 71.9645
3479 71.9645
3480 71.9645
3481 71.9645
3482 71.9645
3483 71.9645
3484 71.9645
3485 71.9645
3486 71.9645
3487 71.9645
3488 71.9645
3489 71.9645
3490 71.9645
3491 71.9645
3492 71.9645
3493 71.9645
3494 71.9645
3495 71.9645
3496 71.9645
3497 71.9645
3498 71.9645
3499 71.9645
3500 71.9645
3501 71.9645
3502 71.9645
3503 71.9645
3504 71.9645
3505 71.9645
3506 71.9645
3507 71.9645
3508 71.9645
3509 71.9645
3510 71.9645
3511 71.9645
3512 71.9645
3513 71.9645
3514 71.9645
3515 71.9645
3516 71.9645
3517 71.9645
3518 71.9645
3519 71.9645
3520 71.9645
3521 71.9645
3522 71.9645
3523 71.9645
3524 71.9645
3525 71.9645
3526 71.9645
3527 71.9645
3528 71.9645
3529 71.9645
3530 71.9645
3531 71.9645
3532 71.9645
3533 71.9645
3534 71.9645
3535 71.9645
3536 71.9645
3537 71.9645
3538 71.9645
3539 71.9645
3540 71.9645
3541 71.9645
3542 71.9645
3543 71.9645
3544 71.9645
3545 71.9645
3546 71.9645
3547 71.9645
3548 71.9645
3549 71.9645
3550 71.9645
3551 71.9645
3552 71.9645
3553 71.9645
3554 71.9645
3555 71.9645
3556 71.9645
3557 71.9645
3558 71.9645
3559 71.9645
3560 71.9645
3561 71.9645
3562 71.9645
3563 71.9645
3564 71.9645
3565 71.9645
3566 71.9645
3567 71.9645
3568 71.9645
3569 71.9645
3570 71.9645
3571 71.9645
3572 71.9645
3573 71.9645
3574 71.9645
3575 71.9645
3576 71.9645
3577 71.9645
3578 71.9645
3579 71.9645
3580 71.9645
3581 71.9645
3582 71.9645
3583 71.9645
3584 71.9645
3585 71.9645
3586 71.9645
3587 71.9645
3588 71.9645
3589 71.9645
3590 71.9645
3591 71.9645
3592 71.9645
3593 71.9645
3594 71.9645
3595 71.9645
3596 71.9645
3597 71.9645
3598 71.9645
3599 71.9645
3600 71.9645
3601 71.9645
3602 71.9645
3603 71.9645
3604 71.9645
3605 71.9645
3606 71.9645
3607 71.9645
3608 71.9645
3609 71.9645
3610 71.9645
3611 71.9645
3612 71.9645
3613 71.9645
3614 71.9645
3615 71.9645
3616 71.9645
3617 71.9645
3618 71.9645
3619 71.9645
3620 71.9645
3621 71.9645
3622 71.9645
3623 71.9645
3624 71.9645
3625 71.9645
3626 71.9645
3627 71.9645
3628 71.9645
3629 71.9645
3630 71.9645
3631 71.9645
3632 71.9645
3633 71.9645
3634 71.9645
3635 71.9645
3636 71.9645
3637 71.9645
3638 71.9645
3639 71.9645
3640 71.9645
3641 71.9645
3642 71.9645
3643 71.9645
3644 71.9645
3645 71.9645
3646 71.9645
3647 71.9645
3648 71.9645
3649 71.9645
3650 71.9645
3651 71.9645
3652 71.9645
3653 71.9645
3654 71.9645
3655 71.9645
3656 71.9645
3657 71.9645
3658 71.9645
3659 71.9645
3660 71.9645
3661 71.9645
3662 71.9645
3663 71.9645
3664 71.9645
3665 71.9645
3666 71.9645
3667 71.9645
3668 71.9645
3669 71.9645
3670 71.9645
3671 71.9645
3672 71.9645
3673 71.9645
3674 71.9645
3675 71.9645
3676 71.9645
3677 71.9645
3678 71.9645
3679 71.9645
3680 71.9645
3681 71.9645
3682 71.9645
3683 71.9645
3684 71.9645
3685 71.9645
3686 71.9645
3687 71.9645
3688 71.9645
3689 71.9645
3690 71.9645
3691 71.9645
3692 71.9645
3693 71.9645
3694 71.9645
3695 71.9645
3696 71.9645
3697 71.9645
3698 71.9645
3699 71.9645
3700 71.9645
3701 71.9645
3702 71.9645
3703 71.9645
3704 71.9645
3705 71.9645
3706 71.9645
3707 71.9645
3708 71.9645
3709 71.9645
3710 71.9645
3711 71.9645
3712 71.9645
3713 71.9645
3714 71.9645
3715 71.9645
3716 71.9645
3717 71.9645
3718 71.9645
3719 71.9645
3720 71.9645
3721 71.9645
3722 71.9645
3723 71.9645
3724 71.9645
3725 71.9645
3726 71.9645
3727 71.9645
3728 71.9645
3729 71.9645
3730 71.9645
3731 71.6914
3732 71.6914
3733 71.6914
3734 71.6914
3735 71.6914
3736 71.6914
3737 71.6914
3738 71.6914
3739 71.6914
3740 71.6914
3741 71.6914
3742 71.6914
3743 71.6914
3744 71.6914
3745 71.6914
3746 71.6914
3747 71.6914
3748 71.6914
3749 71.6914
3750 71.6914
3751 71.6914
3752 71.6914
3753 71.6914
3754 71.6914
3755 71.6914
3756 71.6914
3757 71.6914
3758 71.6914
3759 71.6914
3760 71.6914
3761 71.6914
3762 71.6914
3763 71.6914
3764 71.6914
3765 71.6914
3766 71.6914
3767 71.6914
3768 71.6914
3769 71.6914
3770 71.6914
3771 71.6914
3772 71.6914
3773 71.6914
3774 71.6914
3775 71.6914
3776 71.6914
3777 71.6914
3778 71.6914
3779 71.6914
3780 71.6914
3781 71.6914
3782 71.6914
3783 71.6914
3784 71.6914
3785 71.6914
3786 71.6914
3787 71.6914
3788 71.6914
3789 71.6914
3790 71.6914
3791 71.6914
3792 71.6914
3793 71.6914
3794 71.6914
3795 71.6914
3796 71.6914
3797 71.6914
3798 71.6914
3799 71.6914
3800 71.6914
3801 71.6914
3802 71.6914
3803 71.6914
3804 71.6914
3805 71.6914
3806 71.6914
3807 71.6914
3808 71.6914
3809 71.6914
3810 71.6914
3811 71.6914
3812 71.6914
3813 71.6914
3814 71.6914
3815 71.6914
3816 71.6914
3817 71.6914
3818 71.6914
3819 71.6914
3820 71.6914
3821 71.6914
3822 71.6914
3823 71.6914
3824 71.6914
3825 71.6914
3826 71.6914
3827 71.6914
3828 71.6914
3829 71.6914
3830 71.6914
3831 71.6914
3832 71.6914
3833 71.6914
3834 71.6914
3835 71.6914
3836 71.6914
3837 71.6914
3838 71.6914
3839 71.6914
3840 71.6914
3841 71.6914
3842 71.6914
3843 71.6914
3844 71.6914
3845 71.6914
3846 71.6914
3847 71.6914
3848 71.6914
3849 71.6914
3850 71.6914
3851 71.6914
3852 71.6914
3853 71.6914
3854 71.6914
3855 71.6214
3856 71.6214
3857 71.6214
3858 71.6214
3859 71.6214
3860 71.6214
3861 71.6214
3862 71.6214
3863 71.6214
3864 71.6214
3865 71.6214
3866 71.6214
3867 71.6214
3868 71.6214
3869 71.6214
3870 71.6214
3871 71.6214
3872 71.6214
3873 71.6214
3874 71.6214
3875 71.6214
3876 71.6214
3877 71.6214
3878 71.6214
3879 71.6214
3880 71.6214
3881 71.6214
3882 71.6214
3883 71.6214
3884 71.6214
3885 71.6214
3886 71.6214
3887 71.6214
3888 71.6214
3889 71.6214
3890 71.6214
3891 71.6214
3892 71.6214
3893 71.6214
3894 71.6214
3895 71.6214
3896 71.6214
3897 71.6214
3898 71.6214
3899 71.6214
3900 71.6214
3901 71.6214
3902 71.6214
3903 71.6214
3904 71.6214
3905 71.6214
3906 71.6214
3907 71.6214
3908 71.6214
3909 71.6214
3910 71.6214
3911 71.6214
3912 71.6214
3913 71.6214
3914 71.6214
3915 71.6214
3916 71.6214
3917 71.6214
3918 71.6214
3919 71.6214
3920 71.6214
3921 71.6214
3922 71.6214
3923 71.6214
3924 71.6214
3925 71.6214
3926 71.6214
3927 71.6214
3928 71.6214
3929 71.6214
3930 71.6214
3931 71.6214
3932 71.6214
3933 71.6214
3934 71.6214
3935 71.6214
3936 71.6214
3937 71.6214
3938 71.6214
3939 71.6214
3940 71.6214
3941 71.6214
3942 71.5657
3943 71.5657
3944 71.5657
3945 71.5657
3946 71.5657
3947 71.5657
3948 71.5657
3949 71.5657
3950 71.5657
3951 71.5657
3952 71.5657
3953 71.5657
3954 71.5657
3955 71.5657
3956 71.5657
3957 71.5657
3958 71.5657
3959 71.5657
3960 71.5657
3961 71.5657
3962 71.5657
3963 71.5657
3964 71.5657
3965 71.5657
3966 71.5657
3967 71.5657
3968 71.5657
3969 71.5657
3970 71.5657
3971 71.5657
3972 71.5657
3973 71.5657
3974 71.5657
3975 71.5657
3976 71.5657
3977 71.5657
3978 71.5657
3979 71.5657
3980 71.5657
3981 71.5657
3982 71.5657
3983 71.5657
3984 71.5657
3985 71.5657
3986 71.5657
3987 71.5657
3988 71.5657
3989 71.5657
3990 71.5657
3991 71.5657
3992 71.5657
3993 71.5657
3994 71.5657
3995 71.5657
3996 71.5657
3997 71.5657
3998 71.5657
3999 71.5657
4000 71.5657
4001 71.5657
4002 71.5657
4003 71.5657
4004 71.5657
4005 71.5657
4006 71.5657
4007 71.5657
4008 71.5657
4009 71.5657
4010 71.5657
4011 71.5657
4012 71.5657
4013 71.5657
4014 71.5657
4015 71.5657
4016 71.5657
4017 71.5657
4018 71.5657
4019 71.5657
4020 71.5657
4021 71.5657
4022 71.5657
4023 71.5657
4024 71.5657
4025 71.5657
4026 71.5657
4027 71.5657
4028 71.5657
4029 71.5657
4030 71.5657
4031 71.5657
4032 71.5657
4033 71.5657
4034 71.5657
4035 71.5657
4036 71.5657
4037 71.5657
4038 71.5657
4039 71.5657
4040 71.5657
4041 71.5657
4042 71.5657
4043 71.5657
4044 71.5657
4045 71.5657
4046 71.5657
4047 71.5657
4048 71.5657
4049 71.5657
4050 71.5657
4051 71.5657
4052 71.5657
4053 71.5657
4054 71.5657
4055 71.5657
4056 71.4548
4057 71.4548
4058 71.4548
4059 71.4548
4060 71.4548
4061 71.4548
4062 71.4548
4063 71.4548
4064 71.4548
4065 71.4548
4066 71.4548
4067 71.4548
4068 71.4548
4069 71.4548
4070 71.4548
4071 71.4548
4072 71.4548
4073 71.4548
4074 71.4548
4075 71.4548
4076 71.4548
4077 71.4548
4078 71.4548
4079 71.4548
4080 71.4548
4081 71.4548
4082 71.4548
4083 71.4548
4084 71.4548
4085 71.4548
4086 71.4548
4087 71.4548
4088 71.4548
4089 71.4548
4090 71.4548
4091 71.4548
4092 71.4548
4093 71.4548
4094 71.4548
4095 71.4548
4096 71.4548
4097 71.4548
4098 71.4548
4099 71.4548
4100 71.4548
4101 71.4548
4102 71.4548
4103 71.4548
4104 71.4548
4105 71.4548
4106 71.4548
4107 71.4548
4108 71.4548
4109 71.4548
4110 71.4548
4111 71.4548
4112 71.4548
4113 71.4548
4114 71.4548
4115 71.4548
4116 71.4548
4117 71.4548
4118 71.4548
4119 71.4548
4120 71.4548
4121 71.4548
4122 71.4548
4123 71.4548
4124 71.4548
4125 71.4548
4126 71.4548
4127 71.4548
4128 71.4548
4129 71.4548
4130 71.4548
4131 71.4548
4132 71.4548
4133 71.4548
4134 71.4548
4135 71.4548
4136 71.4548
4137 71.4548
4138 71.4548
4139 71.4548
4140 71.4548
4141 71.4548
4142 71.4548
4143 71.4548
4144 71.4548
4145 71.4548
4146 71.4548
4147 71.4548
4148 71.4548
4149 71.4548
4150 71.4548
4151 71.4548
4152 71.4548
4153 71.4548
4154 71.4548
4155 71.4548
4156 71.4548
4157 71.4548
4158 71.4548
4159 71.4548
4160 71.4548
4161 71.4548
4162 71.4548
4163 71.4548
4164 71.4548
4165 71.4548
4166 71.4548
4167 71.4548
4168 71.4548
4169 71.4548
4170 71.4548
4171 71.4548
4172 71.4548
4173 71.4548
4174 71.4548
4175 71.4548
4176 71.4548
4177 71.4548
4178 71.4548
4179 71.4548
4180 71.4548
4181 71.4548
4182 71.4548
4183 71.4548
4184 71.4548
4185 71.4548
4186 71.4548
4187 71.4548
4188 71.4548
4189 71.4548
4190 71.4548
4191 71.4548
4192 71.4548
4193 71.4548
4194 71.4548
4195 71.4548
4196 71.4548
4197 71.4548
4198 71.4548
4199 71.4548
4200 71.4548
4201 71.4548
4202 71.4548
4203 71.4548
4204 71.4548
4205 71.4548
4206 71.4548
4207 71.4548
4208 71.4548
4209 71.4548
4210 71.4548
4211 71.4548
4212 71.4548
4213 71.4548
4214 71.4548
4215 71.4548
4216 71.4548
4217 71.4548
4218 71.4548
4219 71.4548
4220 71.4548
4221 71.4548
4222 71.4548
4223 71.4548
4224 71.4548
4225 71.4548
4226 71.4548
4227 71.4548
4228 71.4548
4229 71.4548
4230 71.4548
4231 71.4548
4232 71.4548
4233 71
4234 71
4235 71
4236 71
4237 71
4238 71
4239 71
4240 71
4241 71
4242 71
4243 71
4244 71
4245 71
4246 71
4247 71
4248 71
4249 71
4250 71
4251 71
4252 71
4253 71
4254 71
4255 71
4256 71
4257 71
4258 71
4259 71
4260 71
4261 71
4262 71
4263 71
4264 71
4265 71
4266 71
4267 71
4268 71
4269 71
4270 71
4271 71
4272 71
4273 71
4274 71
4275 71
4276 71
4277 71
4278 71
4279 71
4280 71
4281 71
4282 71
4283 71
4284 71
4285 71
4286 71
4287 71
4288 71
4289 71
4290 71
4291 71
4292 71
4293 71
4294 71
4295 71
4296 71
4297 71
4298 71
4299 71
4300 71
4301 71
4302 71
4303 71
4304 71
4305 71
4306 71
4307 71
4308 71
4309 71
4310 71
4311 71
4312 71
4313 71
4314 71
4315 71
4316 71
4317 71
4318 71
4319 71
4320 71
4321 71
4322 71
4323 71
4324 71
4325 71
4326 71
4327 71
4328 71
4329 71
4330 71
4331 71
4332 71
4333 71
4334 71
4335 71
4336 71
4337 71
4338 71
4339 71
4340 71
4341 71
4342 71
4343 71
4344 71
4345 71
4346 71
4347 71
4348 71
4349 71
4350 71
4351 71
4352 71
4353 71
4354 71
4355 71
4356 71
4357 71
4358 71
4359 71
4360 71
4361 71
4362 71
4363 71
4364 71
4365 71
4366 71
4367 71
4368 71
4369 71
4370 71
4371 71
4372 71
4373 71
4374 71
4375 71
4376 71
4377 70.8029
4378 70.8029
4379 70.8029
4380 70.8029
4381 70.8029
4382 70.8029
4383 70.8029
4384 70.8029
4385 70.8029
4386 70.8029
4387 70.8029
4388 70.8029
4389 70.8029
4390 70.8029
4391 70.8029
4392 70.8029
4393 70.8029
4394 70.8029
4395 70.8029
4396 70.8029
4397 70.8029
4398 70.8029
4399 70.8029
4400 70.8029
4401 70.8029
4402 70.8029
4403 70.8029
4404 70.8029
4405 70.8029
4406 70.8029
4407 70.8029
4408 70.8029
4409 70.8029
4410 70.8029
4411 70.8029
4412 70.8029
4413 70.8029
4414 70.8029
4415 70.8029
4416 70.8029
4417 70.8029
4418 70.8029
4419 70.3476
4420 70.3476
4421 70.3476
4422 70.3476
4423 70.3476
4424 70.3476
4425 70.3476
4426 70.3476
4427 70.3476
4428 70.3476
4429 70.3476
4430 70.3476
4431 70.3476
4432 70.3476
4433 70.265
4434 70.265
4435 70.265
4436 70.265
4437 70.265
4438 70.265
4439 70.265
4440 70.265
4441 70.265
4442 70.265
4443 70.265
4444 70.265
4445 70.265
4446 70.265
4447 70.265
4448 70.265
4449 70.265
4450 70.265
4451 70.265
4452 70.265
4453 70.265
4454 70.265
4455 70.265
4456 70.265
4457 70.265
4458 70.265
4459 70.265
4460 70.265
4461 70.265
4462 70.265
4463 70.265
4464 70.265
4465 70.265
4466 70.265
4467 70.265
4468 70.265
4469 70.265
4470 70.265
4471 70.265
4472 70.265
4473 70.265
4474 70.265
4475 70.265
4476 70.265
4477 70.265
4478 70.265
4479 70.265
4480 70.265
4481 70.265
4482 70.265
4483 70.265
4484 70.265
4485 70.265
4486 70.265
4487 70.265
4488 70.265
4489 70.265
4490 70.265
4491 70.265
4492 70.265
4493 70.265
4494 70.265
4495 70.265
4496 70.265
4497 70.265
4498 70.265
4499 70.265
4500 70.265
4501 70.265
4502 70.265
4503 70.265
4504 70.265
4505 70.265
4506 70.265
4507 70.265
4508 70.265
4509 70.265
4510 70.265
4511 70.265
4512 70.265
4513 70.265
4514 70.265
4515 70.265
4516 70.265
4517 70.265
4518 70.265
4519 70.0311
4520 70.0311
4521 70.0311
4522 70.0311
4523 70.0311
4524 70.0311
4525 70.0311
4526 70.0311
4527 70.0311
4528 70.0311
4529 70.0311
4530 70.0311
4531 70.0311
4532 70.0311
4533 69.719
4534 69.719
4535 69.719
4536 69.719
4537 69.719
4538 69.719
4539 69.719
4540 69.719
4541 69.719
4542 69.719
4543 69.719
4544 69.719
4545 69.719
4546 69.719
4547 69.719
4548 69.719
4549 69.719
4550 69.719
4551 69.719
4552 69.719
4553 69.719
4554 69.719
4555 69.719
4556 69.719
4557 69.719
4558 69.719
4559 69.719
4560 69.719
4561 69.719
4562 69.719
4563 69.719
4564 69.719
4565 69.719
4566 69.719
4567 69.719
4568 69.719
4569 69.719
4570 69.719
4571 69.719
4572 69.719
4573 69.719
4574 69.719
4575 69.719
4576 69.719
4577 69.719
4578 69.719
4579 69.719
4580 69.719
4581 69.719
4582 69.719
4583 69.719
4584 69.719
4585 69.719
4586 69.719
4587 69.719
4588 69.719
4589 69.719
4590 69.719
4591 69.719
4592 69.719
4593 69.719
4594 69.719
4595 69.719
4596 69.719
4597 69.719
4598 69.719
4599 69.719
4600 69.719
4601 69.719
4602 69.719
4603 69.719
4604 69.719
4605 69.719
4606 69.719
4607 69.719
4608 69.719
4609 69.719
4610 69.719
4611 69.719
4612 69.719
4613 69.719
4614 69.719
4615 69.719
4616 69.719
4617 69.719
4618 69.719
4619 69.719
4620 69.719
4621 69.719
4622 69.719
4623 69.719
4624 69.719
4625 69.719
4626 69.719
4627 69.719
4628 69.719
4629 69.719
4630 69.719
4631 69.719
4632 69.719
4633 69.719
4634 69.719
4635 69.719
4636 69.719
4637 69.719
4638 69.719
4639 69.719
4640 69.719
4641 69.719
4642 69.719
4643 69.719
4644 69.719
4645 69.719
4646 69.719
4647 69.719
4648 69.719
4649 69.4546
4650 69.4546
4651 69.4546
4652 69.4546
4653 69.4546
4654 69.4546
4655 69.4546
4656 69.4546
4657 69.4546
4658 69.4546
4659 69.4546
4660 69.4546
4661 69.4546
4662 69.4546
4663 69.4546
4664 69.4546
4665 69.4546
4666 69.4546
4667 69.4546
4668 69.4546
4669 69.4546
4670 69.4546
4671 69.4546
4672 69.4546
4673 69.4546
4674 69.4546
4675 69.4546
4676 69.4546
4677 69.4546
4678 69.4546
4679 69.4546
4680 69.4546
4681 69.4546
4682 69.4546
4683 69.4546
4684 69.4546
4685 69.4546
4686 69.4546
4687 69.4546
4688 69.4546
4689 69.4546
4690 69.4546
4691 69.4546
4692 69.4546
4693 69.4546
4694 69.4546
4695 69.4546
4696 69.4546
4697 69.4546
4698 69.4546
4699 69.4546
4700 69.4546
4701 69.4546
4702 69.4546
4703 69.4546
4704 69.4546
4705 69.4546
4706 69.4546
4707 69.4546
4708 69.4546
4709 69.4546
4710 69.4546
4711 69.4546
4712 69.4546
4713 69.4546
4714 69.4546
4715 69.4546
4716 69.4546
4717 69.4546
4718 69.4546
4719 69.4546
4720 69.4546
4721 69.4546
4722 69.4546
4723 69.4546
4724 69.4546
4725 69.4546
4726 69.4546
4727 69.4546
4728 69.4546
4729 69.4546
4730 69.4546
4731 69.4546
4732 69.4546
4733 69.4546
4734 69.4546
4735 69.4546
4736 69.4546
4737 69.4546
4738 69.4546
4739 69.4546
4740 69.4546
4741 69.4546
4742 69.4546
4743 69.4546
4744 69.4546
4745 69.4546
4746 69.4546
4747 69.4546
4748 69.4546
4749 69.4546
4750 69.4519
4751 69.4519
4752 69.4519
4753 69.4519
4754 69.4519
4755 69.4519
4756 69.4519
4757 69.4519
4758 69.4519
4759 69.4519
4760 69.4519
4761 69.4519
4762 69.4519
4763 69.4519
4764 69.4519
4765 69.4519
4766 69.4519
4767 69.4519
4768 69.4519
4769 69.4519
4770 69.4519
4771 69.4519
4772 69.4519
4773 69.4519
4774 69.4519
4775 69.4519
4776 69.4519
4777 69.4519
4778 69.4519
4779 69.4519
4780 69.4519
4781 69.4519
4782 69.4519
4783 69.4519
4784 69.4519
4785 69.4519
4786 69.4519
4787 69.4519
4788 69.4519
4789 69.4519
4790 69.4519
4791 69.4519
4792 69.4519
4793 69.4519
4794 69.4519
4795 69.4519
4796 69.4519
4797 69.4519
4798 69.4519
4799 69.4519
4800 69.4519
4801 69.4519
4802 69.4519
4803 69.4519
4804 69.4519
4805 69.4519
4806 69.4519
4807 69.4519
4808 69.4519
4809 69.4519
4810 69.4519
4811 69.4519
4812 69.4519
4813 69.4519
4814 69.4519
4815 69.4519
4816 69.4519
4817 69.4519
4818 69.4519
4819 69.4519
4820 69.4519
4821 69.4519
4822 69.4519
4823 69.4519
4824 69.4519
4825 69.4519
4826 69.4519
4827 69.4519
4828 69.4519
4829 69.4519
4830 69.4519
4831 69.4519
4832 69.4519
4833 69.4519
4834 69.4519
4835 69.4519
4836 69.4519
4837 69.4519
4838 69.4519
4839 69.4519
4840 69.4519
4841 69.4519
4842 69.4519
4843 69.4519
4844 69.4519
4845 69.4519
4846 69.4519
4847 69.4519
4848 69.4519
4849 69.4519
4850 69.4519
4851 69.4519
4852 69.4519
4853 69.4519
4854 69.4519
4855 69.4519
4856 69.4519
4857 69.4519
4858 69.4519
4859 69.4519
4860 69.4519
4861 69.4519
4862 69.4519
4863 69.4519
4864 69.4519
4865 69.4519
4866 69.4519
4867 69.4519
4868 69.4519
4869 69.4519
4870 69.4519
4871 69.4519
4872 69.4519
4873 69.4519
4874 69.4519
4875 69.4519
4876 69.4519
4877 69.4519
4878 69.4519
4879 69.4519
4880 69.4519
4881 69.4519
4882 69.4519
4883 69.4519
4884 69.4519
4885 69.4519
4886 69.4519
4887 69.4519
4888 69.4519
4889 69.4519
4890 69.4519
4891 69.4519
4892 69.4519
4893 69.4519
4894 69.4519
4895 69.4519
4896 69.4519
4897 69.4519
4898 69.4519
4899 69.4519
4900 69.4519
4901 69.4519
4902 69.4519
4903 69.4519
4904 69.4519
4905 69.4519
4906 69.4519
4907 69.4519
4908 69.4519
4909 69.4519
4910 69.4519
4911 69.4519
4912 69.4519
4913 69.4519
4914 69.4519
4915 69.4519
4916 69.4519
4917 69.4519
4918 69.4519
4919 69.4519
4920 69.4519
4921 69.4519
4922 69.4519
4923 69.4519
4924 69.4519
4925 69.4519
4926 69.4519
4927 69.4519
4928 69.4519
4929 69.4519
4930 69.4519
4931 69.4519
4932 69.4519
4933 69.4519
4934 69.4519
4935 69.4519
4936 69.4519
4937 69.4519
4938 69.4519
4939 69.4519
4940 69.4519
4941 69.4519
4942 69.4519
4943 69.4519
4944 69.4519
4945 69.4519
4946 69.4519
4947 69.4519
4948 69.4519
4949 69.4519
4950 69.4519
4951 69.4519
4952 69.4519
4953 69.4519
4954 69.4519
4955 69.4519
4956 69.4519
4957 69.4519
4958 69.4519
4959 69.4519
4960 69.4519
4961 69.4519
4962 69.4519
4963 69.4519
4964 69.4519
4965 69.4519
4966 69.4519
4967 69.4519
4968 69.4519
4969 69.4519
4970 69.4519
4971 69.4519
4972 69.4519
4973 69.4519
4974 69.4519
4975 69.4519
4976 69.4519
4977 69.4519
4978 69.4519
4979 69.4519
4980 69.4519
4981 69.4519
4982 69.4519
4983 69.4519
4984 69.4519
4985 69.4519
4986 69.4519
4987 69.4519
4988 69.4519
4989 69.4519
4990 69.4519
4991 69.4519
4992 69.4519
4993 69.4519
4994 69.4519
4995 69.4519
4996 69.4519
4997 69.4519
4998 69.4519
4999 69.4519
5000 69.4519
5001 69.4519
5002 69.3631
5003 69.3631
5004 69.3631
5005 69.3631
5006 69.3631
5007 69.3631
5008 69.3631
5009 69.3631
5010 69.3631
5011 69.3631
5012 69.3631
5013 69.3631
5014 69.3631
5015 69.3631
5016 69.3631
5017 69.3631
5018 69.3631
5019 69.3631
5020 69.3631
5021 69.3631
5022 69.3631
5023 69.3631
5024 69.3631
5025 69.3631
5026 69.3631
5027 69.3631
5028 69.3631
5029 69.3631
5030 69.3631
5031 69.3631
5032 69.3631
5033 69.3631
5034 69.3631
5035 69.3631
5036 69.3631
5037 69.3631
5038 69.3631
5039 69.3631
5040 69.3631
5041 69.3631
5042 69.3631
5043 69.3631
5044 69.3631
5045 69.3631
5046 69.3631
5047 69.3631
5048 69.3631
5049 69.3631
5050 69.3631
5051 69.3631
5052 69.3631
5053 69.3631
5054 69.3631
5055 69.3631
5056 69.3631
5057 69.3631
5058 69.3631
5059 69.3631
5060 69.3631
5061 69.3631
5062 69.3631
5063 69.3631
5064 69.3631
5065 69.3631
5066 69.3631
5067 69.3631
5068 69.3631
5069 69.3631
5070 69.3631
5071 69.3631
5072 69.3631
5073 69.3631
5074 69.3631
5075 69.3631
5076 69.3631
5077 69.3631
5078 69.3631
5079 69.3631
5080 69.3631
5081 69.3631
5082 69.3631
5083 69.3631
5084 69.3631
5085 69.3631
5086 69.3631
5087 69.3631
5088 69.3631
5089 69.3631
5090 69.3631
5091 69.3631
5092 69.3631
5093 69.3631
5094 69.3631
5095 69.3631
5096 69.3631
5097 69.3631
5098 69.3631
5099 69.3631
5100 69.3631
5101 69.3631
5102 69.3631
5103 69.3631
5104 69.3631
5105 69.3631
5106 69.3631
5107 69.3631
5108 69.3631
5109 69.3631
5110 69.3631
5111 69.3631
5112 69.3631
5113 69.3631
5114 69.3631
5115 69.3631
5116 69.3631
5117 69.3631
5118 69.3631
5119 69.3631
5120 69.3631
5121 69.3631
5122 69.3631
5123 69.3631
5124 69.3631
5125 69.3631
5126 69.3631
5127 69.3631
5128 69.3631
5129 69.3631
5130 69.3631
5131 69.3631
5132 69.3631
5133 69.3631
5134 69.3631
5135 69.3631
5136 69.3149
5137 69.3149
5138 69.3149
5139 69.3149
5140 69.3149
5141 69.3149
5142 69.3149
5143 69.3149
5144 69.3149
5145 69.3149
5146 69.3149
5147 69.3149
5148 69.3149
5149 69.3149
5150 69.3149
5151 69.3149
5152 69.3149
5153 69.3149
5154 69.3149
5155 69.3149
5156 69.3149
5157 69.3149
5158 69.3149
5159 69.3149
5160 69.3149
5161 69.3149
5162 69.3149
5163 69.3149
5164 69.3149
5165 69.3149
5166 69.3149
5167 69.3149
5168 69.3149
5169 69.3149
5170 69.3149
5171 69.3149
5172 69.3149
5173 69.3149
5174 69.3149
5175 69.3149
5176 69.3149
5177 69.3149
5178 69.3149
5179 69.3149
5180 69.3149
5181 69.3149
5182 69.3149
5183 69.3149
5184 69.3149
5185 69.3149
5186 69.3149
5187 69.3149
5188 69.3149
5189 69.3149
5190 69.3149
5191 69.3149
5192 69.3149
5193 69.3149
5194 69.3149
5195 69.3149
5196 69.3149
5197 69.3149
5198 69.3149
5199 69.3149
5200 69.3149
5201 69.3149
5202 69.3149
5203 69.3149
5204 69.3149
5205 69.3149
5206 69.3149
5207 69.3149
5208 69.3149
5209 69.3149
5210 69.3149
5211 69.3149
5212 69.3149
5213 69.3149
5214 69.3149
5215 69.3149
5216 69.3149
5217 69.3149
5218 69.3149
5219 69.3149
5220 69.3149
5221 68.8739
5222 68.8739
5223 68.8739
5224 68.8739
5225 68.8739
5226 68.8739
5227 68.8739
5228 68.8739
5229 68.8739
5230 68.8739
5231 68.8739
5232 68.8739
5233 68.8739
5234 68.8739
5235 68.8739
5236 68.8739
5237 68.8739
5238 68.8739
5239 68.8739
5240 68.8739
5241 68.8739
5242 68.8739
5243 68.8739
5244 68.8739
5245 68.8739
5246 68.8739
5247 68.8739
5248 68.8739
5249 68.8739
5250 68.8739
5251 68.8739
5252 68.8739
5253 68.8739
5254 68.8739
5255 68.8739
5256 68.8739
5257 68.8739
5258 68.8739
5259 68.8739
5260 68.8739
5261 68.8739
5262 68.8739
5263 68.8739
5264 68.8739
5265 68.8739
5266 68.8739
5267 68.8739
5268 68.8739
5269 68.8739
5270 68.8739
5271 68.8739
5272 68.8739
5273 68.8739
5274 68.8739
5275 68.8739
5276 68.8739
5277 68.8739
5278 68.8739
5279 68.8739
5280 68.8739
5281 68.8739
5282 68.8739
5283 68.8739
5284 68.8739
5285 68.8739
5286 68.8739
5287 68.8739
5288 68.8739
5289 68.8739
5290 68.8739
5291 68.8739
5292 68.8739
5293 68.8739
5294 68.8739
5295 68.8739
5296 68.8739
5297 68.8739
5298 68.8739
5299 68.8739
5300 68.8739
5301 68.8739
5302 68.8739
5303 68.8739
5304 68.8739
5305 68.8739
5306 68.8739
5307 68.8739
5308 68.8739
5309 68.8739
5310 68.8739
5311 68.8739
5312 68.8739
5313 68.8739
5314 68.8739
5315 68.8739
5316 68.8739
5317 68.8739
5318 68.8739
5319 68.8739
5320 68.8739
5321 68.8739
5322 68.8739
5323 68.8739
5324 68.8739
5325 68.8739
5326 68.8739
5327 68.8739
5328 68.8739
5329 68.8739
5330 68.8739
5331 68.8739
5332 68.8739
5333 68.8739
5334 68.8739
5335 68.8739
5336 68.8739
5337 68.8739
5338 68.8739
5339 68.8739
5340 68.8739
5341 68.8739
5342 68.8739
5343 68.8739
5344 68.8739
5345 68.8739
5346 68.8739
5347 68.8739
5348 68.8739
5349 68.8739
5350 68.8739
5351 68.8739
5352 68.8739
5353 68.8739
5354 68.8739
5355 68.8739
5356 68.8739
5357 68.8739
5358 68.8739
5359 68.8739
5360 68.8739
5361 68.8739
5362 68.8739
5363 68.8739
5364 68.8739
5365 68.8739
5366 68.8739
5367 68.8739
5368 68.8739
5369 68.8739
5370 68.8739
5371 68.8739
5372 68.8739
5373 68.8739
5374 68.8739
5375 68.8739
5376 68.8739
5377 68.8739
5378 68.8739
5379 68.8739
5380 68.8739
5381 68.8739
5382 68.8739
5383 68.8739
5384 68.8739
5385 68.8739
5386 68.8739
5387 68.8739
5388 68.8739
5389 68.8739
5390 68.8739
5391 68.8739
5392 68.8739
5393 68.8739
5394 68.8739
5395 68.8739
5396 68.8739
5397 68.8739
5398 68.8739
5399 68.8739
5400 68.8739
5401 68.8739
5402 68.8739
5403 68.8739
5404 68.8739
5405 68.8739
5406 68.8739
5407 68.8739
5408 68.8739
5409 68.8739
5410 68.8739
5411 68.8739
5412 68.8739
5413 68.8739
5414 68.8739
5415 68.8739
5416 68.8739
5417 68.8739
5418 68.8739
5419 68.8739
5420 68.8739
5421 68.8739
5422 68.8739
5423 68.8739
5424 68.8739
5425 68.8739
5426 68.8739
5427 68.8739
5428 68.8739
5429 68.8739
5430 68.8739
5431 68.8739
5432 68.8739
5433 68.8739
5434 68.8739
5435 68.8739
5436 68.8739
5437 68.8739
5438 68.8739
5439 68.8739
5440 68.8739
5441 68.8739
5442 68.8739
5443 68.8739
5444 68.8739
5445 68.8739
5446 68.8739
5447 68.8739
5448 68.8739
5449 68.8739
5450 68.8739
5451 68.8739
5452 68.8739
5453 68.8739
5454 68.8739
5455 68.8739
5456 68.8739
5457 68.8739
5458 68.8739
5459 68.8739
5460 68.8739
5461 68.8739
5462 68.8739
5463 68.8739
5464 68.8739
5465 68.8739
5466 68.8739
5467 68.8739
5468 68.8739
5469 68.8739
5470 68.8739
5471 68.8739
5472 68.8739
5473 68.8739
5474 68.8739
5475 68.8739
5476 68.8739
5477 68.8739
5478 68.8739
5479 68.8739
5480 68.8739
5481 68.8739
5482 68.8739
5483 68.8739
5484 68.8739
5485 68.8739
5486 68.8739
5487 68.8739
5488 68.8739
5489 68.8739
5490 68.8739
5491 68.8739
5492 68.8739
5493 68.8739
5494 68.8739
5495 68.8739
5496 68.8739
5497 68.8739
5498 68.8739
5499 68.8739
5500 68.8739
5501 68.8739
5502 68.8739
5503 68.8739
5504 68.8739
5505 68.8739
5506 68.8739
5507 68.8739
5508 68.8739
5509 68.8739
5510 68.8739
5511 68.8739
5512 68.8739
5513 68.8739
5514 68.8739
5515 68.8739
5516 68.8739
5517 68.8739
5518 68.8739
5519 68.8739
5520 68.8739
5521 68.8739
5522 68.8739
5523 68.8739
5524 68.8739
5525 68.8739
5526 68.8739
5527 68.8739
5528 68.8739
5529 68.8739
5530 68.8739
5531 68.8739
5532 68.8739
5533 68.8739
5534 68.8739
5535 68.8739
5536 68.8739
5537 68.8739
5538 68.8739
5539 68.8739
5540 68.8739
5541 68.8739
5542 68.8739
5543 68.8739
5544 68.8739
5545 68.8739
5546 68.8739
5547 68.8739
5548 68.8739
5549 68.8739
5550 68.8739
5551 68.8739
5552 68.8739
5553 68.8739
5554 68.8739
5555 68.8739
5556 68.8739
5557 68.8739
5558 68.8739
5559 68.8739
5560 68.8739
5561 68.8739
5562 68.8739
5563 68.8739
5564 68.8739
5565 68.8739
5566 68.8739
5567 68.8739
5568 68.8739
5569 68.8739
5570 68.8739
5571 68.8739
5572 68.8739
5573 68.8739
5574 68.8739
5575 68.8739
5576 68.8739
5577 68.8739
5578 68.8739
5579 68.8739
5580 68.8739
5581 68.8739
5582 68.8739
5583 68.8739
5584 68.8739
5585 68.8739
5586 68.8739
5587 68.8739
5588 68.8739
5589 68.8739
5590 68.8739
5591 68.8739
5592 68.8739
5593 68.8739
5594 68.8739
5595 68.8739
5596 68.8739
5597 68.8739
5598 68.8739
5599 68.8739
5600 68.8739
5601 68.8739
5602 68.8739
5603 68.8739
5604 68.8739
5605 68.8739
5606 68.8739
5607 68.8739
5608 68.8739
5609 68.8739
5610 68.8739
5611 68.8739
5612 68.8739
5613 68.8739
5614 68.8739
5615 68.8739
5616 68.8739
5617 68.8739
5618 68.8739
5619 68.8739
5620 68.8739
5621 68.8739
5622 68.8739
5623 68.8739
5624 68.8739
5625 68.8739
5626 68.8739
5627 68.8739
5628 68.8739
5629 68.8739
5630 68.8739
5631 68.8739
5632 68.8739
5633 68.8739
5634 68.8739
5635 68.8739
5636 68.8739
5637 68.8739
5638 68.8739
5639 68.8739
5640 68.8739
5641 68.8739
5642 68.8739
5643 68.8739
5644 68.8739
5645 68.8739
5646 68.8739
5647 68.8739
5648 68.8739
5649 68.8739
5650 68.8739
5651 68.8739
5652 68.8739
5653 68.8739
5654 68.8739
5655 68.8739
5656 68.8739
5657 68.8739
5658 68.8739
5659 68.8739
5660 68.8739
5661 68.8739
5662 68.8739
5663 68.8739
5664 68.8739
5665 68.8739
5666 68.8739
5667 68.8739
5668 68.8739
5669 68.8739
5670 68.8739
5671 68.8739
5672 68.8739
5673 68.8739
5674 68.8739
5675 68.8739
5676 68.8739
5677 68.8739
5678 68.8739
5679 68.8739
5680 68.8739
5681 68.8739
5682 68.8739
5683 68.8739
5684 68.8739
5685 68.8739
5686 68.8739
5687 68.8739
5688 68.8739
5689 68.8739
5690 68.8739
5691 68.8739
5692 68.8739
5693 68.8739
5694 68.8739
5695 68.8739
5696 68.8739
5697 68.8739
5698 68.8739
5699 68.8739
5700 68.8739
5701 68.8739
5702 68.8739
5703 68.8739
5704 68.8739
5705 68.8739
5706 68.8739
5707 68.8739
5708 68.8739
5709 68.8739
5710 68.8739
5711 68.8739
5712 68.8739
5713 68.8739
5714 68.8739
5715 68.8739
5716 68.8739
5717 68.8739
5718 68.8739
5719 68.8739
5720 68.8739
5721 68.8739
5722 68.8739
5723 68.8739
5724 68.8739
5725 68.8739
5726 68.8739
5727 68.8739
5728 68.8739
5729 68.8739
5730 68.8739
5731 68.8739
5732 68.8739
5733 68.8739
5734 68.8739
5735 68.8739
5736 68.8739
5737 68.8739
5738 68.8739
5739 68.8739
5740 68.8739
5741 68.8739
5742 68.8739
5743 68.8739
5744 68.8739
5745 68.8739
5746 68.8739
5747 68.8739
5748 68.8739
5749 68.8739
5750 68.8739
5751 68.8739
5752 68.8739
5753 68.8739
5754 68.8739
5755 68.8739
5756 68.8739
5757 68.8739
5758 68.8739
5759 68.8739
5760 68.8739
5761 68.8739
5762 68.8739
5763 68.8739
5764 68.8739
5765 68.8739
5766 68.8739
5767 68.8739
5768 68.8739
5769 68.8739
5770 68.8739
5771 68.8739
5772 68.8739
5773 68.8739
5774 68.8739
5775 68.8739
5776 68.8739
5777 68.8739
5778 68.8739
5779 68.8739
5780 68.8739
5781 68.8739
5782 68.8739
5783 68.8739
5784 68.8739
5785 68.8739
5786 68.8739
5787 68.8739
5788 68.8739
5789 68.8739
5790 68.8739
5791 68.8739
5792 68.8739
5793 68.8739
5794 68.8739
5795 68.8739
5796 68.8739
5797 68.8739
5798 68.8739
5799 68.8739
5800 68.8739
5801 68.8739
5802 68.8739
5803 68.8739
5804 68.8739
5805 68.8739
5806 68.8739
5807 68.8739
5808 68.8739
5809 68.8739
5810 68.8739
5811 68.8739
5812 68.8739
5813 68.8739
5814 68.8739
5815 68.8739
5816 68.8739
5817 68.8739
5818 68.8739
5819 68.8739
5820 68.8739
5821 68.8739
5822 68.8739
5823 68.8739
5824 68.8739
5825 68.8739
5826 68.8739
5827 68.8739
5828 68.8739
5829 68.8739
5830 68.8739
5831 68.8739
5832 68.8739
5833 68.8739
5834 68.8739
5835 68.8739
5836 68.8739
5837 68.8739
5838 68.8739
5839 68.8739
5840 68.8739
5841 68.8739
5842 68.8739
5843 68.8739
5844 68.8739
5845 68.8739
5846 68.8739
5847 68.8739
5848 68.8739
5849 68.8739
5850 68.8739
5851 68.8739
5852 68.8739
5853 68.8739
5854 68.8739
5855 68.8739
5856 68.8739
5857 68.8739
5858 68.8739
5859 68.8739
5860 68.8739
5861 68.8739
5862 68.8739
5863 68.8739
5864 68.8739
5865 68.8739
5866 68.8739
5867 68.8739
5868 68.8739
5869 68.8739
5870 68.8739
5871 68.8739
5872 68.8739
5873 68.8739
5874 68.8739
5875 68.8739
5876 68.8739
5877 68.8739
5878 68.8739
5879 68.8739
5880 68.8739
5881 68.8739
5882 68.8739
5883 68.8739
5884 68.8739
5885 68.8739
5886 68.8739
5887 68.8739
5888 68.8739
5889 68.8739
5890 68.8739
5891 68.8739
5892 68.8739
5893 68.8739
5894 68.8739
5895 68.8739
5896 68.8739
5897 68.8739
5898 68.8739
5899 68.8739
5900 68.8739
5901 68.8739
5902 68.8739
5903 68.8739
5904 68.8739
5905 68.8739
5906 68.8739
5907 68.8739
5908 68.8739
5909 68.8739
5910 68.8739
5911 68.8739
5912 68.8739
5913 68.8739
5914 68.8739
5915 68.8739
5916 68.8739
5917 68.8739
5918 68.8739
5919 68.8739
5920 68.8739
5921 68.8739
5922 68.8739
5923 68.8739
5924 68.8739
5925 68.8739
5926 68.8739
5927 68.8739
5928 68.8739
5929 68.8739
5930 68.8739
5931 68.8739
5932 68.8739
5933 68.8739
5934 68.8739
5935 68.8739
5936 68.8739
5937 68.8739
5938 68.8739
5939 68.8739
5940 68.8739
5941 68.8739
5942 68.8739
5943 68.8739
5944 68.8739
5945 68.8739
5946 68.8739
5947 68.8739
5948 68.8739
5949 68.8739
5950 68.8739
5951 68.8739
5952 68.8739
5953 68.8739
5954 68.8739
5955 68.8739
5956 68.8739
5957 68.8739
5958 68.8739
5959 68.8739
5960 68.8739
5961 68.8739
5962 68.8739
5963 68.8739
5964 68.8739
5965 68.8739
5966 68.8739
5967 68.8739
5968 68.8739
5969 68.8739
5970 68.8739
5971 68.8739
5972 68.8739
5973 68.8739
5974 68.8739
5975 68.8739
5976 68.8739
5977 68.8739
5978 68.8739
5979 68.8739
5980 68.8739
5981 68.8739
5982 68.8739
5983 68.8739
5984 68.8739
5985 68.8739
5986 68.8739
5987 68.8739
5988 68.8739
5989 68.8739
5990 68.8739
5991 68.8739
5992 68.8739
5993 68.8739
5994 68.8739
5995 68.8739
5996 68.8739
5997 68.8739
5998 68.8739
5999 68.8739
6000 68.8739
