1 430.95
2 424.267
3 400.287
4 395.405
5 388.983
6 384.761
7 377.415
8 365.044
9 354.873
10 354.873
11 352.321
12 347.969
13 338.953
14 338.953
15 328.233
16 328.233
17 322.901
18 315.826
19 316.255
20 308.927
21 308.927
22 306.274
23 307.423
24 297.83
25 291.581
26 291.581
27 291.581
28 284.157
29 284.157
30 281.72
31 279.916
32 279.916
33 271.81
34 271.625
35 268.176
36 266.896
37 264.232
38 260.967
39 252.819
40 252.819
41 252.813
42 244.456
43 241.261
44 240.347
45 240.346
46 234.871
47 233.686
48 233.686
49 227.439
50 225.354
51 225.354
52 224.811
53 222.429
54 222.332
55 221.918
56 221.369
57 222.332
58 222.332
59 220.66
60 220.66
61 217.353
62 215.92
63 215.92
64 210.568
65 210.568
66 207
67 209.88
68 206.964
69 206.964
70 204.786
71 200.802
72 200.802
73 200.802
74 200.802
75 200.802
76 200.532
77 200.532
78 200.532
79 200.802
80 200.439
81 200.439
82 197.797
83 197.797
84 197.797
85 196.48
86 195.585
87 195.585
88 195.585
89 195.585
90 194.662
91 194.662
92 194.662
93 194.662
94 194.239
95 193.02
96 193.02
97 190.709
98 190.709
99 189.845
100 189.845
101 189.811
102 187.344
103 187.344
104 187.344
105 187.344
106 187.29
107 186.01
108 186.01
109 186.01
110 186.01
111 183.195
112 182.578
113 182.578
114 178.582
115 178.582
116 177.774
117 177.774
118 177.774
119 176.879
120 176.879
121 176.879
122 175.715
123 175.715
124 171.189
125 171.189
126 171.189
127 171.189
128 170.415
129 169.11
130 169.11
131 169.11
132 169.11
133 169.11
134 169.093
135 169.093
136 169.093
137 169.093
138 169.093
139 167.726
140 167.726
141 167.726
142 166.999
143 166.402
144 165.875
145 164.885
146 164.885
147 163.307
148 162.885
149 162.885
150 161.58
151 161.177
152 159.353
153 159.353
154 159.353
155 159.353
156 157.2
157 157.2
158 157.2
159 155.739
160 155.739
161 155.739
162 155.663
163 155.663
164 155.663
165 155.663
166 155.663
167 154.624
168 154.548
169 154.548
170 153.968
171 153.968
172 153.968
173 152.163
174 152.163
175 152.163
176 152.163
177 151.919
178 151.919
179 151.919
180 151.919
181 150.975
182 150.975
183 150.975
184 150.975
185 150.975
186 150.975
187 150.975
188 150.975
189 150.975
190 150.975
191 150.975
192 150.867
193 150.867
194 150.026
195 150.026
196 150.026
197 150.026
198 149.652
199 149.652
200 149.652
201 149.012
202 149.012
203 148.557
204 148.557
205 148.557
206 148.557
207 147.998
208 147.998
209 147.998
210 147.998
211 147.998
212 145.92
213 145.348
214 145.348
215 145.348
216 144.825
217 144.7
218 144.7
219 144.7
220 144.7
221 144.7
222 144.7
223 144.7
224 144.7
225 144.269
226 142.915
227 142.915
228 142.915
229 142.915
230 142.844
231 141.577
232 141.577
233 141.577
234 141.483
235 141.483
236 141.483
237 140.557
238 140.557
239 140.557
240 140.557
241 140.463
242 140.463
243 140.463
244 139.177
245 139.177
246 139.177
247 139.177
248 139.177
249 139.177
250 139.177
251 139.12
252 139.12
253 139.12
254 138.68
255 138.62
256 137.659
257 137.659
258 137.59
259 135.821
260 135.821
261 135.821
262 134.839
263 134.839
264 134.839
265 134.839
266 134.839
267 134.839
268 134.839
269 134.839
270 134.839
271 134.839
272 134.839
273 134.162
274 134.004
275 134.004
276 134.004
277 134.004
278 134.004
279 134.004
280 134.004
281 132.563
282 132.563
283 132.563
284 132.162
285 132.162
286 131.96
287 131.96
288 131.661
289 131.459
290 131.459
291 130.542
292 130.542
293 130.244
294 130.244
295 130.244
296 130.244
297 130.173
298 130.173
299 130.173
300 130.173
301 129.876
302 129.876
303 129.816
304 129.816
305 129.816
306 129.816
307 129.816
308 129.816
309 129.816
310 129.816
311 129.772
312 128.826
313 125.31
314 125.31
315 125.31
316 125.31
317 124.293
318 124.293
319 124.293
320 124.293
321 124.293
322 124.293
323 124.293
324 124.293
325 124.293
326 124.293
327 124.293
328 124.115
329 124.115
330 124.115
331 124.115
332 124.115
333 123.406
334 123.406
335 123.406
336 123.406
337 123.406
338 123.406
339 123.406
340 123.406
341 123.406
342 123.406
343 123.406
344 123.406
345 122.444
346 122.444
347 122.519
348 122.519
349 122.519
350 122.519
351 122.519
352 122.519
353 122.519
354 122.519
355 122.519
356 122.519
357 122.519
358 122.519
359 122.519
360 122.519
361 122.519
362 122.519
363 122.519
364 122.519
365 122.372
366 122.372
367 122.372
368 122.372
369 122.372
370 122.372
371 122.235
372 122.235
373 122.235
374 122.119
375 122.119
376 122.119
377 121.968
378 121.968
379 121.968
380 121.968
381 120.999
382 120.999
383 120.943
384 120.999
385 120.999
386 120.999
387 120.999
388 120.999
389 120.999
390 120.999
391 120.999
392 120.692
393 120.692
394 120.539
395 120.539
396 120.539
397 120.258
398 120.258
399 120.258
400 120.258
401 120.258
402 120.258
403 119.879
404 119.406
405 119.236
406 119.236
407 119.236
408 119.236
409 119.236
410 119.236
411 119.236
412 119.236
413 119.236
414 119.236
415 119.236
416 119.236
417 119.236
418 119.236
419 119.059
420 119.059
421 119.059
422 119.059
423 119.059
424 119.059
425 118.522
426 118.372
427 118.194
428 118.194
429 118.194
430 118.194
431 118.194
432 118.138
433 118.138
434 118.124
435 118.124
436 118.124
437 118.124
438 118.067
439 118.067
440 118.067
441 117.496
442 117.496
443 117.407
444 117.407
445 117.407
446 117.407
447 117.282
448 117.282
449 117.282
450 117.282
451 117.192
452 117.192
453 116.975
454 116.975
455 116.405
456 115.452
457 115.452
458 115.452
459 115.452
460 115.452
461 115.452
462 114.758
463 114.758
464 114.758
465 114.751
466 114.592
467 114.592
468 113.853
469 113.853
470 113.561
471 113.561
472 111.452
473 110.758
474 110.758
475 110.758
476 110.758
477 110.758
478 110.758
479 110.758
480 110.617
481 110.479
482 109.504
483 109.504
484 108.86
485 108.86
486 108.86
487 108.86
488 108.294
489 108.256
490 108.256
491 107.983
492 107.751
493 107.614
494 107.12
495 106.741
496 106.39
497 106.39
498 105.517
499 105.517
500 105.517
501 104.917
502 104.917
503 104.917
504 104.917
505 104.917
506 104.306
507 104.139
508 104.139
509 104.139
510 104.139
511 104.139
512 104.139
513 104.139
514 104.139
515 104.139
516 103.822
517 103.822
518 103.822
519 103.822
520 103.822
521 101.985
522 101.985
523 101.985
524 101.985
525 101.985
526 101.985
527 101.985
528 101.985
529 101.985
530 101.985
531 101.985
532 101.985
533 101.985
534 101.985
535 101.434
536 101.781
537 101.434
538 100.066
539 100.066
540 100.066
541 99.5459
542 99.2727
543 99.2727
544 99.2727
545 98.9608
546 98.9608
547 98.9398
548 98.9398
549 98.8729
550 98.8729
551 98.54
552 98.54
553 98.54
554 98.54
555 98.54
556 98.54
557 98.54
558 98.54
559 98.54
560 98.54
561 98.54
562 98.54
563 98.54
564 98.2236
565 98.2236
566 98.2236
567 98.2236
568 98.2236
569 98.2236
570 98.2236
571 98.2236
572 98.2236
573 98.2236
574 98.2236
575 97.4973
576 98.2236
577 98.2236
578 98.2236
579 98.2236
580 98.2236
581 98.2236
582 98.2236
583 98.2236
584 98.2236
585 98.2236
586 98.2236
587 98.2236
588 98.2236
589 98.2236
590 98.2083
591 98.2083
592 98.2083
593 98.2083
594 98.2083
595 98.2083
596 98.2083
597 98.2083
598 98.2083
599 98.2083
600 98.2083
601 98.2083
602 98.2083
603 97.8831
604 97.8831
605 97.8831
606 97.8831
607 97.8831
608 97.8831
609 97.8831
610 97.4762
611 97.4762
612 97.4762
613 97.4762
614 97.4762
615 97.2929
616 97.0351
617 97.0351
618 97.0351
619 97.0351
620 97.0351
621 97.0351
622 97.0351
623 97.0351
624 97.0351
625 97.0351
626 97.0351
627 97.0351
628 97.0351
629 97.0351
630 97.0351
631 96.9619
632 96.9619
633 96.9619
634 96.9619
635 96.8961
636 96.8961
637 96.8961
638 96.8961
639 96.4974
640 96.4974
641 96.4974
642 96.4974
643 96.4974
644 96.4974
645 96.4974
646 96.4974
647 96.4974
648 96.4974
649 96.4974
650 96.4974
651 96.4974
652 96.4974
653 96.4974
654 96.3159
655 96.3159
656 96.3159
657 96.3159
658 96.3159
659 96.3159
660 96.3159
661 95.6441
662 95.6441
663 95.6441
664 95.6441
665 95.6441
666 94.3069
667 94.3069
668 94.3069
669 94.3069
670 94.1677
671 94.1677
672 94.1677
673 93.9772
674 93.9772
675 93.9772
676 93.9772
677 93.9772
678 93.9772
679 93.7287
680 93.7287
681 92.1877
682 92.1877
683 92.1877
684 92.1877
685 92.1877
686 92.1877
687 92.1877
688 90.6942
689 90.6942
690 90.6942
691 90.6942
692 90.6942
693 90.3024
694 90.3024
695 90.3024
696 90.3024
697 90.3024
698 90.3024
699 90.3024
700 90.3024
701 90.3024
702 90.3024
703 90.3024
704 90.3024
705 90.3024
706 90.3024
707 90.3024
708 90.3024
709 90.3024
710 90.3024
711 90.3024
712 90.3024
713 90.3024
714 90.3024
715 90.3024
716 90.3024
717 90.3024
718 90.3024
719 90.3024
720 90.3024
721 90.2497
722 90.2497
723 90.2497
724 90.2497
725 90.2497
726 90.0925
727 90.0925
728 90.0925
729 90.0925
730 90.0925
731 90.0925
732 90.0925
733 90.0925
734 90.0417
735 89.5527
736 89.5527
737 89.5527
738 89.5527
739 89.5527
740 89.5527
741 89.5527
742 89.5527
743 89.5527
744 89.5527
745 89.5527
746 89.5527
747 89.5527
748 89.5527
749 89.207
750 89.207
751 88.6673
752 88.6673
753 88.6673
754 88.6673
755 88.6673
756 88.6673
757 88.6673
758 88.6673
759 88.6673
760 88.6673
761 88.6673
762 88.6673
763 88.6673
764 88.6673
765 88.6673
766 88.6409
767 88.6409
768 88.6409
769 88.0019
770 88.0019
771 87.9756
772 87.9756
773 88.0019
774 88.0019
775 88.0019
776 88.0019
777 88.0019
778 87.6549
779 87.6549
780 87.6549
781 87.6549
782 87.6549
783 87.6549
784 87.6549
785 87.6549
786 87.6549
787 87.6549
788 87.6549
789 87.6549
790 87.6549
791 87.6549
792 87.6549
793 87.6549
794 87.6549
795 87.6549
796 87.6549
797 87.6549
798 87.6549
799 87.6549
800 87.6549
801 87.6549
802 87.6549
803 87.6549
804 87.3956
805 87.3956
806 87.3956
807 87.3956
808 87.3956
809 87.3956
810 87.3956
811 87.3956
812 87.3956
813 87.3956
814 87.3956
815 87.3956
816 87.3956
817 87.3956
818 87.3956
819 87.1299
820 87.1299
821 87.1299
822 87.1299
823 87.1299
824 87.1299
825 87.1299
826 87.1299
827 87.1299
828 87.1299
829 87.1299
830 87.0831
831 87.0831
832 87.0831
833 87.0831
834 87.0831
835 86.5464
836 86.5464
837 86.5464
838 86.5464
839 86.5464
840 86.5464
841 86.5464
842 86.5464
843 86.326
844 86.326
845 86.326
846 86.326
847 86.326
848 86.326
849 86.326
850 86.326
851 86.326
852 86.326
853 86.326
854 86.326
855 86.326
856 86.326
857 86.326
858 86.326
859 86.326
860 86.326
861 86.326
862 86.326
863 86.326
864 86.326
865 86.326
866 86.326
867 86.326
868 84.9937
869 84.9937
870 84.9937
871 84.9937
872 84.9937
873 84.9937
874 84.9937
875 84.9937
876 84.9937
877 84.8803
878 84.8803
879 84.8803
880 84.8803
881 84.8803
882 84.8803
883 84.8803
884 84.8803
885 84.1068
886 84.1068
887 84.1068
888 84.1068
889 84.1068
890 84.1068
891 84.1068
892 84.1068
893 84.1068
894 84.1068
895 84.1068
896 84.1068
897 84.1068
898 84.1068
899 84.1068
900 84.1068
901 84.0753
902 83.745
903 83.745
904 83.745
905 83.7135
906 83.7135
907 83.7135
908 83.7135
909 83.7135
910 83.7135
911 83.7135
912 83.7135
913 83.2405
914 83.2405
915 83.2405
916 83.2405
917 83.2405
918 83.2405
919 82.9545
920 83.2405
921 83.2405
922 83.2405
923 83.2405
924 83.2405
925 83.2405
926 83.2405
927 83.2405
928 83.2405
929 83.2405
930 83.2405
931 83.2405
932 83.2405
933 83.2405
934 83.2405
935 83.2405
936 83.2405
937 83.2405
938 83.2405
939 83.2405
940 83.2405
941 82.9932
942 82.9932
943 82.9932
944 82.8398
945 82.8398
946 82.8398
947 82.5925
948 82.5925
949 82.5925
950 82.5925
951 82.4277
952 82.4277
953 81.8876
954 81.8876
955 81.7227
956 81.7227
957 81.7227
958 81.7227
959 81.7227
960 81.7227
961 81.7227
962 81.7227
963 81.7227
964 81.7227
965 81.7227
966 81.7227
967 81.7227
968 81.7227
969 81.7227
970 81.7227
971 81.7227
972 81.7227
973 81.7227
974 81.7227
975 81.0583
976 81.0583
977 81.0583
978 81.0583
979 81.0583
980 81.0583
981 81.0583
982 81.0583
983 81.0583
984 81.0583
985 81.0583
986 81.0583
987 81.0583
988 81.0583
989 81.0583
990 81.0583
991 81.0583
992 81.0583
993 81.0583
994 81.0583
995 81.0583
996 81.0583
997 81.0583
998 81.0583
999 81.0583
1000 80.6272
1001 80.6272
1002 80.6272
1003 80.6272
1004 80.6272
1005 80.6272
1006 80.6272
1007 80.6272
1008 80.6272
1009 80.6272
1010 80.6272
1011 80.6272
1012 80.6272
1013 80.42
1014 80.42
1015 80.42
1016 79.1411
1017 79.1411
1018 78.9899
1019 79.1411
1020 79.1411
1021 79.1411
1022 79.1411
1023 79.1411
1024 79.1411
1025 79.1411
1026 79.1411
1027 79.1411
1028 78.857
1029 79.1411
1030 79.1411
1031 79.1411
1032 79.1411
1033 79.1411
1034 78.857
1035 78.857
1036 78.857
1037 78.857
1038 78.857
1039 78.857
1040 78.857
1041 78.857
1042 78.857
1043 78.857
1044 78.857
1045 78.857
1046 78.857
1047 78.857
1048 78.857
1049 78.857
1050 78.857
1051 78.857
1052 78.857
1053 78.857
1054 78.857
1055 78.857
1056 78.857
1057 78.857
1058 78.857
1059 78.857
1060 78.857
1061 78.857
1062 78.857
1063 78.857
1064 78.857
1065 78.857
1066 78.857
1067 78.857
1068 78.857
1069 78.857
1070 78.857
1071 78.857
1072 78.857
1073 78.857
1074 78.857
1075 78.857
1076 78.857
1077 78.857
1078 78.857
1079 78.857
1080 78.857
1081 78.857
1082 78.857
1083 78.857
1084 78.857
1085 78.857
1086 78.857
1087 78.857
1088 78.857
1089 78.857
1090 78.6934
1091 78.6934
1092 78.6934
1093 78.6934
1094 78.6934
1095 78.6934
1096 78.6934
1097 78.6934
1098 78.4243
1099 78.3646
1100 78.3646
1101 78.3646
1102 78.3646
1103 78.3646
1104 78.3646
1105 78.3646
1106 78.3646
1107 78.3646
1108 78.3646
1109 78.3646
1110 78.3646
1111 78.3646
1112 78.3646
1113 78.3646
1114 77.7986
1115 77.7986
1116 77.7986
1117 77.7986
1118 77.7986
1119 77.7863
1120 77.7863
1121 77.7863
1122 77.7863
1123 77.7863
1124 77.7863
1125 77.7863
1126 77.7863
1127 77.7863
1128 77.7863
1129 77.7863
1130 77.7863
1131 77.7863
1132 77.7863
1133 77.7863
1134 77.7863
1135 77.7863
1136 77.7863
1137 77.7863
1138 77.7863
1139 77.7863
1140 77.7863
1141 77.7863
1142 77.7863
1143 77.7863
1144 77.7863
1145 77.7863
1146 77.7863
1147 77.7863
1148 77.7863
1149 77.7863
1150 77.7863
1151 77.7863
1152 77.7863
1153 77.7863
1154 77.7863
1155 77.7863
1156 77.7863
1157 77.7863
1158 77.7863
1159 77.7863
1160 77.7863
1161 77.7863
1162 77.7863
1163 77.7863
1164 77.7863
1165 77.7863
1166 77.7863
1167 77.7863
1168 77.7863
1169 77.7863
1170 77.7863
1171 77.7863
1172 77.7863
1173 77.7863
1174 77.7863
1175 77.7863
1176 77.7863
1177 77.7863
1178 77.7863
1179 77.7863
1180 77.7863
1181 77.6749
1182 77.6749
1183 77.6749
1184 77.6749
1185 77.6749
1186 77.6749
1187 77.6749
1188 77.0332
1189 77.0332
1190 77.0332
1191 77.0332
1192 77.0332
1193 77.0332
1194 77.0332
1195 77.0332
1196 76.7791
1197 76.7791
1198 76.7791
1199 76.7791
1200 76.7791
1201 76.7791
1202 76.7791
1203 76.7791
1204 76.7791
1205 76.7791
1206 76.7791
1207 76.7791
1208 76.7791
1209 76.7791
1210 76.7791
1211 76.7791
1212 76.7791
1213 76.7791
1214 76.7791
1215 76.7791
1216 76.4461
1217 76.4461
1218 76.4461
1219 76.4461
1220 76.4461
1221 76.4461
1222 76.4461
1223 76.4461
1224 76.4461
1225 76.4461
1226 76.4461
1227 76.4461
1228 76.4461
1229 76.4461
1230 76.4461
1231 76.4461
1232 76.4461
1233 76.4461
1234 76.4351
1235 76.4351
1236 76.0167
1237 76.0167
1238 76.0167
1239 76.0167
1240 76.0167
1241 76.0167
1242 76.0167
1243 76.0167
1244 76.0167
1245 76.0167
1246 76.0167
1247 76.0167
1248 76.0167
1249 76.0167
1250 76.0167
1251 76.0167
1252 76.0167
1253 76.0167
1254 76.0167
1255 76.0167
1256 76.0167
1257 76.0167
1258 76.0167
1259 76.0167
1260 76.0167
1261 76.0167
1262 76.0084
1263 76.0084
1264 76.0084
1265 76.0084
1266 76.0084
1267 76.0084
1268 76.0084
1269 76.0084
1270 76.0084
1271 76.0084
1272 76.0084
1273 76.0084
1274 76.0084
1275 76.0084
1276 76.0084
1277 76.0084
1278 76.0084
1279 76.0084
1280 76.0084
1281 76.0084
1282 76.0084
1283 76.0084
1284 76.0084
1285 76.0084
1286 76.0084
1287 76.0084
1288 76.0084
1289 76.0084
1290 76.0084
1291 76.0084
1292 76.0084
1293 76.0084
1294 76.0084
1295 76.0084
1296 76.0084
1297 76.0084
1298 76.0084
1299 76.0084
1300 76.0084
1301 76.0084
1302 76.0084
1303 76.0084
1304 75.9221
1305 75.9221
1306 75.9221
1307 75.9221
1308 75.9221
1309 75.9221
1310 75.9221
1311 75.4135
1312 75.4135
1313 75.4135
1314 75.4135
1315 75.4135
1316 75.4135
1317 75.4135
1318 75.4135
1319 75.4135
1320 75.4135
1321 75.4135
1322 75.4135
1323 75.4135
1324 75.4135
1325 75.4135
1326 75.4135
1327 75.4135
1328 75.4135
1329 75.4135
1330 75.4135
1331 75.4135
1332 75.4135
1333 75.4135
1334 75.4135
1335 75.4135
1336 75.4135
1337 75.4135
1338 75.4135
1339 75.4135
1340 75.4135
1341 75.4135
1342 75.4135
1343 75.4135
1344 75.4135
1345 75.4135
1346 75.4135
1347 75.4135
1348 75.4135
1349 75.4135
1350 75.4135
1351 75.4135
1352 75.4135
1353 75.4135
1354 75.4135
1355 75.4135
1356 75.4135
1357 75.4135
1358 75.4135
1359 75.4135
1360 75.4135
1361 75.4135
1362 75.4135
1363 75.4135
1364 75.4135
1365 75.4135
1366 75.4135
1367 75.4135
1368 75.4135
1369 75.4135
1370 75.4135
1371 75.4135
1372 75.4135
1373 75.4135
1374 75.4135
1375 75.4135
1376 75.4135
1377 75.4135
1378 75.4135
1379 75.4135
1380 75.4135
1381 75.4135
1382 75.4135
1383 75.4135
1384 75.4135
1385 75.4135
1386 75.4135
1387 75.4135
1388 75.4135
1389 75.4135
1390 75.4135
1391 75.4135
1392 75.4135
1393 75.2084
1394 75.2084
1395 75.2084
1396 75.2084
1397 75.2084
1398 75.2084
1399 75.2084
1400 75.2084
1401 75.2084
1402 75.2084
1403 75.2084
1404 75.2084
1405 75.2084
1406 75.2084
1407 75.2084
1408 75.2084
1409 75.2084
1410 75.2084
1411 75.2084
1412 75.2084
1413 75.2084
1414 75.2084
1415 75.2084
1416 75.2084
1417 75.2084
1418 75.2084
1419 75.2084
1420 75.2084
1421 75.2084
1422 75.2084
1423 75.2084
1424 75.2084
1425 75.2084
1426 75.2084
1427 75.2084
1428 75.2084
1429 75.2084
1430 75.2084
1431 75.2084
1432 75.2084
1433 75.2084
1434 75.0077
1435 75.0077
1436 75.0077
1437 75.0077
1438 75.0077
1439 75.0077
1440 75.0077
1441 75.0077
1442 75.0077
1443 75.0077
1444 75.0077
1445 75.0077
1446 75.0077
1447 75.0077
1448 75.0077
1449 75.0077
1450 75.0077
1451 75.0077
1452 75.0077
1453 75.0077
1454 75.0077
1455 75.0077
1456 75.0077
1457 75.0077
1458 75.0077
1459 75.0077
1460 75.0077
1461 75.0077
1462 75.0077
1463 75.0077
1464 75.0077
1465 75.0077
1466 75.0077
1467 75.0077
1468 75.0077
1469 75.0077
1470 75.0077
1471 75.0077
1472 75.0077
1473 75.0077
1474 75.0077
1475 75.0077
1476 75.0077
1477 75.0077
1478 75.0077
1479 75.0077
1480 75.0077
1481 75.0077
1482 75.0077
1483 75.0077
1484 75.0077
1485 75.0077
1486 75.0077
1487 75.0077
1488 75.0077
1489 74.7272
1490 74.7272
1491 74.7272
1492 74.7272
1493 74.7272
1494 74.7272
1495 74.7272
1496 74.7272
1497 74.7272
1498 74.7272
1499 74.7272
1500 74.7272
1501 74.7272
1502 74.7272
1503 74.7272
1504 74.7272
1505 74.7272
1506 74.7272
1507 74.7272
1508 74.7272
1509 74.7272
1510 74.7272
1511 74.7272
1512 74.7272
1513 74.7272
1514 73.9518
1515 73.9518
1516 73.9518
1517 73.9518
1518 73.9518
1519 73.8134
1520 73.8134
1521 73.8134
1522 73.8134
1523 73.038
1524 73.038
1525 73.038
1526 73.038
1527 73.038
1528 73.038
1529 73.038
1530 73.038
1531 73.038
1532 73.038
1533 73.038
1534 73.038
1535 73.038
1536 73.038
1537 73.038
1538 73.038
1539 73.038
1540 73.038
1541 73.038
1542 73.038
1543 73.038
1544 73.038
1545 73.038
1546 73.038
1547 73.038
1548 73.038
1549 73.038
1550 73.038
1551 73.038
1552 73.038
1553 73.038
1554 73.038
1555 73.038
1556 73.038
1557 73.038
1558 73.038
1559 73.038
1560 73.038
1561 73.038
1562 73.038
1563 73.038
1564 73.038
1565 73.038
1566 73.038
1567 73.038
1568 73.038
1569 73.038
1570 73.038
1571 73.038
1572 73.038
1573 73.038
1574 73.038
1575 73.038
1576 73.0279
1577 73.0279
1578 73.0279
1579 73.0279
1580 73.0279
1581 73.0279
1582 73.0279
1583 73.0279
1584 73.0279
1585 73.0279
1586 73.0279
1587 73.0279
1588 73.0279
1589 73.0279
1590 73.0279
1591 73.0279
1592 73.0279
1593 73.0279
1594 73.0279
1595 73.0279
1596 73.0279
1597 73.0279
1598 73.0279
1599 73.0279
1600 73.0279
1601 73.0279
1602 73.0279
1603 73.0279
1604 73.0279
1605 73.0279
1606 73.0279
1607 73.0279
1608 73.0279
1609 73.0279
1610 73.0279
1611 73.0279
1612 73.0279
1613 73.0279
1614 73.0279
1615 73.0279
1616 73.0279
1617 73.0279
1618 73.0279
1619 73.0279
1620 73.0279
1621 73.0279
1622 73.0279
1623 73.0279
1624 73.0279
1625 73.0279
1626 73.0279
1627 73.0279
1628 73.0279
1629 73.0279
1630 73.0279
1631 73.0279
1632 73.0279
1633 73.0279
1634 73.0279
1635 73.0279
1636 73.0279
1637 73.0279
1638 73.0279
1639 73.0279
1640 73.0279
1641 73.0279
1642 73.0279
1643 73.0279
1644 73.0279
1645 73.0279
1646 73.0279
1647 73.0279
1648 73.0279
1649 73.0279
1650 73.0279
1651 73.0279
1652 73.0279
1653 73.0279
1654 73.0279
1655 73.0279
1656 73.0279
1657 73.0279
1658 73.0279
1659 73.0279
1660 73.0279
1661 72.5138
1662 72.5138
1663 72.5138
1664 72.5138
1665 72.5138
1666 72.5138
1667 72.5138
1668 72.5138
1669 72.5138
1670 72.5138
1671 72.5138
1672 72.5138
1673 72.5138
1674 72.5138
1675 72.5138
1676 72.5138
1677 72.5138
1678 72.5138
1679 72.5138
1680 72.5138
1681 72.5138
1682 72.5138
1683 72.5138
1684 72.5138
1685 72.5138
1686 72.5138
1687 72.4413
1688 72.4413
1689 72.4413
1690 72.4413
1691 72.4413
1692 72.4413
1693 72.4413
1694 72.4413
1695 72.4413
1696 72.4413
1697 72.4413
1698 72.4413
1699 72.3167
1700 72.3167
1701 72.3167
1702 72.3167
1703 72.3167
1704 72.3167
1705 72.3167
1706 72.3167
1707 72.3167
1708 72.3167
1709 72.3084
1710 72.3084
1711 72.3084
1712 72.3084
1713 72.3084
1714 72.3084
1715 72.3084
1716 72.3084
1717 72.3084
1718 72.3084
1719 72.3084
1720 72.3084
1721 72.3084
1722 72.3084
1723 72.3084
1724 72.3084
1725 72.3084
1726 72.3084
1727 72.3084
1728 72.3084
1729 72.3084
1730 72.3084
1731 72.3084
1732 72.3084
1733 72.3084
1734 72.3084
1735 72.3084
1736 72.3084
1737 72.3084
1738 72.3084
1739 72.3084
1740 72.3084
1741 72.3084
1742 72.3084
1743 72.3084
1744 72.3084
1745 72.3084
1746 72.3084
1747 72.3084
1748 72.3084
1749 72.3084
1750 72.3084
1751 72.3084
1752 72.3084
1753 72.3084
1754 72.3084
1755 72.3084
1756 72.3084
1757 72.3084
1758 72.3084
1759 72.3084
1760 72.3084
1761 72.3084
1762 72.3084
1763 72.3084
1764 72.3084
1765 72.3084
1766 72.3084
1767 72.3084
1768 72.3084
1769 72.3084
1770 72.3084
1771 72.3084
1772 72.3084
1773 72.3084
1774 72.3084
1775 72.3084
1776 72.3084
1777 72.3084
1778 72.3084
1779 72.3084
1780 72.3084
1781 72.3084
1782 72.3084
1783 72.3084
1784 72.3084
1785 72.3084
1786 72.3084
1787 72.3084
1788 72.3084
1789 72.3084
1790 72.3084
1791 72.3084
1792 72.3084
1793 72.3084
1794 72.3084
1795 72.3084
1796 72.3084
1797 72.3084
1798 72.3084
1799 72.3084
1800 72.3084
1801 72.3084
1802 72.3084
1803 72.3084
1804 72.3084
1805 72.2176
1806 72.2176
1807 72.2176
1808 72.2176
1809 72.2176
1810 72.2176
1811 72.2176
1812 72.2176
1813 72.2176
1814 72.2176
1815 72.2176
1816 72.2176
1817 72.2176
1818 72.2176
1819 72.2176
1820 72.2176
1821 72.2176
1822 72.2176
1823 72.2176
1824 72.2176
1825 72.2176
1826 72.2176
1827 72.2176
1828 72.2176
1829 72.2176
1830 72.2176
1831 72.2176
1832 72.2176
1833 72.2176
1834 72.2176
1835 72.2176
1836 72.2176
1837 72.2176
1838 72.2176
1839 72.2176
1840 72.2176
1841 72.2176
1842 72.2176
1843 72.2176
1844 72.2176
1845 72.2176
1846 72.2176
1847 72.2176
1848 72.2176
1849 72.2176
1850 72.2176
1851 72.2176
1852 72.2176
1853 72.2176
1854 72.2176
1855 72.2176
1856 72.2176
1857 72.2176
1858 72.2176
1859 72.2176
1860 72.2176
1861 72.2176
1862 72.2176
1863 72.2176
1864 72.2176
1865 72.2176
1866 72.2176
1867 72.2176
1868 72.2176
1869 72.2176
1870 72.2176
1871 72.2176
1872 72.2176
1873 72.2176
1874 72.2176
1875 72.2176
1876 72.2176
1877 72.2176
1878 72.2176
1879 72.2176
1880 72.2176
1881 72.2176
1882 72.2176
1883 72.2176
1884 72.2176
1885 72.2176
1886 72.2176
1887 72.1732
1888 72.1732
1889 72.1732
1890 72.1732
1891 72.1732
1892 72.1732
1893 72.1732
1894 72.1732
1895 72.1732
1896 72.1732
1897 72.1732
1898 72.1732
1899 72.1732
1900 72.1732
1901 72.1732
1902 72.1732
1903 72.1732
1904 72.1732
1905 72.0018
1906 72.0018
1907 72.0018
1908 72.0018
1909 72.0018
1910 72.0018
1911 72.0018
1912 72.0018
1913 72.0018
1914 72.0018
1915 72.0018
1916 72.0018
1917 72.0018
1918 72.0018
1919 72.0018
1920 72.0018
1921 72.0018
1922 72.0018
1923 72.0018
1924 72.0018
1925 72.0018
1926 72.0018
1927 72.0018
1928 72.0018
1929 72.0018
1930 72.0018
1931 72.0018
1932 72.0018
1933 72.0018
1934 72.0018
1935 72.0018
1936 72.0018
1937 72.0018
1938 72.0018
1939 72.0018
1940 72.0018
1941 72.0018
1942 72.0018
1943 72.0018
1944 72.0018
1945 72.0018
1946 72.0018
1947 72.0018
1948 72.0018
1949 72.0018
1950 72.0018
1951 72.0018
1952 72.0018
1953 72.0018
1954 72.0018
1955 72.0018
1956 72.0018
1957 72.0018
1958 72.0018
1959 72.0018
1960 72.0018
1961 72.0018
1962 72.0018
1963 72.0018
1964 72.0018
1965 72.0018
1966 72.0018
1967 72.0018
1968 72.0018
1969 72.0018
1970 72.0018
1971 72.0018
1972 72.0018
1973 72.0018
1974 72.0018
1975 72.0018
1976 72.0018
1977 72.0018
1978 72.0018
1979 72.0018
1980 72.0018
1981 72.0018
1982 71.9557
1983 71.9557
1984 71.9557
1985 71.9557
1986 71.9557
1987 71.9557
1988 71.9557
1989 71.9557
1990 71.9557
1991 71.9557
1992 71.9557
1993 71.9557
1994 71.9557
1995 71.9557
1996 71.9557
1997 71.9557
1998 71.9557
1999 71.9557
2000 71.9557
2001 71.9557
2002 71.8344
2003 71.8344
2004 71.8344
2005 71.8344
2006 71.8344
2007 71.8344
2008 71.6479
2009 71.6479
2010 71.5266
2011 71.5266
2012 71.5266
2013 71.5266
2014 71.5266
2015 71.5266
2016 71.5266
2017 71.5266
2018 71.5266
2019 71.5266
2020 71.5266
2021 71.5266
2022 71.5266
2023 71.5266
2024 71.5266
2025 71.5266
2026 71.5266
2027 71.5266
2028 71.5266
2029 71.5266
2030 71.5266
2031 71.5266
2032 71.5266
2033 71.5266
2034 71.5266
2035 71.5266
2036 71.5266
2037 71.5266
2038 71.5266
2039 71.5266
2040 71.5266
2041 71.5266
2042 71.5266
2043 71.5266
2044 71.5266
2045 71.5266
2046 71.5266
2047 71.5266
2048 71.5266
2049 71.5266
2050 71.5266
2051 71.5266
2052 71.5266
2053 71.5266
2054 71.5266
2055 71.5266
2056 71.5266
2057 71.5266
2058 71.5266
2059 71.5266
2060 71.5266
2061 71.5266
2062 71.5266
2063 71.5266
2064 71.5266
2065 71.5266
2066 71.5266
2067 71.5266
2068 71.5266
2069 71.5266
2070 71.5266
2071 71.5266
2072 71.5266
2073 71.5266
2074 71.5266
2075 71.5266
2076 71.5266
2077 71.5266
2078 71.5266
2079 71.5266
2080 71.5266
2081 71.5266
2082 71.5266
2083 71.5266
2084 71.5266
2085 71.5266
2086 71.5266
2087 71.5266
2088 71.5266
2089 71.5266
2090 71.5266
2091 71.5266
2092 71.5266
2093 71.5266
2094 71.5266
2095 71.5266
2096 71.5266
2097 71.5266
2098 71.5266
2099 71.5266
2100 71.5266
2101 71.5266
2102 71.5266
2103 71.5266
2104 71.5266
2105 71.5266
2106 71.5266
2107 71.5266
2108 71.5266
2109 71.5266
2110 71.5266
2111 71.5266
2112 71.5266
2113 71.5266
2114 71.5266
2115 71.3305
2116 71.3305
2117 71.3305
2118 71.3305
2119 71.3305
2120 71.3305
2121 71.3305
2122 71.3305
2123 71.3305
2124 71.3305
2125 71.3305
2126 71.3305
2127 71.3305
2128 71.3305
2129 71.3305
2130 71.3305
2131 71.3305
2132 71.3305
2133 71.3305
2134 71.3305
2135 71.3305
2136 71.3305
2137 71.3305
2138 71.3305
2139 71.3305
2140 71.3305
2141 71.3305
2142 71.3305
2143 71.3305
2144 71.3305
2145 71.3305
2146 71.3305
2147 71.3305
2148 71.3305
2149 71.3305
2150 71.0709
2151 71.0709
2152 71.0709
2153 71.0709
2154 71.0709
2155 71.0709
2156 71.0709
2157 71.0709
2158 71.0709
2159 71.0709
2160 71.0709
2161 71.0709
2162 71.0709
2163 71.0709
2164 71.0709
2165 71.0709
2166 71.0709
2167 71.0709
2168 71.0709
2169 71.0709
2170 71.0709
2171 71.0709
2172 71.0709
2173 71.0709
2174 71.0709
2175 71.0709
2176 71.0709
2177 71.0709
2178 71.0709
2179 71.0709
2180 71.0709
2181 71.0709
2182 71.0709
2183 71.0709
2184 71.0709
2185 71.0709
2186 71.0709
2187 71.0709
2188 71.0709
2189 71.0709
2190 71.0709
2191 71.0709
2192 71.0709
2193 71.0709
2194 71.0709
2195 71.0709
2196 71.0709
2197 71.0709
2198 71.0709
2199 71.0709
2200 71.0709
2201 71.0709
2202 71.0709
2203 71.0709
2204 71.0709
2205 71.0709
2206 71.0709
2207 71.0709
2208 71.0709
2209 71.0709
2210 71.0709
2211 71.0709
2212 71.0709
2213 71.0709
2214 71.0709
2215 71.0709
2216 71.0709
2217 71.0709
2218 71.0709
2219 71.0709
2220 71.0709
2221 71.0709
2222 71.0709
2223 71.0709
2224 71.0709
2225 71.0709
2226 71.0709
2227 71.0709
2228 71.0709
2229 71.0709
2230 71.0709
2231 71.0709
2232 71.0709
2233 71.0709
2234 71.0709
2235 71.0709
2236 71.0709
2237 71.0709
2238 71.0709
2239 71.0709
2240 71.0709
2241 71.0709
2242 71.0709
2243 71.0709
2244 71.0709
2245 71.0709
2246 71.0709
2247 71.0709
2248 71.0709
2249 71.0709
2250 71.0709
2251 71.0709
2252 71.0709
2253 71.0709
2254 71.0709
2255 71.0709
2256 71.0709
2257 71.0709
2258 71.0709
2259 71.0709
2260 71.0709
2261 71.0709
2262 71.0709
2263 71.0709
2264 71.0709
2265 71.0709
2266 71.0709
2267 71.0709
2268 71.0709
2269 71.0709
2270 71.0709
2271 71.0709
2272 71.0709
2273 71.0709
2274 71.0709
2275 71.0709
2276 71.0709
2277 71.0709
2278 71.0709
2279 71.0709
2280 71.0709
2281 71.0709
2282 71.0709
2283 71.0709
2284 71.0709
2285 71.0709
2286 71.0709
2287 71.0709
2288 71.0709
2289 71.0709
2290 71.0709
2291 71.0709
2292 71.0709
2293 71.0709
2294 71.0709
2295 71.0709
2296 71.0709
2297 71.0709
2298 71.0709
2299 71.0709
2300 71.0709
2301 71.0709
2302 71.0709
2303 71.0709
2304 71.0709
2305 71.0709
2306 71.0709
2307 71.0709
2308 71.0709
2309 71.0709
2310 71.0709
2311 71.0709
2312 71.0709
2313 71.0709
2314 71.0709
2315 71.0709
2316 71.0709
2317 71.0709
2318 71.0709
2319 71.0709
2320 71.0709
2321 71.0709
2322 71.0709
2323 71.0709
2324 71.0709
2325 71.0709
2326 71.0709
2327 71.0709
2328 71.0709
2329 71.0709
2330 71.0709
2331 71.0709
2332 71.0709
2333 71.0709
2334 71.0709
2335 71.0709
2336 71.0709
2337 71.0709
2338 71.0709
2339 71.0709
2340 71.0709
2341 71.0709
2342 71.0709
2343 71.0709
2344 71.0709
2345 71.0709
2346 71.0709
2347 71.0709
2348 71.0709
2349 71.0709
2350 71.0709
2351 71.0709
2352 71.0709
2353 71.0709
2354 71.0709
2355 71.0709
2356 71.0709
2357 71.0709
2358 71.0709
2359 71.0709
2360 71.0709
2361 71.0709
2362 71.0709
2363 71.0709
2364 71.0709
2365 71.0709
2366 71.0709
2367 71.0709
2368 71.0709
2369 71.0709
2370 71.0709
2371 71.0709
2372 71.0709
2373 71.0709
2374 71.0709
2375 71.0709
2376 71.0709
2377 71.0709
2378 71.0709
2379 71.0709
2380 71.0709
2381 71.0709
2382 71.0709
2383 70.8379
2384 70.8379
2385 70.8379
2386 70.8379
2387 70.8379
2388 70.8379
2389 70.8379
2390 70.8379
2391 70.8379
2392 70.8379
2393 70.8379
2394 70.8379
2395 70.8379
2396 70.8379
2397 70.8379
2398 70.8379
2399 70.8379
2400 70.8379
2401 70.8379
2402 70.8379
2403 70.8379
2404 70.8379
2405 70.8379
2406 70.8379
2407 70.8379
2408 70.8379
2409 70.8379
2410 70.8379
2411 70.8379
2412 70.8379
2413 70.8379
2414 70.8379
2415 70.8379
2416 70.8379
2417 70.8379
2418 70.8379
2419 70.8379
2420 70.8379
2421 70.8379
2422 70.8379
2423 70.8379
2424 70.8379
2425 70.8379
2426 70.8379
2427 70.8379
2428 70.8379
2429 70.8379
2430 70.8379
2431 70.8379
2432 70.8379
2433 70.8379
2434 70.8379
2435 70.8379
2436 70.8379
2437 70.8379
2438 70.8379
2439 70.8379
2440 70.8379
2441 70.8379
2442 70.8379
2443 70.8379
2444 70.8379
2445 70.8379
2446 70.8379
2447 70.8379
2448 70.8379
2449 70.8379
2450 70.8379
2451 70.8379
2452 70.8379
2453 70.8379
2454 70.8379
2455 70.8379
2456 70.8379
2457 70.8379
2458 70.8379
2459 70.8379
2460 70.8379
2461 70.8379
2462 70.8379
2463 70.8379
2464 70.8379
2465 70.8379
2466 70.8379
2467 70.8379
2468 70.8379
2469 70.8379
2470 70.8379
2471 70.8379
2472 70.8379
2473 70.8379
2474 70.8379
2475 70.8379
2476 70.7918
2477 70.7918
2478 70.7918
2479 70.7918
2480 70.7918
2481 70.7918
2482 70.7918
2483 70.7918
2484 70.7918
2485 70.7918
2486 70.7918
2487 70.7918
2488 70.7918
2489 70.7918
2490 70.7918
2491 70.7918
2492 70.7918
2493 70.7918
2494 70.7918
2495 70.7918
2496 70.7918
2497 70.7918
2498 70.7918
2499 70.7918
2500 70.7918
2501 70.7918
2502 70.7918
2503 70.7918
2504 70.7918
2505 70.7918
2506 70.7918
2507 70.7918
2508 70.7918
2509 70.7918
2510 70.7918
2511 70.7918
2512 70.7918
2513 70.7918
2514 70.7918
2515 70.7918
2516 70.7918
2517 70.7918
2518 70.7918
2519 70.7918
2520 70.7918
2521 70.7918
2522 70.7918
2523 70.7918
2524 70.7918
2525 70.7918
2526 70.7918
2527 70.7918
2528 70.7918
2529 70.7918
2530 70.7918
2531 70.7918
2532 70.7918
2533 70.4888
2534 70.7918
2535 70.7918
2536 70.7918
2537 70.1101
2538 70.1101
2539 70.1101
2540 70.1101
2541 70.1101
2542 70.1101
2543 70.1101
2544 70.1101
2545 70.1101
2546 70.1101
2547 70.1101
2548 70.1101
2549 70.1101
2550 70.1101
2551 70.1101
2552 70.1101
2553 70.1101
2554 70.1101
2555 70.1101
2556 70.1101
2557 70.1101
2558 70.1101
2559 70.1101
2560 70.1101
2561 70.1101
2562 70.1101
2563 70.1101
2564 70.1101
2565 70.1101
2566 70.1101
2567 70.1101
2568 70.1101
2569 70.1101
2570 70.1101
2571 70.1101
2572 70.1101
2573 70.1101
2574 70.1101
2575 70.1101
2576 70.1101
2577 70.1101
2578 70.1101
2579 70.1101
2580 70.1101
2581 70.1101
2582 70.1101
2583 70.1101
2584 70.1101
2585 70.1101
2586 70.1101
2587 70.1101
2588 70.1101
2589 70.1101
2590 70.1101
2591 70.1101
2592 70.1101
2593 70.1101
2594 70.1101
2595 70.1101
2596 70.1101
2597 70.1101
2598 70.1101
2599 70.1101
2600 70.1101
2601 70.1101
2602 70.1101
2603 70.1101
2604 70.1101
2605 70.1101
2606 70.1101
2607 70.1101
2608 70.1101
2609 70.1101
2610 70.1101
2611 70.1101
2612 70.1101
2613 70.1101
2614 70.1101
2615 70.1101
2616 70.1101
2617 70.1101
2618 70.1101
2619 70.1101
2620 70.1101
2621 70.1101
2622 70.1101
2623 70.1101
2624 70.1101
2625 70.1101
2626 70.1101
2627 70.1101
2628 70.1101
2629 70.1101
2630 70.1101
2631 70.1101
2632 70.1101
2633 70.1101
2634 70.1101
2635 70.1101
2636 70.1101
2637 70.1101
2638 70.1101
2639 70.1101
2640 70.1101
2641 70.1101
2642 70.1101
2643 70.1101
2644 70.1101
2645 70.1101
2646 70.1101
2647 70.1101
2648 70.1101
2649 70.1101
2650 70.1101
2651 70.1101
2652 70.1101
2653 70.1101
2654 70.1101
2655 70.1101
2656 70.1101
2657 70.1101
2658 70.1101
2659 70.1101
2660 70.1101
2661 70.1101
2662 70.1101
2663 70.1101
2664 70.1101
2665 70.1101
2666 70.1101
2667 70.1101
2668 70.1101
2669 70.1101
2670 70.1101
2671 70.1101
2672 70.1101
2673 69.6848
2674 69.6848
2675 69.6848
2676 69.6848
2677 69.6848
2678 69.6848
2679 69.6848
2680 69.6848
2681 69.6848
2682 69.6848
2683 69.6848
2684 69.6848
2685 69.6848
2686 69.6848
2687 69.6848
2688 69.6848
2689 69.6848
2690 69.6848
2691 69.6848
2692 69.6848
2693 69.6848
2694 69.6848
2695 69.6848
2696 69.6848
2697 69.6848
2698 69.6848
2699 69.6848
2700 69.6848
2701 69.6848
2702 69.6848
2703 69.6848
2704 69.6848
2705 69.6848
2706 69.6848
2707 69.6848
2708 69.6848
2709 69.6848
2710 69.6848
2711 69.6848
2712 69.6848
2713 69.6848
2714 69.6848
2715 69.6848
2716 69.6848
2717 69.6848
2718 69.6848
2719 69.6848
2720 69.6848
2721 69.6848
2722 69.6848
2723 69.6848
2724 69.6848
2725 69.6848
2726 69.6848
2727 69.6848
2728 69.6848
2729 69.6848
2730 69.6848
2731 69.6848
2732 69.6848
2733 69.6848
2734 69.6848
2735 69.6848
2736 69.6848
2737 69.6848
2738 69.6848
2739 69.6848
2740 69.6848
2741 69.6848
2742 69.6848
2743 69.6848
2744 69.6848
2745 69.6848
2746 69.6848
2747 69.6848
2748 69.6848
2749 69.6848
2750 69.6848
2751 69.6848
2752 69.6848
2753 69.6848
2754 69.6848
2755 69.6848
2756 69.6848
2757 69.6848
2758 69.6848
2759 69.6848
2760 69.6848
2761 69.6848
2762 69.6848
2763 69.6848
2764 69.6848
2765 69.6848
2766 69.6848
2767 69.6848
2768 69.6848
2769 69.6848
2770 69.6848
2771 69.6848
2772 69.6848
2773 69.6848
2774 69.6848
2775 69.6848
2776 69.6848
2777 69.6848
2778 69.6848
2779 69.6848
2780 69.6848
2781 69.6848
2782 69.6848
2783 69.6848
2784 69.6848
2785 69.6848
2786 69.6848
2787 69.6848
2788 69.6848
2789 69.6848
2790 69.6848
2791 69.6848
2792 69.6848
2793 69.6848
2794 69.6848
2795 69.6848
2796 69.6848
2797 69.6848
2798 69.6848
2799 69.6848
2800 69.6848
2801 69.6848
2802 69.6848
2803 69.6848
2804 69.6848
2805 69.6848
2806 69.6848
2807 69.6848
2808 69.6848
2809 69.6848
2810 69.6848
2811 69.6848
2812 69.6848
2813 69.6848
2814 69.6848
2815 69.6848
2816 69.6848
2817 69.6848
2818 69.6848
2819 69.6848
2820 69.6848
2821 69.6848
2822 69.6848
2823 69.6848
2824 69.6848
2825 69.6848
2826 69.6848
2827 69.6848
2828 69.6848
2829 69.6848
2830 69.6848
2831 69.6848
2832 69.6848
2833 69.6848
2834 69.6848
2835 69.6848
2836 69.6848
2837 69.6848
2838 69.6848
2839 69.6848
2840 69.6848
2841 69.6848
2842 69.6848
2843 69.6848
2844 69.6848
2845 69.6848
2846 69.6848
2847 69.6848
2848 69.6848
2849 69.6848
2850 69.6848
2851 69.6848
2852 69.6848
2853 69.6848
2854 69.6848
2855 69.6848
2856 69.6848
2857 69.6848
2858 69.6848
2859 69.6848
2860 69.6848
2861 69.6848
2862 69.6848
2863 69.6848
2864 69.6848
2865 69.6848
2866 69.6848
2867 69.6848
2868 69.6848
2869 69.6848
2870 69.6848
2871 69.6848
2872 69.6848
2873 69.6848
2874 69.6848
2875 69.6848
2876 69.6848
2877 69.6848
2878 69.6848
2879 69.6848
2880 69.6848
2881 69.6848
2882 69.6848
2883 69.6848
2884 69.6848
2885 69.6848
2886 69.6848
2887 69.6848
2888 69.6848
2889 69.6848
2890 69.6848
2891 69.6848
2892 69.6848
2893 69.5979
2894 69.5979
2895 69.5979
2896 69.5979
2897 69.5979
2898 69.5979
2899 69.5979
2900 69.5979
2901 69.5979
2902 69.5979
2903 69.5979
2904 69.5979
2905 69.5979
2906 69.5979
2907 69.5979
2908 69.5979
2909 69.5979
2910 69.5979
2911 69.5979
2912 69.5979
2913 69.5979
2914 69.5979
2915 69.5979
2916 69.5979
2917 69.5979
2918 69.5979
2919 69.5979
2920 69.5979
2921 69.5979
2922 69.5979
2923 69.5979
2924 69.5979
2925 69.5979
2926 69.5979
2927 69.5979
2928 69.5979
2929 69.5979
2930 69.5979
2931 69.5979
2932 69.5979
2933 69.5979
2934 69.5979
2935 69.5979
2936 69.5979
2937 69.5979
2938 69.5979
2939 69.5979
2940 69.5979
2941 69.5979
2942 69.5979
2943 69.5979
2944 69.5979
2945 69.5979
2946 69.5979
2947 69.5979
2948 69.5979
2949 69.5979
2950 69.5979
2951 69.5979
2952 69.5979
2953 69.5979
2954 69.5979
2955 69.5979
2956 69.5979
2957 69.5979
2958 69.5979
2959 69.5979
2960 69.5979
2961 69.5979
2962 69.5979
2963 69.5979
2964 69.5979
2965 69.5979
2966 69.5979
2967 69.5979
2968 69.5979
2969 69.5979
2970 69.5979
2971 69.5979
2972 69.5979
2973 69.5979
2974 69.5979
2975 69.5979
2976 69.5979
2977 69.5979
2978 69.5979
2979 69.5979
2980 69.5979
2981 69.5979
2982 69.5979
2983 69.5979
2984 69.5979
2985 69.5979
2986 69.5979
2987 69.5979
2988 69.5979
2989 69.5979
2990 69.5979
2991 69.5979
2992 69.5979
2993 69.5979
2994 69.5979
2995 69.5979
2996 69.5979
2997 69.5979
2998 69.5979
2999 69.5979
3000 69.5979
3001 69.5979
3002 69.5979
3003 69.5979
3004 69.5979
3005 69.5979
3006 69.5979
3007 69.5979
3008 69.5979
3009 69.5979
3010 69.5979
3011 69.5979
3012 69.5979
3013 69.5979
3014 69.5979
3015 69.5979
3016 69.5979
3017 69.5979
3018 69.5979
3019 69.5979
3020 69.5979
3021 69.5979
3022 69.5979
3023 69.5979
3024 69.5979
3025 69.5979
3026 69.5979
3027 69.5979
3028 69.5979
3029 69.5979
3030 69.5979
3031 69.5979
3032 69.5979
3033 69.5979
3034 69.5979
3035 69.5979
3036 69.5979
3037 69.5979
3038 69.5979
3039 69.5979
3040 69.5979
3041 69.5979
3042 69.5979
3043 69.5979
3044 69.5979
3045 69.5979
3046 69.5979
3047 69.5979
3048 69.5979
3049 69.5979
3050 69.5979
3051 69.5979
3052 69.5979
3053 69.5979
3054 69.5979
3055 69.5979
3056 69.5979
3057 69.5979
3058 69.5979
3059 69.5979
3060 69.5979
3061 69.5979
3062 69.5979
3063 69.5979
3064 69.5979
3065 69.5979
3066 69.5979
3067 69.5979
3068 69.5979
3069 69.5979
3070 69.5979
3071 69.5979
3072 69.5979
3073 69.5979
3074 69.5979
3075 69.5979
3076 69.5979
3077 69.5979
3078 69.5979
3079 69.5979
3080 69.5979
3081 69.5979
3082 69.5979
3083 69.5979
3084 69.5979
3085 69.5979
3086 69.5979
3087 69.5979
3088 69.5979
3089 69.5979
3090 69.5979
3091 69.5979
3092 69.5979
3093 69.5979
3094 69.5979
3095 69.5979
3096 69.5979
3097 69.5979
3098 69.5979
3099 69.5979
3100 69.5979
3101 69.5979
3102 69.5979
3103 69.5979
3104 69.5979
3105 69.5979
3106 69.5979
3107 69.5979
3108 69.5979
3109 69.5979
3110 69.5979
3111 69.5979
3112 69.5979
3113 69.5979
3114 69.5979
3115 69.5979
3116 69.5979
3117 69.5979
3118 69.5979
3119 69.5979
3120 69.5979
3121 69.5979
3122 69.5979
3123 69.5979
3124 69.5979
3125 69.5979
3126 69.5979
3127 69.5979
3128 69.5979
3129 69.5979
3130 69.5979
3131 69.5979
3132 69.5979
3133 69.5979
3134 69.5979
3135 69.5979
3136 69.5979
3137 69.5979
3138 69.5979
3139 69.5979
3140 69.5979
3141 69.5979
3142 69.5979
3143 69.5979
3144 69.5979
3145 69.5979
3146 69.5979
3147 69.5979
3148 69.5979
3149 69.5979
3150 69.5979
3151 69.5979
3152 69.5979
3153 69.5979
3154 69.5979
3155 69.5979
3156 69.5979
3157 69.5979
3158 69.5979
3159 69.5979
3160 69.5979
3161 69.5979
3162 69.5979
3163 69.5979
3164 69.5979
3165 69.5979
3166 69.5979
3167 69.5979
3168 69.5979
3169 69.5979
3170 69.5979
3171 69.5979
3172 69.5979
3173 69.5979
3174 69.5979
3175 69.5979
3176 69.5979
3177 69.5979
3178 69.5979
3179 69.5979
3180 69.5979
3181 69.5979
3182 69.5979
3183 69.5979
3184 69.5979
3185 69.5979
3186 69.5979
3187 69.5979
3188 69.5979
3189 69.5979
3190 69.5979
3191 69.5979
3192 69.5979
3193 69.5979
3194 69.5979
3195 69.5979
3196 69.5979
3197 69.5979
3198 69.5979
3199 69.5979
3200 69.5979
3201 69.5979
3202 69.5979
3203 69.5979
3204 69.5979
3205 69.5979
3206 69.5979
3207 69.5979
3208 69.5979
3209 69.5979
3210 69.5979
3211 69.5979
3212 69.5979
3213 69.5979
3214 69.5979
3215 69.5979
3216 69.5979
3217 69.5979
3218 69.5979
3219 69.5979
3220 69.5979
3221 69.5979
3222 69.5979
3223 69.5979
3224 69.5979
3225 69.5979
3226 69.5979
3227 69.5979
3228 69.5979
3229 69.5979
3230 69.5979
3231 69.5979
3232 69.5979
3233 69.5979
3234 69.5979
3235 69.5979
3236 69.5979
3237 69.5979
3238 69.5979
3239 69.5979
3240 69.5979
3241 69.5979
3242 69.5979
3243 69.5979
3244 69.5979
3245 69.5979
3246 69.5979
3247 69.5979
3248 69.5979
3249 69.5979
3250 69.5979
3251 69.5979
3252 69.5979
3253 69.5979
3254 69.5979
3255 69.5979
3256 69.5979
3257 69.5979
3258 69.5979
3259 69.5979
3260 69.5979
3261 69.5979
3262 69.5979
3263 69.5979
3264 69.5979
3265 69.5979
3266 69.5979
3267 69.5979
3268 69.5979
3269 69.5979
3270 69.5979
3271 69.5979
3272 69.5979
3273 69.5979
3274 69.5979
3275 69.5979
3276 69.5979
3277 69.5979
3278 69.5979
3279 69.5979
3280 69.5979
3281 69.5979
3282 69.5477
3283 69.5477
3284 69.5477
3285 69.5477
3286 69.5477
3287 69.5477
3288 69.5477
3289 69.5477
3290 69.5477
3291 69.5477
3292 69.5477
3293 69.5477
3294 69.5477
3295 69.5477
3296 69.5477
3297 69.5477
3298 69.5477
3299 69.5477
3300 69.5477
3301 69.5477
3302 69.5477
3303 69.5477
3304 69.5477
3305 69.5477
3306 69.5477
3307 69.5477
3308 69.5477
3309 69.5477
3310 69.5477
3311 69.5477
3312 69.5477
3313 69.5477
3314 69.5477
3315 69.5477
3316 69.5477
3317 69.5477
3318 69.5477
3319 69.5477
3320 69.5477
3321 69.5477
3322 69.5477
3323 69.5477
3324 69.5477
3325 69.5477
3326 69.5477
3327 69.5477
3328 69.5477
3329 69.5477
3330 69.5477
3331 69.5477
3332 69.5477
3333 69.5477
3334 69.5477
3335 69.5477
3336 69.5477
3337 69.5477
3338 69.5477
3339 69.5477
3340 69.5477
3341 69.5477
3342 69.5477
3343 69.5477
3344 69.5477
3345 69.5477
3346 69.5477
3347 69.5477
3348 69.5477
3349 69.5477
3350 69.5477
3351 69.5477
3352 69.5477
3353 69.5477
3354 69.5477
3355 69.5477
3356 69.5477
3357 69.5477
3358 69.5477
3359 69.5477
3360 69.5477
3361 69.5477
3362 69.5477
3363 69.5477
3364 69.5477
3365 69.5477
3366 69.5477
3367 69.5477
3368 69.5477
3369 69.5477
3370 69.5477
3371 69.5477
3372 69.5477
3373 69.5477
3374 69.5477
3375 69.5477
3376 69.5477
3377 69.5477
3378 69.5477
3379 69.5477
3380 69.5477
3381 69.5477
3382 69.5477
3383 69.5477
3384 69.5477
3385 69.5477
3386 69.5477
3387 69.5477
3388 69.5477
3389 69.5477
3390 69.5477
3391 69.5477
3392 69.5477
3393 69.5477
3394 69.5477
3395 69.5477
3396 69.5477
3397 69.5477
3398 69.5477
3399 69.5477
3400 69.5477
3401 69.5477
3402 69.5477
3403 69.5477
3404 69.5477
3405 69.5477
3406 69.5477
3407 69.5477
3408 69.5477
3409 69.5477
3410 69.5477
3411 69.5477
3412 69.5477
3413 69.5477
3414 69.5477
3415 69.5477
3416 69.5477
3417 69.5477
3418 69.5477
3419 69.5477
3420 69.5477
3421 69.5477
3422 69.5477
3423 69.5477
3424 69.5477
3425 69.5477
3426 69.5477
3427 69.5477
3428 69.5477
3429 69.5477
3430 69.5477
3431 69.5477
3432 69.5477
3433 69.5477
3434 69.5477
3435 69.5477
3436 69.5477
3437 69.5477
3438 69.5477
3439 69.5477
3440 69.5477
3441 69.5477
3442 69.5477
3443 69.5477
3444 69.5477
3445 69.5477
3446 69.5477
3447 69.5477
3448 69.5477
3449 69.5477
3450 69.5477
3451 69.5477
3452 69.5477
3453 69.5477
3454 69.5477
3455 69.5477
3456 69.5477
3457 69.5477
3458 69.5477
3459 69.5477
3460 69.5477
3461 69.5477
3462 69.5477
3463 69.5477
3464 69.5477
3465 69.5477
3466 69.5477
3467 69.5477
3468 69.5477
3469 69.5477
3470 69.5477
3471 69.5477
3472 69.5477
3473 69.5477
3474 69.5477
3475 69.5477
3476 69.5477
3477 69.5477
3478 69.5477
3479 69.5477
3480 69.5477
3481 69.5477
3482 69.5477
3483 69.5477
3484 69.5477
3485 69.5477
3486 69.5477
3487 69.5477
3488 69.5477
3489 69.5477
3490 69.5477
3491 69.5477
3492 69.5477
3493 69.5477
3494 69.5477
3495 69.5477
3496 69.5477
3497 69.5477
3498 69.5477
3499 69.5477
3500 69.5477
3501 69.5477
3502 69.5477
3503 69.5477
3504 69.5477
3505 69.5477
3506 69.5477
3507 69.5477
3508 69.5477
3509 69.5477
3510 69.5477
3511 69.5477
3512 69.5477
3513 69.5477
3514 69.5477
3515 69.5477
3516 69.5477
3517 69.5477
3518 69.5477
3519 69.5477
3520 69.5477
3521 69.5477
3522 69.5477
3523 69.5477
3524 69.5477
3525 69.5477
3526 69.5477
3527 69.5477
3528 69.5477
3529 69.5477
3530 69.5477
3531 69.5477
3532 69.5477
3533 69.5477
3534 69.5477
3535 69.5477
3536 69.5477
3537 69.5477
3538 69.5477
3539 69.5477
3540 69.5477
3541 69.5477
3542 69.5477
3543 69.5477
3544 69.5477
3545 69.5477
3546 69.5477
3547 69.5477
3548 69.5477
3549 69.5477
3550 69.5477
3551 69.5477
3552 69.5477
3553 69.5477
3554 69.5477
3555 69.5477
3556 69.5477
3557 69.5477
3558 69.5477
3559 69.5477
3560 69.5477
3561 69.5477
3562 69.5477
3563 69.5477
3564 69.5477
3565 69.5477
3566 69.5477
3567 69.5477
3568 69.5477
3569 69.5477
3570 69.5477
3571 69.5477
3572 69.5477
3573 69.5477
3574 69.5477
3575 69.5477
3576 69.5477
3577 69.5477
3578 69.5477
3579 69.5477
3580 69.5477
3581 69.5477
3582 69.5477
3583 69.5477
3584 69.5477
3585 69.5477
3586 69.5477
3587 69.5477
3588 69.5477
3589 69.5477
3590 69.5477
3591 69.5477
3592 69.5477
3593 69.5477
3594 69.5477
3595 69.5477
3596 69.5477
3597 69.5477
3598 69.5477
3599 69.5477
3600 69.5477
3601 69.5353
3602 69.5353
3603 69.5353
3604 69.5353
3605 69.5353
3606 69.5353
3607 69.5353
3608 69.3578
3609 69.3578
3610 69.3578
3611 69.3578
3612 69.3578
3613 69.3578
3614 69.3455
3615 69.3455
3616 69.3455
3617 69.3455
3618 69.3455
3619 69.3455
3620 69.3455
3621 69.3455
3622 69.3455
3623 69.3455
3624 69.3455
3625 69.3455
3626 69.3455
3627 69.3455
3628 69.3455
3629 69.3455
3630 69.3455
3631 69.3455
3632 69.3455
3633 69.3455
3634 69.3455
3635 69.3455
3636 69.3455
3637 69.3455
3638 69.3455
3639 69.3455
3640 69.3455
3641 69.3455
3642 69.3455
3643 69.3455
3644 69.3455
3645 69.3455
3646 69.3455
3647 69.3455
3648 69.3455
3649 69.3455
3650 69.3455
3651 69.3455
3652 69.3455
3653 69.3455
3654 69.3455
3655 69.3455
3656 69.3455
3657 69.3455
3658 69.3455
3659 69.3455
3660 69.3455
3661 69.3455
3662 69.3455
3663 69.3455
3664 69.3455
3665 69.3455
3666 69.3455
3667 69.3455
3668 69.3455
3669 69.3455
3670 69.3455
3671 69.3455
3672 69.3455
3673 69.3455
3674 69.3455
3675 69.3455
3676 69.3455
3677 69.3455
3678 69.3455
3679 69.3455
3680 69.3455
3681 69.3455
3682 69.3455
3683 69.3455
3684 69.3455
3685 69.3455
3686 69.3455
3687 69.3455
3688 69.3455
3689 69.3455
3690 69.3455
3691 69.3455
3692 69.3455
3693 69.3455
3694 69.3455
3695 69.3455
3696 69.3455
3697 69.3455
3698 69.3455
3699 69.3455
3700 69.3455
3701 69.3455
3702 69.3455
3703 69.3455
3704 69.3455
3705 69.3455
3706 69.1552
3707 69.1552
3708 69.1552
3709 69.1552
3710 69.1552
3711 69.1552
3712 69.1552
3713 69.1552
3714 69.1552
3715 69.1552
3716 69.1552
3717 69.1552
3718 69.1552
3719 69.1552
3720 69.1552
3721 69.1552
3722 69.1552
3723 69.1552
3724 69.1552
3725 69.1552
3726 69.1552
3727 69.1552
3728 69.1552
3729 69.1552
3730 69.1552
3731 69.1552
3732 69.1552
3733 69.1552
3734 69.1552
3735 69.1552
3736 69.1552
3737 69.1552
3738 69.1552
3739 69.1552
3740 69.1552
3741 69.1552
3742 69.1552
3743 69.1552
3744 69.1552
3745 69.1552
3746 69.1552
3747 69.1552
3748 69.1552
3749 69.1552
3750 69.1552
3751 69.1552
3752 69.1552
3753 69.1552
3754 69.1552
3755 69.1552
3756 69.1552
3757 69.1552
3758 69.1552
3759 69.1552
3760 69.1552
3761 69.1552
3762 69.1552
3763 69.1552
3764 69.1552
3765 69.1552
3766 69.1552
3767 69.1552
3768 69.1552
3769 69.1552
3770 69.1552
3771 69.1552
3772 69.1552
3773 69.1552
3774 69.1552
3775 69.1552
3776 69.1552
3777 69.1552
3778 69.1552
3779 69.1552
3780 69.1552
3781 69.1552
3782 69.1552
3783 69.1552
3784 69.1552
3785 69.1552
3786 69.1552
3787 69.1552
3788 69.1552
3789 69.1552
3790 69.1552
3791 69.1552
3792 69.1552
3793 69.1552
3794 69.1552
3795 69.1552
3796 69.1552
3797 69.1552
3798 69.1552
3799 69.1552
3800 69.1552
3801 69.1552
3802 69.1552
3803 69.1552
3804 69.1552
3805 69.1552
3806 69.1552
3807 69.1552
3808 69.1552
3809 69.1552
3810 69.1552
3811 69.1552
3812 69.1552
3813 69.1552
3814 69.1552
3815 69.1552
3816 69.1552
3817 69.1552
3818 69.1552
3819 69.1552
3820 69.1552
3821 69.1552
3822 69.1552
3823 69.1552
3824 69.1552
3825 69.1552
3826 69.1552
3827 69.1552
3828 69.1552
3829 69.1552
3830 69.1552
3831 69.1552
3832 69.1552
3833 69.1552
3834 69.1552
3835 69.1552
3836 69.1552
3837 69.1552
3838 69.1552
3839 69.1552
3840 69.1552
3841 69.1552
3842 69.1552
3843 69.1552
3844 69.1552
3845 69.1552
3846 69.1552
3847 69.1552
3848 69.1552
3849 69.1552
3850 69.1552
3851 69.1552
3852 69.1552
3853 69.1552
3854 69.1552
3855 69.1552
3856 69.1552
3857 69.1552
3858 69.1552
3859 69.1552
3860 69.1552
3861 69.1552
3862 69.1552
3863 69.1552
3864 69.1552
3865 69.1552
3866 69.1552
3867 69.1552
3868 69.1552
3869 69.1552
3870 69.1552
3871 69.1552
3872 69.1552
3873 69.1552
3874 69.1552
3875 69.1552
3876 69.1552
3877 69.1552
3878 69.1552
3879 69.1552
3880 69.1552
3881 69.1552
3882 69.1552
3883 69.1552
3884 69.1552
3885 69.1552
3886 69.1552
3887 69.1552
3888 69.1552
3889 69.1552
3890 69.1552
3891 69.1552
3892 69.1552
3893 69.1552
3894 69.1552
3895 69.1552
3896 69.1552
3897 69.1552
3898 69.1552
3899 69.1552
3900 69.1552
3901 69.1552
3902 69.1552
3903 69.1552
3904 69.1552
3905 69.1552
3906 69.1552
3907 69.1552
3908 69.1552
3909 69.1552
3910 69.1552
3911 69.1552
3912 69.1552
3913 69.1552
3914 69.1552
3915 69.1552
3916 69.1552
3917 69.1552
3918 69.1552
3919 69.1552
3920 69.1552
3921 69.1552
3922 69.1552
3923 69.1552
3924 69.1552
3925 69.1552
3926 69.1552
3927 69.1552
3928 69.1552
3929 69.1552
3930 69.1552
3931 69.1552
3932 69.1552
3933 69.1552
3934 69.1552
3935 69.1552
3936 69.1552
3937 69.1552
3938 69.1552
3939 69.1552
3940 69.1552
3941 69.1552
3942 69.1552
3943 69.1552
3944 69.1552
3945 69.1552
3946 69.1552
3947 69.1552
3948 69.1552
3949 69.1552
3950 69.1552
3951 69.1552
3952 69.1552
3953 69.1552
3954 69.1552
3955 69.1552
3956 69.1552
3957 69.1552
3958 69.1552
3959 69.1552
3960 69.1552
3961 69.1552
3962 69.1552
3963 69.1552
3964 69.1552
3965 69.1552
3966 69.1552
3967 69.1552
3968 69.1552
3969 69.1552
3970 69.1552
3971 69.1552
3972 69.1552
3973 69.1552
3974 69.1552
3975 69.1552
3976 69.1552
3977 69.1552
3978 69.1552
3979 69.1552
3980 69.1552
3981 69.1552
3982 69.1552
3983 69.1552
3984 69.1552
3985 69.1552
3986 69.1552
3987 69.1552
3988 69.1552
3989 69.1552
3990 69.1552
3991 69.1552
3992 69.1552
3993 69.1552
3994 69.1552
3995 69.1552
3996 69.1552
3997 69.1552
3998 69.1552
3999 69.1552
4000 69.1552
4001 69.1552
4002 69.1552
4003 69.1552
4004 69.1552
4005 69.1552
4006 69.1552
4007 69.1552
4008 69.1552
4009 69.1552
4010 69.1552
4011 69.1552
4012 69.1552
4013 69.1552
4014 69.1552
4015 69.1552
4016 69.1552
4017 69.1552
4018 69.1552
4019 69.1552
4020 69.1552
4021 69.1552
4022 69.1552
4023 69.1552
4024 69.1552
4025 69.1552
4026 69.1552
4027 69.1552
4028 69.1552
4029 69.1552
4030 69.1552
4031 69.1552
4032 69.1552
4033 69.1552
4034 69.1552
4035 69.1552
4036 69.1552
4037 69.1552
4038 69.1552
4039 69.1552
4040 69.1552
4041 69.1552
4042 69.1552
4043 69.1552
4044 69.1552
4045 69.1552
4046 69.1552
4047 69.1552
4048 69.1552
4049 69.1552
4050 69.1552
4051 69.1552
4052 69.1552
4053 69.1552
4054 69.1552
4055 69.1552
4056 69.1552
4057 69.1552
4058 69.1552
4059 69.1552
4060 69.1552
4061 69.1552
4062 69.1552
4063 69.1552
4064 69.1552
4065 69.1552
4066 69.1552
4067 69.1552
4068 69.1552
4069 69.1552
4070 69.1552
4071 69.1552
4072 69.1552
4073 69.1552
4074 69.1552
4075 69.1552
4076 69.1552
4077 69.1552
4078 69.1552
4079 69.1552
4080 69.1552
4081 69.1552
4082 69.1552
4083 69.1552
4084 69.1552
4085 69.1552
4086 69.1552
4087 69.1552
4088 69.1552
4089 69.1552
4090 69.1552
4091 69.1552
4092 69.1552
4093 69.1552
4094 69.1552
4095 69.1552
4096 69.1552
4097 69.1552
4098 69.1552
4099 69.1552
4100 69.1552
4101 69.1552
4102 69.1552
4103 69.1552
4104 69.1552
4105 69.1552
4106 69.1552
4107 69.1552
4108 69.1552
4109 69.1552
4110 69.1552
4111 69.1552
4112 69.1552
4113 69.1552
4114 69.1552
4115 69.1552
4116 69.1552
4117 69.1552
4118 69.1552
4119 69.1552
4120 69.1552
4121 69.1552
4122 69.1552
4123 69.1552
4124 69.1552
4125 69.1552
4126 69.1552
4127 69.1552
4128 69.1552
4129 69.1552
4130 69.1552
4131 69.1552
4132 69.1552
4133 69.1552
4134 69.1552
4135 69.1552
4136 69.1552
4137 69.1552
4138 69.1552
4139 69.1552
4140 69.1552
4141 69.1552
4142 69.1552
4143 69.1552
4144 69.1552
4145 69.1552
4146 69.1552
4147 69.1552
4148 69.1552
4149 69.1552
4150 69.1552
4151 69.1552
4152 69.1552
4153 69.1552
4154 69.1552
4155 69.1552
4156 69.1552
4157 69.1552
4158 69.1552
4159 69.1552
4160 69.1552
4161 69.1552
4162 69.1552
4163 69.1552
4164 69.1552
4165 69.1552
4166 69.1552
4167 69.1552
4168 69.1552
4169 69.1552
4170 69.1552
4171 69.1552
4172 69.1552
4173 69.1552
4174 69.1552
4175 69.1552
4176 69.1552
4177 69.1552
4178 69.1552
4179 69.1552
4180 69.1552
4181 69.1552
4182 69.1552
4183 69.1552
4184 69.1552
4185 69.1552
4186 69.1552
4187 69.1552
4188 69.1552
4189 69.1552
4190 69.1552
4191 69.1552
4192 69.1552
4193 69.1552
4194 69.1552
4195 69.1552
4196 69.1552
4197 69.1552
4198 69.1552
4199 69.1552
4200 69.1552
4201 69.1552
4202 69.1552
4203 69.1552
4204 69.1552
4205 69.1552
4206 69.1552
4207 69.1552
4208 69.1552
4209 69.1552
4210 69.1552
4211 69.1552
4212 68.9916
4213 68.9916
4214 68.9916
4215 68.9916
4216 68.9916
4217 68.9916
4218 68.9916
4219 68.9916
4220 68.9916
4221 68.9916
4222 68.9916
4223 68.9916
4224 68.9916
4225 68.9916
4226 68.9916
4227 68.9916
4228 68.9916
4229 68.9916
4230 68.9916
4231 68.9916
4232 68.9916
4233 68.9916
4234 68.9916
4235 68.9916
4236 68.9916
4237 68.9916
4238 68.9916
4239 68.9916
4240 68.9916
4241 68.9916
4242 68.9916
4243 68.9916
4244 68.9916
4245 68.9916
4246 68.9916
4247 68.9916
4248 68.9916
4249 68.9916
4250 68.9916
4251 68.9916
4252 68.9916
4253 68.9916
4254 68.9916
4255 68.9916
4256 68.9916
4257 68.9916
4258 68.9916
4259 68.9916
4260 68.9916
4261 68.9916
4262 68.9916
4263 68.9916
4264 68.9916
4265 68.9916
4266 68.9916
4267 68.9916
4268 68.9916
4269 68.9916
4270 68.9916
4271 68.9916
4272 68.9916
4273 68.9916
4274 68.9916
4275 68.9916
4276 68.9916
4277 68.9916
4278 68.9916
4279 68.9916
4280 68.9916
4281 68.9916
4282 68.9916
4283 68.9916
4284 68.9916
4285 68.9916
4286 68.9916
4287 68.9916
4288 68.9916
4289 68.9916
4290 68.9916
4291 68.9916
4292 68.9916
4293 68.9916
4294 68.9916
4295 68.9916
4296 68.9916
4297 68.9916
4298 68.9916
4299 68.9916
4300 68.9916
4301 68.9916
4302 68.9916
4303 68.9916
4304 68.9916
4305 68.9916
4306 68.9916
4307 68.9916
4308 68.4325
4309 68.4325
4310 68.4325
4311 68.4325
4312 68.4325
4313 68.4325
4314 68.4325
4315 68.4325
4316 68.4325
4317 68.4325
4318 68.4325
4319 68.4325
4320 68.4325
4321 68.4325
4322 68.4325
4323 68.4325
4324 68.4325
4325 68.4325
4326 68.4325
4327 68.4325
4328 68.4325
4329 68.4325
4330 68.4325
4331 68.4325
4332 68.4325
4333 68.4325
4334 68.4325
4335 68.4325
4336 68.4325
4337 68.4325
4338 68.4325
4339 68.4325
4340 68.4325
4341 68.4325
4342 68.4325
4343 68.4325
4344 68.4325
4345 68.4325
4346 68.4325
4347 68.4325
4348 68.4325
4349 68.4325
4350 68.4325
4351 68.4325
4352 68.4325
4353 68.4325
4354 68.4325
4355 68.4325
4356 68.4325
4357 68.4325
4358 68.4325
4359 68.4325
4360 68.4325
4361 68.4325
4362 68.4325
4363 68.4325
4364 68.4325
4365 68.4325
4366 68.4325
4367 68.4325
4368 68.4325
4369 68.4325
4370 68.4325
4371 68.4325
4372 68.4325
4373 68.4325
4374 68.4325
4375 68.4325
4376 68.4325
4377 68.4325
4378 68.4325
4379 68.4325
4380 68.4325
4381 68.4325
4382 68.4325
4383 68.4325
4384 68.4325
4385 68.4325
4386 68.4325
4387 68.4325
4388 68.4325
4389 68.4325
4390 68.4325
4391 68.4325
4392 68.4325
4393 68.4325
4394 68.4325
4395 68.4325
4396 68.4325
4397 68.4325
4398 68.4325
4399 68.4325
4400 68.4325
4401 68.4325
4402 68.4325
4403 68.4325
4404 68.4325
4405 68.4325
4406 68.4325
4407 68.4325
4408 68.4325
4409 68.4325
4410 68.4325
4411 68.4325
4412 68.4325
4413 68.4325
4414 68.4325
4415 68.4325
4416 68.4325
4417 68.4325
4418 68.4325
4419 68.4325
4420 68.4325
4421 68.4325
4422 68.4325
4423 68.4325
4424 68.4325
4425 68.4325
4426 68.4325
4427 68.4325
4428 68.4325
4429 68.4325
4430 68.4325
4431 68.4325
4432 68.4325
4433 68.4325
4434 68.4325
4435 68.4325
4436 68.4325
4437 68.4325
4438 68.4325
4439 68.4325
4440 68.4325
4441 68.4325
4442 68.4325
4443 68.4325
4444 68.4325
4445 68.4325
4446 68.4325
4447 68.4325
4448 68.4325
4449 68.4325
4450 68.4325
4451 68.4325
4452 68.4325
4453 68.4325
4454 68.4325
4455 68.4325
4456 68.4325
4457 68.4325
4458 68.4325
4459 68.4325
4460 68.4325
4461 68.4325
4462 68.4325
4463 68.4325
4464 68.4325
4465 68.4325
4466 68.4325
4467 68.4325
4468 68.4325
4469 68.4325
4470 68.4325
4471 68.4325
4472 68.4325
4473 68.4325
4474 68.4325
4475 68.4325
4476 68.4325
4477 68.4325
4478 68.4325
4479 68.4325
4480 68.4325
4481 68.4325
4482 68.4325
4483 68.4325
4484 68.4325
4485 68.4325
4486 68.4325
4487 68.4325
4488 68.4325
4489 68.4325
4490 68.4325
4491 68.4325
4492 68.4325
4493 68.4325
4494 68.4325
4495 68.4325
4496 68.4325
4497 68.4325
4498 68.4325
4499 68.4325
4500 68.4325
4501 68.4325
4502 68.4325
4503 68.4325
4504 68.4325
4505 68.4325
4506 68.4325
4507 68.4325
4508 68.4325
4509 68.4325
4510 68.4325
4511 68.4325
4512 68.4325
4513 68.4325
4514 68.4325
4515 68.4325
4516 68.4325
4517 68.4325
4518 68.4325
4519 68.4325
4520 68.4325
4521 68.4325
4522 68.4325
4523 68.4325
4524 68.4325
4525 68.4325
4526 68.4325
4527 68.4325
4528 68.4325
4529 68.4325
4530 68.4325
4531 68.4325
4532 68.4325
4533 68.4325
4534 68.4325
4535 68.4325
4536 68.4325
4537 68.4325
4538 68.4325
4539 68.4325
4540 68.4325
4541 68.4325
4542 68.4325
4543 68.4325
4544 68.4325
4545 68.4325
4546 68.4325
4547 68.4325
4548 68.4325
4549 68.4325
4550 68.4325
4551 68.4325
4552 68.4325
4553 68.4325
4554 68.4325
4555 68.4325
4556 68.4325
4557 68.4325
4558 68.4325
4559 68.4325
4560 68.4325
4561 68.4325
4562 68.4325
4563 68.4325
4564 68.4325
4565 68.4325
4566 68.4325
4567 68.4325
4568 68.4325
4569 68.4325
4570 68.4325
4571 68.4325
4572 68.4325
4573 68.4325
4574 68.4325
4575 68.4325
4576 68.4325
4577 68.4325
4578 68.4325
4579 68.4325
4580 68.4325
4581 68.4325
4582 68.4325
4583 68.4325
4584 68.4325
4585 68.4325
4586 68.4325
4587 68.4325
4588 68.4325
4589 68.4325
4590 68.4325
4591 68.4325
4592 68.4325
4593 68.4325
4594 68.4325
4595 68.4325
4596 68.4325
4597 68.4325
4598 68.4325
4599 68.4325
4600 68.4325
4601 68.4325
4602 68.4325
4603 68.4325
4604 68.4325
4605 68.4325
4606 68.4325
4607 68.4325
4608 68.4325
4609 68.4325
4610 68.4325
4611 68.4325
4612 68.4325
4613 68.4325
4614 68.4325
4615 68.4325
4616 68.4325
4617 68.4325
4618 68.4325
4619 68.4325
4620 68.4325
4621 68.4325
4622 68.4325
4623 68.4325
4624 68.4325
4625 68.4325
4626 68.4325
4627 68.4325
4628 68.4325
4629 68.4325
4630 68.4325
4631 68.4325
4632 68.4325
4633 68.4325
4634 68.4325
4635 68.4325
4636 68.4325
4637 68.4325
4638 68.4325
4639 68.4325
4640 68.4325
4641 68.4325
4642 68.4325
4643 68.4325
4644 68.4325
4645 68.4325
4646 68.4325
4647 68.4325
4648 68.4325
4649 68.4325
4650 68.4325
4651 68.4325
4652 68.4325
4653 68.4325
4654 68.4325
4655 68.4325
4656 68.4325
4657 68.4325
4658 68.4325
4659 68.4325
4660 68.4325
4661 68.4325
4662 68.4325
4663 68.4325
4664 68.4325
4665 68.4325
4666 68.4325
4667 68.4325
4668 68.4325
4669 68.4325
4670 68.4325
4671 68.4325
4672 68.4325
4673 68.4325
4674 68.4325
4675 68.4325
4676 68.4325
4677 68.4325
4678 68.4325
4679 68.4325
4680 68.4325
4681 68.4325
4682 68.4325
4683 68.4325
4684 68.4325
4685 68.4325
4686 68.4325
4687 68.4325
4688 68.4325
4689 68.4325
4690 68.4325
4691 68.4325
4692 68.4325
4693 68.4325
4694 68.4325
4695 68.4325
4696 68.4325
4697 68.4325
4698 68.4325
4699 68.4325
4700 68.4325
4701 68.4325
4702 68.4325
4703 68.4325
4704 68.4325
4705 68.4325
4706 68.4325
4707 68.4325
4708 68.4325
4709 68.4325
4710 68.4325
4711 68.4325
4712 68.4325
4713 68.4325
4714 68.4325
4715 68.4325
4716 68.4325
4717 68.4325
4718 68.4325
4719 68.4325
4720 68.4325
4721 68.4325
4722 68.4325
4723 68.4325
4724 68.4325
4725 68.4325
4726 68.4325
4727 68.4325
4728 68.4325
4729 68.4325
4730 68.4325
4731 68.4325
4732 68.4325
4733 68.4325
4734 68.4325
4735 68.4325
4736 68.4325
4737 68.4325
4738 68.4325
4739 68.4325
4740 68.4325
4741 68.4325
4742 68.4325
4743 68.4325
4744 68.4325
4745 68.4325
4746 68.4325
4747 68.4325
4748 68.4325
4749 68.4325
4750 68.4325
4751 68.4325
4752 68.4325
4753 68.4325
4754 68.4325
4755 68.4325
4756 68.4325
4757 68.4325
4758 68.4325
4759 68.4325
4760 68.4325
4761 68.4325
4762 68.4325
4763 68.4325
4764 68.4325
4765 68.4325
4766 68.4325
4767 68.4325
4768 68.4325
4769 68.4325
4770 68.4325
4771 68.4325
4772 68.4325
4773 68.4325
4774 68.4325
4775 68.4325
4776 68.4325
4777 68.4325
4778 68.4325
4779 68.4325
4780 68.4325
4781 68.4325
4782 68.4325
4783 68.4325
4784 68.4325
4785 68.4325
4786 68.4325
4787 68.4325
4788 68.4325
4789 68.4325
4790 68.4325
4791 68.4325
4792 68.4325
4793 68.4325
4794 68.4325
4795 68.4325
4796 68.4325
4797 68.4325
4798 68.4325
4799 68.4325
4800 68.4325
4801 68.4325
4802 68.4325
4803 68.4325
4804 68.4325
4805 68.4325
4806 68.4325
4807 68.4325
4808 68.4325
4809 68.4325
4810 68.4325
4811 68.4325
4812 68.4325
4813 68.4325
4814 68.4325
4815 68.4325
4816 68.4325
4817 68.4325
4818 68.4325
4819 68.4325
4820 68.4325
4821 68.4325
4822 68.4325
4823 68.4325
4824 68.4325
4825 68.4325
4826 68.4325
4827 68.4325
4828 68.4325
4829 68.4325
4830 68.4325
4831 68.4325
4832 68.4325
4833 68.4325
4834 68.4325
4835 68.4325
4836 68.4325
4837 68.4325
4838 68.4325
4839 68.4325
4840 68.4325
4841 68.4325
4842 68.4325
4843 68.4325
4844 68.4325
4845 68.4325
4846 68.4325
4847 68.4325
4848 68.4325
4849 68.4325
4850 68.4325
4851 68.4325
4852 68.4325
4853 68.4325
4854 68.4325
4855 68.4325
4856 68.4325
4857 68.4325
4858 68.4325
4859 68.4325
4860 68.4325
4861 68.4325
4862 68.4325
4863 68.4325
4864 68.4325
4865 68.4325
4866 68.4325
4867 68.4325
4868 68.4325
4869 68.4325
4870 68.4325
4871 68.4325
4872 68.4325
4873 68.4325
4874 68.4325
4875 68.4325
4876 68.4325
4877 68.4325
4878 68.4325
4879 68.4325
4880 68.4325
4881 68.4325
4882 68.4325
4883 68.4325
4884 68.4325
4885 68.4325
4886 68.4325
4887 68.4325
4888 68.4325
4889 68.4325
4890 68.4325
4891 68.4325
4892 68.4325
4893 68.4325
4894 68.4325
4895 68.4325
4896 68.4325
4897 68.4325
4898 68.4325
4899 68.4325
4900 68.4325
4901 68.4325
4902 68.4325
4903 68.4325
4904 68.4325
4905 68.4325
4906 68.4325
4907 68.4325
4908 68.4325
4909 68.4325
4910 68.4325
4911 68.4325
4912 68.4325
4913 68.4325
4914 68.4325
4915 68.4325
4916 68.4325
4917 68.4325
4918 68.4325
4919 68.4325
4920 68.4325
4921 68.4325
4922 68.4325
4923 68.4325
4924 68.4325
4925 68.4325
4926 68.4325
4927 68.4325
4928 68.4325
4929 68.4325
4930 68.4325
4931 68.4325
4932 68.4325
4933 68.4325
4934 68.4325
4935 68.4325
4936 68.4325
4937 68.4325
4938 68.4325
4939 68.4325
4940 68.4325
4941 68.4325
4942 68.4325
4943 68.4325
4944 68.4325
4945 68.4325
4946 68.4325
4947 68.4325
4948 68.4325
4949 68.4325
4950 68.4325
4951 68.4325
4952 68.4325
4953 68.4325
4954 68.4325
4955 68.4325
4956 68.4325
4957 68.4325
4958 68.4325
4959 68.4325
4960 68.4325
4961 68.4325
4962 68.4325
4963 68.4325
4964 68.4325
4965 68.4325
4966 68.4325
4967 68.4325
4968 68.4325
4969 68.4325
4970 68.4325
4971 68.4325
4972 68.4325
4973 68.4325
4974 68.4325
4975 68.4325
4976 68.4325
4977 68.4325
4978 68.4325
4979 68.4325
4980 68.4325
4981 68.4325
4982 68.4325
4983 68.4325
4984 68.4325
4985 68.4325
4986 68.4325
4987 68.4325
4988 68.4325
4989 68.4325
4990 68.4325
4991 68.4325
4992 68.4325
4993 68.4325
4994 68.4325
4995 68.4325
4996 68.4325
4997 68.4325
4998 68.4325
4999 68.4325
5000 68.4325
5001 68.4325
5002 68.4325
5003 68.4325
5004 68.4325
5005 68.4325
5006 68.4325
5007 68.4325
5008 68.4325
5009 68.4325
5010 68.4325
5011 68.4325
5012 68.4325
5013 68.4325
5014 68.4325
5015 68.4325
5016 68.4325
5017 68.4325
5018 68.4325
5019 68.4325
5020 68.4325
5021 68.4325
5022 68.4325
5023 68.4325
5024 68.4325
5025 68.4325
5026 68.4325
5027 68.4325
5028 68.4325
5029 68.4325
5030 68.4325
5031 68.4325
5032 68.4325
5033 68.4325
5034 68.4325
5035 68.4325
5036 68.4325
5037 68.4325
5038 68.4325
5039 68.4325
5040 68.4325
5041 68.4325
5042 68.4325
5043 68.4325
5044 68.4325
5045 68.4325
5046 68.4325
5047 68.4325
5048 68.4325
5049 68.4325
5050 68.4325
5051 68.4325
5052 68.4325
5053 68.4325
5054 68.4325
5055 68.4325
5056 68.4325
5057 68.4325
5058 68.4325
5059 68.4325
5060 68.4325
5061 68.4325
5062 68.4325
5063 68.4325
5064 68.4325
5065 68.4325
5066 68.4325
5067 68.4325
5068 68.4325
5069 68.4325
5070 68.4325
5071 68.4325
5072 68.4325
5073 68.4325
5074 68.4325
5075 68.4325
5076 68.4325
5077 68.4325
5078 68.4325
5079 68.4325
5080 68.4325
5081 68.4325
5082 68.4325
5083 68.4325
5084 68.4325
5085 68.4325
5086 68.4325
5087 68.4325
5088 68.4325
5089 68.4325
5090 68.4325
5091 68.4325
5092 68.4325
5093 68.4325
5094 68.4325
5095 68.4325
5096 68.4325
5097 68.4325
5098 68.4325
5099 68.4325
5100 68.4325
5101 68.4325
5102 68.4325
5103 68.4325
5104 68.4325
5105 68.4325
5106 68.4325
5107 68.4325
5108 68.4325
5109 68.4325
5110 68.4325
5111 68.4325
5112 68.4325
5113 68.4325
5114 68.4325
5115 68.4325
5116 68.4325
5117 68.4325
5118 68.4325
5119 68.4325
5120 68.4325
5121 68.4325
5122 68.4325
5123 68.4325
5124 68.4325
5125 68.4325
5126 68.4325
5127 68.4325
5128 68.4325
5129 68.4325
5130 68.4325
5131 68.4325
5132 68.4325
5133 68.4325
5134 68.4325
5135 68.4325
5136 68.4325
5137 68.4325
5138 68.4325
5139 68.4325
5140 68.4325
5141 68.4325
5142 68.4325
5143 68.4325
5144 68.4325
5145 68.4325
5146 68.4325
5147 68.4325
5148 68.4325
5149 68.4325
5150 68.4325
5151 68.4325
5152 68.4325
5153 68.4325
5154 68.4325
5155 68.4325
5156 68.4325
5157 68.4325
5158 68.4325
5159 68.4325
5160 68.4325
5161 68.4325
5162 68.4325
5163 68.4325
5164 68.4325
5165 68.4325
5166 68.4325
5167 68.4325
5168 68.4325
5169 68.4325
5170 68.4325
5171 68.4325
5172 68.4325
5173 68.4325
5174 68.4325
5175 68.4325
5176 68.4325
5177 68.4325
5178 68.4325
5179 68.4325
5180 68.4325
5181 68.4325
5182 68.4325
5183 68.4325
5184 68.4325
5185 68.4325
5186 68.4325
5187 68.4325
5188 68.4325
5189 68.4325
5190 68.4325
5191 68.4325
5192 68.4325
5193 68.4325
5194 68.4325
5195 68.4325
5196 68.4325
5197 68.4325
5198 68.4325
5199 68.4325
5200 68.4325
5201 68.4325
5202 68.4325
5203 68.4325
5204 68.4325
5205 68.4325
5206 68.4325
5207 68.4325
5208 68.4325
5209 68.4325
5210 68.4325
5211 68.4325
5212 68.4325
5213 68.4325
5214 68.4325
5215 68.4325
5216 68.4325
5217 68.4325
5218 68.4325
5219 68.4325
5220 68.4325
5221 68.4325
5222 68.4325
5223 68.4325
5224 68.4325
5225 68.4325
5226 68.4325
5227 68.4325
5228 68.4325
5229 68.4325
5230 68.4325
5231 68.4325
5232 68.4325
5233 68.4325
5234 68.4325
5235 68.4325
5236 68.4325
5237 68.4325
5238 68.4325
5239 68.4325
5240 68.4325
5241 68.4325
5242 68.4325
5243 68.4325
5244 68.4325
5245 68.4325
5246 68.4325
5247 68.4325
5248 68.4325
5249 68.4325
5250 68.4325
5251 68.4325
5252 68.4325
5253 68.4325
5254 68.4325
5255 68.4325
5256 68.4325
5257 68.4325
5258 68.4325
5259 68.4325
5260 68.4325
5261 68.4325
5262 68.4325
5263 68.4325
5264 68.4325
5265 68.4325
5266 68.4325
5267 68.4325
5268 68.4325
5269 68.4325
5270 68.4325
5271 68.4325
5272 68.4325
5273 68.4325
5274 68.4325
5275 68.4325
5276 68.4325
5277 68.4325
5278 68.4325
5279 68.4325
5280 68.4325
5281 68.4325
5282 68.4325
5283 68.4325
5284 68.4325
5285 68.4325
5286 68.4325
5287 68.4325
5288 68.4325
5289 68.4325
5290 68.4325
5291 68.4325
5292 68.4325
5293 68.4325
5294 68.4325
5295 68.4325
5296 68.4325
5297 68.4325
5298 68.4325
5299 68.4325
5300 68.4325
5301 68.4325
5302 68.4325
5303 68.4325
5304 68.4325
5305 68.4325
5306 68.4325
5307 68.4325
5308 68.4325
5309 68.4325
5310 68.4325
5311 68.4325
5312 68.4325
5313 68.4325
5314 68.4325
5315 68.4325
5316 68.4325
5317 68.4325
5318 68.4325
5319 68.4325
5320 68.4325
5321 68.4325
5322 68.4325
5323 68.4325
5324 68.4325
5325 68.4325
5326 68.4325
5327 68.4325
5328 68.4325
5329 68.4325
5330 68.4325
5331 68.4325
5332 68.4325
5333 68.4325
5334 68.4325
5335 68.4325
5336 68.4325
5337 68.4325
5338 68.4325
5339 68.4325
5340 68.4325
5341 68.4325
5342 68.4325
5343 68.4325
5344 68.4325
5345 68.4325
5346 68.4325
5347 68.4325
5348 68.4325
5349 68.4325
5350 68.4325
5351 68.4325
5352 68.4325
5353 68.4325
5354 68.4325
5355 68.4325
5356 68.4325
5357 68.4325
5358 68.4325
5359 68.4325
5360 68.4325
5361 68.4325
5362 68.4325
5363 68.4325
5364 68.4325
5365 68.4325
5366 68.4325
5367 68.4325
5368 68.4325
5369 68.4325
5370 68.4325
5371 68.4325
5372 68.4325
5373 68.4325
5374 68.4325
5375 68.4325
5376 68.4325
5377 68.4325
5378 68.4325
5379 68.4325
5380 68.4325
5381 68.4325
5382 68.4325
5383 68.4325
5384 68.4325
5385 68.4325
5386 68.4325
5387 68.4325
5388 68.4325
5389 68.4325
5390 68.4325
5391 68.4325
5392 68.4325
5393 68.4325
5394 68.4325
5395 68.4325
5396 68.4325
5397 68.4325
5398 68.4325
5399 68.4325
5400 68.4325
5401 68.4325
5402 68.4325
5403 68.4325
5404 68.4325
5405 68.4325
5406 68.4325
5407 68.4325
5408 68.4325
5409 68.4325
5410 68.4325
5411 68.4325
5412 68.4325
5413 68.4325
5414 68.4325
5415 68.4325
5416 68.4325
5417 68.4325
5418 68.4325
5419 68.4325
5420 68.4325
5421 68.4325
5422 68.4325
5423 68.4325
5424 68.4325
5425 68.4325
5426 68.4325
5427 68.4325
5428 68.4325
5429 68.4325
5430 68.4325
5431 68.4325
5432 68.4325
5433 68.4325
5434 68.4325
5435 68.4325
5436 68.4325
5437 68.4325
5438 68.4325
5439 68.4325
5440 68.4325
5441 68.4325
5442 68.4325
5443 68.4325
5444 68.4325
5445 68.4325
5446 68.4325
5447 68.4325
5448 68.4325
5449 68.4325
5450 68.4325
5451 68.4325
5452 68.4325
5453 68.4325
5454 68.4325
5455 68.4325
5456 68.4325
5457 68.4325
5458 68.4325
5459 68.4325
5460 68.4325
5461 68.4325
5462 68.4325
5463 68.4325
5464 68.4325
5465 68.4325
5466 68.4325
5467 68.4325
5468 68.4325
5469 68.4325
5470 68.4325
5471 68.4325
5472 68.4325
5473 68.4325
5474 68.4325
5475 68.4325
5476 68.4325
5477 68.4325
5478 68.4325
5479 68.4325
5480 68.4325
5481 68.4325
5482 68.4325
5483 68.4325
5484 68.4325
5485 68.4325
5486 68.4325
5487 68.4325
5488 68.4325
5489 68.4325
5490 68.4325
5491 68.4325
5492 68.4325
5493 68.4325
5494 68.4325
5495 68.4325
5496 68.4325
5497 68.4325
5498 68.4325
5499 68.4325
5500 68.4325
5501 68.4325
5502 68.4325
5503 68.4325
5504 68.4325
5505 68.4325
5506 68.4325
5507 68.4325
5508 68.4325
5509 68.4325
5510 68.4325
5511 68.4325
5512 68.4325
5513 68.4325
5514 68.4325
5515 68.4325
5516 68.4325
5517 68.4325
5518 68.4325
5519 68.4325
5520 68.4325
5521 68.4325
5522 68.4325
5523 68.4325
5524 68.4325
5525 68.4325
5526 68.4325
5527 68.4325
5528 68.4325
5529 68.4325
5530 68.4325
5531 68.4325
5532 68.4325
5533 68.4325
5534 68.4325
5535 68.4325
5536 68.4325
5537 68.4325
5538 68.4325
5539 68.4325
5540 68.4325
5541 68.4325
5542 68.4325
5543 68.4325
5544 68.4325
5545 68.4325
5546 68.4325
5547 68.4325
5548 68.4325
5549 68.4325
5550 68.4325
5551 68.4325
5552 68.4325
5553 68.4325
5554 68.4325
5555 68.4325
5556 68.4325
5557 68.4325
5558 68.4325
5559 68.4325
5560 68.4325
5561 68.4325
5562 68.4325
5563 68.4325
5564 68.4325
5565 68.4325
5566 68.4325
5567 68.4325
5568 68.4325
5569 68.4325
5570 68.4325
5571 68.4325
5572 68.4325
5573 68.4325
5574 68.4325
5575 68.4325
5576 68.4325
5577 68.4325
5578 68.4325
5579 68.4325
5580 68.4325
5581 68.4325
5582 68.4325
5583 68.4325
5584 68.4325
5585 68.4325
5586 68.4325
5587 68.4325
5588 68.4325
5589 68.4325
5590 68.4325
5591 68.4325
5592 68.4325
5593 68.4325
5594 68.4325
5595 68.4325
5596 68.4325
5597 68.4325
5598 68.4325
5599 68.4325
5600 68.4325
5601 68.4325
5602 68.4325
5603 68.4325
5604 68.4325
5605 68.4325
5606 68.4325
5607 68.4325
5608 68.4325
5609 68.4325
5610 68.3679
5611 68.3679
5612 68.1643
5613 68.1643
5614 68.1643
5615 68.1643
5616 68.1643
5617 68.1643
5618 68.1643
5619 68.1643
5620 68.1643
5621 68.1643
5622 68.1643
5623 68.1643
5624 68.1643
5625 68.1643
5626 68.1643
5627 68.1643
5628 68.1643
5629 68.1643
5630 68.1643
5631 68.1643
5632 68.1643
5633 68.1643
5634 68.1643
5635 68.1643
5636 68.1643
5637 68.1643
5638 68.1643
5639 68.1643
5640 68.1643
5641 68.1643
5642 68.1643
5643 68.1643
5644 68.1643
5645 68.1643
5646 68.1643
5647 68.1643
5648 68.1643
5649 68.1643
5650 68.1643
5651 68.1643
5652 68.1643
5653 68.1643
5654 68.1643
5655 68.1643
5656 68.1643
5657 68.1643
5658 68.1643
5659 68.1643
5660 68.1643
5661 68.1643
5662 68.1643
5663 68.1643
5664 68.1643
5665 68.1643
5666 68.1643
5667 68.1643
5668 68.1643
5669 68.1643
5670 68.1643
5671 68.1643
5672 68.1643
5673 68.1643
5674 68.1643
5675 68.1643
5676 68.1643
5677 68.1643
5678 68.1643
5679 68.1643
5680 68.1643
5681 68.1643
5682 68.1643
5683 68.1643
5684 68.1643
5685 68.1643
5686 68.1643
5687 68.1643
5688 68.1643
5689 68.1643
5690 68.1643
5691 68.1643
5692 68.1643
5693 68.1643
5694 68.1643
5695 68.1643
5696 68.1643
5697 68.1643
5698 68.1643
5699 68.1643
5700 68.1643
5701 68.1643
5702 68.1643
5703 68.1643
5704 68.1643
5705 68.1643
5706 68.1643
5707 68.1643
5708 68.1643
5709 68.1643
5710 68.1643
5711 68.1643
5712 68.1643
5713 68.1643
5714 68.1643
5715 68.1643
5716 68.1643
5717 68.1643
5718 68.1643
5719 68.1643
5720 68.1643
5721 68.1643
5722 68.1643
5723 68.1643
5724 68.1643
5725 68.1643
5726 68.1643
5727 68.1643
5728 68.1643
5729 68.1643
5730 68.1643
5731 68.1643
5732 68.1643
5733 68.1643
5734 68.1643
5735 68.1643
5736 68.1643
5737 68.1643
5738 68.1643
5739 68.1643
5740 68.1643
5741 68.1643
5742 68.1643
5743 68.1643
5744 68.1643
5745 68.1643
5746 68.1643
5747 68.1643
5748 68.1643
5749 68.1643
5750 68.1643
5751 68.1643
5752 68.1643
5753 68.1643
5754 68.1643
5755 68.1643
5756 68.1643
5757 68.1643
5758 68.1643
5759 68.1643
5760 68.1643
5761 68.1643
5762 68.1643
5763 68.1643
5764 68.1643
5765 68.1643
5766 68.1643
5767 68.1643
5768 68.1643
5769 68.1643
5770 68.1643
5771 68.1643
5772 68.1643
5773 68.1643
5774 68.1643
5775 68.1643
5776 68.1643
5777 68.1643
5778 68.1643
5779 68.1643
5780 68.1643
5781 68.1643
5782 68.1643
5783 68.1643
5784 68.1643
5785 68.1643
5786 68.1643
5787 68.1643
5788 68.1643
5789 68.1643
5790 68.1643
5791 68.1643
5792 68.1643
5793 68.1643
5794 68.1643
5795 68.1643
5796 68.1643
5797 68.1643
5798 68.1643
5799 68.1643
5800 68.1643
5801 68.1643
5802 68.1643
5803 68.1643
5804 68.1643
5805 68.1643
5806 68.1643
5807 68.1643
5808 68.1643
5809 68.1643
5810 68.1643
5811 68.1643
5812 68.1643
5813 68.1643
5814 68.1643
5815 68.1643
5816 68.1643
5817 68.1643
5818 68.1643
5819 68.1643
5820 68.1643
5821 68.1643
5822 68.1643
5823 68.1643
5824 68.1643
5825 68.1643
5826 68.1643
5827 68.1643
5828 68.1643
5829 68.1643
5830 68.1643
5831 68.1643
5832 68.1643
5833 68.1643
5834 68.1643
5835 68.1643
5836 68.1643
5837 68.1643
5838 68.1643
5839 68.1643
5840 68.1643
5841 68.1643
5842 68.1643
5843 68.1643
5844 68.1643
5845 68.1643
5846 68.1643
5847 68.1643
5848 68.1643
5849 68.1643
5850 68.1643
5851 68.1643
5852 68.1643
5853 68.1643
5854 68.1643
5855 68.1643
5856 68.1643
5857 68.1643
5858 68.1643
5859 68.1643
5860 68.1643
5861 68.1643
5862 68.1643
5863 68.1643
5864 68.1643
5865 68.1643
5866 68.1643
5867 68.1643
5868 68.1643
5869 68.1643
5870 68.1643
5871 68.1643
5872 68.1643
5873 68.1643
5874 68.1643
5875 68.1643
5876 68.1643
5877 68.1643
5878 68.1643
5879 68.1643
5880 68.1643
5881 68.1643
5882 68.1643
5883 68.1643
5884 68.1643
5885 68.1643
5886 68.1643
5887 68.1643
5888 68.1643
5889 68.1643
5890 68.1643
5891 68.1643
5892 68.1643
5893 68.1643
5894 68.1643
5895 68.1643
5896 68.1643
5897 68.1643
5898 68.1643
5899 68.1643
5900 68.1643
5901 68.1643
5902 68.1643
5903 68.1643
5904 68.1643
5905 68.1643
5906 68.1643
5907 68.1643
5908 68.1643
5909 68.1643
5910 68.1643
5911 68.1643
5912 68.1643
5913 68.1643
5914 68.1643
5915 68.1643
5916 68.1643
5917 68.1643
5918 68.1643
5919 68.1643
5920 68.1643
5921 68.1643
5922 68.1643
5923 68.1643
5924 68.1643
5925 68.1643
5926 68.1643
5927 68.1643
5928 68.1643
5929 68.1643
5930 68.1643
5931 68.1643
5932 68.1643
5933 68.1643
5934 68.1643
5935 68.1643
5936 68.1643
5937 68.1643
5938 68.1643
5939 68.1643
5940 68.1643
5941 68.1643
5942 68.1643
5943 68.1643
5944 68.1643
5945 68.1643
5946 68.1643
5947 68.1643
5948 68.1643
5949 68.1643
5950 68.1643
5951 68.1643
5952 68.1643
5953 68.1643
5954 68.1643
5955 68.1643
5956 68.1643
5957 68.1643
5958 68.1643
5959 68.1643
5960 68.1643
5961 68.1643
5962 68.1643
5963 68.1643
5964 68.1643
5965 68.1643
5966 68.1643
5967 68.1643
5968 68.1643
5969 68.1643
5970 68.1643
5971 68.1643
5972 68.1643
5973 68.1643
5974 68.1643
5975 68.1643
5976 68.1643
5977 68.1643
5978 68.1643
5979 68.1643
5980 68.1643
5981 68.1643
5982 68.1643
5983 68.1643
5984 68.1643
5985 68.1643
5986 68.1643
5987 68.1643
5988 68.1643
5989 68.1643
5990 68.1643
5991 68.1643
5992 68.1643
5993 68.1643
5994 68.1643
5995 68.1643
5996 68.1643
5997 68.1643
5998 68.1643
5999 68.1643
6000 68.1643
