1 435.246
2 427.453
3 412.932
4 407.82
5 390.894
6 390.894
7 375.955
8 375.955
9 374.401
10 374.782
11 368.076
12 366.41
13 362.463
14 349.976
15 346.526
16 341.081
17 335.089
18 332.246
19 332.246
20 313.735
21 311.121
22 309.16
23 305.608
24 305.316
25 300.546
26 295.003
27 295.003
28 294.794
29 290.807
30 287.095
31 285.941
32 283.784
33 283.784
34 276.409
35 275.806
36 275.559
37 273.383
38 269.648
39 259.78
40 251.602
41 253.545
42 251.602
43 251.602
44 251.602
45 249.649
46 249.649
47 246.681
48 246.272
49 242.36
50 242.36
51 238.221
52 238.221
53 235.052
54 235.052
55 235.052
56 233.79
57 231.268
58 231.268
59 231.268
60 231.268
61 225.763
62 225.763
63 225.695
64 224.705
65 221.429
66 221.429
67 220.669
68 220.487
69 220.487
70 217.861
71 217.861
72 217.519
73 217.309
74 216.811
75 216.348
76 215.287
77 210.227
78 210.067
79 210.061
80 205.856
81 205.856
82 204.011
83 204.011
84 201.886
85 201.886
86 201.886
87 201.161
88 201.229
89 200.395
90 199.921
91 198.004
92 197.723
93 197.931
94 197.754
95 196.85
96 196.85
97 196.85
98 196.85
99 195.044
100 196.85
101 195.352
102 194.146
103 195.352
104 194.146
105 194.146
106 194.146
107 194.146
108 192.995
109 192.995
110 192.995
111 191.188
112 191.139
113 191.139
114 191.139
115 191.015
116 190.443
117 190.443
118 190.443
119 190.443
120 188.476
121 188.476
122 186.987
123 186.987
124 186.987
125 186.987
126 186.375
127 185.323
128 185.323
129 185.323
130 185.323
131 185.323
132 185.323
133 185.156
134 182.951
135 182.951
136 182.086
137 182.086
138 179.579
139 179.579
140 179.579
141 178.551
142 178.551
143 178.551
144 178.551
145 178.551
146 178.42
147 178.407
148 175.947
149 174.53
150 174.53
151 174.53
152 174.53
153 174.53
154 174.22
155 174.22
156 174.22
157 174.22
158 174.22
159 171.326
160 171.326
161 171.326
162 171.326
163 171.326
164 171.326
165 171.326
166 170.206
167 170.206
168 168.19
169 165.643
170 165.643
171 165.643
172 165.643
173 165.219
174 165.219
175 165.219
176 164.718
177 164.718
178 164.718
179 164.445
180 164.445
181 164.197
182 163.343
183 163.343
184 163.343
185 163.343
186 162.499
187 161.759
188 161.759
189 158.509
190 158.509
191 158.032
192 158.509
193 158.509
194 158.509
195 158.509
196 158.509
197 158.509
198 156.873
199 156.873
200 156.221
201 156.221
202 155.346
203 154.491
204 153.627
205 155.457
206 155.457
207 153.712
208 153.533
209 153.712
210 153.712
211 152.759
212 152.759
213 152.759
214 151.146
215 150.862
216 150.862
217 150.752
218 150.752
219 150.752
220 150.11
221 149.394
222 147.382
223 147.382
224 147.382
225 147.382
226 147.382
227 147.382
228 147.382
229 147.382
230 147.382
231 147.005
232 146.381
233 146.381
234 146.381
235 144.508
236 144.508
237 144.508
238 144.508
239 144.191
240 143.302
241 143.302
242 143.302
243 143.302
244 142.631
245 142.631
246 142.444
247 142.444
248 142.444
249 142.444
250 142.444
251 140.951
252 140.951
253 140.951
254 140.951
255 140.812
256 140.951
257 140.951
258 140.951
259 140.894
260 140.894
261 140.894
262 140.894
263 140.894
264 139.833
265 139.852
266 139.852
267 137.71
268 137.71
269 137.667
270 137.667
271 134.259
272 134.259
273 134.259
274 134.259
275 134.213
276 134.213
277 134.009
278 133.83
279 133.83
280 133.83
281 133.23
282 132.566
283 132.566
284 132.566
285 132.566
286 132.566
287 132.566
288 132.566
289 132.566
290 132.552
291 131.403
292 131.403
293 131.657
294 130.856
295 129.926
296 129.926
297 129.926
298 129.843
299 129.843
300 129.843
301 128.803
302 128.803
303 128.803
304 128.582
305 128.582
306 128.582
307 128.582
308 128.582
309 128.582
310 128.582
311 128.582
312 128.582
313 128.582
314 128.582
315 128.582
316 128.407
317 128.407
318 128.407
319 128.407
320 128.407
321 128.407
322 128.407
323 128.219
324 128.206
325 128.206
326 128.206
327 127.475
328 126.977
329 126.977
330 126.601
331 126.601
332 125.218
333 125.218
334 125.218
335 124.842
336 124.071
337 124.071
338 124.002
339 123.695
340 123.695
341 123.493
342 123.493
343 123.493
344 123.493
345 123.493
346 123.493
347 121.511
348 121.511
349 121.511
350 121.511
351 121.511
352 121.511
353 121.511
354 121.511
355 121.511
356 121.497
357 121.497
358 121.497
359 121.497
360 121.497
361 121.497
362 121.497
363 121.497
364 121.497
365 121.497
366 121.497
367 121.497
368 121.073
369 121.073
370 121.073
371 121.073
372 121.073
373 121.073
374 121.02
375 120.829
376 120.829
377 120.829
378 119.963
379 119.963
380 119.963
381 119.963
382 119.963
383 119.963
384 119.963
385 119.362
386 119.362
387 119.362
388 119.362
389 119.362
390 119.362
391 119.362
392 119.362
393 119.362
394 119.362
395 119.249
396 119.249
397 119.249
398 119.249
399 119.249
400 119.249
401 119.249
402 119.249
403 118.057
404 118.057
405 118.012
406 118.027
407 118.027
408 118.027
409 118.027
410 118.027
411 118.027
412 118.027
413 117.986
414 117.986
415 117.971
416 117.986
417 117.983
418 117.942
419 116.976
420 116.976
421 116.976
422 116.932
423 116.932
424 116.932
425 116.932
426 116.932
427 116.932
428 116.932
429 116.932
430 116.932
431 116.932
432 115.924
433 115.924
434 115.924
435 115.924
436 115.924
437 115.924
438 115.924
439 115.924
440 115.026
441 115.026
442 115.026
443 115.026
444 115.026
445 114.982
446 114.982
447 114.982
448 114.982
449 114.982
450 114.73
451 114.73
452 114.73
453 114.73
454 114.73
455 114.73
456 114.73
457 114.73
458 114.73
459 114.73
460 114.73
461 114.73
462 114.73
463 114.73
464 113.34
465 113.34
466 113.34
467 113.34
468 112.206
469 112.206
470 112.151
471 112.148
472 112.148
473 112.085
474 112.148
475 112.148
476 112.148
477 112.148
478 112.148
479 112.148
480 112.148
481 112.148
482 112.139
483 112.139
484 112.139
485 112.139
486 112.139
487 112.085
488 110.645
489 110.645
490 110.645
491 110.044
492 110.044
493 109.246
494 109.246
495 109.246
496 109.246
497 109.246
498 109.246
499 109.246
500 109.246
501 109.182
502 109.182
503 109.182
504 109.182
505 108.724
506 109.182
507 109.182
508 109.182
509 108.724
510 107.402
511 107.402
512 107.402
513 107.402
514 107.402
515 106.792
516 106.728
517 106.728
518 106.728
519 106.728
520 106.728
521 106.728
522 106.728
523 106.728
524 106.728
525 106.728
526 106.728
527 106.728
528 106.728
529 106.293
530 106.293
531 106.293
532 106.293
533 104.543
534 104.543
535 104.543
536 104.543
537 104.543
538 104.295
539 104.295
540 104.295
541 103.894
542 103.876
543 103.812
544 103.812
545 103.792
546 103.439
547 103.439
548 103.315
549 103.315
550 103.067
551 103.067
552 103.067
553 103.067
554 103.067
555 103.067
556 103.067
557 103.067
558 103.067
559 103.067
560 103.067
561 102.232
562 102.232
563 102.232
564 102.232
565 102.232
566 102.173
567 101.338
568 101.338
569 101.783
570 101.783
571 100.889
572 100.889
573 100.889
574 100.889
575 100.889
576 100.889
577 100.825
578 100.825
579 100.044
580 100.825
581 100.463
582 100.463
583 100.437
584 100.437
585 100.437
586 100.437
587 100.437
588 100.374
589 99.7764
590 99.7764
591 99.7764
592 99.7764
593 99.7764
594 99.7764
595 99.3796
596 99.3796
597 99.3796
598 99.3796
599 99.3796
600 99.3796
601 99.3796
602 99.3796
603 99.3796
604 99.3796
605 99.3796
606 99.3796
607 99.3796
608 99.3372
609 99.3372
610 99.2158
611 99.1734
612 99.1734
613 99.0669
614 99.1734
615 99.0245
616 99.0883
617 99.0883
618 99.0883
619 98.8921
620 98.9612
621 98.9612
622 98.8974
623 98.8974
624 98.3492
625 98.3492
626 98.3492
627 98.3492
628 98.3492
629 98.3492
630 98.2221
631 98.2221
632 97.9634
633 97.9634
634 97.9634
635 97.9634
636 97.9634
637 97.9634
638 97.8363
639 97.7664
640 97.8363
641 97.8363
642 97.8363
643 97.8363
644 97.8363
645 97.8363
646 97.7652
647 97.7652
648 96.9878
649 96.9878
650 96.0324
651 96.0324
652 96.0324
653 96.0324
654 95.5474
655 95.5474
656 95.5474
657 95.5474
658 94.9236
659 94.9236
660 94.9236
661 94.9236
662 94.9236
663 94.9236
664 94.9236
665 94.1554
666 94.1554
667 94.1554
668 94.1554
669 94.1554
670 94.1554
671 94.1554
672 94.1554
673 93.1989
674 93.1989
675 93.1989
676 93.1989
677 93.1989
678 93.1989
679 93.1989
680 93.1989
681 92.9711
682 92.9711
683 92.9711
684 92.9711
685 92.9711
686 92.9711
687 92.9711
688 92.9711
689 92.9711
690 92.9711
691 92.9711
692 92.9711
693 92.9711
694 92.9711
695 92.9711
696 92.9711
697 92.9711
698 92.9711
699 92.9711
700 92.9711
701 92.9711
702 92.9711
703 92.8225
704 92.8225
705 92.8225
706 92.8225
707 92.8225
708 92.8225
709 92.8225
710 92.8225
711 92.8225
712 92.6498
713 92.6498
714 92.6498
715 92.6498
716 91.4375
717 91.4375
718 91.4375
719 91.4375
720 91.4375
721 91.4375
722 91.4375
723 91.4375
724 91.4375
725 91.4375
726 90.583
727 90.583
728 90.4025
729 90.4025
730 90.4025
731 90.4025
732 90.4025
733 90.4025
734 90.4025
735 90.4025
736 90.4025
737 90.4025
738 90.0238
739 90.0238
740 90.0238
741 90.0238
742 90.0238
743 90.0238
744 89.476
745 89.476
746 89.476
747 89.476
748 89.476
749 89.0972
750 89.0972
751 89.0972
752 89.0972
753 89.0972
754 89.0972
755 89.0972
756 89.0972
757 89.0972
758 88.599
759 88.599
760 88.599
761 88.599
762 88.599
763 88.599
764 88.599
765 88.599
766 88.599
767 88.599
768 88.391
769 88.391
770 88.391
771 88.391
772 88.26
773 88.26
774 88.26
775 88.26
776 88.26
777 88.26
778 88.26
779 88.26
780 88.2276
781 88.26
782 88.26
783 88.26
784 88.26
785 88.2558
786 88.2558
787 88.1694
788 88.1694
789 88.1694
790 88.1694
791 87.8948
792 87.8948
793 87.8948
794 87.8948
795 87.8948
796 87.8043
797 87.8948
798 87.8948
799 87.8948
800 87.8043
801 87.8043
802 87.8043
803 87.8043
804 87.8043
805 87.8043
806 87.8043
807 87.8043
808 87.8043
809 87.8043
810 87.8043
811 87.8043
812 87.8043
813 87.8043
814 87.8043
815 87.8043
816 87.8043
817 87.8043
818 87.8043
819 87.8043
820 87.8043
821 87.8043
822 87.8043
823 87.8043
824 87.8043
825 87.8043
826 87.8043
827 87.8043
828 87.8043
829 87.8043
830 87.8043
831 87.8043
832 87.8043
833 87.8043
834 87.8043
835 87.8043
836 87.8043
837 87.415
838 87.415
839 87.415
840 87.415
841 87.415
842 87.415
843 87.415
844 87.415
845 87.415
846 87.415
847 87.415
848 87.415
849 87.415
850 87.415
851 87.415
852 87.415
853 87.415
854 87.415
855 87.415
856 87.415
857 87.415
858 87.415
859 87.415
860 87.415
861 87.415
862 87.415
863 87.415
864 87.415
865 87.3639
866 87.3639
867 87.3639
868 87.3639
869 87.3639
870 86.9641
871 86.9641
872 86.9641
873 86.9641
874 86.9641
875 86.9641
876 86.9641
877 86.7349
878 86.7349
879 86.7349
880 86.7349
881 86.7349
882 86.7349
883 86.7349
884 86.69
885 86.69
886 86.69
887 86.69
888 86.69
889 86.69
890 86.69
891 86.69
892 86.69
893 86.69
894 86.69
895 86.69
896 86.69
897 86.69
898 86.69
899 86.69
900 86.69
901 86.69
902 86.69
903 86.69
904 86.69
905 86.69
906 86.69
907 86.69
908 86.69
909 86.69
910 86.69
911 86.69
912 86.69
913 86.69
914 86.69
915 86.2717
916 86.69
917 86.69
918 86.69
919 86.69
920 86.69
921 86.69
922 86.69
923 86.69
924 86.69
925 86.69
926 86.69
927 86.6532
928 86.69
929 86.69
930 86.69
931 86.69
932 86.69
933 86.69
934 86.69
935 86.69
936 86.69
937 86.69
938 86.69
939 85.9816
940 85.9816
941 85.9816
942 85.9816
943 85.9816
944 85.9816
945 85.9816
946 85.9816
947 85.9816
948 85.8495
949 85.8495
950 85.8495
951 85.8495
952 85.8495
953 85.8495
954 85.8495
955 85.4829
956 85.3837
957 85.3837
958 85.3837
959 85.3837
960 85.3837
961 85.3837
962 85.3837
963 85.3837
964 85.3837
965 85.3837
966 85.3837
967 85.3837
968 85.3837
969 85.3837
970 85.3837
971 85.3837
972 85.3837
973 85.3837
974 85.3837
975 85.3837
976 85.3837
977 85.3837
978 85.3837
979 85.3837
980 85.3837
981 85.3837
982 85.3837
983 85.3837
984 85.3837
985 85.3837
986 85.3837
987 85.3837
988 85.3837
989 85.3837
990 85.3837
991 85.3837
992 85.3837
993 85.3837
994 85.3401
995 85.3401
996 85.3401
997 85.3401
998 85.2075
999 85.2075
1000 85.2075
1001 85.2075
1002 85.2075
1003 85.2075
1004 85.2075
1005 85.2075
1006 85.2075
1007 85.2075
1008 85.2075
1009 85.2075
1010 85.2075
1011 85.2075
1012 85.2075
1013 85.2075
1014 84.6222
1015 85.2075
1016 85.2075
1017 85.2075
1018 85.2075
1019 85.2075
1020 85.2075
1021 85.2075
1022 85.2075
1023 85.2075
1024 85.2075
1025 85.2075
1026 85.2075
1027 85.2075
1028 85.2075
1029 85.2075
1030 85.2075
1031 85.2075
1032 85.2075
1033 85.2075
1034 85.2075
1035 85.2075
1036 85.2075
1037 85.2075
1038 85.2075
1039 85.2075
1040 85.2075
1041 84.9681
1042 84.9681
1043 84.9681
1044 84.923
1045 84.923
1046 84.923
1047 84.923
1048 84.923
1049 84.923
1050 84.923
1051 84.923
1052 84.923
1053 84.923
1054 84.923
1055 84.923
1056 84.8396
1057 84.8396
1058 84.8396
1059 84.8396
1060 84.8396
1061 84.8396
1062 84.8396
1063 84.8396
1064 84.8396
1065 84.8396
1066 84.8396
1067 84.8396
1068 84.8396
1069 84.8396
1070 84.8396
1071 84.8396
1072 84.8396
1073 84.8396
1074 84.8396
1075 84.8028
1076 84.8028
1077 84.8028
1078 84.8028
1079 84.5818
1080 84.5818
1081 84.5818
1082 84.5818
1083 84.5818
1084 84.5818
1085 84.5818
1086 84.5818
1087 84.5818
1088 84.5818
1089 84.5818
1090 84.5818
1091 84.5818
1092 84.5818
1093 84.5818
1094 84.5818
1095 84.5818
1096 84.5818
1097 84.5818
1098 84.5818
1099 84.5818
1100 84.5818
1101 84.5818
1102 84.5818
1103 84.5818
1104 84.5818
1105 84.5818
1106 84.5818
1107 84.346
1108 84.346
1109 84.346
1110 84.346
1111 84.346
1112 84.346
1113 84.346
1114 84.346
1115 84.346
1116 84.346
1117 84.346
1118 84.346
1119 84.346
1120 84.346
1121 84.346
1122 84.346
1123 84.346
1124 84.346
1125 84.346
1126 84.346
1127 84.346
1128 84.346
1129 84.346
1130 84.346
1131 84.346
1132 84.346
1133 84.346
1134 84.346
1135 84.346
1136 84.346
1137 84.346
1138 84.346
1139 84.346
1140 84.346
1141 84.346
1142 84.346
1143 84.346
1144 84.346
1145 84.346
1146 84.346
1147 84.346
1148 84.346
1149 84.346
1150 84.346
1151 84.346
1152 84.346
1153 84.346
1154 83.4708
1155 83.4708
1156 83.4708
1157 83.4708
1158 83.4708
1159 83.4708
1160 83.4708
1161 83.4708
1162 83.4708
1163 82.8257
1164 82.8257
1165 82.8257
1166 82.8257
1167 82.8257
1168 82.8257
1169 82.8257
1170 82.8257
1171 82.8257
1172 82.8257
1173 82.8257
1174 82.8257
1175 82.8257
1176 82.2399
1177 82.2399
1178 82.2399
1179 82.2399
1180 82.2399
1181 82.2399
1182 82.2399
1183 82.2399
1184 82.2399
1185 82.2399
1186 82.2399
1187 81.758
1188 81.758
1189 81.758
1190 81.758
1191 81.758
1192 81.758
1193 81.758
1194 81.758
1195 81.758
1196 81.758
1197 81.758
1198 81.758
1199 81.758
1200 81.758
1201 81.758
1202 81.758
1203 81.758
1204 81.758
1205 81.758
1206 81.758
1207 81.758
1208 81.758
1209 81.758
1210 81.758
1211 81.758
1212 81.758
1213 81.758
1214 81.758
1215 81.758
1216 81.758
1217 81.758
1218 81.758
1219 81.758
1220 81.758
1221 81.758
1222 81.758
1223 81.758
1224 81.758
1225 81.758
1226 81.758
1227 81.758
1228 81.7317
1229 81.7317
1230 81.7317
1231 81.7317
1232 81.7317
1233 81.7317
1234 81.7317
1235 81.7317
1236 81.7317
1237 81.7317
1238 81.7317
1239 81.7317
1240 81.7317
1241 81.7317
1242 81.7317
1243 81.7317
1244 81.7317
1245 81.7317
1246 81.7317
1247 81.7317
1248 81.7317
1249 81.7317
1250 81.7317
1251 81.7317
1252 81.7317
1253 81.7317
1254 81.7317
1255 81.7317
1256 81.7317
1257 81.7317
1258 81.7317
1259 81.7317
1260 81.7317
1261 81.7317
1262 81.7317
1263 81.7317
1264 81.7317
1265 81.7317
1266 81.7317
1267 81.7317
1268 81.7317
1269 81.7317
1270 81.7317
1271 81.7317
1272 81.7317
1273 81.7317
1274 81.7317
1275 81.7317
1276 81.7317
1277 81.7317
1278 81.7317
1279 81.7317
1280 81.7317
1281 81.7317
1282 81.7317
1283 81.7317
1284 81.7317
1285 81.7317
1286 81.7317
1287 81.7317
1288 81.7317
1289 81.7317
1290 81.7317
1291 81.7317
1292 81.7317
1293 81.7317
1294 81.7317
1295 81.7317
1296 81.7317
1297 81.7317
1298 81.7317
1299 81.7317
1300 81.7317
1301 81.7317
1302 81.7317
1303 81.7317
1304 81.7317
1305 81.7317
1306 81.7317
1307 81.7317
1308 81.7317
1309 81.7317
1310 81.7317
1311 81.2776
1312 81.2776
1313 81.2776
1314 81.2776
1315 80.9725
1316 80.9725
1317 80.9725
1318 80.9725
1319 80.9725
1320 80.9725
1321 80.9725
1322 80.9725
1323 80.9725
1324 80.9725
1325 80.9725
1326 80.9725
1327 80.9725
1328 80.9725
1329 80.9725
1330 80.9725
1331 80.9725
1332 80.9725
1333 80.9725
1334 80.9725
1335 80.9725
1336 80.9725
1337 80.9725
1338 80.9725
1339 80.9725
1340 80.9725
1341 80.9725
1342 80.9725
1343 80.9725
1344 80.9725
1345 80.9725
1346 80.9725
1347 80.9725
1348 80.9725
1349 80.9725
1350 80.9725
1351 80.9725
1352 80.9725
1353 80.9725
1354 80.9725
1355 80.9725
1356 80.9725
1357 80.9725
1358 80.9725
1359 80.9725
1360 80.9725
1361 80.9725
1362 80.9725
1363 80.9725
1364 80.9725
1365 80.9725
1366 80.9725
1367 80.9725
1368 80.9725
1369 80.9725
1370 80.9725
1371 80.9725
1372 80.9725
1373 80.9725
1374 80.9725
1375 80.9725
1376 80.9725
1377 80.9725
1378 80.9725
1379 80.9725
1380 80.9725
1381 80.9725
1382 80.9725
1383 80.9725
1384 80.9725
1385 80.9725
1386 80.9725
1387 80.9725
1388 80.9725
1389 80.9725
1390 80.9725
1391 80.9725
1392 80.9725
1393 80.9725
1394 80.9725
1395 80.9725
1396 80.9725
1397 80.9725
1398 80.9725
1399 80.9725
1400 80.9725
1401 80.9725
1402 80.9725
1403 80.9725
1404 80.9725
1405 80.9725
1406 80.9725
1407 80.9725
1408 80.9725
1409 80.9725
1410 80.9725
1411 80.9725
1412 80.9725
1413 80.9725
1414 80.9725
1415 80.9725
1416 80.9725
1417 80.9725
1418 80.9725
1419 80.9725
1420 80.9725
1421 80.9725
1422 80.9725
1423 80.5834
1424 80.5834
1425 80.5834
1426 80.5834
1427 80.5834
1428 80.5834
1429 80.5834
1430 80.5834
1431 80.5834
1432 80.5834
1433 80.5834
1434 80.5834
1435 80.5834
1436 80.5834
1437 80.5834
1438 80.5834
1439 80.5834
1440 80.5834
1441 80.5834
1442 80.5834
1443 80.5834
1444 80.5834
1445 80.5834
1446 80.5834
1447 80.5834
1448 80.5834
1449 80.5834
1450 80.5834
1451 80.5834
1452 80.5834
1453 80.5834
1454 80.5834
1455 80.5834
1456 80.5834
1457 80.4065
1458 80.4065
1459 80.4065
1460 80.4065
1461 80.4065
1462 80.4065
1463 80.4065
1464 80.4065
1465 80.4065
1466 80.4065
1467 80.4065
1468 80.4065
1469 80.4065
1470 80.4065
1471 80.4065
1472 80.4065
1473 80.4065
1474 80.4065
1475 80.4065
1476 80.4065
1477 80.4065
1478 80.4065
1479 80.4065
1480 80.4065
1481 80.4065
1482 80.4065
1483 80.4065
1484 80.4065
1485 80.4065
1486 80.4065
1487 80.4065
1488 80.4065
1489 80.4065
1490 80.4065
1491 80.4065
1492 80.4065
1493 80.4065
1494 80.4065
1495 80.4065
1496 80.4065
1497 80.4065
1498 80.4065
1499 80.4065
1500 80.4065
1501 80.4065
1502 80.4065
1503 80.4065
1504 80.4065
1505 80.4065
1506 80.4065
1507 80.4065
1508 80.4065
1509 80.4065
1510 80.4065
1511 80.4065
1512 80.4065
1513 80.4065
1514 80.4065
1515 80.4065
1516 80.4065
1517 80.4065
1518 80.4065
1519 80.4065
1520 80.4065
1521 80.4065
1522 80.4065
1523 80.4065
1524 80.4065
1525 80.4065
1526 80.4065
1527 80.4065
1528 80.4065
1529 80.4065
1530 80.4065
1531 80.4065
1532 80.4065
1533 80.4065
1534 80.4065
1535 80.4065
1536 80.2009
1537 80.2009
1538 80.2009
1539 80.2009
1540 80.2009
1541 80.2009
1542 80.2009
1543 80.2009
1544 80.2009
1545 80.2009
1546 80.2009
1547 80.2009
1548 80.2009
1549 80.2009
1550 80.2009
1551 80.2009
1552 80.2009
1553 80.2009
1554 80.2009
1555 80.2009
1556 80.2009
1557 80.2009
1558 80.2009
1559 80.2009
1560 80.2009
1561 80.2009
1562 80.2009
1563 80.1966
1564 80.1966
1565 80.1966
1566 80.1966
1567 80.1966
1568 80.1966
1569 80.1966
1570 80.1966
1571 80.1966
1572 80.1966
1573 80.1966
1574 80.1966
1575 80.1966
1576 80.1966
1577 80.1966
1578 80.1966
1579 80.1966
1580 80.1966
1581 80.1966
1582 80.1966
1583 80.1966
1584 80.1966
1585 80.1966
1586 80.1966
1587 80.1966
1588 80.1966
1589 80.1966
1590 80.1966
1591 80.1966
1592 80.1966
1593 80.1966
1594 80.1966
1595 80.1966
1596 80.1966
1597 80.1966
1598 80.1966
1599 80.1966
1600 80.1966
1601 80.1966
1602 80.1966
1603 80.1966
1604 80.1966
1605 80.1966
1606 80.1966
1607 80.1966
1608 80.1966
1609 80.1966
1610 80.1966
1611 80.1966
1612 80.1966
1613 80.1966
1614 80.1966
1615 80.1966
1616 80.1966
1617 80.1966
1618 80.1966
1619 80.1966
1620 80.1966
1621 80.1966
1622 80.1966
1623 80.1966
1624 80.1966
1625 80.1966
1626 80.1966
1627 80.1966
1628 80.1966
1629 80.1966
1630 80.1966
1631 80.1966
1632 80.1966
1633 80.1966
1634 80.1966
1635 80.1966
1636 80.1966
1637 80.1966
1638 80.1966
1639 80.1966
1640 80.1966
1641 80.1966
1642 80.1966
1643 80.1966
1644 80.1966
1645 80.1966
1646 80.1966
1647 79.9893
1648 79.9893
1649 79.9893
1650 79.9893
1651 79.9893
1652 79.9893
1653 79.9893
1654 79.9893
1655 79.9893
1656 79.9893
1657 79.9893
1658 79.9893
1659 79.6885
1660 79.6885
1661 79.6885
1662 79.6885
1663 79.6885
1664 79.6885
1665 79.6885
1666 79.6885
1667 79.6885
1668 79.6885
1669 79.6885
1670 79.6885
1671 79.6885
1672 79.6169
1673 79.6169
1674 79.6885
1675 79.6885
1676 79.6885
1677 79.6885
1678 79.6885
1679 79.6885
1680 79.6885
1681 79.6885
1682 79.6885
1683 79.6885
1684 79.6885
1685 79.6885
1686 79.6885
1687 79.6885
1688 79.6885
1689 79.6885
1690 79.6885
1691 79.6885
1692 79.6885
1693 79.6885
1694 79.6885
1695 79.6885
1696 79.6885
1697 79.6885
1698 79.6885
1699 79.6885
1700 79.6885
1701 79.6885
1702 79.6885
1703 79.6885
1704 79.6885
1705 79.6885
1706 79.6885
1707 79.6885
1708 79.6885
1709 79.6885
1710 79.6885
1711 79.6885
1712 79.6885
1713 79.6885
1714 79.6885
1715 79.6885
1716 79.6885
1717 79.6885
1718 79.6885
1719 79.6885
1720 79.6885
1721 79.6885
1722 79.6885
1723 79.6885
1724 79.6885
1725 79.6885
1726 79.6885
1727 79.6885
1728 79.6885
1729 79.6885
1730 79.6885
1731 79.6885
1732 79.6885
1733 79.6885
1734 79.6885
1735 79.6885
1736 79.6885
1737 79.6885
1738 79.6885
1739 79.6885
1740 79.6885
1741 79.6885
1742 79.6885
1743 79.6885
1744 79.6885
1745 79.6885
1746 79.6885
1747 79.6885
1748 79.6885
1749 79.6885
1750 79.6885
1751 79.6885
1752 79.6885
1753 79.6885
1754 79.6885
1755 79.6885
1756 79.6885
1757 79.6885
1758 79.6885
1759 79.6885
1760 79.6885
1761 79.6885
1762 79.6885
1763 79.6885
1764 79.6885
1765 79.6885
1766 79.6885
1767 79.6885
1768 79.6885
1769 79.6885
1770 79.6885
1771 79.6885
1772 79.6885
1773 79.6885
1774 79.6885
1775 79.6885
1776 79.6885
1777 79.6885
1778 79.6885
1779 79.6885
1780 79.6885
1781 79.4398
1782 79.4398
1783 79.4398
1784 79.4398
1785 79.4398
1786 79.4398
1787 79.4398
1788 79.4398
1789 79.4398
1790 79.4398
1791 79.4398
1792 79.4398
1793 79.4398
1794 79.4398
1795 79.4398
1796 79.4398
1797 79.4398
1798 79.4398
1799 79.4398
1800 79.4398
1801 79.4398
1802 79.4398
1803 79.4398
1804 79.4398
1805 79.4398
1806 79.4398
1807 79.4398
1808 79.4398
1809 79.4398
1810 79.4398
1811 79.4398
1812 79.4398
1813 79.4398
1814 79.4398
1815 79.4398
1816 79.4398
1817 79.4398
1818 79.4398
1819 79.4398
1820 79.4398
1821 79.4398
1822 79.4398
1823 79.4398
1824 79.4398
1825 79.4398
1826 79.4398
1827 79.4398
1828 79.4398
1829 79.4398
1830 79.4398
1831 79.4398
1832 79.4398
1833 79.4398
1834 79.4398
1835 79.4398
1836 79.4398
1837 79.4398
1838 79.4398
1839 79.4398
1840 79.4398
1841 79.4398
1842 79.4398
1843 79.4398
1844 79.4398
1845 79.4398
1846 79.4398
1847 79.4398
1848 79.4398
1849 79.4398
1850 79.4398
1851 79.4398
1852 79.4398
1853 79.4398
1854 79.4398
1855 79.4398
1856 79.4398
1857 79.4398
1858 79.4398
1859 79.4398
1860 79.4168
1861 79.4168
1862 79.4168
1863 79.4168
1864 79.4168
1865 79.4168
1866 79.4168
1867 79.4168
1868 79.4168
1869 79.4168
1870 79.4168
1871 79.4168
1872 79.4168
1873 79.4168
1874 79.4168
1875 79.4168
1876 79.4168
1877 79.4168
1878 79.4168
1879 79.4168
1880 79.4168
1881 79.4168
1882 79.4168
1883 79.4168
1884 79.4168
1885 79.4168
1886 79.4168
1887 79.4168
1888 79.4168
1889 79.4168
1890 79.4168
1891 79.4168
1892 79.4168
1893 79.4168
1894 79.4168
1895 79.4168
1896 79.4168
1897 79.4168
1898 79.4168
1899 79.4168
1900 79.4168
1901 79.4168
1902 79.4168
1903 79.4168
1904 79.4168
1905 79.4168
1906 79.4168
1907 79.4168
1908 79.4168
1909 79.4168
1910 79.4168
1911 79.4168
1912 79.4168
1913 79.4168
1914 79.4168
1915 79.4168
1916 79.4168
1917 79.4168
1918 79.4168
1919 79.4168
1920 79.4168
1921 79.4168
1922 79.4168
1923 79.4168
1924 79.4168
1925 79.4168
1926 79.4168
1927 79.4168
1928 79.4168
1929 79.4168
1930 79.4168
1931 79.3319
1932 79.3319
1933 79.3319
1934 78.7176
1935 78.7176
1936 78.7176
1937 78.7176
1938 78.7176
1939 78.7176
1940 78.7176
1941 78.7176
1942 78.7176
1943 78.7176
1944 78.7176
1945 78.7176
1946 78.7176
1947 78.7176
1948 78.7176
1949 78.7176
1950 78.7176
1951 78.7176
1952 78.7176
1953 78.7176
1954 78.7176
1955 78.7176
1956 78.7176
1957 78.7176
1958 78.7176
1959 78.7176
1960 78.7176
1961 78.7176
1962 78.7176
1963 78.7176
1964 78.7176
1965 78.7176
1966 78.7176
1967 78.7176
1968 78.7176
1969 78.7176
1970 78.7176
1971 78.7176
1972 78.7176
1973 78.7176
1974 78.7176
1975 78.7176
1976 78.7176
1977 78.7176
1978 78.7176
1979 78.7176
1980 78.7176
1981 78.7176
1982 78.7176
1983 78.7176
1984 78.7176
1985 78.7176
1986 78.7176
1987 78.7176
1988 78.7176
1989 78.7176
1990 78.7176
1991 78.7176
1992 78.7176
1993 78.7176
1994 78.7176
1995 78.7176
1996 78.7176
1997 78.7176
1998 78.7176
1999 78.7176
2000 78.7176
2001 78.7176
2002 78.7176
2003 78.7176
2004 78.7176
2005 78.7176
2006 78.7176
2007 78.7176
2008 78.7176
2009 78.7176
2010 78.7176
2011 78.7176
2012 78.7176
2013 78.7176
2014 78.7176
2015 78.7176
2016 78.7176
2017 78.7176
2018 78.7176
2019 78.7176
2020 78.7176
2021 78.7176
2022 78.7176
2023 78.7176
2024 78.7176
2025 78.7176
2026 78.2033
2027 78.2033
2028 78.2033
2029 78.2033
2030 78.2033
2031 78.2033
2032 78.2033
2033 78.2033
2034 78.2033
2035 78.2033
2036 78.2033
2037 78.2033
2038 78.2033
2039 78.2033
2040 78.2033
2041 78.1637
2042 78.1637
2043 78.1637
2044 78.1637
2045 78.1637
2046 78.1637
2047 78.1637
2048 78.1637
2049 78.1637
2050 78.1637
2051 78.1637
2052 78.1637
2053 78.1637
2054 78.1637
2055 78.1637
2056 78.1637
2057 78.1637
2058 78.1637
2059 78.1637
2060 78.1637
2061 78.1637
2062 78.1637
2063 78.1637
2064 78.1637
2065 78.1637
2066 78.1637
2067 78.1637
2068 78.1637
2069 78.1637
2070 78.1637
2071 78.1637
2072 78.1637
2073 78.1637
2074 78.1637
2075 78.1637
2076 78.1637
2077 78.1637
2078 78.1637
2079 78.1637
2080 78.1637
2081 78.1637
2082 78.1637
2083 78.1637
2084 78.1637
2085 78.1637
2086 78.1637
2087 78.1637
2088 78.1637
2089 78.1637
2090 78.1637
2091 78.1637
2092 78.1637
2093 78.1637
2094 78.1637
2095 78.1637
2096 78.1637
2097 78.1637
2098 78.1637
2099 78.1637
2100 78.1637
2101 78.1637
2102 78.1637
2103 78.1637
2104 78.1637
2105 78.1637
2106 78.1637
2107 78.1637
2108 78.1637
2109 78.1637
2110 78.1637
2111 78.1637
2112 78.1637
2113 78.1637
2114 78.1637
2115 78.1637
2116 78.1637
2117 78.1637
2118 78.1637
2119 78.1637
2120 78.1637
2121 78.1637
2122 78.1637
2123 78.0179
2124 78.0179
2125 78.0179
2126 78.0179
2127 78.0179
2128 78.0179
2129 78.0179
2130 78.0179
2131 78.0179
2132 78.0179
2133 78.0179
2134 78.0179
2135 78.0179
2136 78.0179
2137 78.0179
2138 78.0179
2139 78.0179
2140 78.0179
2141 78.0179
2142 78.0179
2143 78.0179
2144 78.0179
2145 78.0179
2146 78.0179
2147 78.0179
2148 78.0179
2149 78.0179
2150 78.0179
2151 78.0179
2152 78.0179
2153 78.0179
2154 78.0179
2155 78.0179
2156 78.0179
2157 78.0179
2158 78.0179
2159 78.0179
2160 78.0179
2161 78.0179
2162 78.0179
2163 78.0179
2164 77.561
2165 77.561
2166 77.561
2167 77.561
2168 77.561
2169 77.561
2170 77.561
2171 77.561
2172 77.561
2173 77.561
2174 77.561
2175 77.561
2176 77.561
2177 77.561
2178 77.561
2179 77.561
2180 77.561
2181 77.561
2182 77.561
2183 77.561
2184 77.561
2185 77.561
2186 77.561
2187 77.561
2188 77.561
2189 77.561
2190 77.561
2191 77.561
2192 77.561
2193 77.561
2194 77.561
2195 77.561
2196 77.561
2197 77.561
2198 77.561
2199 77.561
2200 77.561
2201 77.561
2202 77.561
2203 77.561
2204 77.561
2205 77.561
2206 77.561
2207 77.561
2208 77.561
2209 77.561
2210 77.561
2211 77.561
2212 77.561
2213 77.561
2214 77.561
2215 77.561
2216 77.561
2217 77.561
2218 77.561
2219 77.561
2220 77.561
2221 77.561
2222 77.561
2223 77.561
2224 77.561
2225 77.561
2226 77.561
2227 77.561
2228 77.561
2229 77.561
2230 77.561
2231 77.561
2232 77.561
2233 77.561
2234 77.561
2235 77.561
2236 77.561
2237 77.561
2238 77.561
2239 77.561
2240 77.561
2241 77.561
2242 77.561
2243 77.561
2244 77.561
2245 77.561
2246 77.561
2247 77.561
2248 77.561
2249 77.561
2250 77.561
2251 77.561
2252 77.561
2253 77.561
2254 77.561
2255 77.561
2256 77.561
2257 77.561
2258 77.561
2259 77.561
2260 77.561
2261 77.561
2262 77.561
2263 77.561
2264 77.561
2265 77.561
2266 77.561
2267 77.561
2268 77.561
2269 77.561
2270 77.561
2271 77.561
2272 77.561
2273 77.561
2274 77.561
2275 77.561
2276 77.561
2277 77.561
2278 77.561
2279 77.561
2280 77.561
2281 77.561
2282 77.561
2283 77.561
2284 77.561
2285 77.561
2286 77.561
2287 77.561
2288 77.561
2289 77.561
2290 77.561
2291 77.561
2292 77.561
2293 77.561
2294 77.561
2295 77.561
2296 77.561
2297 77.561
2298 77.561
2299 77.561
2300 77.561
2301 77.561
2302 77.561
2303 77.561
2304 77.561
2305 77.561
2306 77.561
2307 77.561
2308 77.561
2309 77.561
2310 77.561
2311 77.561
2312 77.561
2313 77.561
2314 77.561
2315 77.561
2316 77.561
2317 77.561
2318 77.561
2319 77.561
2320 77.561
2321 77.561
2322 77.561
2323 77.561
2324 77.561
2325 77.561
2326 77.561
2327 77.561
2328 77.4191
2329 77.4191
2330 77.4191
2331 77.4191
2332 77.4191
2333 77.4191
2334 77.4191
2335 77.4191
2336 77.4191
2337 77.4191
2338 77.4191
2339 77.4191
2340 77.4191
2341 77.4191
2342 77.4191
2343 77.4191
2344 77.4191
2345 77.4191
2346 77.4191
2347 76.9397
2348 76.9397
2349 76.9397
2350 76.9397
2351 76.9397
2352 76.9397
2353 76.9397
2354 76.9397
2355 76.9397
2356 76.9397
2357 76.6238
2358 76.3046
2359 76.3046
2360 76.3046
2361 76.3046
2362 76.3046
2363 76.3046
2364 76.3046
2365 76.3046
2366 76.3046
2367 76.3046
2368 76.3046
2369 76.3046
2370 76.3046
2371 76.3046
2372 76.3046
2373 76.3046
2374 76.3046
2375 76.3046
2376 76.3046
2377 76.3046
2378 76.3046
2379 76.3046
2380 76.3046
2381 76.3046
2382 76.3046
2383 76.3046
2384 76.3046
2385 76.3046
2386 76.3046
2387 76.3046
2388 76.3046
2389 76.3046
2390 76.3046
2391 76.3046
2392 76.3046
2393 76.3046
2394 76.3046
2395 76.3046
2396 76.3046
2397 76.3046
2398 76.3046
2399 76.3046
2400 76.3046
2401 76.3046
2402 76.3046
2403 76.3046
2404 76.3046
2405 76.3046
2406 76.3046
2407 76.3046
2408 76.3046
2409 76.3046
2410 76.3046
2411 76.3046
2412 76.3046
2413 76.3046
2414 76.3046
2415 76.3046
2416 76.3046
2417 76.3046
2418 76.3046
2419 76.3046
2420 76.3046
2421 76.3046
2422 76.3046
2423 76.3046
2424 76.3046
2425 76.3046
2426 76.3046
2427 76.3046
2428 76.3046
2429 76.3046
2430 76.3046
2431 76.3046
2432 76.3046
2433 76.3046
2434 76.3046
2435 76.3046
2436 76.3046
2437 76.3046
2438 76.3046
2439 76.3046
2440 76.3046
2441 76.3046
2442 76.3046
2443 76.3046
2444 76.3046
2445 76.3046
2446 76.3046
2447 76.3046
2448 76.3046
2449 76.3046
2450 76.3046
2451 76.3046
2452 76.3046
2453 76.3046
2454 76.3046
2455 76.3046
2456 76.3046
2457 76.3046
2458 76.3046
2459 76.3046
2460 76.3046
2461 76.3046
2462 76.3046
2463 76.3046
2464 76.3046
2465 76.3046
2466 76.3046
2467 76.3046
2468 76.3046
2469 76.3046
2470 76.3046
2471 76.3046
2472 76.3046
2473 76.3046
2474 76.3046
2475 76.3046
2476 76.3046
2477 76.3046
2478 76.3046
2479 76.3046
2480 76.3046
2481 76.3046
2482 76.3046
2483 76.3046
2484 76.3046
2485 76.3046
2486 76.3046
2487 74.9038
2488 74.9038
2489 74.9038
2490 74.9038
2491 74.9038
2492 74.9038
2493 74.9038
2494 74.9038
2495 74.9038
2496 74.9038
2497 74.9038
2498 74.9038
2499 74.9038
2500 74.9038
2501 74.9038
2502 74.9038
2503 74.9038
2504 74.9038
2505 74.9038
2506 74.3883
2507 74.3883
2508 74.3883
2509 74.3883
2510 74.3883
2511 74.3883
2512 74.3883
2513 74.3883
2514 74.3883
2515 74.3883
2516 74.3883
2517 74.3883
2518 74.3883
2519 74.2021
2520 74.3883
2521 74.3883
2522 74.3883
2523 74.3883
2524 74.3883
2525 74.3883
2526 74.3883
2527 74.3883
2528 74.3883
2529 74.3883
2530 74.3883
2531 74.3883
2532 74.3883
2533 74.3883
2534 74.3883
2535 74.3883
2536 74.3883
2537 74.3883
2538 74.3883
2539 74.3883
2540 74.3883
2541 74.3883
2542 74.3883
2543 74.3883
2544 74.3883
2545 74.3883
2546 74.3883
2547 74.3883
2548 74.3883
2549 74.3883
2550 74.3883
2551 74.3883
2552 74.3883
2553 74.3883
2554 74.3883
2555 74.3883
2556 74.3883
2557 74.3883
2558 74.3883
2559 74.3883
2560 74.3883
2561 74.3883
2562 74.3883
2563 74.3883
2564 74.3883
2565 74.3883
2566 74.3883
2567 74.3883
2568 74.3883
2569 74.3883
2570 74.3883
2571 74.3883
2572 74.3883
2573 74.3883
2574 74.3883
2575 74.3883
2576 74.3883
2577 74.3883
2578 74.3883
2579 74.3883
2580 74.3883
2581 74.3883
2582 74.3883
2583 74.3883
2584 74.3883
2585 74.3883
2586 74.3883
2587 74.3883
2588 74.3883
2589 74.3883
2590 74.3883
2591 74.3883
2592 74.3883
2593 74.3883
2594 74.3883
2595 74.3883
2596 74.3883
2597 74.3883
2598 74.3883
2599 74.3883
2600 74.3883
2601 74.3883
2602 74.3883
2603 74.3883
2604 74.3883
2605 74.3883
2606 74.3883
2607 74.3883
2608 74.3883
2609 74.3883
2610 74.3883
2611 74.3883
2612 74.3883
2613 74.3883
2614 74.3883
2615 74.3883
2616 74.3883
2617 74.3883
2618 74.3883
2619 74.3883
2620 74.3883
2621 74.3883
2622 74.3883
2623 74.3883
2624 74.3883
2625 74.3883
2626 74.3883
2627 74.3883
2628 74.3883
2629 74.3883
2630 74.3883
2631 74.3883
2632 74.3883
2633 74.3883
2634 74.3883
2635 74.3883
2636 74.3883
2637 74.3883
2638 74.3883
2639 74.3883
2640 74.3883
2641 74.3883
2642 74.3883
2643 74.3883
2644 74.3883
2645 74.3883
2646 74.3883
2647 74.3883
2648 74.3883
2649 74.3883
2650 74.3883
2651 74.3883
2652 74.3883
2653 74.3883
2654 74.3883
2655 74.3883
2656 74.3883
2657 74.3883
2658 74.3883
2659 74.3883
2660 74.3883
2661 74.3883
2662 74.3883
2663 74.3883
2664 74.3883
2665 74.3883
2666 74.3883
2667 74.3883
2668 74.3883
2669 74.3883
2670 74.3883
2671 74.3883
2672 74.3883
2673 74.3883
2674 74.3883
2675 74.3883
2676 74.3883
2677 74.3883
2678 74.3883
2679 74.3883
2680 74.3883
2681 74.3883
2682 74.3883
2683 74.3883
2684 74.3883
2685 74.3883
2686 74.3883
2687 74.3883
2688 74.3883
2689 74.3883
2690 74.3883
2691 74.3883
2692 74.3883
2693 74.3883
2694 74.3883
2695 74.3883
2696 74.3883
2697 74.3883
2698 74.3883
2699 74.3883
2700 74.3883
2701 74.3883
2702 74.3883
2703 74.3883
2704 74.3883
2705 74.3883
2706 74.3883
2707 74.3883
2708 74.3883
2709 74.3883
2710 74.3883
2711 74.2414
2712 74.2414
2713 74.2414
2714 74.2414
2715 74.2414
2716 74.2414
2717 74.2414
2718 74.2414
2719 74.2414
2720 74.2414
2721 74.2414
2722 74.2414
2723 74.2414
2724 74.2414
2725 74.2414
2726 74.2414
2727 74.2414
2728 74.2414
2729 74.2414
2730 74.2414
2731 74.2414
2732 74.2414
2733 74.2414
2734 74.2414
2735 74.2414
2736 74.2414
2737 74.2414
2738 74.2414
2739 74.2414
2740 74.2414
2741 74.2414
2742 74.2414
2743 74.2414
2744 74.2414
2745 74.2414
2746 74.2414
2747 74.2414
2748 74.2414
2749 74.2414
2750 74.2414
2751 74.2414
2752 74.2414
2753 74.2414
2754 74.2414
2755 74.2414
2756 74.2414
2757 74.2414
2758 74.2414
2759 74.2414
2760 74.2414
2761 74.2414
2762 74.2414
2763 74.2414
2764 74.2414
2765 74.2414
2766 74.2414
2767 74.2414
2768 74.2414
2769 74.2414
2770 74.2414
2771 74.2414
2772 74.2414
2773 74.2414
2774 74.2414
2775 74.2414
2776 74.2414
2777 74.2414
2778 74.2414
2779 74.2414
2780 74.2414
2781 74.2414
2782 74.2414
2783 74.2414
2784 74.2414
2785 74.2414
2786 74.2414
2787 74.2414
2788 74.2414
2789 74.2414
2790 74.2414
2791 74.2414
2792 74.2414
2793 74.2414
2794 74.2414
2795 74.2414
2796 74.2414
2797 74.2414
2798 74.2414
2799 74.2414
2800 74.2414
2801 74.2414
2802 74.2414
2803 74.2414
2804 74.2414
2805 74.2414
2806 74.2414
2807 74.2414
2808 74.2414
2809 74.2414
2810 74.2414
2811 74.2414
2812 74.2414
2813 74.2414
2814 74.2414
2815 74.2414
2816 74.2414
2817 74.2414
2818 74.2414
2819 74.2414
2820 74.2414
2821 74.2414
2822 74.2414
2823 74.2414
2824 74.2414
2825 74.2414
2826 74.2414
2827 74.2414
2828 74.2414
2829 74.2414
2830 74.2414
2831 74.2414
2832 74.2414
2833 74.2414
2834 74.2414
2835 74.2414
2836 74.2414
2837 74.2414
2838 74.2414
2839 74.2414
2840 74.2414
2841 74.2414
2842 74.2414
2843 74.2414
2844 74.2414
2845 74.2414
2846 74.2414
2847 74.2414
2848 74.2414
2849 74.2414
2850 74.2414
2851 74.2414
2852 74.2414
2853 74.2414
2854 74.2414
2855 74.2414
2856 74.2414
2857 74.2414
2858 74.2414
2859 74.2414
2860 74.2414
2861 74.2414
2862 74.2414
2863 74.2414
2864 74.2414
2865 74.2414
2866 74.2414
2867 74.2414
2868 74.2414
2869 74.2414
2870 74.2414
2871 74.2414
2872 74.2414
2873 74.2414
2874 74.2414
2875 74.2414
2876 74.2414
2877 74.2414
2878 74.2414
2879 74.2414
2880 74.2414
2881 74.2414
2882 74.2414
2883 74.2414
2884 74.2414
2885 74.2414
2886 74.2414
2887 74.2414
2888 74.2414
2889 74.2414
2890 74.2414
2891 74.2414
2892 74.2414
2893 74.2414
2894 74.2414
2895 74.2414
2896 74.2414
2897 74.2414
2898 74.2414
2899 74.2414
2900 74.2414
2901 74.2414
2902 74.2414
2903 74.2414
2904 74.2414
2905 74.2414
2906 74.2414
2907 74.2414
2908 74.2414
2909 74.2414
2910 74.2414
2911 74.2414
2912 74.2414
2913 74.2414
2914 74.2414
2915 74.2414
2916 74.2414
2917 74.2414
2918 74.2414
2919 74.2414
2920 74.2414
2921 74.2414
2922 74.2414
2923 74.2414
2924 74.2414
2925 74.2414
2926 74.2414
2927 74.2414
2928 74.2414
2929 74.2414
2930 74.2414
2931 74.2414
2932 74.2414
2933 74.2414
2934 74.2414
2935 74.2414
2936 74.2414
2937 74.2414
2938 74.2414
2939 74.2414
2940 74.2414
2941 74.2414
2942 74.2414
2943 74.2414
2944 74.2414
2945 74.2414
2946 74.2414
2947 74.2414
2948 74.2414
2949 74.2414
2950 74.2414
2951 74.2414
2952 74.2414
2953 74.2414
2954 74.2414
2955 74.2414
2956 74.2414
2957 74.2414
2958 74.2414
2959 74.2414
2960 74.2414
2961 74.2414
2962 74.2414
2963 74.2414
2964 74.2414
2965 74.2414
2966 74.2414
2967 74.2414
2968 74.2414
2969 74.2414
2970 74.2414
2971 74.2414
2972 74.2414
2973 74.2414
2974 74.2414
2975 74.2414
2976 74.2414
2977 74.2414
2978 74.2414
2979 74.2414
2980 74.2414
2981 74.2414
2982 74.2414
2983 74.2414
2984 74.2414
2985 74.2414
2986 74.2414
2987 74.2414
2988 74.2414
2989 74.2414
2990 74.2414
2991 74.2414
2992 74.2414
2993 74.2414
2994 74.2414
2995 74.2414
2996 74.2414
2997 74.2414
2998 74.2414
2999 74.2414
3000 74.2414
3001 74.2414
3002 74.2414
3003 74.2414
3004 74.2414
3005 74.2414
3006 74.2414
3007 74.2414
3008 74.2414
3009 74.2414
3010 74.2414
3011 74.2414
3012 74.2414
3013 74.2414
3014 74.2414
3015 74.2414
3016 74.2414
3017 74.2414
3018 74.2414
3019 74.2414
3020 74.2414
3021 74.2414
3022 74.2414
3023 74.2215
3024 74.2215
3025 74.2215
3026 74.2215
3027 74.2215
3028 74.2215
3029 74.2215
3030 74.2215
3031 74.2215
3032 74.2215
3033 74.2215
3034 74.2215
3035 74.2215
3036 74.2215
3037 74.2215
3038 74.2215
3039 74.2215
3040 74.2215
3041 74.2215
3042 74.2215
3043 74.2215
3044 74.2215
3045 74.2215
3046 74.2215
3047 74.2215
3048 74.2215
3049 74.2215
3050 74.2215
3051 74.2215
3052 74.2215
3053 74.2215
3054 74.2215
3055 74.2215
3056 74.2215
3057 74.2215
3058 74.2215
3059 74.2215
3060 74.2215
3061 74.2215
3062 74.2215
3063 74.2215
3064 74.2215
3065 74.2215
3066 74.2215
3067 74.2215
3068 74.2215
3069 74.2215
3070 74.2215
3071 74.1421
3072 74.1421
3073 74.1421
3074 74.1421
3075 74.1421
3076 74.1421
3077 74.1421
3078 74.1421
3079 74.1421
3080 74.1421
3081 74.1421
3082 74.1421
3083 74.1421
3084 74.1421
3085 74.1421
3086 74.1421
3087 74.1421
3088 74.1421
3089 74.1421
3090 74.1421
3091 74.1421
3092 74.1421
3093 74.1421
3094 74.1421
3095 74.1421
3096 74.1421
3097 74.1421
3098 74.1421
3099 74.1421
3100 74.1421
3101 74.1421
3102 74.1421
3103 74.1421
3104 74.1421
3105 74.1421
3106 74.1421
3107 74.1421
3108 74.1421
3109 74.1421
3110 74.1421
3111 74.1421
3112 74.1421
3113 74.1421
3114 74.1421
3115 74.1421
3116 74.1421
3117 74.1421
3118 74.1421
3119 74.1421
3120 74.045
3121 74.1421
3122 74.1421
3123 74.1421
3124 74.1421
3125 74.1421
3126 74.1421
3127 74.1421
3128 74.1421
3129 74.1421
3130 74.1421
3131 74.1421
3132 74.1421
3133 74.1421
3134 74.1421
3135 74.1421
3136 74.1421
3137 74.1421
3138 74.1421
3139 74.1421
3140 74.1421
3141 74.1421
3142 74.1421
3143 74.1421
3144 74.1421
3145 74.1421
3146 74.1421
3147 74.1421
3148 74.1421
3149 74.1421
3150 74.1421
3151 74.1421
3152 74.1421
3153 74.1421
3154 74.1421
3155 74.1421
3156 74.1421
3157 74.1421
3158 74.1421
3159 74.1421
3160 74.1421
3161 74.1421
3162 74.1421
3163 74.1421
3164 74.1421
3165 74.1421
3166 74.1421
3167 74.1421
3168 74.1421
3169 74.1421
3170 74.1421
3171 74.1421
3172 74.1421
3173 74.1421
3174 74.1421
3175 74.1421
3176 74.1421
3177 74.1421
3178 74.1421
3179 74.1421
3180 74.1421
3181 74.1421
3182 74.1421
3183 74.1421
3184 74.1421
3185 74.1421
3186 74.1421
3187 74.1421
3188 74.1421
3189 74.1421
3190 74.1421
3191 74.1421
3192 74.1421
3193 74.1421
3194 74.1421
3195 74.1421
3196 74.1421
3197 74.1421
3198 74.1421
3199 74.1421
3200 74.1421
3201 74.1421
3202 74.1421
3203 74.1421
3204 74.1421
3205 74.1421
3206 74.1421
3207 74.1421
3208 74.1421
3209 74.1421
3210 74.1421
3211 73.9164
3212 73.9164
3213 74.1421
3214 74.1421
3215 74.1421
3216 73.9164
3217 73.9164
3218 73.9164
3219 73.9164
3220 73.9164
3221 73.9164
3222 73.9164
3223 73.9164
3224 73.9164
3225 73.9164
3226 73.9164
3227 73.9164
3228 73.9164
3229 73.9164
3230 73.9164
3231 73.9164
3232 73.9164
3233 73.9164
3234 73.9164
3235 73.9164
3236 73.9164
3237 73.9164
3238 73.9164
3239 73.9164
3240 73.9164
3241 73.9164
3242 73.9164
3243 73.9164
3244 73.9164
3245 73.9164
3246 73.9164
3247 73.9164
3248 73.9164
3249 73.2932
3250 73.2932
3251 73.9164
3252 73.9164
3253 73.9164
3254 73.9164
3255 73.9164
3256 73.9164
3257 73.9164
3258 73.9164
3259 73.9164
3260 73.9164
3261 73.9164
3262 73.9164
3263 73.9164
3264 73.9164
3265 73.9164
3266 73.9164
3267 73.9164
3268 73.9164
3269 73.9164
3270 73.9164
3271 73.9164
3272 73.9164
3273 73.9164
3274 73.9164
3275 73.9164
3276 73.9164
3277 73.9164
3278 73.9164
3279 73.9164
3280 73.9164
3281 73.9164
3282 73.9164
3283 73.9164
3284 73.9164
3285 73.9164
3286 73.9164
3287 73.9164
3288 73.9164
3289 73.9164
3290 73.9164
3291 73.9164
3292 73.9164
3293 73.9164
3294 73.9164
3295 73.9164
3296 73.9164
3297 73.9164
3298 73.9164
3299 73.9164
3300 73.9164
3301 73.9164
3302 73.9164
3303 73.9164
3304 73.9164
3305 73.9164
3306 73.9164
3307 73.9164
3308 73.9164
3309 73.9164
3310 73.9164
3311 73.9164
3312 73.9164
3313 73.9164
3314 73.9164
3315 73.9164
3316 73.9164
3317 73.9164
3318 73.9164
3319 73.9164
3320 73.9164
3321 73.9164
3322 73.9164
3323 73.9164
3324 73.9164
3325 73.9164
3326 73.9164
3327 73.9164
3328 73.9164
3329 73.9164
3330 73.9164
3331 73.9164
3332 73.9164
3333 73.9164
3334 73.9164
3335 73.9164
3336 73.9164
3337 73.9164
3338 73.9164
3339 73.9164
3340 73.9164
3341 73.9164
3342 73.9164
3343 73.9164
3344 73.9164
3345 73.9164
3346 73.9164
3347 73.9164
3348 73.9164
3349 73.9164
3350 73.9164
3351 73.9164
3352 73.9164
3353 73.9164
3354 73.9164
3355 73.9164
3356 73.9164
3357 73.9164
3358 73.9164
3359 73.9164
3360 73.9164
3361 73.9164
3362 73.9164
3363 73.9164
3364 73.9164
3365 73.9164
3366 73.9164
3367 73.9164
3368 73.9164
3369 73.9164
3370 73.9164
3371 73.9164
3372 73.2932
3373 73.2932
3374 73.2932
3375 73.2932
3376 73.2932
3377 73.2932
3378 73.2932
3379 73.2932
3380 73.2932
3381 73.2932
3382 73.2932
3383 73.2932
3384 73.2932
3385 73.2932
3386 73.2932
3387 73.2932
3388 73.2932
3389 73.2932
3390 73.2932
3391 73.2932
3392 73.2932
3393 73.2932
3394 73.2932
3395 73.2932
3396 73.2932
3397 73.2932
3398 73.2932
3399 73.2932
3400 73.2932
3401 73.2932
3402 73.2932
3403 73.2932
3404 73.2932
3405 73.2932
3406 73.2932
3407 73.2932
3408 73.2932
3409 73.2932
3410 73.2932
3411 73.2932
3412 73.2932
3413 73.2932
3414 73.2932
3415 73.2932
3416 73.2932
3417 73.2932
3418 73.2932
3419 73.2932
3420 73.2932
3421 73.2932
3422 73.2932
3423 73.2932
3424 73.2932
3425 73.2932
3426 73.2932
3427 73.2932
3428 73.2932
3429 73.2932
3430 73.2932
3431 73.2932
3432 73.2932
3433 73.2932
3434 73.2932
3435 73.2932
3436 73.2932
3437 73.2932
3438 73.2932
3439 73.2932
3440 73.2932
3441 73.2932
3442 73.2932
3443 72.6429
3444 72.6429
3445 72.6429
3446 72.6429
3447 72.6429
3448 72.6429
3449 72.6429
3450 72.5644
3451 72.5644
3452 72.5644
3453 72.6429
3454 72.6429
3455 71.2504
3456 72.5644
3457 72.5644
3458 72.5644
3459 72.5026
3460 72.5026
3461 72.5026
3462 72.5026
3463 72.5026
3464 72.5026
3465 72.5026
3466 72.5026
3467 72.5026
3468 72.5026
3469 72.5026
3470 72.5026
3471 72.5026
3472 72.5026
3473 72.5026
3474 72.5026
3475 72.5026
3476 72.5026
3477 72.5026
3478 72.5026
3479 72.5026
3480 72.5026
3481 72.5026
3482 72.5026
3483 72.5026
3484 72.5026
3485 72.5026
3486 72.5026
3487 72.5026
3488 72.5026
3489 72.5026
3490 72.5026
3491 72.5026
3492 72.5026
3493 72.5026
3494 72.5026
3495 72.5026
3496 72.5026
3497 72.5026
3498 72.1939
3499 72.1939
3500 72.1939
3501 72.1939
3502 72.1939
3503 72.1939
3504 72.1939
3505 72.1939
3506 72.1939
3507 72.1939
3508 72.1939
3509 72.1939
3510 72.1939
3511 72.1939
3512 72.1939
3513 72.1939
3514 72.1939
3515 72.1939
3516 72.1939
3517 72.1939
3518 72.1939
3519 72.1939
3520 72.1939
3521 72.1939
3522 72.1939
3523 72.1939
3524 72.1939
3525 72.1939
3526 72.1939
3527 72.1939
3528 72.1939
3529 72.1939
3530 72.1939
3531 72.1939
3532 72.1939
3533 72.1939
3534 72.1939
3535 72.1939
3536 72.1939
3537 72.1939
3538 72.1939
3539 72.1939
3540 72.1939
3541 72.1939
3542 72.1939
3543 72.1939
3544 72.1939
3545 72.1939
3546 72.1939
3547 72.1939
3548 72.1939
3549 72.1939
3550 72.1939
3551 72.1939
3552 72.1939
3553 72.1939
3554 72.1939
3555 72.1939
3556 72.1939
3557 72.1939
3558 72.1939
3559 72.1939
3560 72.1939
3561 72.1939
3562 72.1939
3563 71.6506
3564 71.6506
3565 71.6506
3566 71.6506
3567 71.6506
3568 71.6506
3569 71.6506
3570 71.6506
3571 71.6506
3572 71.6506
3573 71.6506
3574 71.6506
3575 71.6506
3576 71.6506
3577 71.6506
3578 71.6506
3579 71.6506
3580 71.6506
3581 71.6506
3582 71.6506
3583 71.6506
3584 71.6506
3585 71.6506
3586 71.6506
3587 71.6506
3588 71.6506
3589 71.6506
3590 71.6506
3591 71.6506
3592 71.6506
3593 71.6506
3594 71.6506
3595 71.6506
3596 71.6506
3597 71.6506
3598 71.6506
3599 71.6506
3600 71.6506
3601 71.6506
3602 71.6506
3603 71.6506
3604 71.6506
3605 71.6506
3606 71.6506
3607 71.6506
3608 71.6506
3609 71.6506
3610 71.6463
3611 71.6463
3612 71.5313
3613 71.5313
3614 71.5313
3615 71.5313
3616 71.5313
3617 71.5313
3618 71.5313
3619 71.5313
3620 71.5313
3621 71.5313
3622 71.5313
3623 71.5313
3624 71.5313
3625 71.5313
3626 71.5313
3627 71.5313
3628 71.5313
3629 71.5313
3630 71.5313
3631 71.5313
3632 71.5313
3633 71.5313
3634 71.5313
3635 71.5313
3636 71.5313
3637 71.5313
3638 71.5313
3639 71.5313
3640 71.5313
3641 71.5313
3642 71.5313
3643 71.5313
3644 71.5313
3645 71.5313
3646 71.5313
3647 71.5313
3648 71.5313
3649 71.5313
3650 71.5313
3651 71.5313
3652 71.5313
3653 71.5313
3654 71.5313
3655 71.5313
3656 71.5313
3657 71.5313
3658 71.5313
3659 71.5313
3660 71.5313
3661 71.5313
3662 71.5313
3663 71.5313
3664 71.5313
3665 71.5313
3666 71.5313
3667 71.5313
3668 71.5313
3669 71.5313
3670 71.5313
3671 71.5313
3672 71.5313
3673 71.5313
3674 71.5313
3675 71.5313
3676 71.5313
3677 71.5313
3678 71.5313
3679 71.5313
3680 71.5313
3681 71.5313
3682 71.5313
3683 71.5313
3684 71.5313
3685 71.5313
3686 71.5313
3687 71.5313
3688 71.5313
3689 71.5313
3690 71.5313
3691 71.5313
3692 71.5313
3693 71.5313
3694 71.5313
3695 71.5313
3696 71.5313
3697 71.5313
3698 71.5313
3699 71.5313
3700 71.5313
3701 71.5313
3702 71.5313
3703 71.5313
3704 71.5313
3705 71.5313
3706 71.5313
3707 71.5313
3708 71.5313
3709 71.5313
3710 71.5313
3711 71.5313
3712 71.5313
3713 71.5313
3714 71.5313
3715 71.5313
3716 71.5313
3717 71.5313
3718 71.5313
3719 71.5313
3720 71.5313
3721 71.5313
3722 71.5313
3723 71.5313
3724 71.5313
3725 71.5313
3726 71.5313
3727 71.5313
3728 71.5313
3729 71.5313
3730 71.5313
3731 71.5313
3732 71.5313
3733 71.5313
3734 71.5313
3735 71.5313
3736 71.5313
3737 71.5313
3738 71.5313
3739 71.5313
3740 71.5313
3741 71.5313
3742 71.5313
3743 71.5313
3744 71.5313
3745 71.5313
3746 71.5313
3747 71.5313
3748 71.5313
3749 71.5313
3750 71.4715
3751 71.4715
3752 71.5313
3753 71.5313
3754 71.5313
3755 71.5313
3756 71.5313
3757 71.5313
3758 71.5313
3759 71.5313
3760 71.5313
3761 71.5313
3762 71.5313
3763 71.5313
3764 71.328
3765 71.328
3766 71.328
3767 71.328
3768 71.328
3769 71.328
3770 71.328
3771 71.328
3772 71.328
3773 71.328
3774 71.328
3775 71.328
3776 71.328
3777 71.328
3778 71.328
3779 71.328
3780 71.328
3781 70.8497
3782 70.8497
3783 70.8497
3784 70.8497
3785 70.8497
3786 70.8497
3787 70.8497
3788 70.8497
3789 70.8497
3790 70.8497
3791 70.8497
3792 70.8497
3793 70.8497
3794 70.8497
3795 70.8497
3796 70.8497
3797 70.8497
3798 70.8497
3799 70.8497
3800 70.8497
3801 70.8497
3802 70.8497
3803 70.8497
3804 70.8497
3805 70.8497
3806 70.8497
3807 70.8497
3808 70.8497
3809 70.8497
3810 70.8497
3811 70.8497
3812 70.8497
3813 70.8497
3814 70.8497
3815 70.8497
3816 70.8497
3817 70.8497
3818 70.8497
3819 70.8497
3820 70.8497
3821 70.8497
3822 70.8497
3823 70.8497
3824 70.8497
3825 70.8497
3826 70.8497
3827 70.8497
3828 70.8497
3829 70.8497
3830 70.8497
3831 70.8497
3832 70.8497
3833 70.8497
3834 70.8497
3835 70.8497
3836 70.8497
3837 70.8497
3838 70.8497
3839 70.8497
3840 70.8497
3841 70.8497
3842 70.8497
3843 70.8497
3844 70.8497
3845 70.8497
3846 70.8497
3847 70.8497
3848 70.8497
3849 70.8497
3850 70.8497
3851 70.8497
3852 70.8497
3853 70.8497
3854 70.8497
3855 70.8497
3856 70.8497
3857 70.8497
3858 70.8497
3859 70.8497
3860 70.8497
3861 70.8497
3862 70.8497
3863 70.8497
3864 70.8497
3865 70.8497
3866 70.8497
3867 70.8497
3868 70.8497
3869 70.8497
3870 70.8497
3871 70.8497
3872 70.8497
3873 70.8497
3874 70.8497
3875 70.8497
3876 70.8497
3877 70.8497
3878 70.8497
3879 70.8497
3880 70.8497
3881 70.8497
3882 70.8497
3883 70.8497
3884 70.8497
3885 70.8497
3886 70.8497
3887 70.8497
3888 70.8497
3889 70.8497
3890 70.8497
3891 70.8497
3892 70.8497
3893 70.8497
3894 70.8497
3895 70.8497
3896 70.8497
3897 70.8497
3898 70.8497
3899 70.8497
3900 70.8497
3901 70.8497
3902 70.8497
3903 70.8497
3904 70.8497
3905 70.8497
3906 70.8497
3907 70.8497
3908 70.8497
3909 70.8497
3910 70.8497
3911 70.8497
3912 70.8497
3913 70.8497
3914 70.8497
3915 70.8497
3916 70.8497
3917 70.8497
3918 70.8497
3919 70.8497
3920 70.8497
3921 70.8497
3922 70.8497
3923 70.8497
3924 70.8497
3925 70.8497
3926 70.8497
3927 70.8497
3928 70.8497
3929 70.8497
3930 70.8497
3931 70.8497
3932 70.8497
3933 70.8497
3934 70.8497
3935 70.8497
3936 70.8497
3937 70.8497
3938 70.8497
3939 70.8497
3940 70.8497
3941 70.8497
3942 70.8497
3943 70.8497
3944 70.8497
3945 70.8497
3946 70.8497
3947 70.8497
3948 70.8497
3949 70.8497
3950 70.8497
3951 70.8497
3952 70.8497
3953 70.8497
3954 70.8497
3955 70.8497
3956 70.8497
3957 70.8497
3958 70.8497
3959 70.8497
3960 70.8497
3961 70.8497
3962 70.8497
3963 70.8497
3964 70.8497
3965 70.8497
3966 70.8497
3967 70.8497
3968 70.8497
3969 70.8497
3970 70.8497
3971 70.8497
3972 70.8497
3973 70.8497
3974 70.8497
3975 70.8497
3976 70.8497
3977 70.8497
3978 70.8497
3979 70.8497
3980 70.8497
3981 70.8497
3982 70.8497
3983 70.8497
3984 70.8497
3985 70.8497
3986 70.8497
3987 70.8497
3988 70.8497
3989 70.8497
3990 70.8497
3991 70.8497
3992 70.8497
3993 70.8497
3994 70.8497
3995 70.8497
3996 70.8497
3997 70.8497
3998 70.8497
3999 70.8497
4000 70.8497
4001 70.8497
4002 70.8497
4003 70.8497
4004 70.8497
4005 70.8497
4006 70.8497
4007 70.8497
4008 70.8497
4009 70.8497
4010 70.8497
4011 70.8497
4012 70.8497
4013 70.8497
4014 70.8497
4015 70.8497
4016 70.8497
4017 70.8497
4018 70.8497
4019 70.8497
4020 70.8497
4021 70.8497
4022 70.8497
4023 70.8497
4024 70.8497
4025 70.8497
4026 70.8497
4027 70.8497
4028 70.8497
4029 70.8497
4030 70.8497
4031 70.8497
4032 70.8497
4033 70.8497
4034 70.8497
4035 70.8497
4036 70.8497
4037 70.8497
4038 70.8497
4039 70.8497
4040 70.8497
4041 70.8497
4042 70.8497
4043 70.8497
4044 70.8497
4045 70.8497
4046 70.8497
4047 70.8497
4048 70.8497
4049 70.8497
4050 70.8497
4051 70.8497
4052 70.8497
4053 70.8497
4054 70.8497
4055 70.8497
4056 70.8497
4057 70.8497
4058 70.8497
4059 70.8497
4060 70.8497
4061 70.8497
4062 70.8497
4063 70.8497
4064 70.8497
4065 70.8497
4066 70.8497
4067 70.8497
4068 70.8497
4069 70.8497
4070 70.8497
4071 70.8497
4072 70.8497
4073 70.8497
4074 70.8497
4075 70.8497
4076 70.8497
4077 70.8497
4078 70.8497
4079 70.8497
4080 70.8497
4081 70.8497
4082 70.8497
4083 70.8497
4084 70.8497
4085 70.8497
4086 70.8497
4087 70.8497
4088 70.8497
4089 70.8497
4090 70.8497
4091 70.8497
4092 70.8497
4093 70.8497
4094 70.8497
4095 70.8497
4096 70.8497
4097 70.8497
4098 70.8497
4099 70.8497
4100 70.8497
4101 70.8497
4102 70.8497
4103 70.8497
4104 70.8497
4105 70.8497
4106 70.8497
4107 70.8497
4108 70.8497
4109 70.8497
4110 70.8497
4111 70.8497
4112 70.8497
4113 70.8497
4114 70.8497
4115 70.8497
4116 70.8497
4117 70.8497
4118 70.8497
4119 70.8497
4120 70.8497
4121 70.8497
4122 70.8497
4123 70.8497
4124 70.8497
4125 70.8497
4126 70.8497
4127 70.8497
4128 70.8497
4129 70.8497
4130 70.8497
4131 70.8497
4132 70.8497
4133 70.8497
4134 70.8497
4135 70.8497
4136 70.8497
4137 70.8497
4138 70.8497
4139 70.8497
4140 70.8497
4141 70.8497
4142 70.8497
4143 70.8497
4144 70.8497
4145 70.8497
4146 70.8497
4147 70.8497
4148 70.8497
4149 70.8497
4150 70.8497
4151 70.8497
4152 70.8497
4153 70.8497
4154 70.8497
4155 70.8497
4156 70.8497
4157 70.8497
4158 70.8497
4159 70.8497
4160 70.8497
4161 70.8497
4162 70.8497
4163 70.8497
4164 70.8497
4165 70.8497
4166 70.8497
4167 70.8497
4168 70.8497
4169 70.8497
4170 70.8497
4171 70.8497
4172 70.8497
4173 70.8497
4174 70.8497
4175 70.8497
4176 70.8497
4177 70.8497
4178 70.8497
4179 70.8497
4180 70.8497
4181 70.8497
4182 70.8497
4183 70.8497
4184 70.8497
4185 70.8497
4186 70.8497
4187 70.8497
4188 70.8497
4189 70.8497
4190 70.8497
4191 70.8497
4192 70.8497
4193 70.8497
4194 70.8497
4195 70.8497
4196 70.8497
4197 70.8497
4198 70.8497
4199 70.8497
4200 70.8497
4201 70.8497
4202 70.8497
4203 70.8497
4204 70.8497
4205 70.8497
4206 70.8497
4207 70.8497
4208 70.8497
4209 70.8497
4210 70.8497
4211 70.8497
4212 70.8497
4213 70.8497
4214 70.8497
4215 70.8497
4216 70.8497
4217 70.8497
4218 70.8497
4219 70.8497
4220 70.8497
4221 70.8497
4222 70.8497
4223 70.8497
4224 70.8497
4225 70.8497
4226 70.8497
4227 70.8497
4228 70.8497
4229 70.8497
4230 70.8497
4231 70.8497
4232 70.8497
4233 70.8497
4234 70.8497
4235 70.8497
4236 70.8497
4237 70.8497
4238 70.8497
4239 70.8497
4240 70.8497
4241 70.8497
4242 70.8497
4243 70.8497
4244 70.8497
4245 70.8497
4246 70.8497
4247 70.8497
4248 70.8497
4249 70.8497
4250 70.8497
4251 70.8497
4252 70.8497
4253 70.8497
4254 70.8497
4255 70.8497
4256 70.8497
4257 70.8497
4258 70.8497
4259 70.8497
4260 70.8497
4261 70.8497
4262 70.8497
4263 70.8497
4264 70.8497
4265 70.8497
4266 70.8497
4267 70.8497
4268 70.8497
4269 70.8497
4270 70.8497
4271 70.8497
4272 70.8497
4273 70.8497
4274 70.8497
4275 70.8497
4276 70.8497
4277 70.8497
4278 70.8497
4279 70.8497
4280 70.8497
4281 70.8497
4282 70.8497
4283 70.8497
4284 70.8497
4285 70.8497
4286 70.8497
4287 70.8497
4288 70.8497
4289 70.8497
4290 70.8497
4291 70.8497
4292 70.8497
4293 70.8497
4294 70.8497
4295 70.8497
4296 70.8497
4297 70.8497
4298 70.8497
4299 70.8497
4300 70.8497
4301 70.8497
4302 70.8497
4303 70.8497
4304 70.8497
4305 70.8497
4306 70.8497
4307 70.8497
4308 70.8497
4309 70.8497
4310 70.8497
4311 70.8497
4312 70.8497
4313 70.8497
4314 70.8497
4315 70.8497
4316 70.8497
4317 70.8497
4318 70.8497
4319 70.8497
4320 70.8497
4321 70.8497
4322 70.8497
4323 70.8497
4324 70.8497
4325 70.8497
4326 70.8497
4327 70.8497
4328 70.8497
4329 70.8497
4330 70.8497
4331 70.8497
4332 70.8497
4333 70.8497
4334 70.8497
4335 70.8497
4336 70.8497
4337 70.8497
4338 70.8497
4339 70.8497
4340 70.8497
4341 70.8497
4342 70.8497
4343 70.8497
4344 70.8497
4345 70.8497
4346 70.8497
4347 70.8497
4348 70.8497
4349 70.8497
4350 70.8497
4351 70.8497
4352 70.8497
4353 70.8497
4354 70.8497
4355 70.8497
4356 70.8497
4357 70.8497
4358 70.8497
4359 70.8497
4360 70.8497
4361 70.8497
4362 70.8497
4363 70.8497
4364 70.8497
4365 70.8497
4366 70.8497
4367 70.8497
4368 70.8497
4369 70.8497
4370 70.8497
4371 70.8497
4372 70.8497
4373 70.8497
4374 70.8497
4375 70.8497
4376 70.8497
4377 70.8497
4378 70.8497
4379 70.8497
4380 70.8497
4381 70.8497
4382 70.8497
4383 70.8497
4384 70.8497
4385 70.8497
4386 70.8497
4387 70.8497
4388 70.8497
4389 70.8497
4390 70.8497
4391 70.8497
4392 70.8497
4393 70.8497
4394 70.8497
4395 70.8497
4396 70.8497
4397 70.8497
4398 70.8497
4399 70.8497
4400 70.8497
4401 70.8497
4402 70.8497
4403 70.8497
4404 70.8497
4405 70.8497
4406 70.8497
4407 70.8497
4408 70.8497
4409 70.8497
4410 70.8497
4411 70.8497
4412 70.8497
4413 70.8497
4414 70.8497
4415 70.8497
4416 70.8497
4417 70.8497
4418 70.8497
4419 70.8497
4420 70.8497
4421 70.8497
4422 70.8497
4423 70.8497
4424 70.8497
4425 70.8497
4426 70.8497
4427 70.8497
4428 70.8497
4429 70.8497
4430 70.8497
4431 70.8497
4432 70.8497
4433 70.8497
4434 70.8497
4435 70.8497
4436 70.8497
4437 70.8497
4438 70.8497
4439 70.8497
4440 70.8497
4441 70.8497
4442 70.8497
4443 70.8497
4444 70.8497
4445 70.8497
4446 70.8497
4447 70.8497
4448 70.8497
4449 70.8497
4450 70.8497
4451 70.8497
4452 70.8497
4453 70.8497
4454 70.8497
4455 70.8497
4456 70.8497
4457 70.8497
4458 70.8497
4459 70.8497
4460 70.8497
4461 70.8497
4462 70.8497
4463 70.8497
4464 70.8497
4465 70.8497
4466 70.8497
4467 70.8497
4468 70.8497
4469 70.8497
4470 70.8497
4471 70.8497
4472 70.8497
4473 70.8497
4474 70.8497
4475 70.8497
4476 70.8497
4477 70.8497
4478 70.8497
4479 70.8497
4480 70.8497
4481 70.8497
4482 70.8497
4483 70.8497
4484 70.8497
4485 70.8497
4486 70.8497
4487 70.8497
4488 70.8497
4489 70.8497
4490 70.8497
4491 70.8497
4492 70.8497
4493 70.8497
4494 70.8497
4495 70.8497
4496 70.8497
4497 70.8497
4498 70.8497
4499 70.8497
4500 70.8497
4501 70.8497
4502 70.8497
4503 70.8497
4504 70.8497
4505 70.8497
4506 70.8497
4507 70.8497
4508 70.8497
4509 70.8497
4510 70.8497
4511 70.8497
4512 70.8497
4513 70.8497
4514 70.8497
4515 70.5201
4516 70.5201
4517 70.1853
4518 70.1853
4519 70.1853
4520 70.1853
4521 70.1853
4522 70.1853
4523 70.1853
4524 70.1853
4525 70.1853
4526 70.1853
4527 70.1853
4528 70.1853
4529 70.1853
4530 70.1853
4531 70.1853
4532 70.1853
4533 70.1853
4534 70.1853
4535 70.1853
4536 70.1853
4537 70.1853
4538 70.1853
4539 70.1853
4540 70.1853
4541 70.1853
4542 70.1853
4543 70.1853
4544 70.1853
4545 70.1853
4546 70.1853
4547 70.1853
4548 70.1853
4549 70.1853
4550 70.1853
4551 70.1853
4552 70.1853
4553 70.1853
4554 70.1853
4555 70.1853
4556 70.1853
4557 70.1853
4558 70.1853
4559 70.1853
4560 70.1853
4561 70.1853
4562 70.1853
4563 70.1853
4564 70.1853
4565 70.1853
4566 70.1853
4567 70.1853
4568 70.1853
4569 70.1853
4570 70.1853
4571 70.1853
4572 70.1853
4573 70.1853
4574 70.1853
4575 70.1853
4576 70.1853
4577 70.1853
4578 70.1853
4579 70.1853
4580 70.1853
4581 70.1853
4582 70.1853
4583 70.1853
4584 70.1853
4585 70.1853
4586 70.1853
4587 70.1853
4588 70.1853
4589 70.1853
4590 70.1853
4591 70.1853
4592 70.1853
4593 70.1853
4594 70.1853
4595 70.1853
4596 70.1853
4597 70.1853
4598 70.1853
4599 70.1853
4600 70.1853
4601 70.1853
4602 70.1853
4603 70.1853
4604 70.1853
4605 70.1853
4606 70.1853
4607 70.1853
4608 70.1853
4609 70.1853
4610 70.1853
4611 70.1853
4612 70.1853
4613 70.1853
4614 70.1853
4615 70.1853
4616 70.1853
4617 70.1853
4618 70.1853
4619 70.1853
4620 70.1853
4621 70.1853
4622 70.1853
4623 70.1853
4624 70.1853
4625 70.1853
4626 70.1853
4627 70.1853
4628 70.1853
4629 70.1853
4630 70.1853
4631 70.1853
4632 70.1853
4633 70.1853
4634 70.1853
4635 70.1853
4636 70.1853
4637 70.1853
4638 70.1853
4639 70.1853
4640 70.1853
4641 70.1853
4642 70.1853
4643 70.1853
4644 70.1853
4645 70.1853
4646 70.1853
4647 70.1853
4648 70.1853
4649 70.1853
4650 70.1853
4651 70.1853
4652 70.1853
4653 70.1853
4654 70.1853
4655 70.1853
4656 70.1853
4657 70.1853
4658 70.1853
4659 70.1853
4660 70.1853
4661 70.1853
4662 70.1853
4663 70.1853
4664 70.1853
4665 70.1853
4666 70.1853
4667 70.1853
4668 70.1853
4669 70.1853
4670 70.1853
4671 70.1853
4672 70.1853
4673 70.1853
4674 70.1853
4675 70.1431
4676 70.1431
4677 70.1431
4678 70.1431
4679 70.1431
4680 70.1431
4681 70.1431
4682 70.1431
4683 70.1431
4684 70.1431
4685 70.1431
4686 70.1431
4687 70.1431
4688 70.1431
4689 70.1431
4690 70.1431
4691 70.1431
4692 70.1431
4693 70.1431
4694 70.1431
4695 70.1431
4696 70.1431
4697 70.1431
4698 70.1431
4699 70.1431
4700 70.1431
4701 70.1431
4702 70.1431
4703 70.1431
4704 70.1431
4705 70.1431
4706 70.1431
4707 70.1431
4708 70.1431
4709 70.1431
4710 70.1431
4711 70.1431
4712 70.1431
4713 70.1431
4714 70.1431
4715 70.1431
4716 70.1431
4717 70.1431
4718 70.1431
4719 70.1431
4720 70.1431
4721 70.1431
4722 70.1431
4723 70.1431
4724 70.1431
4725 70.1431
4726 70.1431
4727 70.1431
4728 69.6508
4729 69.6508
4730 69.6508
4731 69.6508
4732 69.6508
4733 69.6508
4734 69.6508
4735 69.6508
4736 69.6508
4737 69.6508
4738 69.6508
4739 69.6508
4740 69.6508
4741 69.6508
4742 69.6508
4743 69.6508
4744 69.6508
4745 69.6508
4746 69.6508
4747 69.6508
4748 69.6508
4749 69.6508
4750 69.6508
4751 69.6508
4752 69.6508
4753 69.6508
4754 69.6508
4755 69.6508
4756 69.6508
4757 69.6508
4758 69.6508
4759 69.6508
4760 69.6508
4761 69.6508
4762 69.6508
4763 69.6508
4764 69.6508
4765 69.6508
4766 69.6508
4767 69.6508
4768 69.6508
4769 69.6508
4770 69.6508
4771 69.6508
4772 69.6508
4773 69.6508
4774 69.6508
4775 69.6508
4776 69.6508
4777 69.6508
4778 69.6508
4779 69.6508
4780 69.6508
4781 69.6508
4782 69.6508
4783 69.6508
4784 69.6508
4785 69.6508
4786 69.6508
4787 69.6508
4788 69.6508
4789 69.6508
4790 69.6508
4791 69.6508
4792 69.6508
4793 69.6508
4794 69.6508
4795 69.6508
4796 69.6508
4797 69.6508
4798 69.6508
4799 69.6508
4800 69.6508
4801 69.6508
4802 69.6508
4803 69.6508
4804 69.6508
4805 69.6508
4806 69.6508
4807 69.6508
4808 69.6508
4809 69.6508
4810 69.6508
4811 69.6508
4812 69.6508
4813 69.6508
4814 69.6508
4815 69.6508
4816 69.6508
4817 69.6508
4818 69.6508
4819 69.6508
4820 69.6508
4821 69.6508
4822 69.6508
4823 69.6508
4824 69.6508
4825 69.6508
4826 69.6508
4827 69.6508
4828 69.6508
4829 69.6508
4830 69.6508
4831 69.6508
4832 69.6508
4833 69.6508
4834 69.6508
4835 69.6508
4836 69.6508
4837 69.6508
4838 69.6508
4839 69.6508
4840 69.6508
4841 69.6508
4842 69.6508
4843 69.6508
4844 69.6508
4845 69.6508
4846 69.6508
4847 69.6508
4848 69.6508
4849 69.6508
4850 69.6508
4851 69.6508
4852 69.6508
4853 69.6508
4854 69.6508
4855 69.6508
4856 69.6508
4857 69.6508
4858 69.6508
4859 69.6508
4860 69.6508
4861 69.6508
4862 69.6508
4863 69.6508
4864 69.6508
4865 69.6508
4866 69.6508
4867 69.6508
4868 69.6508
4869 69.6508
4870 69.6508
4871 69.6508
4872 69.6508
4873 69.6508
4874 69.6508
4875 69.6508
4876 69.6508
4877 69.6508
4878 69.6508
4879 69.6508
4880 69.6508
4881 69.6508
4882 69.6508
4883 69.6508
4884 69.6508
4885 69.6508
4886 69.6508
4887 69.6508
4888 69.6508
4889 69.6508
4890 69.6508
4891 69.6508
4892 69.6508
4893 69.6508
4894 69.6508
4895 69.6508
4896 69.6508
4897 69.6508
4898 69.6508
4899 69.6508
4900 69.6508
4901 69.6508
4902 69.6508
4903 69.6508
4904 69.6508
4905 69.6508
4906 69.6508
4907 69.6508
4908 69.6508
4909 69.6508
4910 69.6508
4911 69.6508
4912 69.6508
4913 69.6508
4914 69.6508
4915 69.6508
4916 69.6508
4917 69.6508
4918 69.6508
4919 69.6508
4920 69.6508
4921 69.6508
4922 69.6508
4923 69.6508
4924 69.6508
4925 69.6508
4926 69.6508
4927 69.6508
4928 69.6508
4929 69.6508
4930 69.6508
4931 69.6508
4932 69.6508
4933 69.6508
4934 69.6508
4935 69.6508
4936 69.6508
4937 69.6508
4938 69.6508
4939 69.6508
4940 69.6508
4941 69.6508
4942 69.6508
4943 69.6508
4944 69.6508
4945 69.6508
4946 69.6508
4947 69.6508
4948 69.6508
4949 69.6508
4950 69.6508
4951 69.6508
4952 69.6508
4953 69.6508
4954 69.6508
4955 69.6508
4956 69.6508
4957 69.6508
4958 69.6508
4959 69.6508
4960 69.6508
4961 69.6508
4962 69.6508
4963 69.6508
4964 69.6508
4965 69.6508
4966 69.6508
4967 69.6508
4968 69.6508
4969 69.6508
4970 69.6508
4971 69.6508
4972 69.6508
4973 69.6508
4974 69.6508
4975 69.6508
4976 69.6508
4977 69.6508
4978 69.6508
4979 69.6508
4980 69.6508
4981 69.6508
4982 69.6508
4983 69.6508
4984 69.6508
4985 69.6508
4986 69.6508
4987 69.6508
4988 69.6508
4989 69.6508
4990 69.6508
4991 69.6508
4992 69.6508
4993 69.6508
4994 69.6508
4995 69.6508
4996 69.6508
4997 69.6508
4998 69.6508
4999 69.6508
5000 69.6508
5001 69.6508
5002 69.6508
5003 69.6508
5004 69.6508
5005 69.6508
5006 69.6508
5007 69.6508
5008 69.6508
5009 69.6508
5010 69.6508
5011 69.6508
5012 69.6508
5013 69.6508
5014 69.6508
5015 69.6508
5016 69.6508
5017 69.6508
5018 69.6508
5019 69.6508
5020 69.6508
5021 69.6508
5022 69.6508
5023 69.6508
5024 69.6508
5025 69.6508
5026 69.6508
5027 69.6508
5028 69.6508
5029 69.6508
5030 69.6508
5031 69.6508
5032 69.6508
5033 69.6508
5034 69.6508
5035 69.6508
5036 69.6508
5037 69.6508
5038 69.6508
5039 69.6508
5040 69.6508
5041 69.6508
5042 69.6508
5043 69.6508
5044 69.6508
5045 69.6508
5046 69.6508
5047 69.6508
5048 69.6508
5049 69.6508
5050 69.6508
5051 69.6508
5052 69.6508
5053 69.6508
5054 69.6508
5055 69.6508
5056 69.6508
5057 69.6508
5058 69.6508
5059 69.6508
5060 69.6508
5061 69.6508
5062 69.6508
5063 69.6508
5064 69.6508
5065 69.6508
5066 69.6508
5067 69.6508
5068 69.6508
5069 69.6508
5070 69.6508
5071 69.6508
5072 69.6508
5073 69.6508
5074 69.6508
5075 69.6508
5076 69.6508
5077 69.6508
5078 69.6508
5079 69.6508
5080 69.6508
5081 69.6508
5082 69.6508
5083 69.6508
5084 69.6508
5085 69.6508
5086 69.6508
5087 69.6508
5088 69.6508
5089 69.6508
5090 69.6508
5091 69.6508
5092 69.6508
5093 69.6508
5094 69.6508
5095 69.6508
5096 69.6508
5097 69.6508
5098 69.6508
5099 69.6508
5100 69.6508
5101 69.6508
5102 69.6508
5103 69.6508
5104 69.6508
5105 69.6508
5106 69.6508
5107 69.6508
5108 69.6508
5109 69.6508
5110 69.6508
5111 69.6508
5112 69.6508
5113 69.6508
5114 69.6508
5115 69.6508
5116 69.6508
5117 69.6508
5118 69.6508
5119 69.6508
5120 69.6508
5121 69.6508
5122 69.6508
5123 69.6508
5124 69.6508
5125 69.6508
5126 69.6508
5127 69.6508
5128 69.6508
5129 69.6508
5130 69.6508
5131 69.6508
5132 69.6508
5133 69.6508
5134 69.6508
5135 69.6508
5136 69.6508
5137 69.6508
5138 69.6508
5139 69.6508
5140 69.6508
5141 69.6508
5142 69.6508
5143 69.6508
5144 69.6508
5145 69.6508
5146 69.6508
5147 69.6508
5148 69.6508
5149 69.6508
5150 69.6508
5151 69.6508
5152 69.6508
5153 69.6508
5154 69.6508
5155 69.6508
5156 69.6508
5157 69.6508
5158 69.6508
5159 69.6508
5160 69.6508
5161 69.6508
5162 69.6508
5163 69.6508
5164 69.6508
5165 69.6508
5166 69.6508
5167 69.6508
5168 69.6508
5169 69.6508
5170 69.6508
5171 69.6508
5172 69.6508
5173 69.6508
5174 69.6508
5175 69.6508
5176 69.6508
5177 69.6508
5178 69.6508
5179 69.6508
5180 69.6508
5181 69.6508
5182 69.6508
5183 69.6508
5184 69.6508
5185 69.6508
5186 69.6508
5187 69.6508
5188 69.6508
5189 69.6508
5190 69.6508
5191 69.6508
5192 69.6508
5193 69.6508
5194 69.6508
5195 69.6508
5196 69.6508
5197 69.6508
5198 69.6508
5199 69.6508
5200 69.6508
5201 69.6508
5202 69.6508
5203 69.6508
5204 69.6508
5205 69.6508
5206 69.6508
5207 69.6508
5208 69.6508
5209 69.6508
5210 69.6508
5211 69.6508
5212 69.6508
5213 69.6508
5214 69.6508
5215 69.6508
5216 69.6508
5217 69.6508
5218 69.6508
5219 69.6508
5220 69.6508
5221 69.6508
5222 69.6508
5223 69.6508
5224 69.6508
5225 69.6508
5226 69.6508
5227 69.6508
5228 69.6508
5229 69.6508
5230 69.6508
5231 69.6508
5232 69.6508
5233 69.6508
5234 69.6508
5235 69.6508
5236 69.6508
5237 69.6508
5238 69.6508
5239 69.6508
5240 69.6508
5241 69.6508
5242 69.6508
5243 69.6508
5244 69.6508
5245 69.6508
5246 69.6508
5247 69.6508
5248 69.6508
5249 69.6508
5250 69.6508
5251 69.6508
5252 69.6508
5253 69.6508
5254 69.6508
5255 69.6508
5256 69.6508
5257 69.6508
5258 69.6508
5259 69.6508
5260 69.6508
5261 69.6508
5262 69.6508
5263 69.6508
5264 69.6508
5265 69.6508
5266 69.6508
5267 69.6508
5268 69.6508
5269 69.6508
5270 69.6508
5271 69.6508
5272 69.6508
5273 69.6508
5274 69.6508
5275 69.6508
5276 69.6508
5277 69.6508
5278 69.6508
5279 69.6508
5280 69.6508
5281 69.6508
5282 69.6508
5283 69.6508
5284 69.6508
5285 69.6508
5286 69.6508
5287 69.6508
5288 69.6508
5289 69.6508
5290 69.6508
5291 69.6508
5292 69.6508
5293 69.6508
5294 69.6508
5295 69.6508
5296 69.6508
5297 69.6508
5298 69.6508
5299 69.6508
5300 69.6508
5301 69.6508
5302 69.6508
5303 69.6508
5304 69.6508
5305 69.6508
5306 69.6508
5307 69.6508
5308 69.6508
5309 69.6508
5310 69.6508
5311 69.6508
5312 69.6508
5313 69.6508
5314 69.6508
5315 69.6508
5316 69.6508
5317 69.6508
5318 69.6508
5319 69.6508
5320 69.6508
5321 69.6508
5322 69.6508
5323 69.6508
5324 69.6508
5325 69.6508
5326 69.6508
5327 69.6508
5328 69.6508
5329 69.6508
5330 69.6508
5331 69.6508
5332 69.6508
5333 69.6508
5334 69.6508
5335 69.6508
5336 69.6508
5337 69.6508
5338 69.6508
5339 69.6508
5340 69.6508
5341 69.6508
5342 69.6508
5343 69.6508
5344 69.6508
5345 69.6508
5346 69.6508
5347 69.6508
5348 69.6508
5349 69.6508
5350 69.6508
5351 69.6508
5352 69.6508
5353 69.6508
5354 69.6508
5355 69.6508
5356 69.6508
5357 69.6508
5358 69.6508
5359 69.6508
5360 69.6508
5361 69.6508
5362 69.6508
5363 69.6508
5364 69.6508
5365 69.6508
5366 69.6508
5367 69.6508
5368 69.6508
5369 69.6508
5370 69.6508
5371 69.6508
5372 69.6508
5373 69.6508
5374 69.6508
5375 69.6508
5376 69.6508
5377 69.6508
5378 69.6508
5379 69.6508
5380 69.6508
5381 69.6508
5382 69.6508
5383 69.6508
5384 69.6508
5385 69.6508
5386 69.6508
5387 69.6508
5388 69.6508
5389 69.6508
5390 69.6508
5391 69.6508
5392 69.6508
5393 69.6508
5394 69.6508
5395 69.6508
5396 69.6508
5397 69.6508
5398 69.6508
5399 69.6508
5400 69.6508
5401 69.6508
5402 69.6508
5403 69.6508
5404 69.6508
5405 69.6508
5406 69.6508
5407 69.6508
5408 69.6508
5409 69.6508
5410 69.6508
5411 69.6508
5412 69.6508
5413 69.6508
5414 69.6508
5415 69.6508
5416 69.6508
5417 69.6508
5418 69.6508
5419 69.6508
5420 69.6508
5421 69.6508
5422 69.6508
5423 69.6508
5424 69.6508
5425 69.6508
5426 69.6508
5427 69.6508
5428 69.6508
5429 69.6508
5430 69.6508
5431 69.6508
5432 69.6508
5433 69.6508
5434 69.6508
5435 69.6508
5436 69.6508
5437 69.6508
5438 69.6508
5439 69.6508
5440 69.6508
5441 69.6508
5442 69.6508
5443 69.6508
5444 69.6508
5445 69.6508
5446 69.6508
5447 69.6508
5448 69.6508
5449 69.6508
5450 69.6508
5451 69.6508
5452 69.6508
5453 69.6508
5454 69.6508
5455 69.6508
5456 69.6508
5457 69.6508
5458 69.6508
5459 69.6508
5460 69.6508
5461 69.6508
5462 69.6508
5463 69.6508
5464 69.6508
5465 69.6508
5466 69.6508
5467 69.6508
5468 69.6508
5469 69.6508
5470 69.6508
5471 69.6508
5472 69.6508
5473 69.6508
5474 69.6508
5475 69.6508
5476 69.6508
5477 69.6508
5478 69.6508
5479 69.6508
5480 69.6508
5481 69.6508
5482 69.6508
5483 69.6508
5484 69.6508
5485 69.6508
5486 69.6508
5487 69.6508
5488 69.6508
5489 69.6508
5490 69.6508
5491 69.6508
5492 69.6508
5493 69.6508
5494 69.6508
5495 69.6508
5496 69.6508
5497 69.6508
5498 69.6508
5499 69.6508
5500 69.6508
5501 69.6508
5502 69.6508
5503 69.6508
5504 69.6508
5505 69.6508
5506 69.6508
5507 69.6508
5508 69.6508
5509 69.6508
5510 69.6508
5511 69.6508
5512 69.6508
5513 69.6508
5514 69.6508
5515 69.6508
5516 69.6508
5517 69.6508
5518 69.6508
5519 69.6508
5520 69.6508
5521 69.6508
5522 69.6508
5523 69.6508
5524 69.6508
5525 69.6508
5526 69.6508
5527 69.6508
5528 69.6508
5529 69.6508
5530 69.6508
5531 69.6508
5532 69.6508
5533 69.6508
5534 69.6508
5535 69.6508
5536 69.6508
5537 69.6508
5538 69.6508
5539 69.6508
5540 69.6508
5541 69.6508
5542 69.6508
5543 69.6508
5544 69.6508
5545 69.6508
5546 69.6508
5547 69.6508
5548 69.6508
5549 69.6508
5550 69.6508
5551 69.6508
5552 69.6508
5553 69.6508
5554 69.6508
5555 69.6508
5556 69.6508
5557 69.6508
5558 69.6508
5559 69.6508
5560 69.6508
5561 69.6508
5562 69.6508
5563 69.6508
5564 69.6508
5565 69.6508
5566 69.6508
5567 69.6508
5568 69.6508
5569 69.6508
5570 69.6508
5571 69.6508
5572 69.6508
5573 69.6508
5574 69.6508
5575 69.6508
5576 69.6508
5577 69.6508
5578 69.6508
5579 69.6508
5580 69.6508
5581 69.6508
5582 69.6508
5583 69.6508
5584 69.6508
5585 69.6508
5586 69.6508
5587 69.6508
5588 69.6508
5589 69.6508
5590 69.6508
5591 69.6508
5592 69.6508
5593 69.6508
5594 69.6508
5595 69.6508
5596 69.6508
5597 69.6508
5598 69.6508
5599 69.6508
5600 69.6508
5601 69.6508
5602 69.6508
5603 69.6508
5604 69.6508
5605 69.6508
5606 69.6508
5607 69.6508
5608 69.6508
5609 69.6508
5610 69.6508
5611 69.6508
5612 69.6508
5613 69.6508
5614 69.6508
5615 69.6508
5616 69.6508
5617 69.6508
5618 69.6508
5619 69.6508
5620 69.6508
5621 69.6508
5622 69.6508
5623 69.6508
5624 69.6508
5625 69.6508
5626 69.6508
5627 69.6508
5628 69.6508
5629 69.6508
5630 69.6508
5631 69.6508
5632 69.6508
5633 69.6508
5634 69.6508
5635 69.6508
5636 69.6508
5637 69.6508
5638 69.6508
5639 69.6508
5640 69.6508
5641 69.1362
5642 69.1362
5643 69.1362
5644 69.1362
5645 69.1362
5646 69.1362
5647 69.1362
5648 69.1362
5649 69.1362
5650 69.1362
5651 69.1362
5652 69.1362
5653 69.1362
5654 69.1362
5655 69.1362
5656 69.1362
5657 69.1362
5658 69.1362
5659 69.1362
5660 69.1362
5661 69.1362
5662 69.1362
5663 69.1362
5664 69.1362
5665 69.1362
5666 69.1362
5667 69.1362
5668 69.1362
5669 69.1362
5670 69.1362
5671 69.1362
5672 69.1362
5673 69.1362
5674 69.1362
5675 69.1362
5676 69.1362
5677 69.1362
5678 69.1362
5679 69.1362
5680 69.1362
5681 69.1362
5682 69.1362
5683 69.1362
5684 69.1362
5685 69.1362
5686 69.1362
5687 69.1362
5688 69.1362
5689 69.1362
5690 69.1362
5691 69.1362
5692 69.1362
5693 69.1362
5694 69.1362
5695 69.1362
5696 69.1362
5697 69.1362
5698 69.1362
5699 69.1362
5700 69.1362
5701 69.1362
5702 69.1362
5703 69.1362
5704 69.1362
5705 69.1362
5706 69.1362
5707 69.1362
5708 69.1362
5709 69.1362
5710 69.1362
5711 69.1362
5712 69.1362
5713 69.1362
5714 69.1362
5715 69.1362
5716 69.1362
5717 69.1362
5718 69.1362
5719 69.1362
5720 69.1362
5721 69.1362
5722 69.1362
5723 69.1362
5724 69.1362
5725 69.1362
5726 69.1362
5727 69.1362
5728 69.1362
5729 69.1362
5730 69.1362
5731 69.1362
5732 69.1362
5733 69.1362
5734 69.1362
5735 69.1362
5736 69.1362
5737 69.1362
5738 69.1362
5739 69.1362
5740 69.1362
5741 69.1362
5742 69.1362
5743 69.1362
5744 69.1362
5745 69.1362
5746 69.1362
5747 69.1362
5748 69.1362
5749 69.1362
5750 69.1362
5751 69.1362
5752 69.1362
5753 69.1362
5754 69.1362
5755 69.1362
5756 69.1362
5757 69.1362
5758 69.1362
5759 69.1362
5760 69.1362
5761 69.1362
5762 69.1362
5763 69.1362
5764 69.1362
5765 69.1362
5766 69.1362
5767 69.1362
5768 69.1362
5769 69.1362
5770 69.1362
5771 69.1362
5772 69.1362
5773 69.1362
5774 69.1362
5775 69.1362
5776 69.1362
5777 69.1362
5778 69.1362
5779 69.1362
5780 69.1362
5781 69.1362
5782 69.1362
5783 69.1362
5784 69.1362
5785 69.1362
5786 69.1362
5787 69.1362
5788 69.1362
5789 69.1362
5790 69.1362
5791 69.1362
5792 69.1362
5793 69.1362
5794 69.1362
5795 69.1362
5796 69.1362
5797 69.1362
5798 69.1362
5799 69.1362
5800 69.1362
5801 69.1362
5802 69.1362
5803 69.1362
5804 69.1362
5805 69.1362
5806 69.1362
5807 69.1362
5808 69.1362
5809 69.1362
5810 69.1362
5811 69.1362
5812 69.1362
5813 69.1362
5814 69.1362
5815 69.1362
5816 69.1362
5817 69.1362
5818 69.1362
5819 69.1362
5820 69.1362
5821 69.1362
5822 69.1362
5823 69.1362
5824 69.1362
5825 69.1362
5826 69.1362
5827 69.1362
5828 69.1362
5829 69.1362
5830 69.1362
5831 69.1362
5832 69.1362
5833 69.1362
5834 69.1362
5835 69.1362
5836 69.1362
5837 69.1362
5838 69.1362
5839 69.1362
5840 69.1362
5841 69.1362
5842 69.1362
5843 69.1362
5844 69.1362
5845 69.1362
5846 69.1362
5847 69.1362
5848 69.1362
5849 69.1362
5850 69.1362
5851 69.1362
5852 69.1362
5853 69.1362
5854 69.1362
5855 69.1362
5856 69.1362
5857 69.1362
5858 69.1362
5859 69.1362
5860 69.1362
5861 69.1362
5862 69.1362
5863 69.1362
5864 69.1362
5865 69.1362
5866 69.1362
5867 69.1362
5868 69.1362
5869 69.1362
5870 69.1362
5871 69.1362
5872 69.1362
5873 69.1362
5874 69.1362
5875 69.1362
5876 69.1362
5877 69.1362
5878 69.1362
5879 69.1362
5880 69.1362
5881 69.1362
5882 69.1362
5883 69.1362
5884 69.1362
5885 69.1362
5886 69.1362
5887 69.1362
5888 69.1362
5889 69.1362
5890 69.1362
5891 69.1362
5892 69.1362
5893 69.1362
5894 69.1362
5895 69.1362
5896 69.1362
5897 69.1362
5898 69.1362
5899 69.1362
5900 69.1362
5901 69.1362
5902 69.1362
5903 69.1362
5904 69.1362
5905 69.1362
5906 69.1362
5907 69.1362
5908 69.1362
5909 69.1362
5910 69.1362
5911 69.1362
5912 69.1362
5913 69.1362
5914 69.1362
5915 69.1362
5916 69.1362
5917 69.1362
5918 69.1362
5919 69.1362
5920 69.1362
5921 69.1362
5922 69.1362
5923 69.1362
5924 69.1362
5925 69.1362
5926 69.1362
5927 69.1362
5928 69.1362
5929 69.1362
5930 69.1362
5931 69.1362
5932 69.1362
5933 69.1362
5934 69.1362
5935 69.1362
5936 69.1362
5937 69.1362
5938 69.1362
5939 69.1362
5940 69.1362
5941 69.1362
5942 69.1362
5943 69.1362
5944 69.1362
5945 69.1362
5946 69.1362
5947 69.1362
5948 69.1362
5949 69.1362
5950 69.1362
5951 69.1362
5952 69.1362
5953 69.1362
5954 69.1362
5955 69.1362
5956 69.1362
5957 69.1362
5958 69.1362
5959 69.1362
5960 69.1362
5961 69.1362
5962 69.1362
5963 69.1362
5964 69.1362
5965 69.1362
5966 69.1362
5967 69.1362
5968 69.1362
5969 69.1362
5970 69.1362
5971 69.1362
5972 69.1362
5973 69.1362
5974 69.1362
5975 69.1362
5976 69.1362
5977 69.1362
5978 69.1362
5979 69.1362
5980 69.1362
5981 69.1362
5982 69.1362
5983 69.1362
5984 69.1362
5985 69.1362
5986 69.1362
5987 69.1362
5988 69.1362
5989 69.1362
5990 69.1362
5991 69.1362
5992 69.1362
5993 69.1362
5994 69.1362
5995 69.1362
5996 69.1362
5997 69.1362
5998 69.1362
5999 69.1362
6000 69.1362
