1 436.844
2 422.843
3 395.459
4 391.761
5 371.314
6 369.635
7 360.866
8 358.352
9 356.833
10 347.095
11 343.875
12 339.423
13 336.635
14 333.864
15 325.11
16 318.968
17 316.071
18 316.464
19 316.174
20 309.799
21 308.438
22 303.308
23 301.974
24 300.247
25 300.247
26 300.247
27 297.599
28 296.121
29 288.24
30 288.24
31 288.24
32 285.699
33 285.68
34 285.059
35 280.633
36 280.62
37 275.091
38 276.339
39 276.339
40 269.095
41 268.643
42 268.643
43 266.023
44 265.261
45 259.098
46 256.618
47 255.275
48 255.275
49 254.723
50 254.723
51 246.766
52 245.84
53 244.024
54 243.374
55 239.397
56 239.397
57 235.928
58 233.999
59 232.715
60 229.589
61 229.589
62 226.977
63 225.488
64 225.488
65 224.648
66 224.371
67 222.345
68 222.345
69 221.563
70 221.138
71 219.124
72 217.884
73 217.884
74 217.884
75 212.705
76 212.297
77 212.297
78 212.297
79 209.252
80 209.076
81 208.622
82 206.381
83 206.381
84 206.381
85 205.154
86 204.763
87 204.763
88 202.149
89 202.149
90 202.149
91 201.492
92 201.492
93 201.492
94 198.568
95 199.149
96 197.6
97 197.576
98 196.308
99 197.576
100 197.269
101 196.227
102 196.227
103 194.471
104 194.471
105 194.12
106 194.12
107 194.093
108 194.093
109 193.099
110 193.099
111 193.099
112 193.099
113 193.099
114 193.099
115 192.565
116 191.217
117 191.217
118 191.217
119 189.085
120 189.085
121 187.713
122 187.563
123 187.563
124 186.538
125 185.692
126 185.692
127 185.638
128 185.638
129 185.692
130 185.692
131 185.692
132 182.535
133 182.535
134 182.535
135 182.535
136 181.896
137 180.369
138 180.369
139 176.385
140 176.385
141 175.358
142 175.358
143 175.358
144 172.063
145 172.063
146 172.063
147 168.658
148 168.658
149 168.231
150 167.896
151 167.896
152 167.884
153 167.283
154 167.427
155 167.427
156 167.39
157 166.853
158 164.108
159 163.614
160 163.614
161 163.31
162 163.31
163 160.746
164 159.321
165 159.321
166 159.321
167 153.586
168 153.586
169 152.22
170 152.22
171 152.031
172 152.031
173 152.031
174 150.12
175 150.12
176 150.12
177 149.836
178 149.836
179 149.836
180 149.975
181 149.975
182 149.893
183 149.89
184 148.593
185 147.19
186 147.19
187 147.19
188 145.685
189 145.572
190 145.685
191 145.685
192 145.685
193 145.685
194 145.509
195 145.509
196 144.202
197 144.202
198 144.202
199 144.202
200 144.069
201 144.069
202 144.069
203 144.069
204 141.929
205 141.929
206 141.929
207 141.929
208 141.929
209 141.929
210 140.836
211 141.199
212 141.199
213 140.692
214 140.065
215 139.921
216 139.684
217 139.684
218 139.684
219 138.811
220 139.279
221 138.445
222 138.445
223 138.445
224 138.312
225 138.445
226 138.445
227 138.445
228 137.757
229 136.676
230 137.757
231 137.757
232 137.226
233 137.226
234 137.226
235 137.226
236 137.226
237 137.226
238 136.915
239 137.166
240 137.166
241 137.166
242 137.166
243 137.166
244 137.166
245 137.166
246 137.166
247 135.965
248 135.257
249 134.943
250 132.36
251 130.927
252 132.36
253 132.36
254 131.912
255 131.912
256 131.912
257 131.912
258 131.877
259 131.877
260 131.877
261 131.877
262 131.877
263 131.386
264 131.386
265 131.386
266 131.351
267 130.908
268 131.324
269 131.351
270 129.08
271 129.08
272 129.08
273 129.08
274 129.046
275 129.046
276 129.046
277 128.603
278 128.603
279 128.603
280 127.837
281 127.837
282 127.837
283 127.817
284 127.158
285 127.34
286 127.34
287 127.34
288 127.34
289 125.79
290 125.79
291 125.79
292 125.79
293 125.79
294 125.79
295 125.79
296 125.79
297 125.79
298 125.321
299 125.321
300 124.361
301 124.361
302 124.361
303 124.031
304 124.031
305 124.031
306 124.031
307 124.031
308 124.031
309 124.031
310 124.031
311 123.988
312 123.738
313 123.738
314 123.738
315 123.738
316 121.199
317 123.408
318 121.199
319 121.199
320 121.199
321 120
322 120
323 120
324 120
325 119.509
326 119.509
327 119.509
328 119.509
329 119.509
330 117.337
331 117.337
332 117.337
333 117.337
334 117.337
335 117.337
336 117.337
337 114.497
338 114.497
339 114.497
340 114.497
341 114.497
342 114.497
343 114.038
344 114.038
345 114.038
346 114.038
347 114.038
348 114.038
349 114.038
350 114.038
351 113.782
352 113.782
353 113.285
354 113.285
355 113.285
356 113.285
357 113.285
358 113.285
359 113.285
360 113.285
361 113.285
362 113.285
363 114.658
364 114.658
365 114.658
366 114.38
367 114.658
368 114.658
369 114.658
370 114.535
371 114.535
372 114.658
373 114.658
374 114.082
375 114.082
376 114.082
377 114.082
378 114.082
379 114.082
380 114.082
381 114.082
382 113.551
383 114.082
384 114.031
385 114.031
386 113.865
387 113.865
388 113.865
389 113.865
390 113.474
391 113.338
392 112.391
393 111.559
394 112.391
395 111.892
396 111.892
397 111.892
398 111.892
399 111.892
400 111.892
401 110.703
402 110.703
403 110.703
404 110.703
405 110.703
406 110.703
407 110.703
408 110.703
409 110.694
410 110.338
411 109.244
412 108.898
413 108.898
414 108.898
415 108.898
416 108.898
417 108.898
418 108.898
419 108.898
420 108.355
421 108.355
422 108.355
423 108.355
424 108.355
425 108.355
426 108.355
427 108.355
428 108.355
429 108.355
430 108.355
431 108.355
432 108.355
433 107.943
434 107.943
435 107.943
436 107.335
437 107.335
438 107.335
439 107.663
440 107.663
441 107.663
442 107.663
443 107.663
444 107.663
445 107.663
446 107.663
447 107.663
448 106.95
449 106.95
450 106.482
451 106.933
452 106.933
453 106.933
454 106.933
455 106.933
456 106.933
457 106.933
458 106.275
459 106.275
460 106.101
461 106.101
462 105.829
463 105.829
464 105.829
465 105.829
466 105.829
467 105.829
468 105.829
469 105.829
470 105.829
471 105.829
472 105.35
473 105.35
474 105.35
475 105.35
476 105.35
477 105.35
478 105.35
479 105.35
480 105.065
481 105.065
482 105.065
483 104.879
484 105.065
485 105.065
486 104.267
487 104.267
488 104.267
489 104.267
490 104.267
491 104.267
492 104.267
493 104.154
494 103.648
495 103.648
496 103.648
497 103.648
498 103.648
499 103.648
500 103.648
501 103.648
502 103.648
503 102.853
504 102.853
505 102.853
506 102.853
507 102.853
508 102.853
509 102.735
510 102.735
511 102.619
512 102.619
513 102.501
514 102.501
515 102.501
516 102.501
517 102.501
518 102.501
519 102.501
520 102.501
521 102.098
522 102.098
523 102.098
524 101.779
525 101.779
526 99.3764
527 99.3764
528 99.3764
529 99.1088
530 99.1088
531 99.1088
532 98.9459
533 98.9459
534 98.9459
535 98.9459
536 98.9459
537 98.9459
538 98.9459
539 97.0111
540 97.0111
541 97.0111
542 97.0111
543 97.0111
544 97.0111
545 96.427
546 96.427
547 96.427
548 96.1078
549 96.1078
550 96.1078
551 95.314
552 95.314
553 95.314
554 95.314
555 95.314
556 95.314
557 95.314
558 95.314
559 95.314
560 95.314
561 95.314
562 95.314
563 94.9008
564 94.9008
565 94.9008
566 94.9008
567 94.9008
568 94.9008
569 94.9008
570 94.9008
571 94.9008
572 94.9008
573 94.9008
574 94.8971
575 94.8971
576 94.8971
577 93.3421
578 93.3421
579 93.3421
580 93.3421
581 93.3421
582 93.3421
583 93.3421
584 93.3421
585 93.3421
586 93.3421
587 93.3421
588 93.3421
589 93.3421
590 93.3421
591 93.3421
592 93.3421
593 93.3421
594 93.3421
595 93.3421
596 93.3421
597 93.3421
598 93.3421
599 93.3421
600 93.3421
601 93.3421
602 93.1917
603 93.3421
604 93.3048
605 93.3048
606 93.3048
607 93.0647
608 93.0647
609 92.7864
610 92.7864
611 92.7864
612 92.6568
613 92.6568
614 92.4168
615 92.4168
616 92.4168
617 92.4168
618 92.4168
619 92.4168
620 92.4168
621 92.4168
622 92.4168
623 92.4168
624 92.4168
625 92.4168
626 92.4168
627 92.2988
628 92.2988
629 92.2988
630 92.2988
631 92.2988
632 92.2988
633 92.2988
634 92.2988
635 91.572
636 91.4539
637 91.572
638 91.572
639 91.572
640 91.4539
641 91.4539
642 91.4539
643 91.4539
644 91.4539
645 91.4539
646 91.4539
647 91.4539
648 91.4539
649 91.4539
650 91.4539
651 91.4539
652 91.4539
653 91.4539
654 91.4539
655 91.4539
656 91.4179
657 91.4179
658 91.4179
659 91.4179
660 91.4179
661 91.4179
662 91.4179
663 91.4179
664 91.4179
665 91.4179
666 91.4179
667 91.4179
668 91.4179
669 91.4179
670 91.4179
671 91.4179
672 91.4179
673 91.4179
674 91.4179
675 90.5909
676 90.5909
677 90.5909
678 90.5909
679 90.5909
680 90.283
681 89.8734
682 89.8734
683 89.8734
684 89.8734
685 89.8734
686 89.8734
687 89.8734
688 89.6828
689 89.6828
690 89.6828
691 89.6828
692 89.6828
693 88.9749
694 88.9749
695 88.9749
696 88.9749
697 88.9749
698 88.9749
699 88.9749
700 88.9749
701 88.9749
702 88.9749
703 88.9749
704 88.9749
705 88.9749
706 88.9749
707 88.9749
708 88.9749
709 88.9749
710 88.9749
711 88.9749
712 88.9749
713 88.9749
714 88.9749
715 88.9749
716 88.9749
717 88.9749
718 88.9749
719 88.9749
720 88.9749
721 88.9749
722 88.9749
723 88.9749
724 88.9749
725 88.6333
726 88.6333
727 87.3079
728 87.3079
729 87.3079
730 87.3079
731 87.3079
732 87.3079
733 86.9663
734 87.3079
735 87.3079
736 87.3079
737 87.3079
738 87.3079
739 87.3079
740 87.3079
741 87.3079
742 87.3079
743 87.3079
744 87.3079
745 87.2224
746 87.2224
747 87.2224
748 87.2224
749 87.2224
750 87.2224
751 87.2224
752 87.2224
753 87.2224
754 87.2224
755 87.2224
756 87.2224
757 87.2224
758 87.2224
759 87.2224
760 87.2224
761 87.2224
762 87.2171
763 87.2171
764 87.2171
765 87.2171
766 87.2171
767 87.2171
768 87.2171
769 87.2171
770 87.2171
771 87.2171
772 87.2171
773 87.2171
774 87.2171
775 87.2171
776 87.2171
777 87.2171
778 87.2171
779 87.2171
780 87.2171
781 87.2171
782 87.2171
783 86.9935
784 86.9935
785 86.9935
786 86.9935
787 86.9935
788 86.9935
789 86.9935
790 86.9935
791 86.7445
792 86.7445
793 86.7445
794 86.7445
795 86.7445
796 86.7445
797 86.7445
798 86.7445
799 86.7445
800 86.7445
801 86.7445
802 86.7445
803 86.6418
804 86.6418
805 86.6418
806 86.6418
807 86.2846
808 86.2846
809 86.2846
810 86.1819
811 86.1819
812 86.1819
813 86.1819
814 86.1819
815 86.1819
816 86.1819
817 85.9703
818 85.9703
819 85.9703
820 85.9703
821 85.7201
822 85.7201
823 85.9703
824 85.9703
825 85.9703
826 85.9703
827 84.9765
828 84.9765
829 84.9765
830 84.9765
831 84.9765
832 84.9765
833 84.9765
834 84.9765
835 84.9765
836 84.9765
837 84.9765
838 84.9765
839 84.9509
840 84.9509
841 84.9509
842 84.9509
843 84.9509
844 84.9509
845 84.9509
846 84.9509
847 84.9509
848 84.9509
849 84.9509
850 84.9509
851 84.9509
852 84.9509
853 84.9509
854 84.3587
855 84.3587
856 84.3587
857 84.3587
858 84.3587
859 84.3587
860 84.3587
861 84.3587
862 84.3587
863 84.3587
864 84.3587
865 83.9431
866 83.9431
867 83.9431
868 83.8961
869 83.9431
870 83.9431
871 83.9431
872 83.9431
873 83.9431
874 83.9431
875 83.9223
876 83.9223
877 83.9223
878 83.9223
879 83.9223
880 83.9223
881 83.9223
882 83.9223
883 83.9223
884 83.9223
885 83.9223
886 83.9223
887 83.9223
888 83.9223
889 83.8923
890 83.8923
891 83.9223
892 83.9223
893 83.8923
894 83.8923
895 83.8923
896 83.8923
897 83.8923
898 83.8923
899 83.8923
900 83.8923
901 83.8923
902 83.8923
903 83.8923
904 83.8923
905 83.8923
906 83.8923
907 83.8923
908 82.968
909 82.968
910 82.968
911 82.968
912 82.968
913 82.968
914 82.968
915 82.968
916 82.968
917 82.8389
918 82.8389
919 82.8389
920 82.8389
921 82.8389
922 82.5883
923 82.4538
924 82.5883
925 82.5883
926 82.5883
927 82.5883
928 82.5883
929 82.5883
930 82.5883
931 82.5883
932 82.5883
933 82.5883
934 82.5883
935 82.5883
936 82.5883
937 82.5883
938 82.5883
939 82.5883
940 82.5883
941 82.5791
942 82.5791
943 82.4929
944 82.4929
945 80.9995
946 80.9995
947 80.9995
948 80.9995
949 80.9995
950 80.9995
951 80.9995
952 80.9995
953 80.9995
954 80.9995
955 80.9995
956 80.9995
957 80.9995
958 80.9995
959 80.9995
960 80.9995
961 80.9995
962 80.9995
963 80.9995
964 80.9995
965 80.9995
966 80.9995
967 80.7449
968 80.7449
969 80.7449
970 80.7449
971 80.7449
972 80.7449
973 80.5472
974 80.5472
975 80.5472
976 80.3108
977 80.2926
978 80.2926
979 79.8585
980 79.8585
981 79.8585
982 79.8585
983 79.8585
984 79.8585
985 79.8585
986 79.8585
987 79.8585
988 79.8585
989 79.8585
990 79.8585
991 79.8585
992 79.8585
993 79.8585
994 79.8585
995 79.8585
996 79.8585
997 79.8585
998 79.8585
999 79.8585
1000 79.8585
1001 79.8585
1002 79.8585
1003 79.8585
1004 79.7087
1005 79.7087
1006 79.7087
1007 79.6473
1008 79.6473
1009 79.6473
1010 79.5272
1011 79.5272
1012 79.5272
1013 79.5272
1014 79.5272
1015 79.5272
1016 79.5272
1017 79.5272
1018 79.5272
1019 79.5272
1020 79.5272
1021 79.5272
1022 79.5272
1023 79.5272
1024 79.5272
1025 79.5272
1026 79.5272
1027 79.5272
1028 79.5272
1029 79.5272
1030 79.5272
1031 79.5272
1032 79.2074
1033 79.2074
1034 79.2074
1035 79.2074
1036 79.2074
1037 79.2074
1038 79.2074
1039 79.2074
1040 79.2074
1041 79.2074
1042 79.2074
1043 79.2074
1044 79.2074
1045 79.2074
1046 79.2074
1047 79.2074
1048 79.2074
1049 79.2074
1050 79.2074
1051 79.2074
1052 79.2074
1053 79.0859
1054 79.0859
1055 79.0859
1056 79.0859
1057 79.0859
1058 79.0859
1059 79.0859
1060 79.0859
1061 79.0859
1062 79.0859
1063 79.0859
1064 79.0859
1065 79.0859
1066 79.0859
1067 78.9868
1068 78.4574
1069 78.4574
1070 78.4473
1071 78.4473
1072 78.4473
1073 78.4473
1074 78.4473
1075 78.4473
1076 78.4473
1077 78.4473
1078 78.4473
1079 78.4042
1080 78.4042
1081 78.4042
1082 78.4042
1083 78.4042
1084 78.4042
1085 78.4042
1086 78.4042
1087 78.4042
1088 78.4042
1089 78.4042
1090 78.4042
1091 78.4042
1092 78.4042
1093 78.4042
1094 78.4042
1095 78.4042
1096 78.4042
1097 78.4042
1098 78.4042
1099 78.4042
1100 78.4042
1101 78.4042
1102 78.4042
1103 78.4042
1104 78.4042
1105 78.4042
1106 78.4042
1107 78.4042
1108 78.4042
1109 78.4042
1110 78.4042
1111 78.4042
1112 78.4042
1113 78.4042
1114 78.4042
1115 78.4042
1116 78.4042
1117 78.4042
1118 78.4042
1119 78.4042
1120 77.9926
1121 78.4042
1122 78.4042
1123 78.4042
1124 78.4042
1125 78.4042
1126 78.4042
1127 78.4042
1128 78.4042
1129 78.4042
1130 78.4042
1131 78.4042
1132 78.4042
1133 78.4042
1134 78.3378
1135 78.3378
1136 78.3378
1137 78.3378
1138 78.3378
1139 78.3378
1140 78.3378
1141 78.3378
1142 78.3378
1143 78.3378
1144 78.3378
1145 78.3378
1146 78.0795
1147 78.0795
1148 78.0795
1149 78.0795
1150 78.0795
1151 78.0795
1152 78.0795
1153 78.0795
1154 78.0795
1155 78.0795
1156 78.0795
1157 78.0795
1158 78.0795
1159 78.0795
1160 77.7891
1161 77.7891
1162 77.7891
1163 77.7891
1164 77.7891
1165 77.7891
1166 77.7891
1167 77.7891
1168 77.7891
1169 77.7891
1170 77.7891
1171 77.7891
1172 77.7891
1173 77.7891
1174 77.7891
1175 77.7891
1176 77.7891
1177 77.7891
1178 77.7891
1179 77.7891
1180 77.5801
1181 77.2609
1182 77.2609
1183 77.2609
1184 77.2609
1185 77.2609
1186 77.2609
1187 77.2609
1188 77.2609
1189 77.2609
1190 77.2609
1191 77.2609
1192 77.2609
1193 77.2609
1194 77.2609
1195 77.2609
1196 77.2609
1197 77.1612
1198 77.1612
1199 77.1612
1200 77.1612
1201 77.1612
1202 77.1612
1203 77.1612
1204 77.1612
1205 77.1612
1206 77.1612
1207 77.1612
1208 77.1612
1209 77.1612
1210 77.1612
1211 77.1612
1212 77.1612
1213 77.1612
1214 77.1612
1215 77.1612
1216 77.1612
1217 77.003
1218 77.003
1219 77.003
1220 77.003
1221 77.003
1222 77.003
1223 77.003
1224 77.003
1225 77.003
1226 77.003
1227 77.003
1228 77.003
1229 77.003
1230 77.003
1231 77.003
1232 77.003
1233 77.003
1234 77.003
1235 77.003
1236 76.3535
1237 76.3535
1238 76.3535
1239 76.3535
1240 76.3535
1241 76.3535
1242 76.3535
1243 76.3535
1244 76.3535
1245 76.3535
1246 76.3535
1247 76.3535
1248 76.3535
1249 76.3535
1250 76.3535
1251 76.3535
1252 76.3535
1253 76.3535
1254 76.3535
1255 76.3535
1256 76.3535
1257 76.3535
1258 76.3535
1259 76.3535
1260 76.3535
1261 76.3535
1262 76.3535
1263 76.3535
1264 76.3535
1265 76.3535
1266 76.3535
1267 76.2444
1268 76.2444
1269 76.2444
1270 76.2444
1271 76.2444
1272 76.2444
1273 76.2444
1274 76.2444
1275 76.2444
1276 76.2444
1277 76.2444
1278 76.2444
1279 76.2444
1280 76.2444
1281 76.2444
1282 76.2444
1283 76.2444
1284 76.2444
1285 76.2444
1286 76.2444
1287 76.2444
1288 76.2444
1289 76.2444
1290 76.2444
1291 76.2444
1292 76.2444
1293 76.2444
1294 76.2444
1295 76.2402
1296 76.2402
1297 76.2402
1298 76.2402
1299 76.2402
1300 76.1394
1301 76.1394
1302 76.1394
1303 76.1394
1304 76.1394
1305 76.1394
1306 76.1394
1307 76.1394
1308 76.1394
1309 76.1394
1310 76.1394
1311 76.1394
1312 76.1394
1313 76.1394
1314 76.1394
1315 76.0652
1316 76.0652
1317 76.0652
1318 76.0652
1319 76.0652
1320 76.0652
1321 76.0266
1322 76.0266
1323 76.0266
1324 76.0266
1325 76.0266
1326 76.0266
1327 76.0266
1328 76.0266
1329 76.0266
1330 76.0266
1331 76.0266
1332 76.0266
1333 76.0266
1334 76.0266
1335 76.0266
1336 76.0266
1337 76.0266
1338 76.0266
1339 76.0266
1340 76.0266
1341 76.0266
1342 76.0266
1343 76.0266
1344 76.0266
1345 76.0266
1346 76.0266
1347 76.0266
1348 76.0266
1349 75.9033
1350 75.9033
1351 75.9033
1352 75.9033
1353 75.9033
1354 75.9033
1355 75.9033
1356 75.9033
1357 75.9033
1358 75.9033
1359 75.9033
1360 75.9033
1361 75.9033
1362 75.9033
1363 75.9033
1364 75.9033
1365 75.9033
1366 75.9033
1367 75.9033
1368 75.9033
1369 75.9033
1370 75.9033
1371 75.9033
1372 75.9033
1373 75.9033
1374 75.9033
1375 75.9033
1376 75.9033
1377 75.9033
1378 75.9033
1379 75.9033
1380 75.8291
1381 75.8291
1382 75.8291
1383 75.8291
1384 75.8291
1385 75.8291
1386 75.8291
1387 75.8291
1388 75.8291
1389 75.8291
1390 75.8291
1391 75.8291
1392 75.8291
1393 75.8291
1394 75.8291
1395 75.8291
1396 75.8291
1397 75.8291
1398 75.8291
1399 75.8291
1400 75.8291
1401 75.8291
1402 75.8291
1403 75.8291
1404 75.8291
1405 75.8291
1406 75.8291
1407 75.8291
1408 75.8291
1409 75.8291
1410 75.8291
1411 75.8291
1412 75.8291
1413 75.348
1414 75.348
1415 75.348
1416 75.348
1417 75.348
1418 75.348
1419 75.348
1420 75.348
1421 75.348
1422 75.348
1423 75.348
1424 75.348
1425 75.348
1426 75.348
1427 75.348
1428 75.348
1429 75.348
1430 75.348
1431 75.348
1432 75.1597
1433 75.1597
1434 75.1597
1435 75.2088
1436 75.2088
1437 75.2088
1438 75.2088
1439 75.2088
1440 75.2088
1441 75.2088
1442 75.2088
1443 75.2088
1444 75.2088
1445 75.2088
1446 75.2088
1447 75.2088
1448 75.2088
1449 75.2088
1450 75.2088
1451 75.2088
1452 75.2088
1453 75.2088
1454 75.1533
1455 75.2088
1456 75.2088
1457 75.2088
1458 75.2088
1459 75.2088
1460 75.2088
1461 75.2088
1462 75.2088
1463 75.2088
1464 75.2088
1465 75.2088
1466 75.2088
1467 75.2088
1468 75.2088
1469 75.2088
1470 75.2088
1471 75.2088
1472 75.2088
1473 75.2088
1474 75.2088
1475 75.2088
1476 75.2088
1477 75.2088
1478 75.2088
1479 75.2088
1480 75.2088
1481 75.2088
1482 75.2088
1483 75.2088
1484 75.2088
1485 75.2088
1486 75.2088
1487 75.2088
1488 75.2088
1489 75.2088
1490 75.2088
1491 75.2088
1492 75.2088
1493 75.2088
1494 75.2088
1495 75.2088
1496 75.2088
1497 75.2088
1498 75.2088
1499 75.2088
1500 75.2088
1501 75.2088
1502 75.2088
1503 75.2088
1504 74.9122
1505 74.9122
1506 74.9122
1507 74.9122
1508 74.9122
1509 74.9122
1510 74.9122
1511 74.9122
1512 74.9122
1513 74.9122
1514 74.9122
1515 74.9122
1516 74.9122
1517 74.9122
1518 74.9122
1519 74.9122
1520 74.9122
1521 74.9122
1522 74.9122
1523 74.9122
1524 74.9122
1525 74.9122
1526 74.9122
1527 74.9122
1528 74.9122
1529 74.9122
1530 74.9122
1531 74.9122
1532 74.9122
1533 74.9122
1534 74.9122
1535 74.4035
1536 74.4035
1537 74.4035
1538 74.4035
1539 74.4035
1540 74.4035
1541 74.4035
1542 74.4035
1543 74.4035
1544 74.4035
1545 74.4035
1546 74.4035
1547 74.4035
1548 74.4035
1549 74.4035
1550 74.4035
1551 74.4035
1552 74.4035
1553 74.1131
1554 74.1131
1555 74.1131
1556 74.1131
1557 74.1131
1558 74.1131
1559 74.1131
1560 74.1131
1561 74.1131
1562 74.1131
1563 74.1131
1564 74.1131
1565 74.1131
1566 74.1131
1567 74.1131
1568 74.1131
1569 74.1131
1570 74.1131
1571 74.1131
1572 74.1131
1573 74.1131
1574 74.1131
1575 74.1131
1576 74.1131
1577 74.1131
1578 74.1131
1579 74.1131
1580 74.1131
1581 74.1131
1582 74.1131
1583 74.1131
1584 74.1131
1585 74.1131
1586 74.1131
1587 74.1131
1588 74.1131
1589 74.1131
1590 74.1131
1591 74.1131
1592 74.1131
1593 74.1131
1594 74.1131
1595 74.1131
1596 74.1131
1597 74.1131
1598 74.1131
1599 74.1131
1600 74.1131
1601 74.1131
1602 74.1131
1603 74.1131
1604 74.1088
1605 74.1088
1606 74.1088
1607 74.1088
1608 74.1088
1609 74.1088
1610 74.1088
1611 74.1088
1612 74.1088
1613 74.1088
1614 74.1088
1615 74.1088
1616 74.1088
1617 74.1088
1618 74.1088
1619 74.1088
1620 74.1088
1621 73.6835
1622 73.6835
1623 73.6835
1624 73.6835
1625 73.6835
1626 73.6835
1627 73.6835
1628 73.6835
1629 73.6835
1630 73.6835
1631 73.6835
1632 73.6835
1633 73.6835
1634 73.6835
1635 73.6835
1636 73.6835
1637 73.6835
1638 73.6835
1639 73.6835
1640 73.6835
1641 73.4325
1642 73.4325
1643 73.4325
1644 73.4325
1645 73.4325
1646 73.4325
1647 73.4325
1648 73.4325
1649 73.4325
1650 73.4325
1651 73.4325
1652 73.4325
1653 73.4325
1654 73.4325
1655 73.4325
1656 73.4325
1657 73.4325
1658 73.4325
1659 73.4325
1660 73.1281
1661 72.9504
1662 72.9504
1663 72.9504
1664 72.9504
1665 72.9504
1666 72.9504
1667 72.9504
1668 72.9504
1669 72.9504
1670 72.9504
1671 72.9504
1672 72.9504
1673 72.9504
1674 72.9504
1675 72.9504
1676 72.9504
1677 72.9504
1678 72.9504
1679 72.9504
1680 72.9504
1681 72.9504
1682 72.9504
1683 72.9504
1684 72.9504
1685 72.9504
1686 72.9504
1687 72.9504
1688 72.9504
1689 72.9504
1690 72.9504
1691 72.9504
1692 72.9504
1693 72.9504
1694 72.9504
1695 72.9504
1696 72.9504
1697 72.9504
1698 72.9504
1699 72.9504
1700 72.9504
1701 72.9504
1702 72.9504
1703 72.9504
1704 72.9504
1705 72.9504
1706 72.916
1707 72.916
1708 72.916
1709 72.8931
1710 72.8931
1711 72.8931
1712 72.8931
1713 72.8931
1714 72.8931
1715 72.8931
1716 72.8931
1717 72.8931
1718 72.8931
1719 72.8931
1720 72.8931
1721 72.8931
1722 72.8931
1723 72.8931
1724 72.8931
1725 72.8931
1726 72.8931
1727 72.8931
1728 72.8931
1729 72.8931
1730 72.8931
1731 72.5853
1732 72.5853
1733 72.5853
1734 72.5853
1735 72.5853
1736 72.5853
1737 72.5853
1738 72.5853
1739 72.5853
1740 72.5853
1741 72.5853
1742 72.5853
1743 72.5853
1744 72.5853
1745 72.5853
1746 72.5853
1747 72.5853
1748 72.5853
1749 72.5853
1750 72.5853
1751 72.5853
1752 72.5853
1753 72.5853
1754 72.5853
1755 72.5853
1756 72.5853
1757 72.5853
1758 72.5853
1759 72.5853
1760 72.5853
1761 72.5853
1762 72.5853
1763 72.5853
1764 72.5853
1765 72.5853
1766 72.5853
1767 72.5853
1768 72.5853
1769 72.5853
1770 72.5853
1771 72.5853
1772 72.3348
1773 72.3348
1774 72.3348
1775 72.3348
1776 72.5853
1777 72.5853
1778 72.5853
1779 72.5853
1780 72.5853
1781 72.5853
1782 72.5853
1783 72.5853
1784 72.271
1785 72.271
1786 72.271
1787 72.271
1788 72.5853
1789 72.5853
1790 72.5853
1791 72.5853
1792 72.5853
1793 72.5853
1794 72.5853
1795 72.5853
1796 72.1263
1797 72.1263
1798 72.5853
1799 72.5853
1800 72.5853
1801 72.5853
1802 72.5853
1803 72.5853
1804 72.5853
1805 72.5853
1806 72.5853
1807 72.5853
1808 72.5853
1809 72.5853
1810 72.5853
1811 72.5853
1812 72.5853
1813 72.1542
1814 72.1542
1815 72.1542
1816 72.1542
1817 72.1542
1818 72.1542
1819 72.1542
1820 72.1542
1821 72.1542
1822 72.1542
1823 72.1542
1824 72.1542
1825 72.1542
1826 72.1542
1827 72.1542
1828 72.1542
1829 72.1542
1830 72.1542
1831 72.1542
1832 72.1542
1833 72.1542
1834 72.1542
1835 72.1542
1836 72.1542
1837 72.1542
1838 72.1542
1839 72.1542
1840 72.1542
1841 72.1542
1842 72.1542
1843 72.1542
1844 72.1542
1845 72.1542
1846 72.1542
1847 72.1542
1848 72.1542
1849 72.1542
1850 72.1542
1851 72.1542
1852 72.1542
1853 72.1542
1854 72.1542
1855 72.1542
1856 72.1542
1857 72.1542
1858 72.1542
1859 72.1542
1860 72.1542
1861 72.1542
1862 72.1542
1863 72.1542
1864 72.1542
1865 72.1542
1866 72.1542
1867 72.1542
1868 72.1542
1869 72.1542
1870 72.1542
1871 72.1542
1872 72.1542
1873 72.1542
1874 72.1542
1875 72.1542
1876 72.1542
1877 72.1542
1878 72.1542
1879 72.1542
1880 72.1542
1881 72.1542
1882 72.1542
1883 72.1542
1884 72.1542
1885 72.1542
1886 72.1542
1887 72.1542
1888 72.1542
1889 72.1542
1890 72.1542
1891 72.1542
1892 72.1542
1893 72.1542
1894 72.1542
1895 72.1542
1896 72.1542
1897 72.1542
1898 72.1542
1899 72.1542
1900 72.1542
1901 72.1542
1902 72.1542
1903 72.1542
1904 72.1542
1905 72.1542
1906 72.1542
1907 72.1542
1908 72.1542
1909 72.1542
1910 72.1542
1911 72.1542
1912 72.1542
1913 72.1542
1914 72.1542
1915 72.1542
1916 72.1542
1917 72.1542
1918 72.1542
1919 72.1542
1920 72.1542
1921 72.1542
1922 72.1542
1923 72.1542
1924 72.1542
1925 72.1542
1926 72.1542
1927 72.1542
1928 72.1542
1929 72.1542
1930 72.1542
1931 72.1542
1932 72.1542
1933 72.1542
1934 72.1542
1935 72.1542
1936 72.1542
1937 72.1542
1938 72.1542
1939 72.1542
1940 72.1542
1941 72.1542
1942 72.1542
1943 72.1542
1944 72.1542
1945 72.1542
1946 72.1542
1947 72.1542
1948 72.1542
1949 72.1542
1950 72.1542
1951 72.1542
1952 72.1542
1953 72.1542
1954 71.9203
1955 71.9203
1956 71.9203
1957 71.9203
1958 71.9203
1959 71.9203
1960 71.9203
1961 71.9203
1962 71.9203
1963 71.9203
1964 71.9203
1965 71.9203
1966 71.9203
1967 71.9203
1968 71.9203
1969 71.9203
1970 71.9203
1971 71.9203
1972 71.9203
1973 71.9203
1974 71.9203
1975 71.9203
1976 71.9203
1977 71.9203
1978 71.9203
1979 71.9203
1980 71.9203
1981 71.9203
1982 71.9203
1983 71.9203
1984 71.9203
1985 71.9203
1986 71.9203
1987 71.9203
1988 71.9203
1989 71.9203
1990 71.9203
1991 71.9203
1992 71.9203
1993 71.9203
1994 71.9203
1995 71.9203
1996 71.9203
1997 71.9203
1998 71.9203
1999 71.9203
2000 71.9203
2001 71.9203
2002 71.9203
2003 71.9203
2004 71.9203
2005 71.9203
2006 71.9203
2007 71.9203
2008 71.9203
2009 71.9203
2010 71.9203
2011 71.9203
2012 71.9203
2013 71.9203
2014 71.9203
2015 71.9203
2016 71.9203
2017 71.9203
2018 71.6146
2019 71.6146
2020 71.6146
2021 71.6146
2022 71.6146
2023 71.6146
2024 71.6146
2025 71.6146
2026 71.6146
2027 71.6146
2028 71.6146
2029 71.6146
2030 71.6146
2031 71.6146
2032 71.6146
2033 71.6146
2034 71.6146
2035 71.6146
2036 71.6146
2037 71.6146
2038 71.6146
2039 71.6146
2040 71.6146
2041 71.6146
2042 71.6146
2043 71.6146
2044 71.6146
2045 71.6146
2046 71.6146
2047 71.6146
2048 71.6146
2049 71.6146
2050 71.6146
2051 71.6146
2052 71.6146
2053 71.6146
2054 71.6146
2055 71.6146
2056 71.6146
2057 71.6146
2058 71.6146
2059 71.6146
2060 71.6146
2061 71.6146
2062 71.6146
2063 71.6146
2064 71.6146
2065 71.6146
2066 71.6146
2067 71.6146
2068 71.6146
2069 71.6146
2070 71.6146
2071 71.6146
2072 71.6146
2073 71.6146
2074 71.6146
2075 71.6146
2076 71.6146
2077 71.3641
2078 71.3641
2079 71.3641
2080 71.3641
2081 71.3641
2082 71.3641
2083 71.3641
2084 71.3641
2085 71.3641
2086 71.3641
2087 71.3641
2088 71.3641
2089 71.3641
2090 71.3641
2091 71.3641
2092 71.3641
2093 71.3641
2094 71.3641
2095 71.3641
2096 71.3641
2097 71.3641
2098 71.3641
2099 71.3641
2100 71.3641
2101 71.3641
2102 71.3641
2103 71.3641
2104 71.3641
2105 71.3641
2106 71.3641
2107 71.3641
2108 71.3641
2109 71.3641
2110 71.3641
2111 71.3641
2112 71.3641
2113 71.3641
2114 71.3641
2115 71.3641
2116 71.3641
2117 71.3641
2118 71.3641
2119 71.3641
2120 71.3641
2121 71.3641
2122 71.3641
2123 71.3641
2124 71.3641
2125 71.3641
2126 71.3641
2127 71.3641
2128 71.3641
2129 71.3641
2130 71.3641
2131 71.3641
2132 71.3641
2133 71.3641
2134 71.159
2135 71.159
2136 71.159
2137 71.159
2138 71.159
2139 71.159
2140 71.159
2141 71.159
2142 71.159
2143 71.159
2144 71.159
2145 71.159
2146 71.159
2147 71.159
2148 71.159
2149 71.159
2150 71.159
2151 71.159
2152 71.159
2153 71.159
2154 71.159
2155 71.159
2156 71.159
2157 71.159
2158 71.159
2159 71.159
2160 71.159
2161 71.159
2162 71.159
2163 71.159
2164 71.159
2165 71.159
2166 71.159
2167 71.159
2168 71.159
2169 71.159
2170 71.159
2171 71.159
2172 71.159
2173 71.159
2174 71.159
2175 71.159
2176 71.159
2177 71.159
2178 71.159
2179 71.159
2180 71.159
2181 71.159
2182 71.159
2183 71.159
2184 71.159
2185 71.159
2186 71.159
2187 71.159
2188 71.159
2189 71.159
2190 71.159
2191 71.159
2192 71.159
2193 71.159
2194 71.159
2195 71.159
2196 71.159
2197 71.159
2198 70.8546
2199 70.8546
2200 70.8546
2201 70.8546
2202 70.8546
2203 70.8546
2204 70.8546
2205 70.8546
2206 70.8546
2207 70.8546
2208 70.8546
2209 70.8546
2210 70.8546
2211 70.8546
2212 70.8546
2213 70.5843
2214 70.5843
2215 70.5843
2216 70.5843
2217 70.5843
2218 70.5843
2219 70.5843
2220 70.5843
2221 70.5843
2222 70.5843
2223 70.5843
2224 70.5843
2225 70.5843
2226 70.5843
2227 70.5843
2228 70.5843
2229 70.5843
2230 70.5843
2231 70.5843
2232 70.5843
2233 70.5843
2234 70.5843
2235 70.5843
2236 70.5843
2237 70.5843
2238 70.5843
2239 70.5843
2240 70.5843
2241 70.5843
2242 70.5843
2243 70.5843
2244 70.5843
2245 70.5843
2246 70.5843
2247 70.5843
2248 70.5843
2249 70.5843
2250 70.5843
2251 70.5843
2252 70.5843
2253 70.5843
2254 70.5843
2255 70.5843
2256 70.5843
2257 70.5843
2258 70.5843
2259 70.5843
2260 70.5843
2261 70.5843
2262 70.5843
2263 70.5843
2264 70.5843
2265 70.5843
2266 70.5843
2267 70.5843
2268 70.5843
2269 70.5843
2270 70.5843
2271 70.5843
2272 70.5843
2273 70.5843
2274 70.5843
2275 70.5843
2276 70.5843
2277 70.5843
2278 70.5843
2279 70.5843
2280 70.5843
2281 70.5843
2282 70.5843
2283 70.5843
2284 70.5843
2285 70.5843
2286 70.5843
2287 70.5843
2288 70.5843
2289 70.5843
2290 70.5843
2291 70.5843
2292 70.5843
2293 70.5843
2294 70.5843
2295 70.5843
2296 70.5843
2297 70.5843
2298 70.5843
2299 70.5843
2300 70.5843
2301 70.5843
2302 70.5843
2303 70.5843
2304 70.5843
2305 70.5843
2306 70.5843
2307 70.5843
2308 70.5843
2309 70.5843
2310 70.5843
2311 70.5843
2312 70.5843
2313 70.5843
2314 70.5843
2315 70.5843
2316 70.5843
2317 70.5843
2318 70.5843
2319 70.5843
2320 70.5843
2321 70.5843
2322 70.5843
2323 70.5843
2324 70.5843
2325 70.5843
2326 70.5843
2327 70.5843
2328 70.5843
2329 70.5843
2330 70.5843
2331 70.5843
2332 70.5843
2333 70.5843
2334 70.5843
2335 70.5843
2336 70.5843
2337 70.5843
2338 70.5843
2339 70.5843
2340 70.5843
2341 70.5843
2342 70.5843
2343 70.5843
2344 70.5843
2345 70.5843
2346 70.5843
2347 70.5843
2348 70.5843
2349 70.5843
2350 70.5843
2351 70.5843
2352 70.5843
2353 70.5843
2354 70.5843
2355 70.5843
2356 70.4028
2357 70.4028
2358 70.4028
2359 70.4028
2360 70.4028
2361 70.4028
2362 70.4028
2363 70.4028
2364 70.4028
2365 70.4028
2366 70.4028
2367 70.4028
2368 70.4028
2369 70.4028
2370 70.4028
2371 70.4028
2372 70.4028
2373 70.4028
2374 70.4028
2375 70.4028
2376 70.4028
2377 70.4028
2378 70.4028
2379 70.4028
2380 70.4028
2381 70.4028
2382 70.4028
2383 70.4028
2384 70.4028
2385 70.4028
2386 70.4028
2387 70.4028
2388 70.4028
2389 70.4028
2390 70.4028
2391 70.4028
2392 70.4028
2393 70.4028
2394 70.4028
2395 70.4028
2396 70.4028
2397 70.4028
2398 70.4028
2399 70.4028
2400 70.4028
2401 70.1508
2402 70.1508
2403 70.1508
2404 70.1508
2405 70.1508
2406 70.1508
2407 70.1508
2408 70.1508
2409 70.0694
2410 70.0694
2411 70.0103
2412 70.0103
2413 70.0103
2414 70.0103
2415 70.0103
2416 70.0103
2417 70.0103
2418 70.0103
2419 69.6769
2420 69.6769
2421 69.6769
2422 69.6769
2423 69.6769
2424 69.6769
2425 69.6769
2426 69.6769
2427 69.6769
2428 69.6769
2429 69.6769
2430 69.6769
2431 69.6769
2432 69.6769
2433 69.6769
2434 69.6769
2435 69.6769
2436 69.6769
2437 69.6769
2438 69.6769
2439 69.6769
2440 69.6769
2441 69.6769
2442 69.6769
2443 69.6769
2444 69.6769
2445 68.9467
2446 68.9467
2447 68.9467
2448 68.9467
2449 68.9467
2450 68.9467
2451 68.9467
2452 68.9467
2453 68.9467
2454 68.9467
2455 68.9467
2456 68.9467
2457 68.9467
2458 68.9467
2459 68.9467
2460 68.9467
2461 68.9467
2462 68.9467
2463 68.9467
2464 68.9467
2465 68.9467
2466 68.9467
2467 68.9467
2468 68.9467
2469 68.9467
2470 68.9467
2471 68.9467
2472 68.9467
2473 68.9467
2474 68.9467
2475 68.9467
2476 68.9467
2477 68.9467
2478 68.9467
2479 68.9467
2480 68.9467
2481 68.9467
2482 68.9467
2483 68.9467
2484 68.9467
2485 68.9467
2486 68.9467
2487 68.9467
2488 68.9467
2489 68.9467
2490 68.9467
2491 68.9467
2492 68.9467
2493 68.9467
2494 68.9467
2495 68.9467
2496 68.9467
2497 68.9467
2498 68.9467
2499 68.9467
2500 68.9467
2501 68.9467
2502 68.9467
2503 68.9467
2504 68.9467
2505 68.9467
2506 68.9467
2507 68.9467
2508 68.9467
2509 68.9467
2510 68.9467
2511 68.9467
2512 68.9467
2513 68.9467
2514 68.9467
2515 68.9467
2516 68.9467
2517 68.9467
2518 68.9467
2519 68.9467
2520 68.9467
2521 68.9467
2522 68.9467
2523 68.9467
2524 68.9467
2525 68.9467
2526 68.9467
2527 68.9467
2528 68.9467
2529 68.9467
2530 68.9467
2531 68.9467
2532 68.9467
2533 68.9467
2534 68.9467
2535 68.9467
2536 68.9467
2537 68.9467
2538 68.9467
2539 68.9467
2540 68.9467
2541 68.9467
2542 68.9467
2543 68.9467
2544 68.9467
2545 68.9467
2546 68.9467
2547 68.9467
2548 68.9467
2549 68.9467
2550 68.9467
2551 68.9467
2552 68.9467
2553 68.9467
2554 68.9467
2555 68.9467
2556 68.9467
2557 68.9467
2558 68.9467
2559 68.9467
2560 68.9467
2561 68.9467
2562 68.9467
2563 68.9467
2564 68.9467
2565 68.9467
2566 68.9467
2567 68.9467
2568 68.9467
2569 68.9467
2570 68.9467
2571 68.9467
2572 68.9467
2573 68.9467
2574 68.9467
2575 68.9467
2576 68.9467
2577 68.9467
2578 68.9467
2579 68.9467
2580 68.9467
2581 68.9467
2582 68.9467
2583 68.9467
2584 68.9467
2585 68.9467
2586 68.9467
2587 68.9467
2588 68.9467
2589 68.9467
2590 68.9467
2591 68.9467
2592 68.9467
2593 68.9467
2594 68.9467
2595 68.9467
2596 68.9467
2597 68.9467
2598 68.9467
2599 68.9467
2600 68.9467
2601 68.9467
2602 68.9467
2603 68.9467
2604 68.9467
2605 68.9467
2606 68.9467
2607 68.9467
2608 68.9467
2609 68.9467
2610 68.9467
2611 68.9467
2612 68.9467
2613 68.9467
2614 68.9467
2615 68.9467
2616 68.9467
2617 68.9467
2618 68.9467
2619 68.9467
2620 68.9467
2621 68.9467
2622 68.9467
2623 68.9467
2624 68.9467
2625 68.9467
2626 68.9467
2627 68.9467
2628 68.9467
2629 68.9467
2630 68.9467
2631 68.9467
2632 68.9467
2633 68.9467
2634 68.9467
2635 68.9467
2636 68.9467
2637 68.9467
2638 68.9467
2639 68.9467
2640 68.9467
2641 68.9467
2642 68.9467
2643 68.9467
2644 68.9467
2645 68.9467
2646 68.9467
2647 68.9467
2648 68.9467
2649 68.9467
2650 68.9467
2651 68.9467
2652 68.9467
2653 68.9467
2654 68.9467
2655 68.9467
2656 68.9467
2657 68.9467
2658 68.9467
2659 68.9467
2660 68.9467
2661 68.9467
2662 68.9467
2663 68.9467
2664 68.9467
2665 68.9467
2666 68.9467
2667 68.9467
2668 68.5197
2669 68.5197
2670 68.5197
2671 68.5197
2672 68.5197
2673 68.5197
2674 68.5197
2675 68.5197
2676 68.5197
2677 68.5197
2678 68.5197
2679 68.5197
2680 68.5197
2681 68.5197
2682 68.5197
2683 68.5197
2684 68.5197
2685 68.5197
2686 68.5197
2687 68.5197
2688 68.5197
2689 68.5197
2690 68.5197
2691 68.5197
2692 68.5197
2693 68.5197
2694 68.5197
2695 68.5197
2696 68.5197
2697 68.5197
2698 68.5197
2699 68.5197
2700 68.5197
2701 68.5197
2702 68.5197
2703 68.5197
2704 68.5197
2705 68.5197
2706 68.5197
2707 68.5197
2708 68.5197
2709 68.5197
2710 68.5197
2711 68.5197
2712 68.5197
2713 68.5197
2714 68.5197
2715 68.5197
2716 68.5197
2717 68.5197
2718 68.5197
2719 68.5197
2720 68.5197
2721 68.5197
2722 68.5197
2723 68.5197
2724 68.5197
2725 68.5197
2726 68.5197
2727 68.5197
2728 68.5197
2729 68.5197
2730 68.5197
2731 68.5197
2732 68.5197
2733 68.5197
2734 68.5197
2735 68.5197
2736 68.5197
2737 68.5197
2738 68.5197
2739 68.5197
2740 68.5197
2741 68.5197
2742 68.5197
2743 68.5197
2744 68.5197
2745 68.5197
2746 68.5197
2747 68.5197
2748 68.5197
2749 68.5197
2750 68.5197
2751 68.5197
2752 68.5197
2753 68.5197
2754 68.5197
2755 68.5197
2756 68.5197
2757 68.5197
2758 68.5197
2759 68.5197
2760 68.5197
2761 68.5197
2762 68.5197
2763 68.5197
2764 68.5197
2765 68.5197
2766 68.5197
2767 68.5197
2768 68.5197
2769 68.5197
2770 68.5197
2771 68.5197
2772 68.5197
2773 68.5197
2774 68.5197
2775 68.5197
2776 68.5197
2777 68.5197
2778 68.5197
2779 68.5197
2780 68.5197
2781 68.5197
2782 68.5197
2783 68.5197
2784 68.5197
2785 68.5197
2786 68.5197
2787 68.5197
2788 68.5197
2789 68.5197
2790 68.5197
2791 68.5197
2792 68.5197
2793 68.5197
2794 68.5197
2795 68.5197
2796 68.5197
2797 68.5197
2798 68.5197
2799 68.5197
2800 68.5197
2801 68.5197
2802 68.5197
2803 68.5197
2804 68.5197
2805 68.5197
2806 68.5197
2807 68.5197
2808 68.5197
2809 68.5197
2810 68.5197
2811 68.5197
2812 68.5197
2813 68.5197
2814 68.5197
2815 68.5197
2816 68.5197
2817 68.5197
2818 68.5197
2819 68.5197
2820 68.5197
2821 68.5197
2822 68.5197
2823 68.5197
2824 68.5197
2825 68.5197
2826 68.5197
2827 68.5197
2828 68.5197
2829 68.5197
2830 68.5197
2831 68.5197
2832 68.5197
2833 68.5197
2834 68.5197
2835 68.5197
2836 68.5197
2837 68.5197
2838 68.5197
2839 68.5197
2840 68.5197
2841 68.5197
2842 68.5197
2843 68.5197
2844 68.5197
2845 68.5197
2846 68.5197
2847 68.5197
2848 68.5197
2849 68.5197
2850 68.5197
2851 68.5197
2852 68.5197
2853 68.5197
2854 68.5197
2855 68.5197
2856 68.5197
2857 68.5197
2858 68.5197
2859 68.5197
2860 68.5197
2861 68.5197
2862 68.5197
2863 68.5197
2864 68.5197
2865 68.5197
2866 68.5197
2867 68.5197
2868 68.5197
2869 68.5197
2870 68.5197
2871 68.5197
2872 68.5197
2873 68.5197
2874 68.5197
2875 68.5197
2876 68.5197
2877 68.5197
2878 68.5197
2879 68.5197
2880 68.5197
2881 68.5197
2882 68.5197
2883 68.5197
2884 68.5197
2885 68.5197
2886 68.5197
2887 68.5197
2888 68.5197
2889 68.5197
2890 68.5197
2891 68.5197
2892 68.5197
2893 68.5197
2894 68.5197
2895 68.5197
2896 68.5197
2897 68.5197
2898 68.5197
2899 68.5197
2900 68.5197
2901 68.5197
2902 68.5197
2903 68.5197
2904 68.5197
2905 68.5197
2906 68.5197
2907 68.5197
2908 68.5197
2909 68.5197
2910 68.5197
2911 68.5197
2912 68.5197
2913 68.5197
2914 68.5197
2915 68.5197
2916 68.5197
2917 68.5197
2918 68.5197
2919 68.5197
2920 68.5197
2921 68.5197
2922 68.5197
2923 68.5197
2924 68.5197
2925 68.5197
2926 68.5197
2927 68.5197
2928 68.5197
2929 68.5197
2930 68.5197
2931 68.5197
2932 68.5197
2933 68.5197
2934 68.5197
2935 68.5197
2936 68.5197
2937 68.5197
2938 68.5197
2939 68.5197
2940 68.5197
2941 68.5197
2942 68.5197
2943 68.5197
2944 68.5197
2945 68.5197
2946 68.5197
2947 68.5197
2948 68.5197
2949 68.5197
2950 68.5197
2951 68.5197
2952 68.5197
2953 68.5197
2954 68.5197
2955 68.5197
2956 68.5197
2957 68.5197
2958 68.5197
2959 68.5197
2960 68.5197
2961 68.5197
2962 68.5197
2963 68.5197
2964 68.5197
2965 68.5197
2966 68.5197
2967 68.5197
2968 68.5197
2969 68.5197
2970 68.5197
2971 68.5197
2972 68.5197
2973 68.5197
2974 68.5197
2975 68.5197
2976 68.5197
2977 68.5197
2978 68.5197
2979 68.5197
2980 68.5197
2981 68.5197
2982 68.5197
2983 68.5197
2984 68.5197
2985 68.5197
2986 68.5197
2987 68.5197
2988 68.5197
2989 68.5197
2990 68.5197
2991 68.5197
2992 68.5197
2993 68.5197
2994 68.5197
2995 68.5197
2996 68.5197
2997 68.5197
2998 68.5197
2999 68.5197
3000 68.5197
3001 68.5197
3002 68.5197
3003 68.5197
3004 68.5197
3005 68.5197
3006 68.5197
3007 68.5197
3008 68.5197
3009 68.5197
3010 68.5197
3011 68.5197
3012 68.5197
3013 68.5197
3014 68.5197
3015 68.5197
3016 68.5197
3017 68.5197
3018 68.5197
3019 68.5197
3020 68.5197
3021 68.5197
3022 68.5197
3023 68.5197
3024 68.5197
3025 68.5197
3026 68.5197
3027 68.5197
3028 68.5197
3029 68.5197
3030 68.5197
3031 68.5197
3032 68.5197
3033 68.5197
3034 68.5197
3035 68.5197
3036 68.5197
3037 68.5197
3038 68.5197
3039 68.5197
3040 68.5197
3041 68.5197
3042 68.5197
3043 68.5197
3044 68.5197
3045 68.5197
3046 68.5197
3047 68.5197
3048 68.5197
3049 68.5197
3050 68.5197
3051 68.5197
3052 68.5197
3053 68.5197
3054 68.5197
3055 68.5197
3056 68.5197
3057 68.5197
3058 68.5197
3059 68.5197
3060 68.5197
3061 68.5197
3062 68.5197
3063 68.5197
3064 68.5197
3065 68.5197
3066 68.5197
3067 68.5197
3068 68.5197
3069 68.5197
3070 68.5197
3071 68.5197
3072 68.5197
3073 68.5197
3074 68.5197
3075 68.5197
3076 68.5197
3077 68.5197
3078 68.5197
3079 68.5197
3080 68.5197
3081 68.5197
3082 68.5197
3083 68.5197
3084 68.5197
3085 68.5197
3086 68.5197
3087 68.5197
3088 68.5197
3089 68.5197
3090 68.5197
3091 68.5197
3092 68.5197
3093 68.5197
3094 68.5197
3095 68.5197
3096 68.5197
3097 68.5197
3098 68.5197
3099 68.5197
3100 68.5197
3101 68.5197
3102 68.5197
3103 68.5197
3104 68.5197
3105 68.5197
3106 68.5197
3107 68.5197
3108 68.5197
3109 68.5197
3110 68.5197
3111 68.5197
3112 68.5197
3113 68.5197
3114 68.5197
3115 68.5197
3116 68.5197
3117 68.5197
3118 68.5197
3119 68.5197
3120 68.5197
3121 68.5197
3122 68.5197
3123 68.5197
3124 68.5197
3125 68.5197
3126 68.5197
3127 68.5197
3128 68.5197
3129 68.5197
3130 68.5197
3131 68.5197
3132 68.5197
3133 68.5197
3134 68.5197
3135 68.5197
3136 68.5197
3137 68.5197
3138 68.5197
3139 68.5197
3140 68.5197
3141 68.5197
3142 68.5197
3143 68.5197
3144 68.5197
3145 68.5197
3146 68.5197
3147 68.5197
3148 68.5197
3149 68.5197
3150 68.5197
3151 68.5197
3152 68.5197
3153 68.5197
3154 68.5197
3155 68.5197
3156 68.5197
3157 68.5197
3158 68.5197
3159 68.5197
3160 68.5197
3161 68.5197
3162 68.5197
3163 68.5197
3164 68.5197
3165 68.5197
3166 68.5197
3167 68.5197
3168 68.5197
3169 68.5197
3170 68.5197
3171 68.5197
3172 68.5197
3173 68.5197
3174 68.5197
3175 68.5197
3176 68.5197
3177 68.5197
3178 68.5197
3179 68.5197
3180 68.5197
3181 68.5197
3182 68.5197
3183 68.5197
3184 68.5197
3185 68.5197
3186 68.5197
3187 68.5197
3188 68.5197
3189 68.5197
3190 68.5197
3191 68.5197
3192 68.5197
3193 68.5197
3194 68.5197
3195 68.5197
3196 68.5197
3197 68.5197
3198 68.5197
3199 68.5197
3200 68.5197
3201 68.5197
3202 68.5197
3203 68.5197
3204 68.5197
3205 68.5197
3206 68.5197
3207 68.5197
3208 68.5197
3209 68.5197
3210 68.5197
3211 68.5197
3212 68.5197
3213 68.5197
3214 68.5197
3215 68.5197
3216 68.5197
3217 68.5197
3218 68.5197
3219 68.5197
3220 68.5197
3221 68.5197
3222 68.5197
3223 68.5197
3224 68.5197
3225 68.5197
3226 68.5197
3227 68.5197
3228 68.5197
3229 68.5197
3230 68.5197
3231 68.5197
3232 68.5197
3233 68.5197
3234 68.5197
3235 68.5197
3236 68.5197
3237 68.5197
3238 68.5197
3239 68.5197
3240 68.5197
3241 68.5197
3242 68.5197
3243 68.5197
3244 68.5197
3245 68.5197
3246 68.5197
3247 68.5197
3248 68.5197
3249 68.5197
3250 68.5197
3251 68.5197
3252 68.5197
3253 68.5197
3254 68.5197
3255 68.5197
3256 68.5197
3257 68.5197
3258 68.5197
3259 68.5197
3260 68.5197
3261 68.5197
3262 68.5197
3263 68.5197
3264 68.5197
3265 68.5197
3266 68.5197
3267 68.5197
3268 68.5197
3269 68.5197
3270 68.5197
3271 68.5197
3272 68.5197
3273 68.5197
3274 68.5197
3275 68.5197
3276 68.5197
3277 68.5197
3278 68.5197
3279 68.5197
3280 68.5197
3281 68.5197
3282 68.5197
3283 68.5197
3284 68.5197
3285 68.5197
3286 68.5197
3287 68.5197
3288 68.5197
3289 68.5197
3290 68.5197
3291 68.5197
3292 68.5197
3293 68.5197
3294 68.5197
3295 68.5197
3296 68.5197
3297 68.5197
3298 68.5197
3299 68.5197
3300 68.5197
3301 68.5197
3302 68.5197
3303 68.5197
3304 68.5197
3305 68.5197
3306 68.5197
3307 68.5197
3308 68.5197
3309 68.5197
3310 68.5197
3311 68.5197
3312 68.5197
3313 68.5197
3314 68.5197
3315 68.5197
3316 68.5197
3317 68.5197
3318 68.5197
3319 68.5197
3320 68.5197
3321 68.5197
3322 68.5197
3323 68.5197
3324 68.5197
3325 68.5197
3326 68.5197
3327 68.5197
3328 68.5197
3329 68.5197
3330 68.5197
3331 68.5197
3332 68.5197
3333 68.5197
3334 68.5197
3335 68.5197
3336 68.5197
3337 68.5197
3338 68.5197
3339 68.5197
3340 68.5197
3341 68.5197
3342 68.5197
3343 68.5197
3344 68.5197
3345 68.5197
3346 68.5197
3347 68.5197
3348 68.5197
3349 68.5197
3350 68.5197
3351 68.5197
3352 68.5197
3353 68.5197
3354 68.5197
3355 68.5197
3356 68.5197
3357 68.5197
3358 68.5197
3359 68.5197
3360 68.5197
3361 68.5197
3362 68.5197
3363 68.5197
3364 68.5197
3365 68.5197
3366 68.5197
3367 68.5197
3368 68.5197
3369 68.5197
3370 68.5197
3371 68.5197
3372 68.5197
3373 68.5197
3374 68.5197
3375 68.5197
3376 68.5197
3377 68.5197
3378 68.5197
3379 68.5197
3380 68.5197
3381 68.5197
3382 68.5197
3383 68.5197
3384 68.5197
3385 68.5197
3386 68.5197
3387 68.5197
3388 68.5197
3389 68.5197
3390 68.5197
3391 68.5197
3392 68.5197
3393 68.5197
3394 68.5197
3395 68.5197
3396 68.5197
3397 68.5197
3398 68.5197
3399 68.5197
3400 68.5197
3401 68.5197
3402 68.5197
3403 68.5197
3404 68.5197
3405 68.5197
3406 68.5197
3407 68.5197
3408 68.5197
3409 68.5197
3410 68.5197
3411 68.5197
3412 68.5197
3413 68.5197
3414 68.5197
3415 68.5197
3416 68.5197
3417 68.5197
3418 68.5197
3419 68.5197
3420 68.5197
3421 68.5197
3422 68.5197
3423 68.5197
3424 68.5197
3425 68.5197
3426 68.5197
3427 68.5197
3428 68.5197
3429 68.5197
3430 68.5197
3431 68.5197
3432 68.5197
3433 68.5197
3434 68.5197
3435 68.5197
3436 68.5197
3437 68.5197
3438 68.5197
3439 68.5197
3440 68.5197
3441 68.5197
3442 68.5197
3443 68.5197
3444 68.5197
3445 68.5197
3446 68.5197
3447 68.5197
3448 68.5197
3449 68.5197
3450 68.5197
3451 68.5197
3452 68.5197
3453 68.5197
3454 68.5197
3455 68.5197
3456 68.5197
3457 68.5197
3458 68.5197
3459 68.5197
3460 68.5197
3461 68.5197
3462 68.5197
3463 68.5197
3464 68.5197
3465 68.5197
3466 68.5197
3467 68.5197
3468 68.5197
3469 68.5197
3470 68.5197
3471 68.5197
3472 68.5197
3473 68.5197
3474 68.5197
3475 68.5197
3476 68.5197
3477 68.5197
3478 68.5197
3479 68.5197
3480 68.5197
3481 68.5197
3482 68.5197
3483 68.5197
3484 68.5197
3485 68.5197
3486 68.5197
3487 68.5197
3488 68.5197
3489 68.5197
3490 68.5197
3491 68.5197
3492 68.5197
3493 68.5197
3494 68.5197
3495 68.5197
3496 68.5197
3497 68.5197
3498 68.5197
3499 68.5197
3500 68.5197
3501 68.5197
3502 68.5197
3503 68.5197
3504 68.5197
3505 68.5197
3506 68.5197
3507 68.5197
3508 68.5197
3509 68.5197
3510 68.5197
3511 68.5197
3512 68.5197
3513 68.5197
3514 68.5197
3515 68.5197
3516 68.5197
3517 68.5197
3518 68.5197
3519 68.5197
3520 68.5197
3521 68.5197
3522 68.5197
3523 68.5197
3524 68.5197
3525 68.5197
3526 68.5197
3527 68.5197
3528 68.5197
3529 68.5197
3530 68.5197
3531 68.5197
3532 68.5197
3533 68.5197
3534 68.5197
3535 68.5197
3536 68.5197
3537 68.5197
3538 68.5197
3539 68.5197
3540 68.5197
3541 68.5197
3542 68.5197
3543 68.5197
3544 68.5197
3545 68.5197
3546 68.5197
3547 68.5197
3548 68.5197
3549 68.5197
3550 68.5197
3551 68.5197
3552 68.5197
3553 68.5197
3554 68.5197
3555 68.5197
3556 68.5197
3557 68.5197
3558 68.5197
3559 68.5197
3560 68.5197
3561 68.5197
3562 68.5197
3563 68.5197
3564 68.5197
3565 68.5197
3566 68.5197
3567 68.5197
3568 68.5197
3569 68.5197
3570 68.5197
3571 68.5197
3572 68.5197
3573 68.5197
3574 68.5197
3575 68.5197
3576 68.5197
3577 68.5197
3578 68.5197
3579 68.5197
3580 68.5197
3581 68.5197
3582 68.5197
3583 68.5197
3584 68.5197
3585 68.5197
3586 68.5197
3587 68.5197
3588 68.5197
3589 68.5197
3590 68.5197
3591 68.5197
3592 68.5197
3593 68.5197
3594 68.5197
3595 68.5197
3596 68.5197
3597 68.5197
3598 68.5197
3599 68.5197
3600 68.5197
3601 68.5197
3602 68.5197
3603 68.5197
3604 68.5197
3605 68.5197
3606 68.5197
3607 68.5197
3608 68.5197
3609 68.5197
3610 68.5197
3611 68.5197
3612 68.5197
3613 68.5197
3614 68.5197
3615 68.5197
3616 68.5197
3617 68.5197
3618 68.5197
3619 68.5197
3620 68.5197
3621 68.5197
3622 68.5197
3623 68.5197
3624 68.5197
3625 68.5197
3626 68.5197
3627 68.5197
3628 68.5197
3629 68.5197
3630 68.5197
3631 68.5197
3632 68.5197
3633 68.5197
3634 68.5197
3635 68.5197
3636 68.5197
3637 68.5197
3638 68.5197
3639 68.5197
3640 68.5197
3641 68.5197
3642 68.5197
3643 68.5197
3644 68.5197
3645 68.5197
3646 68.5197
3647 68.5197
3648 68.5197
3649 68.5197
3650 68.5197
3651 68.5197
3652 68.5197
3653 68.5197
3654 68.5197
3655 68.5197
3656 68.5197
3657 68.5197
3658 68.5197
3659 68.5197
3660 68.5197
3661 68.5197
3662 68.5197
3663 68.5197
3664 68.5197
3665 68.5197
3666 68.5197
3667 68.5197
3668 68.5197
3669 68.5197
3670 68.5197
3671 68.5197
3672 68.5197
3673 68.5197
3674 68.5197
3675 68.5197
3676 68.5197
3677 68.5197
3678 68.5197
3679 68.5197
3680 68.5197
3681 68.5197
3682 68.5197
3683 68.5197
3684 68.5197
3685 68.5197
3686 68.5197
3687 68.5197
3688 68.5197
3689 68.5197
3690 68.5197
3691 68.5197
3692 68.5197
3693 68.5197
3694 68.5197
3695 68.5197
3696 68.5197
3697 68.5197
3698 68.5197
3699 68.5197
3700 68.5197
3701 68.5197
3702 68.5197
3703 68.5197
3704 68.5197
3705 68.5197
3706 68.5197
3707 68.5197
3708 68.5197
3709 68.5197
3710 68.5197
3711 68.5197
3712 68.5197
3713 68.5197
3714 68.5197
3715 68.5197
3716 68.5197
3717 68.5197
3718 68.5197
3719 68.5197
3720 68.5197
3721 68.5197
3722 68.5197
3723 68.5197
3724 68.5197
3725 68.5197
3726 68.5197
3727 68.5197
3728 68.5197
3729 68.5197
3730 68.5197
3731 68.5197
3732 68.5197
3733 68.5197
3734 68.5197
3735 68.5197
3736 68.5197
3737 68.5197
3738 68.5197
3739 68.5197
3740 68.5197
3741 68.5197
3742 68.5197
3743 68.5197
3744 68.5197
3745 68.5197
3746 68.5197
3747 68.5197
3748 68.5197
3749 68.5197
3750 68.5197
3751 68.5197
3752 68.5197
3753 68.5197
3754 68.5197
3755 68.5197
3756 68.5197
3757 68.5197
3758 68.5197
3759 68.5197
3760 68.5197
3761 68.5197
3762 68.5197
3763 68.5197
3764 68.5197
3765 68.5197
3766 68.5197
3767 68.5197
3768 68.5197
3769 68.5197
3770 68.5197
3771 68.5197
3772 68.5197
3773 68.5197
3774 68.5197
3775 68.5197
3776 68.5197
3777 68.5197
3778 68.5197
3779 68.5197
3780 68.5197
3781 68.5197
3782 68.5197
3783 68.5197
3784 68.5197
3785 68.5197
3786 68.5197
3787 68.5197
3788 68.5197
3789 68.5197
3790 68.5197
3791 68.5197
3792 68.5197
3793 68.5197
3794 68.5197
3795 68.5197
3796 68.5197
3797 68.5197
3798 68.5197
3799 68.5197
3800 68.5197
3801 68.5197
3802 68.5197
3803 68.5197
3804 68.5197
3805 68.5197
3806 68.5197
3807 68.5197
3808 68.5197
3809 68.5197
3810 68.5197
3811 68.5197
3812 68.5197
3813 68.5197
3814 68.5197
3815 68.5197
3816 68.5197
3817 68.5197
3818 68.5197
3819 68.5197
3820 68.5197
3821 68.5197
3822 68.5197
3823 68.5197
3824 68.5197
3825 68.5197
3826 68.5197
3827 68.5197
3828 68.5197
3829 68.5197
3830 68.5197
3831 68.5197
3832 68.5197
3833 68.5197
3834 68.5197
3835 68.5197
3836 68.5197
3837 68.5197
3838 68.5197
3839 68.5197
3840 68.5197
3841 68.5197
3842 68.5197
3843 68.5197
3844 68.5197
3845 68.5197
3846 68.5197
3847 68.5197
3848 68.5197
3849 68.5197
3850 68.5197
3851 68.5197
3852 68.5197
3853 68.5197
3854 68.5197
3855 68.5197
3856 68.5197
3857 68.5197
3858 68.5197
3859 68.5197
3860 68.5197
3861 68.5197
3862 68.5197
3863 68.5197
3864 68.5197
3865 68.5197
3866 68.5197
3867 68.5197
3868 68.5197
3869 68.5197
3870 68.5197
3871 68.5197
3872 68.5197
3873 68.5197
3874 68.5197
3875 68.5197
3876 68.5197
3877 68.5197
3878 68.5197
3879 68.5197
3880 68.5197
3881 68.5197
3882 68.5197
3883 68.5197
3884 68.5197
3885 68.5197
3886 68.5197
3887 68.5197
3888 68.5197
3889 68.5197
3890 68.5197
3891 68.5197
3892 68.5197
3893 68.5197
3894 68.5197
3895 68.5197
3896 68.5197
3897 68.5197
3898 68.5197
3899 68.5197
3900 68.5197
3901 68.5197
3902 68.5197
3903 68.5197
3904 68.5197
3905 68.5197
3906 68.5197
3907 68.5197
3908 68.5197
3909 68.5197
3910 68.5197
3911 68.5197
3912 68.5197
3913 68.5197
3914 68.5197
3915 68.5197
3916 68.5197
3917 68.5197
3918 68.5197
3919 68.5197
3920 68.5197
3921 68.5197
3922 68.5197
3923 68.5197
3924 68.5197
3925 68.5197
3926 68.5197
3927 68.5197
3928 68.5197
3929 68.5197
3930 68.5197
3931 68.5197
3932 68.5197
3933 68.5197
3934 68.5197
3935 68.5197
3936 68.5197
3937 68.5197
3938 68.5197
3939 68.5197
3940 68.5197
3941 68.5197
3942 68.5197
3943 68.5197
3944 68.5197
3945 68.5197
3946 68.5197
3947 68.5197
3948 68.5197
3949 68.5197
3950 68.5197
3951 68.5197
3952 68.5197
3953 68.5197
3954 68.5197
3955 68.5197
3956 68.5197
3957 68.5197
3958 68.5197
3959 68.5197
3960 68.5197
3961 68.5197
3962 68.5197
3963 68.5197
3964 68.5197
3965 68.5197
3966 68.5197
3967 68.5197
3968 68.5197
3969 68.5197
3970 68.5197
3971 68.5197
3972 68.5197
3973 68.5197
3974 68.5197
3975 68.5197
3976 68.5197
3977 68.5197
3978 68.5197
3979 68.5197
3980 68.5197
3981 68.5197
3982 68.5197
3983 68.5197
3984 68.5197
3985 68.5197
3986 68.5197
3987 68.5197
3988 68.5197
3989 68.5197
3990 68.5197
3991 68.5197
3992 68.5197
3993 68.5197
3994 68.5197
3995 68.5197
3996 68.5197
3997 68.5197
3998 68.5197
3999 68.5197
4000 68.5197
4001 68.5197
4002 68.5197
4003 68.5197
4004 68.5197
4005 68.5197
4006 68.5197
4007 68.5197
4008 68.5197
4009 68.5197
4010 68.5197
4011 68.5197
4012 68.5197
4013 68.5197
4014 68.5197
4015 68.5197
4016 68.5197
4017 68.5197
4018 68.5197
4019 68.5197
4020 68.5197
4021 68.5197
4022 68.5197
4023 68.5197
4024 68.5197
4025 68.5197
4026 68.5197
4027 68.5197
4028 68.5197
4029 68.5197
4030 68.5197
4031 68.5197
4032 68.5197
4033 68.5197
4034 68.5197
4035 68.5197
4036 68.5197
4037 68.5197
4038 68.5197
4039 68.5197
4040 68.5197
4041 68.5197
4042 68.5197
4043 68.5197
4044 68.5197
4045 68.5197
4046 68.5197
4047 68.5197
4048 68.5197
4049 68.5197
4050 68.5197
4051 68.5197
4052 68.5197
4053 68.5197
4054 68.5197
4055 68.5197
4056 68.5197
4057 68.5197
4058 68.5197
4059 68.5197
4060 68.5197
4061 68.5197
4062 68.5197
4063 68.5197
4064 68.5197
4065 68.5197
4066 68.5197
4067 68.5197
4068 68.5197
4069 68.5197
4070 68.5197
4071 68.5197
4072 68.5197
4073 68.5197
4074 68.5197
4075 68.5197
4076 68.5197
4077 68.5197
4078 68.5197
4079 68.5197
4080 68.5197
4081 68.5197
4082 68.5197
4083 68.5197
4084 68.5197
4085 68.5197
4086 68.5197
4087 68.5197
4088 68.5197
4089 68.5197
4090 68.5197
4091 68.5197
4092 68.5197
4093 68.5197
4094 68.5197
4095 68.5197
4096 68.5197
4097 68.5197
4098 68.5197
4099 68.5197
4100 68.5197
4101 68.5197
4102 68.5197
4103 68.5197
4104 68.5197
4105 68.5197
4106 68.5197
4107 68.5197
4108 68.5197
4109 68.5197
4110 68.5197
4111 68.5197
4112 68.5197
4113 68.5197
4114 68.5197
4115 68.5197
4116 68.5197
4117 68.5197
4118 68.5197
4119 68.5197
4120 68.5197
4121 68.5197
4122 68.5197
4123 68.5197
4124 68.5197
4125 68.5197
4126 68.5197
4127 68.5197
4128 68.5197
4129 68.5197
4130 68.5197
4131 68.5197
4132 68.5197
4133 68.5197
4134 68.5197
4135 68.5197
4136 68.5197
4137 68.5197
4138 68.5197
4139 68.5197
4140 68.5197
4141 68.5197
4142 68.5197
4143 68.5197
4144 68.5197
4145 68.5197
4146 68.5197
4147 68.5197
4148 68.5197
4149 68.5197
4150 68.5197
4151 68.5197
4152 68.5197
4153 68.5197
4154 68.5197
4155 68.5197
4156 68.5197
4157 68.5197
4158 68.5197
4159 68.5197
4160 68.5197
4161 68.5197
4162 68.5197
4163 68.5197
4164 68.5197
4165 68.5197
4166 68.5197
4167 68.5197
4168 68.5197
4169 68.5197
4170 68.5197
4171 68.5197
4172 68.5197
4173 68.5197
4174 68.5197
4175 68.5197
4176 68.5197
4177 68.5197
4178 68.5197
4179 68.5197
4180 68.5197
4181 68.5197
4182 68.5197
4183 68.5197
4184 68.5197
4185 68.5197
4186 68.5197
4187 68.5197
4188 68.5197
4189 68.5197
4190 68.5197
4191 68.5197
4192 68.5197
4193 68.5197
4194 68.5197
4195 68.5197
4196 68.5197
4197 68.5197
4198 68.5197
4199 68.5197
4200 68.5197
4201 68.5197
4202 68.5197
4203 68.5197
4204 68.5197
4205 68.5197
4206 68.5197
4207 68.5197
4208 68.5197
4209 68.5197
4210 68.5197
4211 68.5197
4212 68.5197
4213 68.5197
4214 68.5197
4215 68.5197
4216 68.5197
4217 68.5197
4218 68.5197
4219 68.5197
4220 68.5197
4221 68.5197
4222 68.5197
4223 68.5197
4224 68.5197
4225 68.5197
4226 68.5197
4227 68.5197
4228 68.5197
4229 68.5197
4230 68.5197
4231 68.5197
4232 68.5197
4233 68.5197
4234 68.5197
4235 68.5197
4236 68.5197
4237 68.5197
4238 68.5197
4239 68.5197
4240 68.5197
4241 68.5197
4242 68.5197
4243 68.5197
4244 68.5197
4245 68.5197
4246 68.5197
4247 68.5197
4248 68.5197
4249 68.5197
4250 68.5197
4251 68.5197
4252 68.5197
4253 68.5197
4254 68.5197
4255 68.5197
4256 68.5197
4257 68.5197
4258 68.5197
4259 68.5197
4260 68.5197
4261 68.5197
4262 68.5197
4263 68.5197
4264 68.5197
4265 68.5197
4266 68.5197
4267 68.5197
4268 68.5197
4269 68.5197
4270 68.5197
4271 68.5197
4272 68.5197
4273 68.5197
4274 68.5197
4275 68.5197
4276 68.5197
4277 68.5197
4278 68.5197
4279 68.5197
4280 68.5197
4281 68.5197
4282 68.5197
4283 68.5197
4284 68.5197
4285 68.5197
4286 68.5197
4287 68.5197
4288 68.5197
4289 68.5197
4290 68.5197
4291 68.5197
4292 68.5197
4293 68.5197
4294 68.5197
4295 68.5197
4296 68.5197
4297 68.5197
4298 68.5197
4299 68.5197
4300 68.5197
4301 68.5197
4302 68.5197
4303 68.5197
4304 68.5197
4305 68.5197
4306 68.5197
4307 68.5197
4308 68.5197
4309 68.5197
4310 68.5197
4311 68.5197
4312 68.5197
4313 68.5197
4314 68.5197
4315 68.5197
4316 68.5197
4317 68.5197
4318 68.5197
4319 68.5197
4320 68.5197
4321 68.5197
4322 68.5197
4323 68.5197
4324 68.5197
4325 68.5197
4326 68.5197
4327 68.5197
4328 68.5197
4329 68.5197
4330 68.5197
4331 68.5197
4332 68.5197
4333 68.5197
4334 68.5197
4335 68.5197
4336 68.5197
4337 68.5197
4338 68.5197
4339 68.5197
4340 68.5197
4341 68.5197
4342 68.5197
4343 68.5197
4344 68.5197
4345 68.5197
4346 68.5197
4347 68.5197
4348 68.5197
4349 68.5197
4350 68.5197
4351 68.5197
4352 68.5197
4353 68.5197
4354 68.5197
4355 68.5197
4356 68.5197
4357 68.5197
4358 68.5197
4359 68.5197
4360 68.5197
4361 68.5197
4362 68.5197
4363 68.5197
4364 68.5197
4365 68.5197
4366 68.5197
4367 68.5197
4368 68.5197
4369 68.5197
4370 68.5197
4371 68.5197
4372 68.5197
4373 68.5197
4374 68.5197
4375 68.5197
4376 68.5197
4377 68.5197
4378 68.5197
4379 68.5197
4380 68.5197
4381 68.5197
4382 68.5197
4383 68.5197
4384 68.5197
4385 68.5197
4386 68.5197
4387 68.5197
4388 68.5197
4389 68.5197
4390 68.5197
4391 68.5197
4392 68.5197
4393 68.5197
4394 68.5197
4395 68.5197
4396 68.5197
4397 68.5197
4398 68.5197
4399 68.5197
4400 68.5197
4401 68.5197
4402 68.5197
4403 68.5197
4404 68.5197
4405 68.5197
4406 68.5197
4407 68.5197
4408 68.5197
4409 68.5197
4410 68.5197
4411 68.5197
4412 68.5197
4413 68.5197
4414 68.5197
4415 68.5197
4416 68.5197
4417 68.5197
4418 68.5197
4419 68.5197
4420 68.5197
4421 68.5197
4422 68.5197
4423 68.5197
4424 68.5197
4425 68.5197
4426 68.5197
4427 68.5197
4428 68.5197
4429 68.5197
4430 68.5197
4431 68.5197
4432 68.5197
4433 68.5197
4434 68.5197
4435 68.5197
4436 68.5197
4437 68.5197
4438 68.5197
4439 68.5197
4440 68.5197
4441 68.5197
4442 68.5197
4443 68.5197
4444 68.5197
4445 68.5197
4446 68.5197
4447 68.5197
4448 68.5197
4449 68.5197
4450 68.5197
4451 68.5197
4452 68.5197
4453 68.5197
4454 68.5197
4455 68.5197
4456 68.5197
4457 68.5197
4458 68.5197
4459 68.5197
4460 68.5197
4461 68.5197
4462 68.5197
4463 68.5197
4464 68.5197
4465 68.5197
4466 68.5197
4467 68.5197
4468 68.5197
4469 68.5197
4470 68.5197
4471 68.5197
4472 68.5197
4473 68.5197
4474 68.5197
4475 68.5197
4476 68.5197
4477 68.5197
4478 68.5197
4479 68.5197
4480 68.5197
4481 68.5197
4482 68.5197
4483 68.5197
4484 68.5197
4485 68.5197
4486 68.5197
4487 68.5197
4488 68.5197
4489 68.5197
4490 68.5197
4491 68.5197
4492 68.5197
4493 68.5197
4494 68.5197
4495 68.5197
4496 68.5197
4497 68.5197
4498 68.5197
4499 68.5197
4500 68.5197
4501 68.5197
4502 68.5197
4503 68.5197
4504 68.5197
4505 68.5197
4506 68.5197
4507 68.5197
4508 68.5197
4509 68.5197
4510 68.5197
4511 68.5197
4512 68.5197
4513 68.5197
4514 68.5197
4515 68.5197
4516 68.5197
4517 68.5197
4518 68.5197
4519 68.5197
4520 68.5197
4521 68.5197
4522 68.5197
4523 68.5197
4524 68.5197
4525 68.5197
4526 68.5197
4527 68.5197
4528 68.5197
4529 68.5197
4530 68.5197
4531 68.5197
4532 68.5197
4533 68.5197
4534 68.5197
4535 68.5197
4536 68.5197
4537 68.5197
4538 68.5197
4539 68.5197
4540 68.5197
4541 68.5197
4542 68.5197
4543 68.5197
4544 68.5197
4545 68.5197
4546 68.5197
4547 68.5197
4548 68.5197
4549 68.5197
4550 68.5197
4551 68.5197
4552 68.5197
4553 68.5197
4554 68.5197
4555 68.5197
4556 68.5197
4557 68.5197
4558 68.5197
4559 68.5197
4560 68.5197
4561 68.5197
4562 68.5197
4563 68.5197
4564 68.5197
4565 68.5197
4566 68.5197
4567 68.5197
4568 68.5197
4569 68.5197
4570 68.5197
4571 68.5197
4572 68.5197
4573 68.5197
4574 68.5197
4575 68.5197
4576 68.5197
4577 68.5197
4578 68.5197
4579 68.5197
4580 68.5197
4581 68.5197
4582 68.5197
4583 68.5197
4584 68.5197
4585 68.5197
4586 68.5197
4587 68.5197
4588 68.5197
4589 68.5197
4590 68.5197
4591 68.5197
4592 68.5197
4593 68.5197
4594 68.5197
4595 68.5197
4596 68.5197
4597 68.5197
4598 68.5197
4599 68.5197
4600 68.5197
4601 68.5197
4602 68.5197
4603 68.5197
4604 68.5197
4605 68.5197
4606 68.5197
4607 68.5197
4608 68.5197
4609 68.5197
4610 68.5197
4611 68.5197
4612 68.5197
4613 68.5197
4614 68.5197
4615 68.5197
4616 68.5197
4617 68.5197
4618 68.5197
4619 68.5197
4620 68.5197
4621 68.5197
4622 68.5197
4623 68.5197
4624 68.5197
4625 68.5197
4626 68.5197
4627 68.5197
4628 68.5197
4629 68.5197
4630 68.5197
4631 68.5197
4632 68.5197
4633 68.5197
4634 68.5197
4635 68.5197
4636 68.5197
4637 68.5197
4638 68.5197
4639 68.5197
4640 68.5197
4641 68.5197
4642 68.5197
4643 68.5197
4644 68.5197
4645 68.5197
4646 68.5197
4647 68.5197
4648 68.5197
4649 68.5197
4650 68.5197
4651 68.5197
4652 68.5197
4653 68.5197
4654 68.5197
4655 68.5197
4656 68.5197
4657 68.5197
4658 68.5197
4659 68.5197
4660 68.5197
4661 68.5197
4662 68.5197
4663 68.5197
4664 68.5197
4665 68.5197
4666 68.5197
4667 68.5197
4668 68.5197
4669 68.5197
4670 68.5197
4671 68.5197
4672 68.5197
4673 68.5197
4674 68.5197
4675 68.5197
4676 68.5197
4677 68.5197
4678 68.5197
4679 68.5197
4680 68.5197
4681 68.5197
4682 68.5197
4683 68.5197
4684 68.5197
4685 68.5197
4686 68.5197
4687 68.5197
4688 68.5197
4689 68.5197
4690 68.5197
4691 68.5197
4692 68.5197
4693 68.5197
4694 68.5197
4695 68.5197
4696 68.5197
4697 68.5197
4698 68.5197
4699 68.5197
4700 68.5197
4701 68.5197
4702 68.5197
4703 68.5197
4704 68.5197
4705 68.5197
4706 68.5197
4707 68.5197
4708 68.5197
4709 68.5197
4710 68.5197
4711 68.5197
4712 68.5197
4713 68.5197
4714 68.5197
4715 68.5197
4716 68.5197
4717 68.5197
4718 68.5197
4719 68.5197
4720 68.5197
4721 68.5197
4722 68.5197
4723 68.5197
4724 68.5197
4725 68.5197
4726 68.5197
4727 68.5197
4728 68.5197
4729 68.5197
4730 68.5197
4731 68.5197
4732 68.5197
4733 68.5197
4734 68.5197
4735 68.5197
4736 68.5197
4737 68.5197
4738 68.5197
4739 68.5197
4740 68.5197
4741 68.5197
4742 68.5197
4743 68.5197
4744 68.5197
4745 68.5197
4746 68.5197
4747 68.5197
4748 68.5197
4749 68.5197
4750 68.5197
4751 68.5197
4752 68.5197
4753 68.5197
4754 68.5197
4755 68.5197
4756 68.5197
4757 68.5197
4758 68.5197
4759 68.5197
4760 68.5197
4761 68.5197
4762 68.5197
4763 68.5197
4764 68.5197
4765 68.5197
4766 68.5197
4767 68.5197
4768 68.5197
4769 68.5197
4770 68.5197
4771 68.5197
4772 68.5197
4773 68.5197
4774 68.5197
4775 68.5197
4776 68.5197
4777 68.5197
4778 68.5197
4779 68.5197
4780 68.5197
4781 68.5197
4782 68.5197
4783 68.5197
4784 68.5197
4785 68.5197
4786 68.5197
4787 68.5197
4788 68.5197
4789 68.5197
4790 68.5197
4791 68.5197
4792 68.5197
4793 68.5197
4794 68.5197
4795 68.5197
4796 68.5197
4797 68.5197
4798 68.5197
4799 68.5197
4800 68.5197
4801 68.5197
4802 68.5197
4803 68.5197
4804 68.5197
4805 68.5197
4806 68.5197
4807 68.5197
4808 68.5197
4809 68.5197
4810 68.5197
4811 68.5197
4812 68.5197
4813 68.5197
4814 68.5197
4815 68.5197
4816 68.5197
4817 68.5197
4818 68.5197
4819 68.5197
4820 68.5197
4821 68.5197
4822 68.5197
4823 68.5197
4824 68.5197
4825 68.5197
4826 68.5197
4827 68.5197
4828 68.5197
4829 68.5197
4830 68.5197
4831 68.5197
4832 68.5197
4833 68.5197
4834 68.5197
4835 68.5197
4836 68.5197
4837 68.5197
4838 68.5197
4839 68.5197
4840 68.5197
4841 68.5197
4842 68.5197
4843 68.5197
4844 68.5197
4845 68.5197
4846 68.5197
4847 68.5197
4848 68.5197
4849 68.5197
4850 68.5197
4851 68.5197
4852 68.5197
4853 68.5197
4854 68.5197
4855 68.5197
4856 68.5197
4857 68.5197
4858 68.5197
4859 68.5197
4860 68.5197
4861 68.5197
4862 68.5197
4863 68.5197
4864 68.5197
4865 68.5197
4866 68.5197
4867 68.5197
4868 68.5197
4869 68.5197
4870 68.5197
4871 68.5197
4872 68.5197
4873 68.5197
4874 68.5197
4875 68.5197
4876 68.5197
4877 68.5197
4878 68.5197
4879 68.5197
4880 68.5197
4881 68.5197
4882 68.5197
4883 68.5197
4884 68.5197
4885 68.5197
4886 68.5197
4887 68.5197
4888 68.5197
4889 68.5197
4890 68.5197
4891 68.5197
4892 68.5197
4893 68.5197
4894 68.5197
4895 68.5197
4896 68.5197
4897 68.5197
4898 68.5197
4899 68.5197
4900 68.5197
4901 68.5197
4902 68.5197
4903 68.5197
4904 68.5197
4905 68.5197
4906 68.5197
4907 68.5197
4908 68.5197
4909 68.5197
4910 68.5197
4911 68.5197
4912 68.5197
4913 68.5197
4914 68.5197
4915 68.5197
4916 68.5197
4917 68.5197
4918 68.5197
4919 68.5197
4920 68.5197
4921 68.5197
4922 68.5197
4923 68.5197
4924 68.5197
4925 68.5197
4926 68.5197
4927 68.5197
4928 68.5197
4929 68.5197
4930 68.5197
4931 68.5197
4932 68.5197
4933 68.5197
4934 68.5197
4935 68.5197
4936 68.5197
4937 68.5197
4938 68.5197
4939 68.5197
4940 68.5197
4941 68.5197
4942 68.5197
4943 68.5197
4944 68.5197
4945 68.5197
4946 68.5197
4947 68.5197
4948 68.5197
4949 68.5197
4950 68.5197
4951 68.5197
4952 68.5197
4953 68.5197
4954 68.5197
4955 68.5197
4956 68.5197
4957 68.5197
4958 68.5197
4959 68.5197
4960 68.5197
4961 68.5197
4962 68.5197
4963 68.5197
4964 68.5197
4965 68.5197
4966 68.5197
4967 68.5197
4968 68.5197
4969 68.5197
4970 68.5197
4971 68.5197
4972 68.5197
4973 68.5197
4974 68.5197
4975 68.5197
4976 68.5197
4977 68.5197
4978 68.5197
4979 68.5197
4980 68.5197
4981 68.5197
4982 68.5197
4983 68.5197
4984 68.5197
4985 68.5197
4986 68.5197
4987 68.5197
4988 68.5197
4989 68.5197
4990 68.5197
4991 68.5197
4992 68.5197
4993 68.5197
4994 68.5197
4995 68.5197
4996 68.5197
4997 68.5197
4998 68.5197
4999 68.5197
5000 68.5197
5001 68.5197
5002 68.5197
5003 68.5197
5004 68.5197
5005 68.5197
5006 68.5197
5007 68.5197
5008 68.5197
5009 68.5197
5010 68.5197
5011 68.5197
5012 68.5197
5013 68.5197
5014 68.5197
5015 68.5197
5016 68.5197
5017 68.5197
5018 68.5197
5019 68.5197
5020 68.5197
5021 68.5197
5022 68.5197
5023 68.5197
5024 68.5197
5025 68.5197
5026 68.5197
5027 68.5197
5028 68.5197
5029 68.5197
5030 68.5197
5031 68.5197
5032 68.5197
5033 68.5197
5034 68.5197
5035 68.5197
5036 68.5197
5037 68.5197
5038 68.5197
5039 68.5197
5040 68.5197
5041 68.5197
5042 68.5197
5043 68.5197
5044 68.5197
5045 68.5197
5046 68.5197
5047 68.5197
5048 68.5197
5049 68.5197
5050 68.5197
5051 68.5197
5052 68.5197
5053 68.5197
5054 68.5197
5055 68.5197
5056 68.5197
5057 68.5197
5058 68.5197
5059 68.5197
5060 68.5197
5061 68.5197
5062 68.5197
5063 68.5197
5064 68.5197
5065 68.5197
5066 68.5197
5067 68.5197
5068 68.5197
5069 68.5197
5070 68.5197
5071 68.5197
5072 68.5197
5073 68.5197
5074 68.5197
5075 68.5197
5076 68.5197
5077 68.5197
5078 68.5197
5079 68.5197
5080 68.5197
5081 68.5197
5082 68.5197
5083 68.5197
5084 68.5197
5085 68.5197
5086 68.5197
5087 68.5197
5088 68.5197
5089 68.5197
5090 68.5197
5091 68.5197
5092 68.5197
5093 68.5197
5094 68.5197
5095 68.5197
5096 68.5197
5097 68.5197
5098 68.5197
5099 68.5197
5100 68.5197
5101 68.5197
5102 68.5197
5103 68.5197
5104 68.5197
5105 68.5197
5106 68.5197
5107 68.5197
5108 68.5197
5109 68.5197
5110 68.5197
5111 68.5197
5112 68.5197
5113 68.5197
5114 68.5197
5115 68.5197
5116 68.5197
5117 68.5197
5118 68.5197
5119 68.5197
5120 68.5197
5121 68.5197
5122 68.5197
5123 68.5197
5124 68.5197
5125 68.5197
5126 68.5197
5127 68.5197
5128 68.5197
5129 68.5197
5130 68.5197
5131 68.5197
5132 68.5197
5133 68.5197
5134 68.5197
5135 68.5197
5136 68.5197
5137 68.5197
5138 68.5197
5139 68.5197
5140 68.5197
5141 68.5197
5142 68.5197
5143 68.5197
5144 68.5197
5145 68.5197
5146 68.5197
5147 68.5197
5148 68.5197
5149 68.5197
5150 68.5197
5151 68.5197
5152 68.5197
5153 68.5197
5154 68.5197
5155 68.5197
5156 68.5197
5157 68.5197
5158 68.5197
5159 68.5197
5160 68.5197
5161 68.5197
5162 68.5197
5163 68.5197
5164 68.5197
5165 68.5197
5166 68.5197
5167 68.5197
5168 68.5197
5169 68.5197
5170 68.5197
5171 68.5197
5172 68.5197
5173 68.5197
5174 68.5197
5175 68.5197
5176 68.5197
5177 68.5197
5178 68.5197
5179 68.5197
5180 68.5197
5181 68.5197
5182 68.5197
5183 68.5197
5184 68.5197
5185 68.5197
5186 68.5197
5187 68.5197
5188 68.5197
5189 68.5197
5190 68.5197
5191 68.5197
5192 68.5197
5193 68.5197
5194 68.5197
5195 68.5197
5196 68.5197
5197 68.5197
5198 68.5197
5199 68.5197
5200 68.5197
5201 68.5197
5202 68.5197
5203 68.5197
5204 68.5197
5205 68.5197
5206 68.5197
5207 68.5197
5208 68.5197
5209 68.5197
5210 68.5197
5211 68.5197
5212 68.5197
5213 68.5197
5214 68.5197
5215 68.5197
5216 68.5197
5217 68.5197
5218 68.5197
5219 68.5197
5220 68.5197
5221 68.5197
5222 68.5197
5223 68.5197
5224 68.5197
5225 68.5197
5226 68.5197
5227 68.5197
5228 68.5197
5229 68.5197
5230 68.5197
5231 68.5197
5232 68.5197
5233 68.5197
5234 68.5197
5235 68.5197
5236 68.5197
5237 68.5197
5238 68.5197
5239 68.5197
5240 68.5197
5241 68.5197
5242 68.5197
5243 68.5197
5244 68.5197
5245 68.5197
5246 68.5197
5247 68.5197
5248 68.5197
5249 68.5197
5250 68.5197
5251 68.5197
5252 68.5197
5253 68.5197
5254 68.5197
5255 68.5197
5256 68.5197
5257 68.5197
5258 68.5197
5259 68.5197
5260 68.5197
5261 68.5197
5262 68.5197
5263 68.5197
5264 68.5197
5265 68.5197
5266 68.5197
5267 68.5197
5268 68.5197
5269 68.5197
5270 68.5197
5271 68.5197
5272 68.5197
5273 68.5197
5274 68.5197
5275 68.5197
5276 68.5197
5277 68.5197
5278 68.5197
5279 68.5197
5280 68.5197
5281 68.5197
5282 68.5197
5283 68.5197
5284 68.5197
5285 68.5197
5286 68.5197
5287 68.5197
5288 68.5197
5289 68.5197
5290 68.5197
5291 68.5197
5292 68.5197
5293 68.5197
5294 68.5197
5295 68.5197
5296 68.5197
5297 68.5197
5298 68.5197
5299 68.5197
5300 68.5197
5301 68.5197
5302 68.5197
5303 68.5197
5304 68.5197
5305 68.5197
5306 68.5197
5307 68.5197
5308 68.5197
5309 68.5197
5310 68.5197
5311 68.5197
5312 68.5197
5313 68.5197
5314 68.5197
5315 68.5197
5316 68.5197
5317 68.5197
5318 68.5197
5319 68.5197
5320 68.5197
5321 68.5197
5322 68.5197
5323 68.5197
5324 68.5197
5325 68.5197
5326 68.5197
5327 68.5197
5328 68.5197
5329 68.5197
5330 68.5197
5331 68.5197
5332 68.5197
5333 68.5197
5334 68.5197
5335 68.5197
5336 68.5197
5337 68.5197
5338 68.5197
5339 68.5197
5340 68.5197
5341 68.5197
5342 68.5197
5343 68.5197
5344 68.5197
5345 68.5197
5346 68.5197
5347 68.5197
5348 68.5197
5349 68.5197
5350 68.5197
5351 68.5197
5352 68.5197
5353 68.5197
5354 68.5197
5355 68.5197
5356 68.5197
5357 68.5197
5358 68.5197
5359 68.5197
5360 68.5197
5361 68.5197
5362 68.5197
5363 68.5197
5364 68.5197
5365 68.5197
5366 68.5197
5367 68.5197
5368 68.5197
5369 68.5197
5370 68.5197
5371 68.5197
5372 68.5197
5373 68.5197
5374 68.5197
5375 68.5197
5376 68.5197
5377 68.5197
5378 68.5197
5379 68.5197
5380 68.5197
5381 68.5197
5382 68.5197
5383 68.5197
5384 68.5197
5385 68.5197
5386 68.5197
5387 68.5197
5388 68.5197
5389 68.5197
5390 68.5197
5391 68.5197
5392 68.5197
5393 68.5197
5394 68.5197
5395 68.5197
5396 68.5197
5397 68.5197
5398 68.5197
5399 68.5197
5400 68.5197
5401 68.5197
5402 68.5197
5403 68.5197
5404 68.5197
5405 68.5197
5406 68.5197
5407 68.5197
5408 68.5197
5409 68.5197
5410 68.5197
5411 68.5197
5412 68.5197
5413 68.5197
5414 68.5197
5415 68.5197
5416 68.5197
5417 68.5197
5418 68.5197
5419 68.5197
5420 68.5197
5421 68.5197
5422 68.5197
5423 68.5197
5424 68.5197
5425 68.5197
5426 68.5197
5427 68.5197
5428 68.5197
5429 68.5197
5430 68.5197
5431 68.5197
5432 68.5197
5433 68.5197
5434 68.5197
5435 68.5197
5436 68.5197
5437 68.5197
5438 68.5197
5439 68.5197
5440 68.5197
5441 68.5197
5442 68.5197
5443 68.5197
5444 68.5197
5445 68.5197
5446 68.5197
5447 68.5197
5448 68.5197
5449 68.5197
5450 68.5197
5451 68.5197
5452 68.5197
5453 68.5197
5454 68.5197
5455 68.5197
5456 68.5197
5457 68.5197
5458 68.5197
5459 68.5197
5460 68.5197
5461 68.5197
5462 68.5197
5463 68.5197
5464 68.5197
5465 68.5197
5466 68.5197
5467 68.5197
5468 68.5197
5469 68.5197
5470 68.5197
5471 68.5197
5472 68.5197
5473 68.5197
5474 68.5197
5475 68.5197
5476 68.5197
5477 68.5197
5478 68.5197
5479 68.5197
5480 68.5197
5481 68.5197
5482 68.5197
5483 68.5197
5484 68.5197
5485 68.5197
5486 68.5197
5487 68.5197
5488 68.5197
5489 68.5197
5490 68.5197
5491 68.5197
5492 68.5197
5493 68.5197
5494 68.5197
5495 68.5197
5496 68.5197
5497 68.5197
5498 68.5197
5499 68.5197
5500 68.5197
5501 68.5197
5502 68.5197
5503 68.5197
5504 68.5197
5505 68.5197
5506 68.5197
5507 68.5197
5508 68.5197
5509 68.5197
5510 68.5197
5511 68.5197
5512 68.5197
5513 68.5197
5514 68.5197
5515 68.5197
5516 68.5197
5517 68.5197
5518 68.5197
5519 68.5197
5520 68.5197
5521 68.5197
5522 68.5197
5523 68.5197
5524 68.5197
5525 68.5197
5526 68.5197
5527 68.5197
5528 68.5197
5529 68.5197
5530 68.5197
5531 68.5197
5532 68.5197
5533 68.5197
5534 68.5197
5535 68.5197
5536 68.5197
5537 68.5197
5538 68.5197
5539 68.5197
5540 68.5197
5541 68.5197
5542 68.5197
5543 68.5197
5544 68.5197
5545 68.5197
5546 68.5197
5547 68.5197
5548 68.5197
5549 68.5197
5550 68.5197
5551 68.5197
5552 68.5197
5553 68.5197
5554 68.5197
5555 68.5197
5556 68.5197
5557 68.5197
5558 68.5197
5559 68.5197
5560 68.5197
5561 68.5197
5562 68.5197
5563 68.5197
5564 68.5197
5565 68.5197
5566 68.5197
5567 68.5197
5568 68.5197
5569 68.5197
5570 68.5197
5571 68.5197
5572 68.5197
5573 68.5197
5574 68.5197
5575 68.5197
5576 68.5197
5577 68.5197
5578 68.5197
5579 68.5197
5580 68.5197
5581 68.5197
5582 68.5197
5583 68.5197
5584 68.5197
5585 68.5197
5586 68.5197
5587 68.5197
5588 68.5197
5589 68.5197
5590 68.5197
5591 68.5197
5592 68.5197
5593 68.5197
5594 68.5197
5595 68.5197
5596 68.5197
5597 68.5197
5598 68.5197
5599 68.5197
5600 68.5197
5601 68.5197
5602 68.5197
5603 68.5197
5604 68.5197
5605 68.5197
5606 68.5197
5607 68.5197
5608 68.5197
5609 68.5197
5610 68.5197
5611 68.5197
5612 68.5197
5613 68.5197
5614 68.5197
5615 68.5197
5616 68.5197
5617 68.5197
5618 68.5197
5619 68.5197
5620 68.5197
5621 68.5197
5622 68.5197
5623 68.5197
5624 68.5197
5625 68.5197
5626 68.5197
5627 68.5197
5628 68.5197
5629 68.5197
5630 68.5197
5631 68.5197
5632 68.5197
5633 68.5197
5634 68.5197
5635 68.5197
5636 68.5197
5637 68.5197
5638 68.5197
5639 68.5197
5640 68.5197
5641 68.5197
5642 68.5197
5643 68.5197
5644 68.5197
5645 68.5197
5646 68.5197
5647 68.5197
5648 68.5197
5649 68.5197
5650 68.5197
5651 68.5197
5652 68.5197
5653 68.5197
5654 68.5197
5655 68.5197
5656 68.5197
5657 68.5197
5658 68.5197
5659 68.5197
5660 68.5197
5661 68.5197
5662 68.5197
5663 68.5197
5664 68.5197
5665 68.5197
5666 68.5197
5667 68.5197
5668 68.5197
5669 68.5197
5670 68.5197
5671 68.5197
5672 68.5197
5673 68.5197
5674 68.5197
5675 68.5197
5676 68.5197
5677 68.5197
5678 68.5197
5679 68.5197
5680 68.5197
5681 68.5197
5682 68.5197
5683 68.5197
5684 68.5197
5685 68.5197
5686 68.5197
5687 68.5197
5688 68.5197
5689 68.5197
5690 68.5197
5691 68.5197
5692 68.5197
5693 68.5197
5694 68.5197
5695 68.5197
5696 68.5197
5697 68.5197
5698 68.5197
5699 68.5197
5700 68.5197
5701 68.5197
5702 68.5197
5703 68.5197
5704 68.5197
5705 68.5197
5706 68.5197
5707 68.5197
5708 68.5197
5709 68.5197
5710 68.5197
5711 68.5197
5712 68.5197
5713 68.5197
5714 68.5197
5715 68.5197
5716 68.5197
5717 68.5197
5718 68.5197
5719 68.5197
5720 68.5197
5721 68.5197
5722 68.5197
5723 68.5197
5724 68.5197
5725 68.5197
5726 68.5197
5727 68.5197
5728 68.5197
5729 68.5197
5730 68.5197
5731 68.5197
5732 68.5197
5733 68.5197
5734 68.5197
5735 68.5197
5736 68.5197
5737 68.5197
5738 68.5197
5739 68.5197
5740 68.5197
5741 68.5197
5742 68.5197
5743 68.5197
5744 68.5197
5745 68.5197
5746 68.5197
5747 68.5197
5748 68.5197
5749 68.5197
5750 68.5197
5751 68.5197
5752 68.5197
5753 68.5197
5754 68.5197
5755 68.5197
5756 68.5197
5757 68.5197
5758 68.5197
5759 68.5197
5760 68.5197
5761 68.5197
5762 68.5197
5763 68.5197
5764 68.5197
5765 68.5197
5766 68.5197
5767 68.5197
5768 68.5197
5769 68.5197
5770 68.5197
5771 68.5197
5772 68.5197
5773 68.5197
5774 68.5197
5775 68.5197
5776 68.5197
5777 68.5197
5778 68.5197
5779 68.5197
5780 68.5197
5781 68.5197
5782 68.5197
5783 68.5197
5784 68.5197
5785 68.5197
5786 68.5197
5787 68.5197
5788 68.5197
5789 68.5197
5790 68.5197
5791 68.5197
5792 68.5197
5793 68.5197
5794 68.5197
5795 68.5197
5796 68.5197
5797 68.5197
5798 68.5197
5799 68.5197
5800 68.5197
5801 68.5197
5802 68.5197
5803 68.5197
5804 68.5197
5805 68.5197
5806 68.5197
5807 68.5197
5808 68.5197
5809 68.5197
5810 68.5197
5811 68.5197
5812 68.5197
5813 68.5197
5814 68.5197
5815 68.5197
5816 68.5197
5817 68.5197
5818 68.5197
5819 68.5197
5820 68.5197
5821 68.5197
5822 68.5197
5823 68.5197
5824 68.5197
5825 68.5197
5826 68.5197
5827 68.5197
5828 68.5197
5829 68.5197
5830 68.5197
5831 68.5197
5832 68.5197
5833 68.5197
5834 68.5197
5835 68.5197
5836 68.5197
5837 68.5197
5838 68.5197
5839 68.5197
5840 68.5197
5841 68.5197
5842 68.5197
5843 68.5197
5844 68.5197
5845 68.5197
5846 68.5197
5847 68.5197
5848 68.5197
5849 68.5197
5850 68.5197
5851 68.5197
5852 68.5197
5853 68.5197
5854 68.5197
5855 68.5197
5856 68.5197
5857 68.5197
5858 68.5197
5859 68.5197
5860 68.5197
5861 68.5197
5862 68.5197
5863 68.5197
5864 68.5197
5865 68.5197
5866 68.5197
5867 68.5197
5868 68.5197
5869 68.5197
5870 68.5197
5871 68.5197
5872 68.5197
5873 68.5197
5874 68.5197
5875 68.5197
5876 68.5197
5877 68.5197
5878 68.5197
5879 68.5197
5880 68.5197
5881 68.5197
5882 68.5197
5883 68.5197
5884 68.5197
5885 68.5197
5886 68.5197
5887 68.5197
5888 68.5197
5889 68.5197
5890 68.5197
5891 68.5197
5892 68.5197
5893 68.5197
5894 68.5197
5895 68.5197
5896 68.5197
5897 68.5197
5898 68.5197
5899 68.5197
5900 68.5197
5901 68.5197
5902 68.5197
5903 68.5197
5904 68.5197
5905 68.5197
5906 68.5197
5907 68.5197
5908 68.5197
5909 68.5197
5910 68.5197
5911 68.5197
5912 68.5197
5913 68.5197
5914 68.5197
5915 68.5197
5916 68.5197
5917 68.5197
5918 68.5197
5919 68.5197
5920 68.5197
5921 68.5197
5922 68.5197
5923 68.5197
5924 68.5197
5925 68.5197
5926 68.5197
5927 68.5197
5928 68.5197
5929 68.5197
5930 68.5197
5931 68.5197
5932 68.5197
5933 68.5197
5934 68.5197
5935 68.5197
5936 68.5197
5937 68.5197
5938 68.5197
5939 68.5197
5940 68.5197
5941 68.5197
5942 68.5197
5943 68.5197
5944 68.5197
5945 68.5197
5946 68.5197
5947 68.5197
5948 68.5197
5949 68.5197
5950 68.5197
5951 68.5197
5952 68.5197
5953 68.5197
5954 68.5197
5955 68.5197
5956 68.5197
5957 68.5197
5958 68.5197
5959 68.5197
5960 68.5197
5961 68.5197
5962 68.5197
5963 68.5197
5964 68.5197
5965 68.5197
5966 68.5197
5967 68.5197
5968 68.5197
5969 68.5197
5970 68.5197
5971 68.5197
5972 68.5197
5973 68.5197
5974 68.5197
5975 68.5197
5976 68.5197
5977 68.5197
5978 68.5197
5979 68.5197
5980 68.5197
5981 68.5197
5982 68.5197
5983 68.5197
5984 68.5197
5985 68.5197
5986 68.5197
5987 68.5197
5988 68.5197
5989 68.5197
5990 68.5197
5991 68.5197
5992 68.5197
5993 68.5197
5994 68.5197
5995 68.5197
5996 68.5197
5997 68.5197
5998 68.5197
5999 68.5197
6000 68.5197
