1 428.067
2 422.116
3 422.116
4 408.278
5 393.867
6 393.867
7 382.224
8 380.873
9 380.256
10 366.579
11 364.634
12 357.846
13 355.261
14 352.685
15 348.417
16 338.799
17 333.527
18 329.988
19 320.539
20 319.844
21 311.282
22 308.08
23 297.481
24 296.821
25 296.821
26 294.605
27 294.347
28 290.86
29 289.701
30 289.385
31 288.544
32 288.279
33 288.256
34 282.981
35 282.981
36 277.643
37 275.766
38 271.502
39 271.159
40 269.149
41 266.068
42 264.812
43 260.597
44 260.597
45 259.329
46 259.329
47 256.676
48 256.676
49 256.676
50 254.17
51 249.785
52 249.785
53 249.785
54 249.785
55 248.118
56 244.822
57 244.822
58 241.057
59 241.057
60 241.057
61 240.754
62 236.066
63 233.733
64 233.733
65 233.733
66 229.494
67 227.535
68 226.701
69 226.509
70 224.17
71 224.17
72 222.212
73 221.086
74 219.982
75 214.668
76 214.668
77 214.424
78 212.676
79 212.676
80 212.676
81 211.618
82 212.29
83 211.126
84 208.136
85 208.136
86 208.136
87 208.136
88 207.739
89 203.279
90 205.198
91 203.557
92 201.587
93 201.28
94 201.28
95 198.102
96 198.102
97 198.102
98 198.102
99 196.939
100 195.827
101 195.572
102 194.553
103 193.514
104 192.132
105 191.729
106 190.864
107 189.296
108 188.09
109 187.089
110 187.089
111 187.089
112 185.9
113 184.376
114 184.376
115 184.261
116 184.11
117 182.809
118 182.809
119 182.26
120 179.044
121 179.044
122 176.763
123 176.763
124 176.763
125 175.105
126 175.105
127 175.105
128 175.105
129 174.972
130 174.972
131 173.394
132 171.131
133 168.915
134 168.915
135 168.677
136 167.019
137 167.019
138 167.012
139 165.949
140 165.949
141 165.275
142 165.275
143 165.275
144 165.275
145 165.275
146 165.275
147 165.275
148 163.983
149 163.983
150 163.983
151 163.041
152 161.835
153 163.041
154 159.348
155 159.348
156 159.348
157 157.382
158 155.728
159 155.634
160 154.621
161 154.621
162 153.406
163 148.528
164 148.528
165 150.101
166 151.315
167 151.315
168 151.315
169 148.428
170 150.024
171 150.024
172 150.024
173 150.024
174 150.024
175 149.916
176 149.612
177 149.82
178 149.82
179 149.612
180 149.539
181 149.539
182 148.37
183 148.023
184 148.023
185 148.023
186 148.023
187 148.023
188 147.107
189 146.979
190 146.979
191 146.979
192 146.584
193 145.955
194 145.955
195 145.955
196 144.697
197 144.697
198 144.697
199 144.697
200 144.697
201 144.697
202 144.585
203 144.585
204 144.585
205 144.585
206 144.199
207 144.199
208 144.199
209 143.381
210 143.075
211 143.075
212 143.075
213 141.38
214 141.38
215 141.166
216 141.166
217 141.166
218 141.166
219 140.562
220 140.562
221 140.562
222 140.317
223 140.313
224 138.563
225 138.026
226 138.026
227 138.026
228 137.534
229 137.534
230 137.534
231 137.534
232 136.817
233 136.817
234 135.743
235 135.344
236 135.127
237 135.127
238 134.848
239 132.134
240 132.134
241 132.134
242 130.721
243 130.721
244 130.602
245 130.439
246 130.496
247 129.087
248 129.087
249 129.319
250 129.404
251 129.404
252 129.404
253 129.341
254 129.404
255 128.999
256 128.999
257 128.991
258 128.678
259 127.261
260 127.261
261 127.261
262 126.956
263 126.956
264 126.751
265 126.751
266 125.48
267 123.079
268 125.616
269 125.616
270 125.143
271 124.737
272 124.737
273 124.737
274 124.737
275 123.549
276 123.549
277 123.152
278 123.152
279 123.152
280 121.627
281 121.627
282 121.044
283 121.002
284 121.044
285 120.744
286 119.967
287 119.967
288 119.967
289 119.259
290 119.259
291 119.259
292 118.854
293 118.854
294 118.854
295 118.854
296 118.854
297 118.642
298 118.183
299 118.183
300 118.069
301 118.069
302 118.069
303 115.841
304 115.169
305 117.207
306 115.169
307 115.169
308 114.28
309 114.28
310 114.214
311 114.28
312 114.004
313 114.004
314 114.004
315 114.004
316 114.004
317 113.97
318 113.97
319 113.244
320 113.244
321 112.448
322 112.172
323 112.172
324 112.05
325 112.05
326 111.1
327 109.05
328 109.326
329 109.05
330 109.05
331 109.05
332 109.03
333 109.03
334 109.03
335 108.619
336 108.619
337 108.619
338 108.619
339 106.28
340 107.578
341 107.501
342 107.501
343 107.393
344 106.28
345 106.192
346 105.502
347 105.502
348 105.228
349 105.228
350 104.849
351 103.917
352 103.917
353 103.917
354 103.917
355 103.917
356 103.917
357 103.917
358 103.917
359 103.917
360 103.917
361 103.917
362 103.917
363 103.917
364 103.83
365 103.83
366 103.83
367 103.83
368 103.83
369 103.83
370 103.83
371 103.83
372 103.83
373 103.83
374 103.392
375 103.392
376 103.392
377 102.686
378 102.686
379 102.686
380 102.686
381 102.686
382 102.536
383 101.336
384 101.336
385 101.336
386 101.336
387 101.336
388 101.336
389 101.336
390 101.336
391 101.336
392 101.335
393 101.335
394 101.335
395 101.335
396 101.335
397 101.335
398 101.335
399 101.336
400 101.336
401 101.336
402 101.335
403 101.335
404 101.335
405 100.234
406 100.966
407 100.657
408 100.646
409 100.234
410 100.234
411 100.234
412 100.234
413 100.083
414 100.083
415 100.083
416 99.4069
417 98.9157
418 98.9157
419 98.9157
420 98.8106
421 98.5592
422 98.5592
423 98.5592
424 98.5592
425 98.153
426 98.153
427 98.153
428 98.153
429 98.153
430 98.1056
431 98.1056
432 98.0479
433 98.0479
434 98.0479
435 98.0005
436 98.0005
437 98.0005
438 98.0005
439 98.0005
440 98.0005
441 98.0005
442 97.7495
443 97.7495
444 97.6718
445 97.6718
446 96.8518
447 96.8518
448 96.8518
449 96.8518
450 96.8518
451 96.1961
452 96.1961
453 96.1961
454 96.1961
455 96.0467
456 96.0467
457 96.0467
458 96.0467
459 96.0467
460 96.0467
461 96.0467
462 96.0467
463 95.8079
464 95.8079
465 95.8079
466 95.8079
467 94.7197
468 94.7197
469 94.3586
470 94.3586
471 94.3586
472 94.3586
473 94.3586
474 94.3586
475 94.3586
476 94.3586
477 94.3586
478 94.3586
479 94.3586
480 94.3586
481 94.3015
482 93.6052
483 93.0692
484 93.0692
485 93.0692
486 93.0692
487 93.0692
488 93.0692
489 93.0692
490 93.0692
491 93.0692
492 93.0692
493 92.4176
494 92.4176
495 92.4176
496 92.4176
497 92.4176
498 92.4176
499 92.4176
500 92.4176
501 92.4176
502 90.683
503 90.683
504 92.4176
505 92.0175
506 90.683
507 90.683
508 90.683
509 90.6685
510 90.6685
511 90.6685
512 90.1325
513 90.1325
514 90.1325
515 90.1325
516 90.1325
517 89.5231
518 89.5231
519 89.5231
520 89.5231
521 89.5231
522 89.5231
523 89.5231
524 89.5231
525 89.5231
526 89.5231
527 89.5231
528 89.5231
529 89.5231
530 89.5231
531 89.5231
532 89.5231
533 89.5231
534 89.0385
535 89.0385
536 89.0385
537 89.0385
538 89.0385
539 89.0385
540 89.0385
541 89.0385
542 89.0385
543 89.0385
544 89.0385
545 89.0385
546 88.9599
547 88.9599
548 88.9599
549 88.9599
550 88.9599
551 88.9599
552 88.9599
553 88.9599
554 88.9599
555 88.9599
556 88.9599
557 88.8613
558 88.8613
559 88.8613
560 88.8613
561 88.8613
562 88.8613
563 88.8613
564 88.8613
565 88.8613
566 88.8613
567 88.8613
568 88.8613
569 88.5032
570 88.5032
571 88.5032
572 88.5032
573 88.5032
574 88.5032
575 88.5032
576 88.5032
577 88.5032
578 88.5032
579 88.5032
580 88.5032
581 88.5032
582 88.5032
583 88.5032
584 88.5032
585 88.5032
586 88.5032
587 88.5032
588 88.5032
589 88.5032
590 88.5032
591 88.274
592 88.5032
593 88.5032
594 88.5032
595 88.5032
596 88.5032
597 88.5032
598 88.5032
599 88.5032
600 88.5032
601 88.5032
602 88.5032
603 88.5032
604 88.5032
605 88.5032
606 88.5032
607 88.5032
608 88.5032
609 88.5032
610 88.5032
611 88.5032
612 88.5032
613 88.5032
614 88.5032
615 88.5032
616 88.5032
617 88.0106
618 88.0106
619 88.0106
620 88.0106
621 88.0106
622 88.0106
623 88.0106
624 88.0106
625 88.0106
626 88.0106
627 88.0106
628 88.0106
629 88.0106
630 88.0106
631 88.0106
632 87.444
633 87.444
634 87.444
635 87.444
636 87.444
637 87.444
638 87.444
639 87.444
640 87.444
641 87.444
642 87.444
643 87.444
644 87.444
645 87.444
646 87.444
647 87.444
648 87.3996
649 87.3996
650 87.3996
651 87.3996
652 87.3996
653 87.3996
654 87.3996
655 87.3996
656 87.3996
657 87.3996
658 87.3996
659 87.3996
660 87.3996
661 87.3996
662 87.3996
663 87.3996
664 87.3996
665 87.3996
666 87.3996
667 87.3996
668 87.3996
669 87.3996
670 87.3996
671 87.3996
672 87.3996
673 87.3996
674 87.3996
675 87.3996
676 87.3996
677 87.3996
678 87.3996
679 87.3996
680 87.3996
681 87.3996
682 87.3996
683 87.0864
684 87.0864
685 87.0864
686 87.0864
687 87.0864
688 87.0864
689 87.0864
690 87.0864
691 87.0864
692 86.5156
693 86.5156
694 86.5156
695 86.5156
696 86.5156
697 86.5156
698 86.5156
699 86.5156
700 86.5156
701 85.6918
702 85.6918
703 85.6918
704 85.6918
705 85.3727
706 85.1377
707 85.1377
708 85.1377
709 85.1377
710 84.8185
711 84.8185
712 84.8185
713 84.8185
714 84.5214
715 84.5214
716 84.5214
717 84.5214
718 84.5214
719 84.5214
720 84.5214
721 84.5214
722 84.5214
723 84.092
724 84.092
725 83.4026
726 83.4026
727 83.4026
728 83.4026
729 83.4026
730 83.4026
731 83.4026
732 83.4026
733 83.4026
734 83.4026
735 83.4026
736 83.4026
737 83.4026
738 83.4026
739 83.4026
740 83.4026
741 83.4026
742 83.3216
743 83.3216
744 83.3216
745 83.3216
746 83.3216
747 83.315
748 83.315
749 83.315
750 83.315
751 83.315
752 83.315
753 83.315
754 83.315
755 83.315
756 83.315
757 83.315
758 83.315
759 83.315
760 83.315
761 83.315
762 83.315
763 83.315
764 83.315
765 83.315
766 82.9676
767 83.315
768 83.315
769 82.9676
770 82.7796
771 82.6816
772 82.6816
773 82.6816
774 82.6816
775 82.6816
776 82.6816
777 82.6816
778 82.6816
779 82.6816
780 82.6816
781 82.6816
782 82.6816
783 82.5894
784 82.5894
785 82.5894
786 82.5894
787 82.5894
788 82.5894
789 82.5894
790 82.5894
791 82.5894
792 82.5894
793 82.5894
794 82.5894
795 82.5894
796 82.5894
797 82.5894
798 82.2999
799 82.5894
800 82.5894
801 82.4441
802 82.4441
803 82.4441
804 82.4441
805 82.4441
806 82.4441
807 82.4441
808 82.4441
809 82.4441
810 82.4441
811 82.4441
812 82.4441
813 82.4441
814 82.4441
815 82.4441
816 82.4441
817 82.4441
818 82.4441
819 82.4441
820 82.4441
821 82.4441
822 82.4441
823 82.4441
824 82.4441
825 82.4441
826 82.4441
827 82.4441
828 82.4441
829 82.4441
830 82.4441
831 82.4441
832 82.4441
833 82.4441
834 82.4441
835 82.4441
836 82.4441
837 82.4441
838 82.4441
839 81.8101
840 81.8101
841 81.8101
842 81.8101
843 81.8101
844 81.8101
845 81.8101
846 81.8101
847 81.8101
848 81.8101
849 81.8101
850 81.8101
851 81.2569
852 81.2569
853 81.2569
854 81.2569
855 81.2569
856 81.2569
857 81.2569
858 81.2569
859 81.2569
860 81.2569
861 81.2569
862 81.2569
863 81.2569
864 81.2569
865 80.8429
866 80.8429
867 80.8429
868 80.8429
869 80.8429
870 80.7765
871 80.7765
872 80.7765
873 80.3625
874 80.3625
875 80.3625
876 80.3625
877 80.3625
878 80.3625
879 80.3625
880 80.3625
881 80.3625
882 80.3625
883 80.3625
884 80.3625
885 80.3625
886 80.3625
887 80.3625
888 80.3625
889 80.3625
890 80.3625
891 80.3625
892 80.3625
893 80.3625
894 80.3625
895 80.3625
896 80.3625
897 80.3625
898 80.3625
899 80.3625
900 80.3625
901 80.3625
902 80.3625
903 80.3625
904 80.3625
905 80.3625
906 80.3625
907 80.1535
908 80.1535
909 80.1535
910 80.1535
911 80.1535
912 80.1535
913 80.1535
914 80.1535
915 80.1535
916 80.1535
917 80.1535
918 80.1397
919 80.1397
920 80.1397
921 80.1397
922 80.1397
923 80.1386
924 79.8486
925 79.8486
926 79.8486
927 79.8486
928 79.8486
929 79.4644
930 79.4644
931 79.4644
932 79.4644
933 79.4644
934 79.4079
935 79.4079
936 79.4079
937 79.0237
938 79.0237
939 79.0237
940 79.0237
941 79.0237
942 79.0237
943 79.0237
944 79.0237
945 79.0237
946 79.0237
947 79.0237
948 79.0237
949 79.0237
950 79.0237
951 79.0237
952 79.0237
953 78.2367
954 78.2367
955 78.2367
956 78.2367
957 78.2367
958 78.2367
959 78.2367
960 78.2367
961 78.2367
962 78.2367
963 78.2367
964 78.2367
965 78.2367
966 78.2367
967 78.2367
968 78.2367
969 78.2367
970 78.2367
971 78.2367
972 78.2367
973 78.2367
974 78.2367
975 78.2367
976 78.2367
977 78.2367
978 78.2367
979 78.2367
980 78.2367
981 78.2367
982 78.2367
983 78.2367
984 78.2367
985 78.2367
986 78.1272
987 78.1272
988 78.1272
989 78.1272
990 78.1272
991 78.1272
992 78.1272
993 78.1272
994 78.1272
995 78.1272
996 78.1272
997 78.1272
998 78.1272
999 78.1272
1000 78.1272
1001 78.1272
1002 78.1272
1003 78.1272
1004 78.0657
1005 78.0657
1006 78.0657
1007 77.7595
1008 77.7595
1009 77.7595
1010 77.6981
1011 77.6981
1012 77.6981
1013 77.6981
1014 77.6981
1015 77.6981
1016 77.6981
1017 77.6981
1018 77.6981
1019 77.6896
1020 77.3682
1021 77.3682
1022 77.3682
1023 77.3682
1024 77.0006
1025 77.0006
1026 77.0006
1027 76.777
1028 76.777
1029 76.777
1030 76.777
1031 76.777
1032 76.777
1033 75.7019
1034 75.7019
1035 75.7019
1036 75.7019
1037 75.7019
1038 75.7019
1039 75.7019
1040 75.7019
1041 75.7019
1042 75.6906
1043 75.6906
1044 75.6906
1045 75.6906
1046 75.6906
1047 75.6906
1048 75.6906
1049 75.6906
1050 75.6906
1051 75.6906
1052 75.6906
1053 75.6906
1054 75.6906
1055 75.6906
1056 75.6906
1057 75.6906
1058 75.6906
1059 75.6906
1060 75.6906
1061 75.6906
1062 75.6906
1063 75.6906
1064 75.6906
1065 75.6906
1066 75.6906
1067 75.6906
1068 75.6906
1069 75.6906
1070 75.6906
1071 75.6906
1072 75.6906
1073 75.6906
1074 75.6906
1075 75.6906
1076 75.6906
1077 75.6906
1078 75.6906
1079 75.6906
1080 75.6906
1081 75.6906
1082 75.6906
1083 75.6906
1084 75.6906
1085 75.6906
1086 75.6906
1087 75.6906
1088 75.6906
1089 75.6906
1090 75.6906
1091 75.6906
1092 75.6906
1093 75.6906
1094 75.6906
1095 75.6906
1096 75.6906
1097 75.6906
1098 75.6906
1099 75.6906
1100 75.6906
1101 75.6906
1102 75.6906
1103 75.6906
1104 75.6906
1105 75.4433
1106 75.4433
1107 75.4433
1108 75.4433
1109 75.4433
1110 75.4433
1111 75.4433
1112 75.4433
1113 75.4433
1114 75.4433
1115 75.4433
1116 75.4433
1117 75.2932
1118 75.2932
1119 75.2932
1120 75.2932
1121 75.2932
1122 75.1437
1123 75.1437
1124 75.1437
1125 75.1437
1126 75.1437
1127 75.1437
1128 75.1437
1129 75.1437
1130 75.1437
1131 75.1437
1132 75.1437
1133 75.1437
1134 75.1437
1135 75.1437
1136 75.1437
1137 75.1437
1138 75.1437
1139 75.1437
1140 75.1437
1141 75.1437
1142 75.1437
1143 75.1437
1144 75.1437
1145 75.1437
1146 75.1437
1147 75.1437
1148 75.1437
1149 75.1437
1150 75.1437
1151 75.1437
1152 75.1437
1153 75.1437
1154 73.7391
1155 73.7391
1156 73.7391
1157 73.7391
1158 73.7391
1159 73.7391
1160 73.7391
1161 73.7391
1162 73.7391
1163 73.7391
1164 73.7391
1165 73.7391
1166 73.7391
1167 73.7391
1168 73.7391
1169 73.7391
1170 73.7391
1171 73.7391
1172 73.5586
1173 73.5586
1174 73.5586
1175 73.5586
1176 73.5586
1177 73.5586
1178 73.5586
1179 73.5586
1180 73.5586
1181 73.5586
1182 73.5586
1183 73.5586
1184 73.5586
1185 73.5586
1186 73.5586
1187 73.5586
1188 73.5586
1189 73.5586
1190 73.5586
1191 73.5586
1192 73.5586
1193 73.4119
1194 73.4119
1195 73.4119
1196 73.4119
1197 73.4119
1198 73.4119
1199 73.4119
1200 73.4119
1201 73.4119
1202 73.4119
1203 73.4119
1204 73.4119
1205 73.4119
1206 73.4119
1207 73.4119
1208 73.4119
1209 73.4119
1210 73.4119
1211 73.4119
1212 73.4119
1213 73.4119
1214 73.4119
1215 73.4119
1216 73.4119
1217 73.4119
1218 73.4119
1219 73.4119
1220 73.4119
1221 73.4119
1222 73.4119
1223 73.4119
1224 73.4119
1225 73.4119
1226 73.4119
1227 73.4119
1228 73.4119
1229 73.4119
1230 73.4119
1231 73.4119
1232 73.4119
1233 73.4119
1234 73.4119
1235 73.4119
1236 73.4119
1237 73.4119
1238 73.4119
1239 73.4119
1240 73.4119
1241 73.4119
1242 73.4119
1243 73.4119
1244 73.4119
1245 73.4119
1246 73.4119
1247 73.4119
1248 73.4119
1249 73.4119
1250 73.4119
1251 73.4119
1252 73.4119
1253 73.4119
1254 73.4119
1255 73.4119
1256 73.4119
1257 73.4119
1258 73.4119
1259 73.4119
1260 73.2026
1261 73.2026
1262 73.2026
1263 73.2026
1264 73.2026
1265 73.2026
1266 73.2026
1267 73.2026
1268 73.2026
1269 73.2026
1270 73.2026
1271 73.2026
1272 73.2026
1273 73.2026
1274 73.2026
1275 73.1181
1276 73.1181
1277 73.1181
1278 73.1181
1279 73.1181
1280 73.1181
1281 73.1181
1282 73.1181
1283 73.1181
1284 73.1181
1285 72.8282
1286 72.8282
1287 72.8282
1288 72.8282
1289 72.8282
1290 72.8282
1291 72.8282
1292 72.8282
1293 72.8282
1294 72.8282
1295 72.8282
1296 72.8282
1297 72.8282
1298 72.8282
1299 72.8282
1300 72.8282
1301 72.8282
1302 72.8282
1303 72.8282
1304 72.8282
1305 72.8282
1306 72.8282
1307 72.8282
1308 72.8282
1309 72.8282
1310 72.8282
1311 72.8282
1312 72.8282
1313 72.8282
1314 72.8282
1315 72.8282
1316 72.8282
1317 72.8282
1318 72.8282
1319 72.8282
1320 72.8282
1321 72.764
1322 72.764
1323 72.764
1324 72.764
1325 72.4098
1326 72.4098
1327 72.4098
1328 72.4098
1329 72.4098
1330 72.4098
1331 72.4098
1332 72.4098
1333 72.4098
1334 72.4098
1335 72.4098
1336 72.4098
1337 72.4098
1338 72.4098
1339 72.4098
1340 72.4098
1341 72.4098
1342 72.4098
1343 72.4098
1344 72.4098
1345 72.4098
1346 72.4098
1347 72.4098
1348 72.4098
1349 72.4098
1350 72.4098
1351 72.4098
1352 72.4098
1353 72.4098
1354 72.4098
1355 72.4098
1356 72.4098
1357 72.4098
1358 72.4098
1359 72.4098
1360 72.4098
1361 72.4098
1362 72.4098
1363 72.4098
1364 72.4098
1365 72.4098
1366 72.4098
1367 72.4098
1368 72.4098
1369 72.4098
1370 72.4098
1371 72.4098
1372 72.4098
1373 72.2778
1374 72.2778
1375 72.2778
1376 72.2778
1377 72.2778
1378 72.2778
1379 72.2778
1380 72.1129
1381 72.1129
1382 72.1129
1383 72.1129
1384 72.1129
1385 72.1129
1386 72.1129
1387 72.1129
1388 72.1129
1389 72.1129
1390 72.1129
1391 72.1129
1392 72.1129
1393 72.1129
1394 72.1129
1395 72.1129
1396 72.1129
1397 72.1129
1398 72.1129
1399 72.1129
1400 72.1129
1401 72.1129
1402 72.1129
1403 72.1129
1404 72.1129
1405 72.1129
1406 72.1129
1407 72.1129
1408 72.1129
1409 72.1129
1410 72.1129
1411 72.1129
1412 72.1129
1413 72.1129
1414 72.1129
1415 71.914
1416 71.914
1417 71.914
1418 71.914
1419 71.914
1420 71.914
1421 71.914
1422 71.914
1423 71.914
1424 71.914
1425 71.914
1426 71.914
1427 71.914
1428 71.914
1429 71.914
1430 71.914
1431 71.914
1432 71.914
1433 71.914
1434 71.914
1435 71.914
1436 71.914
1437 71.914
1438 71.914
1439 71.3935
1440 71.3935
1441 71.3935
1442 71.3935
1443 71.3935
1444 71.3935
1445 71.3935
1446 71.3935
1447 71.3935
1448 71.3935
1449 71.3935
1450 71.3935
1451 71.3935
1452 71.3935
1453 71.3935
1454 71.3935
1455 71.3935
1456 71.3935
1457 71.3935
1458 71.3935
1459 71.3935
1460 71.3935
1461 71.3935
1462 71.3935
1463 71.3935
1464 71.3935
1465 71.3935
1466 71.1254
1467 71.1254
1468 71.1254
1469 71.1254
1470 71.1254
1471 71.1254
1472 71.1254
1473 71.1254
1474 71.1254
1475 71.1254
1476 71.1254
1477 71.1254
1478 71.1254
1479 71.1254
1480 71.1254
1481 71.1254
1482 71.1254
1483 71.1254
1484 71.1254
1485 71.1254
1486 71.1254
1487 71.1254
1488 71.1254
1489 71.1254
1490 71.1254
1491 71.1254
1492 71.1254
1493 71.1254
1494 71.1254
1495 71.1254
1496 71.1254
1497 71.1254
1498 71.1254
1499 71.1254
1500 71.1254
1501 71.1254
1502 71.1254
1503 71.1254
1504 71.1254
1505 71.1254
1506 71.1254
1507 71.1254
1508 71.1254
1509 71.1254
1510 71.1254
1511 71.1254
1512 71.1254
1513 71.1254
1514 71.1254
1515 71.1254
1516 71.1254
1517 71.1254
1518 71.1254
1519 71.1254
1520 71.1254
1521 71.1254
1522 71.1254
1523 71.1254
1524 71.1254
1525 71.1254
1526 71.1254
1527 71.1254
1528 71.1254
1529 71.1254
1530 71.1254
1531 71.1254
1532 71.1254
1533 71.1254
1534 71.1254
1535 71.1254
1536 71.1254
1537 71.1254
1538 71.1254
1539 71.1254
1540 71.1254
1541 70.8982
1542 71.1254
1543 71.1254
1544 71.1254
1545 71.1254
1546 71.1254
1547 71.1254
1548 71.1254
1549 71.1254
1550 71.1254
1551 71.1254
1552 71.1254
1553 71.1254
1554 71.1254
1555 71.1254
1556 71.1254
1557 71.1254
1558 71.1254
1559 71.1254
1560 71.1254
1561 71.1254
1562 71.1254
1563 70.59
1564 70.59
1565 70.59
1566 70.59
1567 70.59
1568 70.59
1569 70.59
1570 70.59
1571 70.59
1572 70.59
1573 70.59
1574 70.59
1575 70.59
1576 70.59
1577 70.59
1578 70.59
1579 70.59
1580 70.59
1581 70.59
1582 70.59
1583 70.59
1584 70.59
1585 70.59
1586 70.59
1587 70.59
1588 70.59
1589 70.59
1590 70.59
1591 70.59
1592 70.59
1593 70.59
1594 70.59
1595 70.59
1596 70.59
1597 70.5881
1598 70.5881
1599 70.5881
1600 70.5881
1601 70.5881
1602 70.5881
1603 70.5881
1604 70.5881
1605 70.5881
1606 70.5881
1607 70.5881
1608 70.5881
1609 70.5881
1610 70.5881
1611 70.5881
1612 70.5881
1613 70.5881
1614 70.5881
1615 70.5881
1616 70.5881
1617 70.5881
1618 70.5881
1619 70.5881
1620 70.5881
1621 70.5881
1622 70.5881
1623 70.5881
1624 70.5881
1625 70.5881
1626 70.5881
1627 70.5881
1628 70.5222
1629 70.5222
1630 70.5222
1631 70.5222
1632 70.5222
1633 70.5222
1634 70.5222
1635 70.5222
1636 70.5222
1637 70.5222
1638 70.5222
1639 70.5222
1640 70.5222
1641 70.5222
1642 70.5222
1643 70.3022
1644 70.3022
1645 70.3022
1646 70.3022
1647 70.3022
1648 70.3022
1649 70.3022
1650 70.3022
1651 70.3022
1652 70.3022
1653 70.3022
1654 70.3022
1655 70.3022
1656 70.3022
1657 70.3022
1658 70.3022
1659 70.3022
1660 70.3022
1661 70.3022
1662 70.3022
1663 70.3022
1664 70.3022
1665 70.3022
1666 70.3022
1667 70.3022
1668 70.3022
1669 70.3022
1670 70.3022
1671 70.3022
1672 70.3022
1673 70.3022
1674 70.3022
1675 70.3022
1676 70.3022
1677 70.3022
1678 70.3022
1679 70.3022
1680 70.3022
1681 70.3022
1682 70.3022
1683 70.3022
1684 70.2471
1685 70.3022
1686 70.3022
1687 70.3022
1688 70.2471
1689 70.2471
1690 70.2471
1691 70.2471
1692 70.2471
1693 70.2471
1694 70.2471
1695 70.2471
1696 70.2471
1697 70.2471
1698 70.2471
1699 70.2471
1700 70.2471
1701 70.2471
1702 70.2471
1703 70.2471
1704 70.2471
1705 70.2471
1706 70.2471
1707 70.2471
1708 70.2471
1709 70.2471
1710 70.2471
1711 70.2471
1712 70.2471
1713 70.2471
1714 70.2471
1715 70.2471
1716 70.2471
1717 70.2471
1718 70.2471
1719 70.2471
1720 70.2471
1721 70.2471
1722 70.2471
1723 70.2471
1724 70.2471
1725 70.2471
1726 70.2471
1727 70.2471
1728 70.2471
1729 70.2471
1730 70.2471
1731 70.2471
1732 70.2471
1733 70.2471
1734 70.2471
1735 70.2471
1736 70.2471
1737 70.2471
1738 70.2471
1739 70.2471
1740 70.2471
1741 70.2471
1742 70.2471
1743 70.2471
1744 70.2471
1745 70.2471
1746 70.2471
1747 70.2471
1748 70.2471
1749 70.2471
1750 70.2471
1751 70.2471
1752 70.2471
1753 70.2471
1754 70.2471
1755 70.2471
1756 70.2471
1757 70.2471
1758 70.2471
1759 70.2471
1760 70.2471
1761 70.2471
1762 70.1565
1763 70.1565
1764 70.1565
1765 70.1565
1766 70.1565
1767 70.1565
1768 70.1565
1769 70.1565
1770 70.1565
1771 70.1565
1772 70.1565
1773 70.1565
1774 70.1565
1775 70.1565
1776 69.9293
1777 69.9293
1778 69.9293
1779 69.9293
1780 69.9293
1781 69.9293
1782 69.9293
1783 69.9293
1784 69.9293
1785 69.9293
1786 69.9293
1787 69.9293
1788 69.9293
1789 69.9293
1790 69.9293
1791 69.9293
1792 69.9293
1793 69.9293
1794 69.8932
1795 69.8932
1796 69.8932
1797 69.8932
1798 69.8932
1799 69.8932
1800 69.8932
1801 69.8932
1802 69.8932
1803 69.8932
1804 69.8932
1805 69.8932
1806 69.8932
1807 69.8932
1808 69.8932
1809 69.8932
1810 69.8932
1811 69.8932
1812 69.8932
1813 69.8932
1814 69.8932
1815 69.8932
1816 69.8932
1817 69.8932
1818 69.8932
1819 69.8932
1820 69.8932
1821 69.8932
1822 69.8932
1823 69.8932
1824 69.8932
1825 69.8932
1826 69.8932
1827 69.8932
1828 69.8932
1829 69.8932
1830 69.8932
1831 69.8932
1832 69.8932
1833 69.8932
1834 69.8932
1835 69.8932
1836 69.8932
1837 69.8932
1838 69.8932
1839 69.8932
1840 69.8932
1841 69.8932
1842 69.8932
1843 69.8932
1844 69.8932
1845 69.8932
1846 69.8932
1847 69.8932
1848 69.8932
1849 69.8932
1850 69.8932
1851 69.8932
1852 69.8932
1853 69.8932
1854 69.8932
1855 69.8932
1856 69.8932
1857 69.8932
1858 69.8932
1859 69.8932
1860 69.8932
1861 69.8932
1862 69.8932
1863 69.8932
1864 69.8932
1865 69.8932
1866 69.8932
1867 69.8932
1868 69.8932
1869 69.8932
1870 69.8932
1871 69.8932
1872 69.8932
1873 69.8932
1874 69.8932
1875 69.8932
1876 69.8932
1877 69.8932
1878 69.8932
1879 69.8932
1880 69.8932
1881 69.8932
1882 69.8932
1883 69.8932
1884 69.8932
1885 69.8932
1886 69.8932
1887 69.8932
1888 69.8932
1889 69.8932
1890 69.8932
1891 69.8932
1892 69.8932
1893 69.8932
1894 69.8932
1895 69.8932
1896 69.8932
1897 69.8932
1898 69.8932
1899 69.8932
1900 69.7788
1901 69.7788
1902 69.7788
1903 69.7788
1904 69.7788
1905 69.7788
1906 69.7788
1907 69.7788
1908 69.7788
1909 69.7788
1910 69.7788
1911 69.7788
1912 69.7788
1913 69.7788
1914 69.7788
1915 69.7788
1916 69.7788
1917 69.7788
1918 69.7788
1919 69.7788
1920 69.7788
1921 69.7788
1922 69.7788
1923 69.7788
1924 69.7788
1925 69.7788
1926 69.7788
1927 69.7788
1928 69.7788
1929 69.7788
1930 69.7788
1931 69.7788
1932 69.7788
1933 69.7788
1934 69.7788
1935 69.7788
1936 69.7788
1937 69.7788
1938 69.7788
1939 69.7788
1940 69.7788
1941 69.7788
1942 69.7788
1943 69.7788
1944 69.7788
1945 69.7788
1946 69.7788
1947 69.7788
1948 69.7788
1949 69.7788
1950 69.7788
1951 69.7788
1952 69.7788
1953 69.7788
1954 69.7788
1955 69.7788
1956 69.7788
1957 69.7788
1958 69.7788
1959 69.7788
1960 69.7788
1961 69.7788
1962 69.7788
1963 69.7788
1964 69.7788
1965 69.7788
1966 69.7788
1967 69.7788
1968 69.7788
1969 69.7788
1970 69.7788
1971 69.7788
1972 69.7788
1973 69.7788
1974 69.7788
1975 69.7788
1976 69.7788
1977 69.7788
1978 69.7788
1979 69.7788
1980 69.7788
1981 69.7788
1982 69.7788
1983 69.7788
1984 69.7788
1985 69.7788
1986 69.7788
1987 69.7788
1988 69.7788
1989 69.7788
1990 69.7788
1991 69.7788
1992 69.7788
1993 69.7788
1994 69.7788
1995 69.7788
1996 69.7788
1997 69.7788
1998 69.7788
1999 69.7788
2000 69.7788
2001 69.7788
2002 69.7788
2003 69.7788
2004 69.7788
2005 69.7788
2006 69.7788
2007 69.7788
2008 69.7788
2009 69.7788
2010 69.7788
2011 69.7788
2012 69.7788
2013 69.7788
2014 69.7788
2015 69.7788
2016 69.7788
2017 69.7788
2018 69.0898
2019 69.7788
2020 69.7788
2021 69.7788
2022 69.7788
2023 69.7788
2024 69.7788
2025 69.7788
2026 69.7788
2027 69.7788
2028 69.7788
2029 69.7788
2030 69.7788
2031 69.7788
2032 69.7788
2033 69.7788
2034 69.7788
2035 69.7788
2036 69.7788
2037 69.7788
2038 69.7788
2039 69.7788
2040 69.7788
2041 69.7788
2042 69.7788
2043 69.7788
2044 69.7788
2045 69.7788
2046 69.7788
2047 69.7788
2048 69.7788
2049 69.7788
2050 69.7788
2051 69.7788
2052 69.7788
2053 69.7788
2054 69.7788
2055 69.7788
2056 69.7788
2057 69.7788
2058 69.7788
2059 69.7788
2060 69.7788
2061 69.7788
2062 69.7788
2063 69.7788
2064 69.7788
2065 69.7788
2066 69.7788
2067 69.7788
2068 69.7788
2069 69.7788
2070 69.7788
2071 69.7788
2072 69.7788
2073 69.7788
2074 69.7788
2075 69.7788
2076 69.7788
2077 69.7788
2078 69.7788
2079 69.7788
2080 69.7788
2081 69.7788
2082 69.7788
2083 69.7788
2084 69.7788
2085 69.7788
2086 69.7788
2087 69.7788
2088 69.7788
2089 69.7788
2090 69.7788
2091 69.7788
2092 69.7788
2093 69.7788
2094 69.7788
2095 69.7788
2096 69.7788
2097 69.7788
2098 69.7788
2099 69.7788
2100 69.7788
2101 69.7788
2102 69.7788
2103 69.7788
2104 69.7788
2105 69.7788
2106 69.7788
2107 69.7788
2108 69.7788
2109 69.7788
2110 69.7788
2111 69.7788
2112 69.7788
2113 69.7788
2114 69.7788
2115 69.7788
2116 69.7788
2117 69.7788
2118 69.7788
2119 69.7788
2120 69.7788
2121 69.7788
2122 69.7788
2123 69.7788
2124 69.7788
2125 69.7788
2126 69.7788
2127 69.7788
2128 69.7788
2129 69.7788
2130 69.7788
2131 69.7788
2132 69.7788
2133 69.7788
2134 69.7788
2135 69.7788
2136 69.7788
2137 69.7788
2138 69.7788
2139 69.7788
2140 69.7788
2141 69.7788
2142 69.7788
2143 69.7788
2144 69.7788
2145 69.7788
2146 69.7788
2147 69.7788
2148 69.7788
2149 69.7788
2150 69.7788
2151 69.7788
2152 69.7788
2153 69.7788
2154 69.7788
2155 69.7788
2156 69.7788
2157 69.7788
2158 69.7788
2159 69.7788
2160 69.7788
2161 69.7788
2162 69.7788
2163 69.7788
2164 69.7788
2165 69.7788
2166 69.7788
2167 69.7788
2168 69.7788
2169 69.7788
2170 69.7788
2171 69.7788
2172 69.7788
2173 69.7788
2174 69.7788
2175 69.7788
2176 69.7788
2177 69.7788
2178 69.7788
2179 69.7788
2180 69.7788
2181 69.7788
2182 69.7788
2183 69.7788
2184 69.7788
2185 69.7788
2186 69.7788
2187 69.7788
2188 69.7788
2189 69.7788
2190 69.7788
2191 69.7788
2192 69.7788
2193 69.7788
2194 69.7788
2195 69.7788
2196 69.7788
2197 69.7788
2198 69.7788
2199 69.7788
2200 69.7788
2201 69.7788
2202 69.7788
2203 69.7788
2204 69.56
2205 69.56
2206 69.56
2207 69.56
2208 69.5565
2209 69.0638
2210 69.0638
2211 69.0638
2212 69.0638
2213 69.0638
2214 69.0638
2215 69.0638
2216 69.0638
2217 69.0638
2218 69.0638
2219 69.0638
2220 69.0638
2221 69.0638
2222 69.0638
2223 69.0638
2224 69.0638
2225 69.0638
2226 69.0638
2227 69.0638
2228 69.0638
2229 69.0638
2230 69.0638
2231 69.0638
2232 69.0638
2233 69.0638
2234 69.0638
2235 69.0638
2236 69.0638
2237 69.0638
2238 69.0638
2239 69.0638
2240 69.0638
2241 69.0638
2242 69.0638
2243 69.0638
2244 69.0638
2245 69.0638
2246 69.0638
2247 69.0638
2248 69.0638
2249 69.0638
2250 69.0638
2251 69.0638
2252 69.0638
2253 69.0638
2254 69.0638
2255 69.0638
2256 69.0638
2257 69.0638
2258 69.0638
2259 69.0638
2260 69.0638
2261 69.0638
2262 69.0638
2263 69.0638
2264 69.0638
2265 69.0638
2266 69.0638
2267 69.0638
2268 69.0638
2269 69.0638
2270 69.0638
2271 69.0638
2272 69.0638
2273 69.0638
2274 69.0638
2275 69.0638
2276 69.0638
2277 69.0638
2278 69.0638
2279 69.0638
2280 69.0638
2281 68.3748
2282 68.3748
2283 68.3748
2284 68.3748
2285 68.3748
2286 68.3748
2287 68.3748
2288 68.3748
2289 68.3748
2290 68.3748
2291 68.3748
2292 68.3748
2293 68.3748
2294 68.3748
2295 68.3748
2296 68.3748
2297 68.3748
2298 68.3748
2299 68.3748
2300 68.3748
2301 68.3748
2302 68.3748
2303 68.3748
2304 68.3748
2305 68.3748
2306 68.3748
2307 68.3748
2308 68.3748
2309 68.3748
2310 68.3748
2311 68.3748
2312 68.3457
2313 68.3457
2314 68.3457
2315 68.3457
2316 68.3457
2317 68.3457
2318 68.3457
2319 68.3457
2320 68.3457
2321 68.3457
2322 68.3457
2323 68.3457
2324 68.3457
2325 68.3457
2326 68.3457
2327 68.3457
2328 68.3457
2329 68.3457
2330 68.3457
2331 68.3457
2332 68.3457
2333 68.3457
2334 68.3457
2335 68.3457
2336 68.3457
2337 68.3457
2338 68.3457
2339 68.3457
2340 68.3457
2341 68.3457
2342 68.3457
2343 68.3457
2344 68.3457
2345 68.3457
2346 68.3457
2347 68.3457
2348 68.3457
2349 68.3457
2350 68.3457
2351 68.3457
2352 68.3457
2353 68.3457
2354 68.3457
2355 68.3457
2356 68.3457
2357 68.3457
2358 68.3457
2359 68.3457
2360 68.3457
2361 68.3457
2362 68.3457
2363 68.3457
2364 68.3457
2365 68.3457
2366 68.3457
2367 68.3457
2368 68.3457
2369 68.3457
2370 68.3457
2371 68.3457
2372 68.3457
2373 68.3457
2374 68.3457
2375 68.3457
2376 68.3457
2377 68.3457
2378 68.3457
2379 68.3457
2380 68.3457
2381 68.3457
2382 68.3457
2383 68.3457
2384 68.3457
2385 68.3457
2386 68.3457
2387 68.3457
2388 68.3457
2389 68.3457
2390 68.3457
2391 68.3457
2392 68.3457
2393 68.3457
2394 68.3457
2395 68.3457
2396 68.3457
2397 68.3457
2398 68.3457
2399 68.3457
2400 68.3457
2401 68.3457
2402 68.3457
2403 68.3457
2404 68.3457
2405 68.3457
2406 68.3457
2407 68.3457
2408 68.3457
2409 68.3457
2410 68.3457
2411 68.3457
2412 68.3457
2413 68.3457
2414 68.3457
2415 68.3457
2416 68.3457
2417 68.3457
2418 68.3457
2419 68.3457
2420 68.3457
2421 68.3457
2422 68.3457
2423 68.3457
2424 68.3457
2425 68.3457
2426 68.3457
2427 68.3457
2428 68.3457
2429 68.3457
2430 68.3457
2431 68.3457
2432 68.3457
2433 68.3457
2434 68.3457
2435 68.3457
2436 68.3457
2437 68.3457
2438 68.3457
2439 68.3457
2440 68.3457
2441 68.3457
2442 68.3457
2443 68.2693
2444 68.2693
2445 68.2693
2446 68.2693
2447 68.2693
2448 68.2693
2449 68.2693
2450 68.2693
2451 68.2693
2452 68.2693
2453 68.2693
2454 68.2693
2455 68.2693
2456 68.2693
2457 68.2693
2458 68.2693
2459 68.2693
2460 68.2693
2461 68.2693
2462 68.2693
2463 68.2693
2464 68.2693
2465 68.2693
2466 68.2693
2467 68.2693
2468 68.2693
2469 68.2693
2470 68.2693
2471 68.2693
2472 68.2693
2473 68.2693
2474 68.2693
2475 68.2693
2476 68.0824
2477 68.0824
2478 68.0824
2479 68.0824
2480 68.0824
2481 68.0824
2482 68.0824
2483 68.0824
2484 68.0824
2485 68.0824
2486 68.0824
2487 68.0824
2488 68.0824
2489 68.0824
2490 68.0824
2491 68.0824
2492 68.0824
2493 68.0824
2494 68.0824
2495 68.0824
2496 68.0824
2497 68.0824
2498 68.0824
2499 68.0824
2500 68.0824
2501 68.0824
2502 68.0824
2503 68.0775
2504 68.0775
2505 68.0775
2506 68.0775
2507 68.0775
2508 68.0775
2509 68.0775
2510 68.0775
2511 68.0775
2512 68.0775
2513 68.0775
2514 68.0775
2515 68.0775
2516 68.0775
2517 68.0775
2518 68.0775
2519 68.0775
2520 68.0775
2521 68.0775
2522 68.0775
2523 68.0775
2524 68.0775
2525 68.0775
2526 68.0775
2527 68.0775
2528 68.0775
2529 68.0775
2530 68.0775
2531 68.0775
2532 68.0775
2533 68.0775
2534 68.0775
2535 68.0775
2536 68.0775
2537 68.0775
2538 68.0775
2539 68.0775
2540 68.0775
2541 68.0775
2542 68.0775
2543 68.0775
2544 68.0775
2545 68.0775
2546 68.0775
2547 68.0775
2548 68.0775
2549 68.0775
2550 68.0775
2551 68.0775
2552 68.0775
2553 68.0775
2554 68.0775
2555 68.0775
2556 68.0775
2557 68.0775
2558 68.0775
2559 68.0775
2560 68.0775
2561 68.0775
2562 68.0775
2563 68.0775
2564 68.0775
2565 68.0775
2566 68.0775
2567 68.0775
2568 68.0775
2569 68.0775
2570 68.0775
2571 68.0775
2572 68.0775
2573 68.0775
2574 68.0775
2575 68.0775
2576 68.0775
2577 68.0775
2578 68.0775
2579 68.0775
2580 68.0775
2581 68.0775
2582 68.0775
2583 68.0775
2584 68.0775
2585 68.0775
2586 68.0775
2587 68.0775
2588 68.0775
2589 68.0775
2590 68.0775
2591 68.0775
2592 68.0775
2593 68.0775
2594 68.0775
2595 68.0775
2596 68.0775
2597 68.0775
2598 68.0775
2599 68.0775
2600 68.0775
2601 67.4598
2602 67.4598
2603 68.0775
2604 68.0775
2605 68.0775
2606 68.0775
2607 68.0775
2608 68.0775
2609 68.0775
2610 68.0775
2611 68.0775
2612 68.0775
2613 68.0775
2614 68.0775
2615 68.0775
2616 68.0775
2617 68.0775
2618 68.0775
2619 68.0775
2620 68.0775
2621 68.0775
2622 68.0775
2623 68.0775
2624 68.0775
2625 68.0775
2626 68.0775
2627 68.0775
2628 68.0775
2629 68.0775
2630 68.0775
2631 68.0775
2632 68.0775
2633 68.0775
2634 68.0775
2635 68.0775
2636 68.0775
2637 68.0775
2638 68.0775
2639 68.0775
2640 68.0775
2641 68.0775
2642 68.0775
2643 68.0775
2644 68.0775
2645 68.0775
2646 68.0775
2647 68.0775
2648 68.0775
2649 68.0775
2650 68.0775
2651 68.0775
2652 68.0775
2653 68.0775
2654 68.0775
2655 68.0775
2656 68.0775
2657 68.0775
2658 68.0775
2659 68.0775
2660 68.0775
2661 68.0775
2662 68.0775
2663 68.0775
2664 68.0775
2665 68.0775
2666 68.0775
2667 68.0775
2668 68.0775
2669 68.0775
2670 68.0775
2671 68.0775
2672 68.0775
2673 68.0775
2674 68.0775
2675 68.0775
2676 68.0775
2677 68.0775
2678 68.0775
2679 68.0775
2680 68.0775
2681 68.0775
2682 68.0775
2683 68.0775
2684 68.0775
2685 68.0775
2686 68.0775
2687 68.0775
2688 68.0775
2689 68.0775
2690 68.0775
2691 68.0775
2692 68.0775
2693 68.0775
2694 68.0775
2695 68.0775
2696 68.0775
2697 68.0775
2698 68.0775
2699 68.0775
2700 68.0775
2701 68.0775
2702 68.0775
2703 68.0775
2704 68.0775
2705 68.0775
2706 68.0775
2707 68.0775
2708 68.0775
2709 68.0775
2710 68.0775
2711 68.0775
2712 68.0775
2713 68.0775
2714 68.0775
2715 68.0775
2716 68.0775
2717 68.0775
2718 68.0775
2719 68.0775
2720 68.0775
2721 68.0775
2722 68.0775
2723 68.0775
2724 68.0775
2725 68.0775
2726 68.0775
2727 68.0775
2728 68.0775
2729 68.0775
2730 68.0775
2731 68.0775
2732 68.0775
2733 68.0775
2734 68.0775
2735 68.0775
2736 68.0775
2737 68.0775
2738 68.0775
2739 68.0775
2740 68.0775
2741 68.0775
2742 68.0775
2743 68.0775
2744 68.0775
2745 68.0775
2746 68.0775
2747 68.0775
2748 68.0775
2749 68.0775
2750 68.0775
2751 68.0775
2752 68.0775
2753 68.0775
2754 68.0775
2755 68.0775
2756 68.0775
2757 68.0775
2758 68.0775
2759 68.0775
2760 68.0775
2761 68.0775
2762 68.0775
2763 68.0775
2764 68.0775
2765 68.0775
2766 68.0775
2767 68.0775
2768 68.0775
2769 68.0775
2770 68.0775
2771 68.0775
2772 68.0775
2773 68.0775
2774 68.0775
2775 68.0775
2776 68.0775
2777 68.0775
2778 68.0775
2779 68.0775
2780 68.0775
2781 68.0775
2782 68.0775
2783 68.0775
2784 68.0775
2785 68.0775
2786 68.0775
2787 68.0775
2788 68.0775
2789 68.0775
2790 68.0775
2791 68.0775
2792 68.0775
2793 68.0775
2794 68.0775
2795 68.0775
2796 68.0775
2797 68.0775
2798 68.0775
2799 68.0775
2800 68.0775
2801 68.0775
2802 68.0775
2803 68.0775
2804 68.0775
2805 68.0775
2806 68.0775
2807 68.0775
2808 68.0775
2809 68.0775
2810 68.0775
2811 68.0775
2812 68.0775
2813 68.0775
2814 68.0775
2815 68.0775
2816 68.0775
2817 68.0775
2818 68.0775
2819 68.0775
2820 68.0775
2821 68.0775
2822 68.0775
2823 68.0775
2824 68.0775
2825 68.0775
2826 68.0775
2827 68.0775
2828 68.0775
2829 68.0775
2830 68.0775
2831 68.0775
2832 68.0775
2833 68.0775
2834 68.0775
2835 68.0775
2836 68.0775
2837 68.0775
2838 68.0775
2839 68.0775
2840 68.0775
2841 68.0775
2842 68.0775
2843 68.0775
2844 68.0775
2845 68.0775
2846 68.0775
2847 68.0775
2848 68.0775
2849 68.0775
2850 68.0775
2851 68.0775
2852 68.0775
2853 68.0775
2854 68.0775
2855 68.0775
2856 68.0775
2857 68.0775
2858 68.0775
2859 68.0775
2860 68.0775
2861 68.0775
2862 68.0775
2863 68.0775
2864 68.0775
2865 68.0775
2866 68.0775
2867 68.0775
2868 68.0775
2869 68.0775
2870 68.0775
2871 68.0775
2872 68.0775
2873 68.0775
2874 68.0775
2875 68.0775
2876 68.0775
2877 68.0775
2878 68.0775
2879 67.9077
2880 67.9077
2881 67.9077
2882 67.9077
2883 67.9077
2884 67.9077
2885 67.9077
2886 67.9077
2887 67.9077
2888 67.9077
2889 67.9077
2890 67.9077
2891 67.9077
2892 67.9077
2893 67.9077
2894 67.9077
2895 67.9077
2896 67.9077
2897 67.9077
2898 67.9077
2899 67.9077
2900 67.9077
2901 67.9077
2902 67.9077
2903 67.9077
2904 67.9077
2905 67.9077
2906 67.9077
2907 67.9077
2908 67.9077
2909 67.9077
2910 67.9077
2911 67.9077
2912 67.9077
2913 67.9077
2914 67.9077
2915 67.9077
2916 67.9077
2917 67.9077
2918 67.9077
2919 67.9077
2920 67.9077
2921 67.9077
2922 67.9077
2923 67.9077
2924 67.9077
2925 67.9077
2926 67.9077
2927 67.9077
2928 67.9077
2929 67.9077
2930 67.9077
2931 67.9077
2932 67.9077
2933 67.9077
2934 67.9077
2935 67.9077
2936 67.9077
2937 67.9077
2938 67.9077
2939 67.9077
2940 67.9077
2941 67.9077
2942 67.9077
2943 67.9077
2944 67.9077
2945 67.9077
2946 67.9077
2947 67.9077
2948 67.9077
2949 67.9077
2950 67.9077
2951 67.9077
2952 67.9077
2953 67.9077
2954 67.9077
2955 67.9077
2956 67.9077
2957 67.9077
2958 67.9077
2959 67.9077
2960 67.9077
2961 67.9077
2962 67.9077
2963 67.9077
2964 67.9077
2965 67.9077
2966 67.9077
2967 67.9077
2968 67.9077
2969 67.9077
2970 67.9077
2971 67.9077
2972 67.9077
2973 67.9077
2974 67.9077
2975 67.9077
2976 67.9077
2977 67.9077
2978 67.9077
2979 67.9077
2980 67.9077
2981 67.9077
2982 67.9077
2983 67.9077
2984 67.9077
2985 67.9077
2986 67.9077
2987 67.9077
2988 67.9077
2989 67.9077
2990 67.9077
2991 67.9077
2992 67.9077
2993 67.9077
2994 67.9077
2995 67.9077
2996 67.9077
2997 67.9077
2998 67.9077
2999 67.9077
3000 67.9077
3001 67.9077
3002 67.9077
3003 67.9077
3004 67.9077
3005 67.9077
3006 67.9077
3007 67.9077
3008 67.9077
3009 67.9077
3010 67.9077
3011 67.9077
3012 67.9077
3013 67.9077
3014 67.9077
3015 67.9077
3016 67.9077
3017 67.9077
3018 67.9077
3019 67.9077
3020 67.9077
3021 67.9077
3022 67.9077
3023 67.9077
3024 67.9077
3025 67.9077
3026 67.9077
3027 67.9077
3028 67.9077
3029 67.9077
3030 67.9077
3031 67.9077
3032 67.9077
3033 67.9077
3034 67.9077
3035 67.9077
3036 67.9077
3037 67.9077
3038 67.9077
3039 67.9077
3040 67.9077
3041 67.9077
3042 67.9077
3043 67.9077
3044 67.9077
3045 67.9077
3046 67.9077
3047 67.9077
3048 67.9077
3049 67.9077
3050 67.9077
3051 67.9077
3052 67.9077
3053 67.9077
3054 67.9077
3055 67.9077
3056 67.9077
3057 67.9077
3058 67.9077
3059 67.9077
3060 67.9077
3061 67.9077
3062 67.9077
3063 67.9077
3064 67.9077
3065 67.9077
3066 67.9077
3067 67.9077
3068 67.9077
3069 67.9077
3070 67.9077
3071 67.9077
3072 67.9077
3073 67.9077
3074 67.9077
3075 67.9077
3076 67.9077
3077 67.9077
3078 67.9077
3079 67.9077
3080 67.9077
3081 67.9077
3082 67.9077
3083 67.9077
3084 67.9077
3085 67.9077
3086 67.9077
3087 67.9077
3088 67.9077
3089 67.9077
3090 67.9077
3091 67.9077
3092 67.9077
3093 67.9077
3094 67.9077
3095 67.9077
3096 67.9077
3097 67.9077
3098 67.9077
3099 67.9077
3100 67.9077
3101 67.9077
3102 67.9077
3103 67.9077
3104 67.9077
3105 67.9077
3106 67.9077
3107 67.9077
3108 67.9077
3109 67.3802
3110 67.3802
3111 67.3802
3112 67.3802
3113 67.3802
3114 67.3802
3115 67.3802
3116 67.3802
3117 67.3802
3118 67.3802
3119 67.3802
3120 67.3802
3121 67.3802
3122 67.3802
3123 67.3802
3124 67.3802
3125 67.3802
3126 67.3802
3127 67.3802
3128 67.3802
3129 67.3802
3130 67.3802
3131 67.3802
3132 67.3802
3133 67.3802
3134 67.3802
3135 67.3802
3136 67.3802
3137 67.3802
3138 67.3802
3139 67.3802
3140 67.3802
3141 67.3802
3142 67.3802
3143 67.3802
3144 67.3802
3145 67.3802
3146 67.3802
3147 67.3802
3148 67.3802
3149 67.3802
3150 67.3802
3151 67.3802
3152 67.3802
3153 67.3802
3154 67.3802
3155 67.3802
3156 67.3802
3157 67.3802
3158 67.3802
3159 67.3802
3160 67.3802
3161 67.3802
3162 67.3802
3163 67.3802
3164 67.3802
3165 67.3802
3166 67.3802
3167 67.3802
3168 67.3802
3169 67.3802
3170 67.3802
3171 67.3802
3172 67.3802
3173 67.3802
3174 67.3802
3175 67.3802
3176 67.3802
3177 67.3802
3178 67.3802
3179 67.3802
3180 67.3802
3181 67.3802
3182 67.3802
3183 67.3802
3184 67.3802
3185 67.3802
3186 67.3802
3187 67.3802
3188 67.3802
3189 67.3802
3190 67.3802
3191 67.3802
3192 67.3802
3193 67.3802
3194 67.3802
3195 67.3802
3196 67.3802
3197 67.3802
3198 67.3802
3199 67.3802
3200 67.3802
3201 67.3802
3202 67.3802
3203 67.3802
3204 67.3802
3205 67.3802
3206 67.3802
3207 67.3802
3208 66.5172
3209 66.5172
3210 66.5172
3211 66.5172
3212 66.5172
3213 66.5172
3214 66.5172
3215 66.5172
3216 66.5172
3217 66.5172
3218 66.5172
3219 66.5172
3220 66.5172
3221 66.5172
3222 66.5172
3223 66.5172
3224 66.5172
3225 66.5172
3226 66.5172
3227 66.5172
3228 66.5172
3229 66.5172
3230 66.5172
3231 66.5172
3232 66.5172
3233 66.5172
3234 66.5172
3235 66.5172
3236 66.5172
3237 66.5172
3238 66.5172
3239 66.5172
3240 66.5172
3241 66.5172
3242 66.5172
3243 66.5172
3244 66.5172
3245 66.5172
3246 66.5172
3247 66.5172
3248 66.5172
3249 66.5172
3250 66.5172
3251 66.5172
3252 66.5172
3253 66.5172
3254 66.5172
3255 66.5172
3256 66.5172
3257 66.5172
3258 66.5172
3259 66.5172
3260 66.5172
3261 66.5172
3262 66.5172
3263 66.5172
3264 66.5172
3265 66.5172
3266 66.5172
3267 66.5172
3268 66.5172
3269 66.5172
3270 66.5172
3271 66.5172
3272 66.5172
3273 66.5172
3274 66.5172
3275 66.5172
3276 66.5172
3277 66.5172
3278 66.5172
3279 66.5172
3280 66.5172
3281 66.5172
3282 66.5172
3283 66.5172
3284 66.5172
3285 66.5172
3286 66.5172
3287 66.5172
3288 66.5172
3289 66.5172
3290 66.5172
3291 66.5172
3292 66.5172
3293 66.5172
3294 66.5172
3295 66.5172
3296 66.5172
3297 66.5172
3298 66.5172
3299 66.5172
3300 66.5172
3301 66.5172
3302 66.5172
3303 66.5172
3304 66.5172
3305 66.5172
3306 66.5172
3307 66.5172
3308 66.5172
3309 66.5172
3310 66.5172
3311 66.5172
3312 66.5172
3313 66.5172
3314 66.5172
3315 66.5172
3316 66.5172
3317 66.5172
3318 66.5172
3319 66.5172
3320 66.5172
3321 66.5172
3322 66.5172
3323 66.5172
3324 66.5172
3325 66.5172
3326 66.5172
3327 66.5172
3328 66.5172
3329 66.5172
3330 66.5172
3331 66.5172
3332 66.5172
3333 66.5172
3334 66.5172
3335 66.5172
3336 66.5172
3337 66.5172
3338 66.5172
3339 66.5172
3340 66.5172
3341 66.5172
3342 66.5172
3343 66.5172
3344 66.5172
3345 66.5172
3346 66.5172
3347 66.5172
3348 66.5172
3349 66.5172
3350 66.5172
3351 66.5172
3352 66.5172
3353 66.5172
3354 66.5172
3355 66.5172
3356 66.5172
3357 66.5172
3358 66.5172
3359 66.5172
3360 66.5172
3361 66.5172
3362 66.5172
3363 66.5172
3364 66.5172
3365 66.5172
3366 66.5172
3367 66.5172
3368 66.5172
3369 66.5172
3370 66.5172
3371 66.5172
3372 66.5172
3373 66.5172
3374 66.5172
3375 66.5172
3376 66.5172
3377 66.5172
3378 66.5172
3379 66.5172
3380 66.5172
3381 66.5172
3382 66.5172
3383 66.5172
3384 66.5172
3385 66.5172
3386 66.5172
3387 66.5172
3388 66.5172
3389 66.5172
3390 66.5172
3391 66.5172
3392 66.5172
3393 66.5172
3394 66.5172
3395 66.5172
3396 66.5172
3397 66.5172
3398 66.5172
3399 66.5172
3400 66.5172
3401 66.5172
3402 66.5172
3403 66.5172
3404 66.5172
3405 66.5172
3406 66.5172
3407 66.5172
3408 66.5172
3409 66.5172
3410 66.5172
3411 66.5172
3412 66.5172
3413 66.5172
3414 66.5172
3415 66.5172
3416 66.5172
3417 66.5172
3418 66.5172
3419 66.5172
3420 66.5172
3421 66.5172
3422 66.5172
3423 66.5172
3424 66.5172
3425 66.5172
3426 66.5172
3427 66.5172
3428 66.5172
3429 66.5172
3430 66.5172
3431 66.5172
3432 66.5172
3433 66.5172
3434 66.5172
3435 66.5172
3436 66.5172
3437 66.5172
3438 66.5172
3439 66.5172
3440 66.5172
3441 66.5172
3442 66.5172
3443 66.5172
3444 66.5172
3445 66.5172
3446 66.5172
3447 66.5172
3448 66.5172
3449 66.5172
3450 66.5172
3451 66.5172
3452 66.5172
3453 66.5172
3454 66.5172
3455 66.5172
3456 66.5172
3457 66.5172
3458 66.5172
3459 66.5172
3460 66.5172
3461 66.5172
3462 66.5172
3463 66.5172
3464 66.5172
3465 66.5172
3466 66.5172
3467 66.5172
3468 66.5172
3469 66.5172
3470 66.5172
3471 66.5172
3472 66.5172
3473 66.5172
3474 66.5172
3475 66.5172
3476 66.5172
3477 66.5172
3478 66.5172
3479 66.5172
3480 66.5172
3481 66.5172
3482 66.5172
3483 66.5172
3484 66.5172
3485 66.5172
3486 66.5172
3487 66.5172
3488 66.5172
3489 66.5172
3490 66.5172
3491 66.5172
3492 66.5172
3493 66.5172
3494 66.5172
3495 66.5172
3496 66.5172
3497 66.5172
3498 66.5172
3499 66.5172
3500 66.5172
3501 66.5172
3502 66.5172
3503 66.5172
3504 66.5172
3505 66.5172
3506 66.5172
3507 66.5172
3508 66.5172
3509 66.5172
3510 66.5172
3511 66.5172
3512 66.5172
3513 66.5172
3514 66.5172
3515 66.5172
3516 66.5172
3517 66.5172
3518 66.5172
3519 66.5172
3520 66.5172
3521 66.5172
3522 66.5172
3523 66.5172
3524 66.5172
3525 66.5172
3526 66.5172
3527 66.5172
3528 66.5172
3529 66.5172
3530 66.5172
3531 66.5172
3532 66.5172
3533 66.5172
3534 66.5172
3535 66.5172
3536 66.5172
3537 66.5172
3538 66.5172
3539 66.5172
3540 66.5172
3541 66.5172
3542 66.5172
3543 66.5172
3544 66.5172
3545 66.5172
3546 66.5172
3547 66.5172
3548 66.5172
3549 66.5172
3550 66.5172
3551 66.5172
3552 66.5172
3553 66.5172
3554 66.5172
3555 66.5172
3556 66.5172
3557 66.5172
3558 66.5172
3559 66.5172
3560 66.5172
3561 66.5172
3562 66.5172
3563 66.5172
3564 66.5172
3565 66.5172
3566 66.5172
3567 66.5172
3568 66.5172
3569 66.5172
3570 66.5172
3571 66.5172
3572 66.5172
3573 66.5172
3574 66.5172
3575 66.5172
3576 66.5172
3577 66.5172
3578 66.5172
3579 66.5172
3580 66.5172
3581 66.5172
3582 66.5172
3583 66.5172
3584 66.5172
3585 66.5172
3586 66.5172
3587 66.5172
3588 66.5172
3589 66.5172
3590 66.5172
3591 66.5172
3592 66.5172
3593 66.5172
3594 66.5172
3595 66.5172
3596 66.5172
3597 66.5172
3598 66.5172
3599 66.5172
3600 66.5172
3601 66.5172
3602 66.5172
3603 66.5172
3604 66.5172
3605 66.5172
3606 66.5172
3607 66.5172
3608 66.5172
3609 66.5172
3610 66.5172
3611 66.5172
3612 66.5172
3613 66.5172
3614 66.5172
3615 66.5172
3616 66.5172
3617 66.5172
3618 66.5172
3619 66.5172
3620 66.5172
3621 66.5172
3622 66.5172
3623 66.5172
3624 66.5172
3625 66.5172
3626 66.5172
3627 66.5172
3628 66.5172
3629 66.5172
3630 66.5172
3631 66.5172
3632 66.5172
3633 66.5172
3634 66.5172
3635 66.5172
3636 66.5172
3637 66.5172
3638 66.5172
3639 66.5172
3640 66.5172
3641 66.5172
3642 66.5172
3643 66.5172
3644 66.5172
3645 66.5172
3646 66.5172
3647 66.5172
3648 66.5172
3649 66.5172
3650 66.5172
3651 66.5172
3652 66.5172
3653 66.5172
3654 66.5172
3655 66.5172
3656 66.5172
3657 66.5172
3658 66.5172
3659 66.5172
3660 66.5172
3661 66.5172
3662 66.5172
3663 66.5172
3664 66.5172
3665 66.5172
3666 66.5172
3667 66.5172
3668 66.5172
3669 66.5172
3670 66.5172
3671 66.5172
3672 66.5172
3673 66.5172
3674 66.5172
3675 66.5172
3676 66.5172
3677 66.5172
3678 66.5172
3679 66.5172
3680 66.5172
3681 66.5172
3682 66.5172
3683 66.5172
3684 66.5172
3685 66.5172
3686 66.5172
3687 66.5172
3688 66.5172
3689 66.5172
3690 66.5172
3691 66.5172
3692 66.5172
3693 66.5172
3694 66.5172
3695 66.5172
3696 66.5172
3697 66.5172
3698 66.5172
3699 66.5172
3700 66.5172
3701 66.5172
3702 66.5172
3703 66.5172
3704 66.5172
3705 66.5172
3706 66.5172
3707 66.5172
3708 66.5172
3709 66.5172
3710 66.5172
3711 66.5172
3712 66.5172
3713 66.5172
3714 66.5172
3715 66.5172
3716 66.5172
3717 66.5172
3718 66.5172
3719 66.5172
3720 66.5172
3721 66.5172
3722 66.5172
3723 66.5172
3724 66.5172
3725 66.5172
3726 66.5172
3727 66.5172
3728 66.5172
3729 66.5172
3730 66.5172
3731 66.5172
3732 66.5172
3733 66.5172
3734 66.5172
3735 66.5172
3736 66.5172
3737 66.5172
3738 66.5172
3739 66.5172
3740 66.5172
3741 66.5172
3742 66.5172
3743 66.5172
3744 66.5172
3745 66.5172
3746 66.5172
3747 66.5172
3748 66.5172
3749 66.5172
3750 66.5172
3751 66.5172
3752 66.5172
3753 66.5172
3754 66.5172
3755 66.5172
3756 66.5172
3757 66.5172
3758 66.5172
3759 66.5172
3760 66.5172
3761 66.5172
3762 66.5172
3763 66.5172
3764 66.5172
3765 66.5172
3766 66.5172
3767 66.5172
3768 66.5172
3769 66.5172
3770 66.5172
3771 66.5172
3772 66.5172
3773 66.5172
3774 66.5172
3775 66.5172
3776 66.5172
3777 66.5172
3778 66.5172
3779 66.5172
3780 66.5172
3781 66.5172
3782 66.5172
3783 66.5172
3784 66.5172
3785 66.5172
3786 66.5172
3787 66.5172
3788 66.5172
3789 66.5172
3790 66.5172
3791 66.5172
3792 66.5172
3793 66.5172
3794 66.5172
3795 66.5172
3796 66.5172
3797 66.5172
3798 66.5172
3799 66.5172
3800 66.5172
3801 66.5172
3802 66.5172
3803 66.5172
3804 66.5172
3805 66.5172
3806 66.5172
3807 66.5172
3808 66.5172
3809 66.5172
3810 66.5172
3811 66.5172
3812 66.5172
3813 66.5172
3814 66.5172
3815 66.5172
3816 66.5172
3817 66.5172
3818 66.5172
3819 66.5172
3820 66.5172
3821 66.5172
3822 66.5172
3823 66.5172
3824 66.5172
3825 66.5172
3826 66.5172
3827 66.5172
3828 66.5172
3829 66.5172
3830 66.5172
3831 66.5172
3832 66.5172
3833 66.5172
3834 66.5172
3835 66.5172
3836 66.5172
3837 66.5172
3838 66.5172
3839 66.5172
3840 66.5172
3841 66.5172
3842 66.5172
3843 66.5172
3844 66.5172
3845 66.5172
3846 66.5172
3847 66.5172
3848 66.5172
3849 66.5172
3850 66.5172
3851 66.5172
3852 66.5172
3853 66.5172
3854 66.5172
3855 66.5172
3856 66.5172
3857 66.5172
3858 66.5172
3859 66.5172
3860 66.5172
3861 66.5172
3862 66.5172
3863 66.5172
3864 66.5172
3865 66.5172
3866 66.5172
3867 66.2666
3868 66.2666
3869 66.2666
3870 66.2666
3871 66.2666
3872 66.2666
3873 66.2666
3874 66.2666
3875 66.2666
3876 66.2666
3877 66.2666
3878 66.2666
3879 66.2666
3880 66.2666
3881 66.2666
3882 66.2666
3883 66.2666
3884 66.2666
3885 66.2666
3886 66.2666
3887 66.2666
3888 66.2666
3889 66.2666
3890 66.2666
3891 66.2666
3892 66.2666
3893 66.2666
3894 66.2666
3895 66.2666
3896 66.2666
3897 66.2666
3898 66.2666
3899 66.2666
3900 66.2666
3901 66.2666
3902 66.2666
3903 66.2666
3904 66.2666
3905 66.2666
3906 66.2666
3907 66.2666
3908 66.2666
3909 66.2666
3910 66.2666
3911 66.2666
3912 66.2666
3913 66.2666
3914 66.2666
3915 66.2666
3916 66.2666
3917 66.2666
3918 66.2666
3919 66.2666
3920 66.2666
3921 66.2666
3922 66.2666
3923 66.2666
3924 66.2666
3925 66.2666
3926 66.2666
3927 66.2666
3928 66.2666
3929 66.2666
3930 66.2666
3931 66.2666
3932 66.2666
3933 66.2666
3934 66.2666
3935 66.2666
3936 66.2666
3937 66.2666
3938 66.2666
3939 66.2666
3940 66.2666
3941 66.2666
3942 66.2666
3943 66.2666
3944 66.2666
3945 66.2666
3946 66.2666
3947 66.2666
3948 66.2666
3949 66.2666
3950 66.2666
3951 66.2666
3952 66.2666
3953 66.2666
3954 66.2666
3955 66.2666
3956 66.2666
3957 66.2666
3958 66.2666
3959 66.2666
3960 66.2666
3961 66.2666
3962 66.2666
3963 66.2666
3964 66.2666
3965 66.2666
3966 66.2666
3967 66.2666
3968 66.2666
3969 66.2666
3970 66.2666
3971 66.2666
3972 66.2666
3973 66.2666
3974 66.2666
3975 66.2666
3976 66.2666
3977 66.2666
3978 66.2666
3979 66.2666
3980 66.2666
3981 66.2666
3982 66.2666
3983 66.2666
3984 66.2666
3985 66.2666
3986 66.2666
3987 66.2666
3988 66.2666
3989 66.2666
3990 66.2666
3991 66.2666
3992 66.2666
3993 66.2666
3994 66.2666
3995 66.2666
3996 66.2666
3997 66.2666
3998 66.2666
3999 66.2666
4000 66.2666
4001 66.2666
4002 66.2666
4003 66.2666
4004 66.2666
4005 66.2666
4006 66.2666
4007 66.2666
4008 66.2666
4009 66.2666
4010 66.2666
4011 66.2666
4012 66.2666
4013 66.2666
4014 66.2666
4015 66.2666
4016 66.2666
4017 66.2666
4018 66.2666
4019 66.2666
4020 66.2666
4021 66.2666
4022 66.2666
4023 66.2666
4024 66.2666
4025 66.2666
4026 66.2666
4027 66.2666
4028 66.2666
4029 66.2666
4030 66.2666
4031 66.2666
4032 66.1696
4033 66.1696
4034 66.1696
4035 66.1696
4036 66.1696
4037 66.1696
4038 66.1696
4039 66.1696
4040 66.1696
4041 66.1696
4042 66.1696
4043 66.1696
4044 66.1696
4045 66.1696
4046 66.1696
4047 66.1696
4048 66.1696
4049 66.1696
4050 66.1696
4051 66.1696
4052 66.1696
4053 66.1696
4054 66.1696
4055 66.1696
4056 66.1696
4057 66.1696
4058 66.1696
4059 66.1696
4060 66.1696
4061 66.1696
4062 66.1696
4063 66.1696
4064 66.1696
4065 66.1696
4066 66.1696
4067 66.1696
4068 66.1696
4069 66.1696
4070 66.1696
4071 66.1696
4072 66.1696
4073 66.1696
4074 66.1696
4075 66.1696
4076 66.1696
4077 66.1696
4078 66.1696
4079 66.1696
4080 66.1696
4081 66.1696
4082 66.1696
4083 66.1696
4084 66.1696
4085 66.1696
4086 66.1696
4087 66.1696
4088 66.1696
4089 66.1696
4090 66.1696
4091 66.1696
4092 66.1696
4093 66.1696
4094 66.1696
4095 66.1696
4096 66.1696
4097 66.1696
4098 66.1696
4099 66.1696
4100 66.1696
4101 66.1696
4102 66.1696
4103 66.1696
4104 66.1696
4105 66.1696
4106 66.1696
4107 66.1696
4108 66.1696
4109 66.1696
4110 66.1696
4111 66.1696
4112 66.1696
4113 66.1696
4114 66.1696
4115 66.1696
4116 66.1696
4117 66.1696
4118 66.1696
4119 66.1696
4120 66.1696
4121 66.1696
4122 66.1696
4123 66.1696
4124 66.1696
4125 66.1696
4126 66.1696
4127 66.1696
4128 66.1696
4129 66.1696
4130 66.1696
4131 66.1696
4132 66.1696
4133 66.1696
4134 66.1696
4135 66.1696
4136 66.1696
4137 66.1696
4138 66.1696
4139 66.1696
4140 66.1696
4141 66.1696
4142 66.1696
4143 66.1696
4144 66.1696
4145 66.1696
4146 66.1696
4147 66.1696
4148 66.1696
4149 66.1696
4150 66.1696
4151 66.1696
4152 66.1696
4153 66.1696
4154 66.1696
4155 66.1696
4156 66.1696
4157 66.1696
4158 66.1696
4159 66.1696
4160 66.1696
4161 66.1696
4162 66.1696
4163 66.1696
4164 66.1696
4165 66.1696
4166 66.1696
4167 66.1696
4168 66.1696
4169 66.1696
4170 66.1696
4171 66.1696
4172 66.1696
4173 66.1696
4174 66.1696
4175 66.1696
4176 66.1696
4177 66.1696
4178 66.0061
4179 66.0061
4180 66.0061
4181 66.0061
4182 66.0061
4183 66.0061
4184 66.0061
4185 66.0061
4186 66.0061
4187 66.0061
4188 66.0061
4189 66.0061
4190 66.0061
4191 66.0061
4192 66.0061
4193 66.0061
4194 66.0061
4195 66.0061
4196 66.0061
4197 66.0061
4198 66.0061
4199 66.0061
4200 66.0061
4201 66.0061
4202 66.0061
4203 66.0061
4204 66.0061
4205 66.0061
4206 66.0061
4207 66.0061
4208 66.0061
4209 66.0061
4210 66.0061
4211 66.0061
4212 66.0061
4213 66.0061
4214 66.0061
4215 66.0061
4216 66.0061
4217 66.0061
4218 66.0061
4219 66.0061
4220 66.0061
4221 66.0061
4222 66.0061
4223 66.0061
4224 66.0061
4225 66.0061
4226 66.0061
4227 66.0061
4228 66.0061
4229 66.0061
4230 66.0061
4231 66.0061
4232 66.0061
4233 66.0061
4234 66.0061
4235 66.0061
4236 66.0061
4237 66.0061
4238 66.0061
4239 66.0061
4240 66.0061
4241 66.0061
4242 66.0061
4243 66.0061
4244 66.0061
4245 66.0061
4246 66.0061
4247 66.0061
4248 66.0061
4249 66.0061
4250 66.0061
4251 66.0061
4252 66.0061
4253 66.0061
4254 66.0061
4255 66.0061
4256 66.0061
4257 66.0061
4258 66.0061
4259 66.0061
4260 66.0061
4261 66.0061
4262 66.0061
4263 66.0061
4264 66.0061
4265 66.0061
4266 66.0061
4267 66.0061
4268 66.0061
4269 66.0061
4270 66.0061
4271 66.0061
4272 66.0061
4273 66.0061
4274 66.0061
4275 66.0061
4276 66.0061
4277 66.0061
4278 66.0061
4279 66.0061
4280 66.0061
4281 66.0061
4282 66.0061
4283 66.0061
4284 66.0061
4285 66.0061
4286 66.0061
4287 66.0061
4288 66.0061
4289 66.0061
4290 66.0061
4291 66.0061
4292 66.0061
4293 66.0061
4294 66.0061
4295 66.0061
4296 66.0061
4297 66.0061
4298 66.0061
4299 66.0061
4300 66.0061
4301 66.0061
4302 66.0061
4303 66.0061
4304 66.0061
4305 66.0061
4306 66.0061
4307 66.0061
4308 66.0061
4309 66.0061
4310 66.0061
4311 66.0061
4312 66.0061
4313 66.0061
4314 66.0061
4315 66.0061
4316 66.0061
4317 66.0061
4318 66.0061
4319 66.0061
4320 66.0061
4321 66.0061
4322 66.0061
4323 66.0061
4324 66.0061
4325 66.0061
4326 66.0061
4327 66.0061
4328 66.0061
4329 66.0061
4330 66.0061
4331 66.0061
4332 66.0061
4333 66.0061
4334 66.0061
4335 66.0061
4336 66.0061
4337 66.0061
4338 66.0061
4339 66.0061
4340 66.0061
4341 66.0061
4342 66.0061
4343 66.0061
4344 66.0061
4345 66.0061
4346 66.0061
4347 66.0061
4348 66.0061
4349 66.0061
4350 66.0061
4351 66.0061
4352 66.0061
4353 66.0061
4354 66.0061
4355 66.0061
4356 66.0061
4357 66.0061
4358 66.0061
4359 66.0061
4360 66.0061
4361 66.0061
4362 66.0061
4363 66.0061
4364 66.0061
4365 66.0061
4366 66.0061
4367 66.0061
4368 66.0061
4369 66.0061
4370 66.0061
4371 66.0061
4372 66.0061
4373 66.0061
4374 66.0061
4375 66.0061
4376 66.0061
4377 66.0061
4378 66.0061
4379 66.0061
4380 66.0061
4381 66.0061
4382 66.0061
4383 66.0061
4384 66.0061
4385 66.0061
4386 66.0061
4387 66.0061
4388 66.0061
4389 66.0061
4390 66.0061
4391 66.0061
4392 66.0061
4393 66.0061
4394 66.0061
4395 66.0061
4396 66.0061
4397 66.0061
4398 66.0061
4399 66.0061
4400 66.0061
4401 66.0061
4402 66.0061
4403 66.0061
4404 66.0061
4405 66.0061
4406 66.0061
4407 66.0061
4408 66.0061
4409 66.0061
4410 66.0061
4411 66.0061
4412 66.0061
4413 66.0061
4414 66.0061
4415 66.0061
4416 66.0061
4417 66.0061
4418 66.0061
4419 66.0061
4420 66.0061
4421 66.0061
4422 66.0061
4423 66.0061
4424 66.0061
4425 66.0061
4426 66.0061
4427 66.0061
4428 66.0061
4429 66.0061
4430 66.0061
4431 66.0061
4432 66.0061
4433 66.0061
4434 66.0061
4435 66.0061
4436 66.0061
4437 66.0061
4438 66.0061
4439 66.0061
4440 66.0061
4441 66.0061
4442 66.0061
4443 66.0061
4444 66.0061
4445 66.0061
4446 66.0061
4447 66.0061
4448 66.0061
4449 66.0061
4450 66.0061
4451 66.0061
4452 66.0061
4453 66.0061
4454 66.0061
4455 66.0061
4456 66.0061
4457 66.0061
4458 66.0061
4459 66.0061
4460 66.0061
4461 66.0061
4462 66.0061
4463 66.0061
4464 66.0061
4465 66.0061
4466 66.0061
4467 66.0061
4468 66.0061
4469 66.0061
4470 66.0061
4471 66.0061
4472 66.0061
4473 66.0061
4474 66.0061
4475 66.0061
4476 66.0061
4477 66.0061
4478 66.0061
4479 66.0061
4480 66.0061
4481 66.0061
4482 66.0061
4483 66.0061
4484 66.0061
4485 66.0061
4486 66.0061
4487 66.0061
4488 66.0061
4489 66.0061
4490 66.0061
4491 66.0061
4492 66.0061
4493 66.0061
4494 66.0061
4495 66.0061
4496 66.0061
4497 66.0061
4498 66.0061
4499 66.0061
4500 66.0061
4501 66.0061
4502 66.0061
4503 66.0061
4504 66.0061
4505 66.0061
4506 66.0061
4507 66.0061
4508 66.0061
4509 66.0061
4510 66.0061
4511 66.0061
4512 66.0061
4513 66.0061
4514 66.0061
4515 66.0061
4516 66.0061
4517 66.0061
4518 66.0061
4519 66.0061
4520 66.0061
4521 66.0061
4522 66.0061
4523 66.0061
4524 66.0061
4525 66.0061
4526 66.0061
4527 66.0061
4528 66.0061
4529 66.0061
4530 66.0061
4531 66.0061
4532 66.0061
4533 66.0061
4534 66.0061
4535 66.0061
4536 66.0061
4537 66.0061
4538 66.0061
4539 66.0061
4540 66.0061
4541 66.0061
4542 66.0061
4543 66.0061
4544 66.0061
4545 66.0061
4546 66.0061
4547 66.0061
4548 66.0061
4549 66.0061
4550 66.0061
4551 66.0061
4552 66.0061
4553 66.0061
4554 66.0061
4555 66.0061
4556 66.0061
4557 66.0061
4558 66.0061
4559 66.0061
4560 66.0061
4561 66.0061
4562 66.0061
4563 66.0061
4564 66.0061
4565 66.0061
4566 66.0061
4567 66.0061
4568 66.0061
4569 66.0061
4570 66.0061
4571 66.0061
4572 66.0061
4573 66.0061
4574 66.0061
4575 66.0061
4576 66.0061
4577 66.0061
4578 66.0061
4579 66.0061
4580 66.0061
4581 66.0061
4582 66.0061
4583 66.0061
4584 66.0061
4585 66.0061
4586 66.0061
4587 66.0061
4588 66.0061
4589 66.0061
4590 66.0061
4591 66.0061
4592 66.0061
4593 66.0061
4594 66.0061
4595 66.0061
4596 66.0061
4597 66.0061
4598 66.0061
4599 66.0061
4600 66.0061
4601 66.0061
4602 66.0061
4603 66.0061
4604 66.0061
4605 66.0061
4606 66.0061
4607 66.0061
4608 66.0061
4609 66.0061
4610 66.0061
4611 66.0061
4612 66.0061
4613 66.0061
4614 66.0061
4615 66.0061
4616 66.0061
4617 66.0061
4618 66.0061
4619 66.0061
4620 66.0061
4621 66.0061
4622 66.0061
4623 66.0061
4624 66.0061
4625 66.0061
4626 66.0061
4627 66.0061
4628 66.0061
4629 66.0061
4630 66.0061
4631 66.0061
4632 66.0061
4633 66.0061
4634 66.0061
4635 66.0061
4636 66.0061
4637 66.0061
4638 66.0061
4639 66.0061
4640 66.0061
4641 66.0061
4642 66.0061
4643 66.0061
4644 66.0061
4645 66.0061
4646 66.0061
4647 66.0061
4648 66.0061
4649 66.0061
4650 66.0061
4651 66.0061
4652 66.0061
4653 66.0061
4654 66.0061
4655 66.0061
4656 66.0061
4657 66.0061
4658 66.0061
4659 66.0061
4660 66.0061
4661 66.0061
4662 66.0061
4663 66.0061
4664 66.0061
4665 66.0061
4666 66.0061
4667 66.0061
4668 66.0061
4669 66.0061
4670 66.0061
4671 66.0061
4672 66.0061
4673 66.0061
4674 66.0061
4675 66.0061
4676 66.0061
4677 66.0061
4678 66.0061
4679 66.0061
4680 66.0061
4681 66.0061
4682 66.0061
4683 66.0061
4684 66.0061
4685 66.0061
4686 66.0061
4687 66.0061
4688 66.0061
4689 66.0061
4690 66.0061
4691 66.0061
4692 66.0061
4693 66.0061
4694 66.0061
4695 66.0061
4696 66.0061
4697 66.0061
4698 66.0061
4699 66.0061
4700 66.0061
4701 66.0061
4702 66.0061
4703 66.0061
4704 66.0061
4705 66.0061
4706 66.0061
4707 66.0061
4708 66.0061
4709 66.0061
4710 66.0061
4711 66.0061
4712 66.0061
4713 66.0061
4714 66.0061
4715 66.0061
4716 66.0061
4717 66.0061
4718 66.0061
4719 66.0061
4720 66.0061
4721 66.0061
4722 66.0061
4723 66.0061
4724 66.0061
4725 66.0061
4726 66.0061
4727 66.0061
4728 66.0061
4729 66.0061
4730 66.0061
4731 66.0061
4732 66.0061
4733 66.0061
4734 66.0061
4735 66.0061
4736 66.0061
4737 66.0061
4738 66.0061
4739 66.0061
4740 66.0061
4741 66.0061
4742 66.0061
4743 66.0061
4744 66.0061
4745 66.0061
4746 66.0061
4747 66.0061
4748 66.0061
4749 66.0061
4750 66.0061
4751 66.0061
4752 66.0061
4753 66.0061
4754 66.0061
4755 66.0061
4756 66.0061
4757 66.0061
4758 66.0061
4759 66.0061
4760 66.0061
4761 66.0061
4762 66.0061
4763 66.0061
4764 66.0061
4765 66.0061
4766 66.0061
4767 66.0061
4768 66.0061
4769 66.0061
4770 66.0061
4771 66.0061
4772 66.0061
4773 66.0061
4774 66.0061
4775 66.0061
4776 66.0061
4777 66.0061
4778 66.0061
4779 66.0061
4780 66.0061
4781 66.0061
4782 66.0061
4783 66.0061
4784 66.0061
4785 66.0061
4786 66.0061
4787 66.0061
4788 66.0061
4789 66.0061
4790 66.0061
4791 66.0061
4792 66.0061
4793 66.0061
4794 66.0061
4795 66.0061
4796 66.0061
4797 66.0061
4798 66.0061
4799 66.0061
4800 66.0061
4801 66.0061
4802 66.0061
4803 66.0061
4804 66.0061
4805 66.0061
4806 66.0061
4807 66.0061
4808 66.0061
4809 66.0061
4810 66.0061
4811 66.0061
4812 66.0061
4813 66.0061
4814 66.0061
4815 66.0061
4816 66.0061
4817 66.0061
4818 66.0061
4819 66.0061
4820 66.0061
4821 66.0061
4822 66.0061
4823 66.0061
4824 66.0061
4825 66.0061
4826 66.0061
4827 66.0061
4828 66.0061
4829 66.0061
4830 66.0061
4831 66.0061
4832 66.0061
4833 66.0061
4834 66.0061
4835 66.0061
4836 66.0061
4837 66.0061
4838 66.0061
4839 66.0061
4840 66.0061
4841 66.0061
4842 66.0061
4843 66.0061
4844 66.0061
4845 66.0061
4846 66.0061
4847 66.0061
4848 66.0061
4849 66.0061
4850 66.0061
4851 66.0061
4852 66.0061
4853 66.0061
4854 66.0061
4855 66.0061
4856 66.0061
4857 66.0061
4858 66.0061
4859 66.0061
4860 66.0061
4861 66.0061
4862 66.0061
4863 66.0061
4864 66.0061
4865 66.0061
4866 66.0061
4867 66.0061
4868 66.0061
4869 66.0061
4870 66.0061
4871 66.0061
4872 66.0061
4873 66.0061
4874 66.0061
4875 66.0061
4876 66.0061
4877 66.0061
4878 66.0061
4879 66.0061
4880 66.0061
4881 66.0061
4882 66.0061
4883 66.0061
4884 66.0061
4885 66.0061
4886 66.0061
4887 66.0061
4888 66.0061
4889 66.0061
4890 66.0061
4891 66.0061
4892 66.0061
4893 66.0061
4894 66.0061
4895 66.0061
4896 66.0061
4897 66.0061
4898 66.0061
4899 66.0061
4900 66.0061
4901 66.0061
4902 66.0061
4903 66.0061
4904 66.0061
4905 66.0061
4906 66.0061
4907 66.0061
4908 66.0061
4909 66.0061
4910 66.0061
4911 66.0061
4912 66.0061
4913 66.0061
4914 66.0061
4915 66.0061
4916 66.0061
4917 66.0061
4918 66.0061
4919 66.0061
4920 66.0061
4921 66.0061
4922 66.0061
4923 66.0061
4924 66.0061
4925 66.0061
4926 66.0061
4927 66.0061
4928 66.0061
4929 66.0061
4930 66.0061
4931 66.0061
4932 66.0061
4933 66.0061
4934 66.0061
4935 66.0061
4936 66.0061
4937 66.0061
4938 66.0061
4939 66.0061
4940 66.0061
4941 66.0061
4942 66.0061
4943 66.0061
4944 66.0061
4945 66.0061
4946 66.0061
4947 66.0061
4948 66.0061
4949 66.0061
4950 66.0061
4951 66.0061
4952 66.0061
4953 66.0061
4954 66.0061
4955 66.0061
4956 66.0061
4957 66.0061
4958 66.0061
4959 66.0061
4960 66.0061
4961 66.0061
4962 66.0061
4963 66.0061
4964 66.0061
4965 66.0061
4966 66.0061
4967 66.0061
4968 66.0061
4969 66.0061
4970 66.0061
4971 66.0061
4972 66.0061
4973 66.0061
4974 66.0061
4975 66.0061
4976 66.0061
4977 66.0061
4978 66.0061
4979 66.0061
4980 66.0061
4981 66.0061
4982 66.0061
4983 66.0061
4984 66.0061
4985 66.0061
4986 66.0061
4987 66.0061
4988 66.0061
4989 66.0061
4990 66.0061
4991 66.0061
4992 66.0061
4993 66.0061
4994 66.0061
4995 66.0061
4996 66.0061
4997 66.0061
4998 66.0061
4999 66.0061
5000 66.0061
5001 66.0061
5002 66.0061
5003 66.0061
5004 66.0061
5005 66.0061
5006 66.0061
5007 66.0061
5008 66.0061
5009 66.0061
5010 66.0061
5011 66.0061
5012 66.0061
5013 66.0061
5014 66.0061
5015 66.0061
5016 66.0061
5017 66.0061
5018 66.0061
5019 66.0061
5020 66.0061
5021 66.0061
5022 66.0061
5023 66.0061
5024 66.0061
5025 66.0061
5026 66.0061
5027 66.0061
5028 66.0061
5029 66.0061
5030 66.0061
5031 66.0061
5032 66.0061
5033 66.0061
5034 66.0061
5035 66.0061
5036 66.0061
5037 66.0061
5038 66.0061
5039 66.0061
5040 66.0061
5041 66.0061
5042 66.0061
5043 66.0061
5044 66.0061
5045 66.0061
5046 66.0061
5047 66.0061
5048 66.0061
5049 66.0061
5050 66.0061
5051 66.0061
5052 66.0061
5053 66.0061
5054 66.0061
5055 66.0061
5056 66.0061
5057 66.0061
5058 66.0061
5059 66.0061
5060 66.0061
5061 66.0061
5062 66.0061
5063 66.0061
5064 66.0061
5065 66.0061
5066 66.0061
5067 66.0061
5068 66.0061
5069 66.0061
5070 66.0061
5071 66.0061
5072 66.0061
5073 66.0061
5074 66.0061
5075 66.0061
5076 66.0061
5077 66.0061
5078 66.0061
5079 66.0061
5080 66.0061
5081 66.0061
5082 66.0061
5083 66.0061
5084 66.0061
5085 66.0061
5086 66.0061
5087 66.0061
5088 66.0061
5089 66.0061
5090 66.0061
5091 66.0061
5092 66.0061
5093 66.0061
5094 66.0061
5095 66.0061
5096 66.0061
5097 66.0061
5098 66.0061
5099 66.0061
5100 66.0061
5101 66.0061
5102 66.0061
5103 66.0061
5104 66.0061
5105 66.0061
5106 66.0061
5107 66.0061
5108 66.0061
5109 66.0061
5110 66.0061
5111 66.0061
5112 66.0061
5113 66.0061
5114 66.0061
5115 66.0061
5116 66.0061
5117 66.0061
5118 66.0061
5119 66.0061
5120 66.0061
5121 66.0061
5122 66.0061
5123 66.0061
5124 66.0061
5125 66.0061
5126 66.0061
5127 66.0061
5128 66.0061
5129 66.0061
5130 66.0061
5131 66.0061
5132 66.0061
5133 66.0061
5134 66.0061
5135 66.0061
5136 66.0061
5137 66.0061
5138 66.0061
5139 66.0061
5140 66.0061
5141 66.0061
5142 66.0061
5143 66.0061
5144 66.0061
5145 66.0061
5146 66.0061
5147 66.0061
5148 66.0061
5149 66.0061
5150 66.0061
5151 66.0061
5152 66.0061
5153 66.0061
5154 66.0061
5155 66.0061
5156 66.0061
5157 66.0061
5158 66.0061
5159 66.0061
5160 66.0061
5161 66.0061
5162 66.0061
5163 66.0061
5164 66.0061
5165 66.0061
5166 66.0061
5167 66.0061
5168 66.0061
5169 66.0061
5170 66.0061
5171 66.0061
5172 66.0061
5173 66.0061
5174 66.0061
5175 66.0061
5176 66.0061
5177 66.0061
5178 66.0061
5179 66.0061
5180 66.0061
5181 66.0061
5182 66.0061
5183 66.0061
5184 66.0061
5185 66.0061
5186 66.0061
5187 66.0061
5188 66.0061
5189 66.0061
5190 66.0061
5191 66.0061
5192 66.0061
5193 66.0061
5194 66.0061
5195 66.0061
5196 66.0061
5197 66.0061
5198 66.0061
5199 66.0061
5200 66.0061
5201 66.0061
5202 66.0061
5203 66.0061
5204 66.0061
5205 66.0061
5206 66.0061
5207 66.0061
5208 66.0061
5209 66.0061
5210 66.0061
5211 66.0061
5212 66.0061
5213 66.0061
5214 66.0061
5215 66.0061
5216 66.0061
5217 66.0061
5218 66.0061
5219 66.0061
5220 66.0061
5221 66.0061
5222 66.0061
5223 66.0061
5224 66.0061
5225 66.0061
5226 66.0061
5227 66.0061
5228 66.0061
5229 66.0061
5230 66.0061
5231 66.0061
5232 66.0061
5233 66.0061
5234 66.0061
5235 66.0061
5236 66.0061
5237 66.0061
5238 66.0061
5239 66.0061
5240 66.0061
5241 66.0061
5242 66.0061
5243 66.0061
5244 66.0061
5245 66.0061
5246 66.0061
5247 66.0061
5248 66.0061
5249 66.0061
5250 66.0061
5251 66.0061
5252 66.0061
5253 66.0061
5254 66.0061
5255 66.0061
5256 66.0061
5257 66.0061
5258 66.0061
5259 66.0061
5260 66.0061
5261 66.0061
5262 66.0061
5263 66.0061
5264 66.0061
5265 66.0061
5266 66.0061
5267 66.0061
5268 66.0061
5269 66.0061
5270 66.0061
5271 66.0061
5272 66.0061
5273 66.0061
5274 66.0061
5275 66.0061
5276 66.0061
5277 66.0061
5278 66.0061
5279 66.0061
5280 66.0061
5281 66.0061
5282 66.0061
5283 66.0061
5284 66.0061
5285 66.0061
5286 66.0061
5287 66.0061
5288 66.0061
5289 66.0061
5290 66.0061
5291 66.0061
5292 66.0061
5293 66.0061
5294 66.0061
5295 66.0061
5296 66.0061
5297 66.0061
5298 66.0061
5299 66.0061
5300 66.0061
5301 66.0061
5302 66.0061
5303 66.0061
5304 66.0061
5305 66.0061
5306 66.0061
5307 66.0061
5308 66.0061
5309 66.0061
5310 66.0061
5311 66.0061
5312 66.0061
5313 66.0061
5314 66.0061
5315 66.0061
5316 66.0061
5317 66.0061
5318 66.0061
5319 66.0061
5320 66.0061
5321 66.0061
5322 66.0061
5323 66.0061
5324 66.0061
5325 66.0061
5326 66.0061
5327 66.0061
5328 66.0061
5329 66.0061
5330 66.0061
5331 66.0061
5332 66.0061
5333 66.0061
5334 66.0061
5335 66.0061
5336 66.0061
5337 66.0061
5338 66.0061
5339 66.0061
5340 66.0061
5341 66.0061
5342 66.0061
5343 66.0061
5344 66.0061
5345 66.0061
5346 66.0061
5347 66.0061
5348 66.0061
5349 66.0061
5350 66.0061
5351 66.0061
5352 66.0061
5353 66.0061
5354 66.0061
5355 66.0061
5356 66.0061
5357 66.0061
5358 66.0061
5359 66.0061
5360 66.0061
5361 66.0061
5362 66.0061
5363 66.0061
5364 66.0061
5365 66.0061
5366 66.0061
5367 66.0061
5368 66.0061
5369 66.0061
5370 66.0061
5371 66.0061
5372 66.0061
5373 66.0061
5374 66.0061
5375 66.0061
5376 66.0061
5377 66.0061
5378 66.0061
5379 66.0061
5380 66.0061
5381 66.0061
5382 66.0061
5383 66.0061
5384 66.0061
5385 66.0061
5386 66.0061
5387 66.0061
5388 66.0061
5389 66.0061
5390 66.0061
5391 66.0061
5392 66.0061
5393 66.0061
5394 66.0061
5395 66.0061
5396 66.0061
5397 66.0061
5398 66.0061
5399 66.0061
5400 66.0061
5401 66.0061
5402 66.0061
5403 66.0061
5404 66.0061
5405 66.0061
5406 66.0061
5407 66.0061
5408 66.0061
5409 66.0061
5410 66.0061
5411 66.0061
5412 66.0061
5413 66.0061
5414 66.0061
5415 66.0061
5416 66.0061
5417 66.0061
5418 66.0061
5419 66.0061
5420 66.0061
5421 66.0061
5422 66.0061
5423 66.0061
5424 66.0061
5425 66.0061
5426 66.0061
5427 66.0061
5428 66.0061
5429 66.0061
5430 66.0061
5431 66.0061
5432 66.0061
5433 66.0061
5434 66.0061
5435 66.0061
5436 66.0061
5437 66.0061
5438 66.0061
5439 66.0061
5440 66.0061
5441 66.0061
5442 66.0061
5443 66.0061
5444 66.0061
5445 66.0061
5446 66.0061
5447 66.0061
5448 66.0061
5449 66.0061
5450 66.0061
5451 66.0061
5452 66.0061
5453 66.0061
5454 66.0061
5455 66.0061
5456 66.0061
5457 66.0061
5458 66.0061
5459 66.0061
5460 66.0061
5461 66.0061
5462 66.0061
5463 66.0061
5464 66.0061
5465 66.0061
5466 66.0061
5467 66.0061
5468 66.0061
5469 66.0061
5470 66.0061
5471 66.0061
5472 66.0061
5473 66.0061
5474 66.0061
5475 66.0061
5476 66.0061
5477 66.0061
5478 66.0061
5479 66.0061
5480 66.0061
5481 66.0061
5482 66.0061
5483 66.0061
5484 66.0061
5485 66.0061
5486 66.0061
5487 66.0061
5488 66.0061
5489 66.0061
5490 66.0061
5491 66.0061
5492 66.0061
5493 66.0061
5494 66.0061
5495 66.0061
5496 66.0061
5497 66.0061
5498 66.0061
5499 66.0061
5500 66.0061
5501 66.0061
5502 66.0061
5503 66.0061
5504 66.0061
5505 66.0061
5506 66.0061
5507 66.0061
5508 66.0061
5509 66.0061
5510 66.0061
5511 66.0061
5512 66.0061
5513 66.0061
5514 66.0061
5515 66.0061
5516 66.0061
5517 66.0061
5518 66.0061
5519 66.0061
5520 66.0061
5521 66.0061
5522 66.0061
5523 66.0061
5524 66.0061
5525 66.0061
5526 66.0061
5527 66.0061
5528 66.0061
5529 66.0061
5530 66.0061
5531 66.0061
5532 66.0061
5533 66.0061
5534 66.0061
5535 66.0061
5536 66.0061
5537 66.0061
5538 66.0061
5539 66.0061
5540 66.0061
5541 66.0061
5542 66.0061
5543 66.0061
5544 66.0061
5545 66.0061
5546 66.0061
5547 66.0061
5548 66.0061
5549 66.0061
5550 66.0061
5551 66.0061
5552 66.0061
5553 66.0061
5554 66.0061
5555 66.0061
5556 66.0061
5557 66.0061
5558 66.0061
5559 66.0061
5560 66.0061
5561 66.0061
5562 66.0061
5563 66.0061
5564 66.0061
5565 66.0061
5566 66.0061
5567 66.0061
5568 66.0061
5569 66.0061
5570 66.0061
5571 66.0061
5572 66.0061
5573 66.0061
5574 66.0061
5575 66.0061
5576 66.0061
5577 66.0061
5578 66.0061
5579 66.0061
5580 66.0061
5581 66.0061
5582 66.0061
5583 66.0061
5584 66.0061
5585 66.0061
5586 66.0061
5587 66.0061
5588 66.0061
5589 66.0061
5590 66.0061
5591 66.0061
5592 66.0061
5593 66.0061
5594 66.0061
5595 66.0061
5596 66.0061
5597 66.0061
5598 66.0061
5599 66.0061
5600 66.0061
5601 66.0061
5602 66.0061
5603 66.0061
5604 66.0061
5605 66.0061
5606 66.0061
5607 66.0061
5608 66.0061
5609 66.0061
5610 66.0061
5611 66.0061
5612 66.0061
5613 66.0061
5614 66.0061
5615 66.0061
5616 66.0061
5617 66.0061
5618 66.0061
5619 66.0061
5620 66.0061
5621 66.0061
5622 66.0061
5623 66.0061
5624 66.0061
5625 66.0061
5626 66.0061
5627 66.0061
5628 66.0061
5629 66.0061
5630 66.0061
5631 66.0061
5632 66.0061
5633 66.0061
5634 66.0061
5635 66.0061
5636 66.0061
5637 66.0061
5638 66.0061
5639 66.0061
5640 66.0061
5641 66.0061
5642 66.0061
5643 66.0061
5644 66.0061
5645 66.0061
5646 66.0061
5647 66.0061
5648 66.0061
5649 66.0061
5650 66.0061
5651 66.0061
5652 66.0061
5653 66.0061
5654 66.0061
5655 66.0061
5656 66.0061
5657 66.0061
5658 66.0061
5659 66.0061
5660 66.0061
5661 66.0061
5662 66.0061
5663 66.0061
5664 66.0061
5665 66.0061
5666 66.0061
5667 66.0061
5668 66.0061
5669 66.0061
5670 66.0061
5671 66.0061
5672 66.0061
5673 66.0061
5674 66.0061
5675 66.0061
5676 66.0061
5677 66.0061
5678 66.0061
5679 66.0061
5680 66.0061
5681 66.0061
5682 66.0061
5683 66.0061
5684 66.0061
5685 66.0061
5686 66.0061
5687 66.0061
5688 66.0061
5689 66.0061
5690 66.0061
5691 66.0061
5692 66.0061
5693 66.0061
5694 66.0061
5695 66.0061
5696 66.0061
5697 66.0061
5698 66.0061
5699 66.0061
5700 66.0061
5701 66.0061
5702 66.0061
5703 66.0061
5704 66.0061
5705 66.0061
5706 66.0061
5707 66.0061
5708 66.0061
5709 66.0061
5710 66.0061
5711 66.0061
5712 66.0061
5713 66.0061
5714 66.0061
5715 66.0061
5716 66.0061
5717 66.0061
5718 66.0061
5719 66.0061
5720 66.0061
5721 66.0061
5722 66.0061
5723 66.0061
5724 66.0061
5725 66.0061
5726 66.0061
5727 66.0061
5728 66.0061
5729 66.0061
5730 66.0061
5731 66.0061
5732 66.0061
5733 66.0061
5734 66.0061
5735 66.0061
5736 66.0061
5737 66.0061
5738 66.0061
5739 66.0061
5740 66.0061
5741 66.0061
5742 66.0061
5743 66.0061
5744 66.0061
5745 66.0061
5746 66.0061
5747 66.0061
5748 66.0061
5749 66.0061
5750 66.0061
5751 66.0061
5752 66.0061
5753 66.0061
5754 66.0061
5755 66.0061
5756 66.0061
5757 66.0061
5758 66.0061
5759 66.0061
5760 66.0061
5761 66.0061
5762 66.0061
5763 66.0061
5764 66.0061
5765 66.0061
5766 66.0061
5767 66.0061
5768 66.0061
5769 66.0061
5770 66.0061
5771 66.0061
5772 66.0061
5773 66.0061
5774 66.0061
5775 66.0061
5776 66.0061
5777 66.0061
5778 66.0061
5779 66.0061
5780 66.0061
5781 66.0061
5782 66.0061
5783 66.0061
5784 66.0061
5785 66.0061
5786 66.0061
5787 66.0061
5788 66.0061
5789 66.0061
5790 66.0061
5791 66.0061
5792 66.0061
5793 66.0061
5794 66.0061
5795 66.0061
5796 66.0061
5797 66.0061
5798 66.0061
5799 66.0061
5800 66.0061
5801 66.0061
5802 66.0061
5803 66.0061
5804 66.0061
5805 66.0061
5806 66.0061
5807 66.0061
5808 66.0061
5809 66.0061
5810 66.0061
5811 66.0061
5812 66.0061
5813 66.0061
5814 66.0061
5815 66.0061
5816 66.0061
5817 66.0061
5818 66.0061
5819 66.0061
5820 66.0061
5821 66.0061
5822 66.0061
5823 66.0061
5824 66.0061
5825 66.0061
5826 66.0061
5827 66.0061
5828 66.0061
5829 66.0061
5830 66.0061
5831 66.0061
5832 66.0061
5833 66.0061
5834 66.0061
5835 66.0061
5836 66.0061
5837 66.0061
5838 66.0061
5839 66.0061
5840 66.0061
5841 66.0061
5842 66.0061
5843 66.0061
5844 66.0061
5845 66.0061
5846 66.0061
5847 66.0061
5848 66.0061
5849 66.0061
5850 66.0061
5851 66.0061
5852 66.0061
5853 66.0061
5854 66.0061
5855 66.0061
5856 66.0061
5857 66.0061
5858 66.0061
5859 66.0061
5860 66.0061
5861 66.0061
5862 66.0061
5863 66.0061
5864 66.0061
5865 66.0061
5866 66.0061
5867 66.0061
5868 66.0061
5869 66.0061
5870 66.0061
5871 66.0061
5872 66.0061
5873 66.0061
5874 66.0061
5875 66.0061
5876 66.0061
5877 66.0061
5878 66.0061
5879 66.0061
5880 66.0061
5881 66.0061
5882 66.0061
5883 66.0061
5884 66.0061
5885 66.0061
5886 66.0061
5887 66.0061
5888 66.0061
5889 66.0061
5890 66.0061
5891 66.0061
5892 66.0061
5893 66.0061
5894 66.0061
5895 66.0061
5896 66.0061
5897 66.0061
5898 66.0061
5899 66.0061
5900 66.0061
5901 66.0061
5902 66.0061
5903 66.0061
5904 66.0061
5905 66.0061
5906 66.0061
5907 66.0061
5908 66.0061
5909 66.0061
5910 66.0061
5911 66.0061
5912 66.0061
5913 66.0061
5914 66.0061
5915 66.0061
5916 66.0061
5917 66.0061
5918 66.0061
5919 66.0061
5920 66.0061
5921 66.0061
5922 66.0061
5923 66.0061
5924 66.0061
5925 66.0061
5926 66.0061
5927 66.0061
5928 66.0061
5929 66.0061
5930 66.0061
5931 66.0061
5932 66.0061
5933 66.0061
5934 66.0061
5935 66.0061
5936 66.0061
5937 66.0061
5938 66.0061
5939 66.0061
5940 66.0061
5941 66.0061
5942 66.0061
5943 66.0061
5944 66.0061
5945 66.0061
5946 66.0061
5947 66.0061
5948 66.0061
5949 66.0061
5950 66.0061
5951 66.0061
5952 66.0061
5953 66.0061
5954 66.0061
5955 66.0061
5956 66.0061
5957 66.0061
5958 66.0061
5959 66.0061
5960 66.0061
5961 66.0061
5962 66.0061
5963 66.0061
5964 66.0061
5965 66.0061
5966 66.0061
5967 66.0061
5968 66.0061
5969 66.0061
5970 66.0061
5971 66.0061
5972 66.0061
5973 66.0061
5974 66.0061
5975 66.0061
5976 66.0061
5977 66.0061
5978 66.0061
5979 66.0061
5980 66.0061
5981 66.0061
5982 66.0061
5983 66.0061
5984 66.0061
5985 66.0061
5986 66.0061
5987 66.0061
5988 66.0061
5989 66.0061
5990 66.0061
5991 66.0061
5992 66.0061
5993 66.0061
5994 66.0061
5995 66.0061
5996 66.0061
5997 66.0061
5998 66.0061
5999 66.0061
6000 66.0061
