1 436.844
2 422.843
3 395.459
4 391.761
5 371.314
6 369.635
7 360.866
8 358.352
9 356.833
10 347.095
11 343.875
12 339.423
13 336.635
14 333.864
15 325.11
16 318.968
17 316.071
18 316.464
19 316.174
20 309.799
21 308.438
22 303.308
23 301.974
24 300.247
25 300.247
26 300.247
27 297.599
28 296.121
29 288.24
30 288.24
31 288.24
32 285.699
33 285.68
34 285.059
35 280.633
36 280.62
37 275.091
38 276.339
39 276.339
40 269.095
41 268.643
42 268.643
43 262.17
44 258.419
45 259.361
46 261.184
47 258.645
48 252.491
49 252.491
50 252.131
51 245.893
52 245.724
53 245.285
54 240.902
55 240.773
56 239.071
57 237.094
58 235.272
59 230.477
60 225.966
61 225.966
62 220.931
63 220.56
64 220.56
65 217.476
66 214.552
67 213.954
68 213.954
69 213.954
70 213.301
71 211.413
72 210.42
73 210.42
74 210.42
75 209.161
76 208.885
77 208.885
78 206.36
79 205.727
80 201.352
81 201.352
82 201.315
83 197.875
84 196.138
85 195.587
86 195.587
87 195.587
88 195.587
89 195.587
90 194.67
91 194.627
92 194.627
93 194.409
94 192.581
95 192.581
96 189.862
97 189.862
98 189.862
99 186.87
100 186.87
101 185.165
102 185.162
103 185.162
104 182.458
105 178.325
106 177.718
107 178.706
108 176.816
109 175.997
110 175.997
111 175.997
112 175.997
113 175.997
114 173.695
115 173.695
116 169.751
117 169.751
118 169.751
119 167.969
120 167.969
121 164.902
122 164.509
123 164.366
124 161.603
125 161.603
126 161.603
127 161.603
128 161.603
129 160.714
130 160.714
131 159.758
132 159.333
133 159.333
134 158.477
135 158.477
136 158.212
137 157.355
138 155.257
139 153.611
140 151.77
141 151.77
142 151.77
143 151.77
144 151.77
145 151.77
146 149.185
147 148.877
148 148.877
149 148.877
150 148.409
151 148.409
152 146.191
153 146.191
154 146.191
155 146.191
156 145.894
157 143.588
158 143.291
159 143.291
160 143.052
161 143.052
162 141.776
163 141.776
164 141.776
165 140.295
166 140.295
167 137.44
168 137.44
169 137.44
170 137.44
171 136.069
172 136.069
173 135.212
174 135.212
175 134.437
176 134.437
177 134.437
178 133.698
179 132.209
180 130.323
181 130.323
182 130.104
183 130.104
184 129.384
185 129.384
186 129.384
187 129.384
188 129.384
189 127.465
190 129.384
191 128.779
192 128.779
193 128.779
194 128.066
195 128.066
196 128.066
197 127.997
198 127.997
199 126.92
200 126.92
201 126.732
202 125.601
203 125.601
204 125.601
205 125.601
206 125.601
207 125.601
208 125.601
209 123.311
210 125.601
211 125.601
212 124.629
213 124.629
214 122.763
215 122.763
216 122.678
217 122.401
218 122.401
219 122.316
220 122.223
221 122.223
222 122.223
223 122.223
224 122.106
225 120.391
226 120.391
227 120.391
228 120.391
229 119.497
230 119.904
231 119.758
232 119.758
233 119.758
234 119.03
235 119.03
236 119.03
237 119.03
238 118.668
239 119.03
240 119.03
241 119.03
242 118.947
243 118.374
244 118.374
245 118.374
246 118.374
247 116.558
248 116.558
249 116.558
250 116.31
251 116.31
252 116.558
253 115.443
254 115.443
255 115.443
256 115.443
257 115.443
258 115.414
259 115.414
260 115.414
261 115.177
262 115.177
263 115.177
264 115.177
265 115.177
266 115.177
267 115.177
268 115.177
269 115.177
270 115.091
271 115.091
272 115.091
273 114.086
274 114.086
275 114.086
276 114.086
277 114.086
278 114.086
279 114.086
280 114.086
281 114.086
282 114.086
283 114.086
284 114.086
285 114.086
286 114.086
287 114.086
288 113.276
289 113.879
290 113.879
291 113.879
292 113.879
293 113.879
294 113.879
295 113.879
296 113.879
297 113.879
298 113.879
299 113.879
300 113.549
301 113.549
302 113.073
303 113.073
304 113.073
305 113.073
306 113.073
307 113.073
308 113.073
309 113.073
310 113.073
311 112.165
312 112.165
313 112.165
314 112.165
315 112.165
316 111.92
317 112.165
318 112.165
319 111.578
320 111.578
321 110.85
322 110.85
323 110.85
324 110.674
325 110.674
326 110.674
327 110.656
328 109.672
329 109.672
330 109.672
331 109.672
332 109.672
333 109.672
334 109.672
335 107.591
336 109.672
337 109.672
338 109.672
339 109.672
340 109.672
341 109.672
342 109.672
343 109.672
344 109.672
345 109.478
346 109.672
347 107.787
348 107.787
349 107.787
350 107.787
351 106.941
352 106.941
353 107.787
354 107.787
355 107.787
356 107.787
357 107.787
358 107.787
359 107.787
360 107.787
361 106.531
362 106.531
363 107.788
364 107.788
365 107.788
366 107.788
367 107.788
368 107.788
369 107.788
370 107.788
371 107.787
372 107.788
373 107.788
374 107.788
375 107.788
376 107.788
377 107.788
378 107.788
379 107.788
380 107.788
381 107.788
382 107.788
383 107.788
384 107.788
385 107.787
386 107.43
387 107.43
388 107.43
389 107.43
390 107.396
391 107.43
392 107.43
393 107.194
394 107.43
395 107.43
396 107.43
397 107.43
398 107.43
399 107.43
400 107.43
401 107.43
402 107.21
403 107.21
404 107.21
405 107.21
406 107.21
407 107.21
408 107.21
409 107.21
410 107.21
411 107.21
412 107.064
413 107.064
414 106.786
415 106.786
416 106.786
417 106.786
418 105.808
419 105.808
420 105.462
421 105.462
422 105.462
423 105.462
424 105.462
425 105.462
426 105.462
427 105.462
428 105.462
429 105.462
430 105.462
431 105.431
432 105.431
433 105.431
434 105.431
435 105.431
436 105.431
437 105.431
438 105.431
439 105.006
440 105.006
441 105.006
442 104.584
443 105.006
444 104.375
445 104.375
446 104.375
447 104.375
448 104.375
449 104.375
450 103.932
451 103.95
452 103.95
453 103.932
454 103.932
455 103.932
456 103.932
457 103.932
458 103.9
459 103.9
460 103.9
461 103.9
462 103.9
463 103.882
464 103.882
465 103.882
466 103.882
467 103.882
468 103.882
469 103.882
470 103.41
471 103.41
472 103.41
473 103.41
474 103.41
475 103.41
476 103.41
477 103.41
478 103.41
479 102.995
480 102.995
481 102.995
482 102.995
483 102.995
484 102.995
485 102.995
486 102.995
487 102.995
488 102.995
489 102.995
490 102.469
491 102.439
492 102.439
493 102.439
494 102.225
495 102.225
496 102.225
497 102.225
498 102.225
499 102.225
500 101.418
501 101.418
502 101.418
503 101.418
504 101.418
505 101.418
506 101.418
507 101.418
508 101.418
509 100.55
510 100.55
511 100.063
512 100.063
513 100.063
514 99.788
515 99.788
516 99.788
517 99.788
518 98.3154
519 97.8615
520 98.3154
521 98.3154
522 98.3154
523 98.3154
524 98.3154
525 97.9481
526 97.9481
527 97.5307
528 97.5307
529 97.5307
530 97.5307
531 97.5307
532 97.5307
533 97.3299
534 97.3299
535 97.3299
536 97.3299
537 97.3299
538 97.3299
539 97.3299
540 97.3299
541 97.3299
542 97.3299
543 96.6678
544 96.6678
545 96.6678
546 96.4983
547 96.4983
548 96.4983
549 96.4983
550 96.4983
551 96.4983
552 96.4983
553 96.4983
554 96.422
555 96.422
556 96.422
557 96.1642
558 96.1642
559 96.1642
560 96.1642
561 95.3452
562 95.3223
563 95.3223
564 95.3223
565 95.1527
566 95.3223
567 95.3223
568 95.3223
569 94.0421
570 95.3223
571 95.3223
572 95.3223
573 95.3223
574 95.3223
575 95.3223
576 95.3223
577 94.6588
578 94.6588
579 94.6588
580 94.6588
581 94.6588
582 94.6588
583 94.6588
584 94.6588
585 94.6588
586 94.6588
587 94.6588
588 94.6588
589 94.6588
590 94.6588
591 94.6588
592 94.5045
593 94.5045
594 94.5045
595 94.5045
596 94.5045
597 94.5045
598 94.5045
599 94.5045
600 94.0129
601 94.5045
602 94.0129
603 94.0129
604 94.0129
605 94.0129
606 94.0129
607 94.0129
608 94.0129
609 94.0129
610 94.0129
611 94.0129
612 94.0129
613 94.0129
614 94.0129
615 93.9582
616 93.9582
617 93.9582
618 93.9582
619 93.9582
620 93.9582
621 93.9582
622 93.9582
623 93.9582
624 93.9582
625 93.9582
626 93.9582
627 93.9582
628 93.9582
629 93.8035
630 93.8035
631 93.8035
632 93.0352
633 93.8035
634 93.7782
635 93.7782
636 92.6499
637 92.6499
638 92.6499
639 92.6499
640 92.6499
641 92.6499
642 92.6499
643 92.6499
644 92.4609
645 92.4609
646 92.4609
647 92.4609
648 92.4609
649 92.3478
650 91.7044
651 91.7044
652 91.7044
653 91.7044
654 91.7044
655 91.7044
656 91.7044
657 91.7044
658 91.7044
659 91.4358
660 91.4358
661 91.4358
662 91.4358
663 91.4358
664 91.4358
665 91.4358
666 91.4358
667 91.4358
668 91.4358
669 91.4358
670 91.4358
671 91.4358
672 90.5999
673 90.5999
674 90.5999
675 90.5999
676 90.5999
677 90.5999
678 90.5999
679 90.3543
680 90.3543
681 90.3543
682 90.3543
683 90.3543
684 90.0146
685 90.0146
686 90.0146
687 90.0146
688 90.0146
689 90.0146
690 90.0146
691 90.0146
692 90.0146
693 90.0146
694 90.0146
695 90.0146
696 90.0146
697 89.3791
698 89.3791
699 89.3791
700 89.3791
701 89.3791
702 89.3216
703 89.3216
704 89.2386
705 89.2386
706 89.2386
707 88.851
708 88.851
709 88.851
710 88.7563
711 88.7563
712 88.7563
713 88.7563
714 88.7563
715 88.7563
716 88.7563
717 88.7563
718 88.7563
719 88.7563
720 88.7563
721 88.6327
722 88.6327
723 88.6327
724 87.8265
725 87.8265
726 87.8265
727 87.7029
728 87.7029
729 87.7029
730 87.7029
731 87.6974
732 87.6974
733 87.6974
734 87.6974
735 87.6974
736 87.6974
737 87.6974
738 87.6974
739 87.6974
740 87.6974
741 87.6974
742 87.6974
743 87.6974
744 87.6974
745 87.6974
746 87.6974
747 87.6974
748 87.3358
749 87.3358
750 87.3358
751 87.3358
752 87.3358
753 87.3358
754 87.3358
755 86.8014
756 86.8014
757 86.8014
758 86.8014
759 86.8014
760 86.7959
761 86.7959
762 86.7959
763 86.7959
764 86.7959
765 86.7959
766 86.6012
767 86.6012
768 86.6012
769 86.0625
770 86.0625
771 86.0625
772 85.5475
773 85.5475
774 85.5475
775 85.5475
776 85.5475
777 85.5475
778 85.5475
779 85.5475
780 85.5475
781 85.506
782 85.506
783 85.506
784 85.506
785 85.506
786 85.506
787 85.506
788 85.506
789 85.506
790 85.506
791 85.506
792 85.506
793 85.506
794 85.506
795 85.506
796 85.506
797 85.506
798 85.4675
799 85.4675
800 85.4675
801 85.4675
802 85.4675
803 85.4675
804 85.4675
805 85.4675
806 85.4675
807 85.4675
808 85.4675
809 85.4675
810 85.4675
811 85.4675
812 85.3043
813 85.3043
814 85.3043
815 85.3043
816 85.3043
817 85.1553
818 85.1553
819 85.1553
820 84.9921
821 84.9921
822 84.9921
823 84.9921
824 83.3331
825 83.3331
826 83.3331
827 83.3331
828 83.3331
829 83.3331
830 83.3331
831 83.3331
832 83.3331
833 83.3331
834 83.3331
835 83.3331
836 83.3331
837 83.3331
838 83.3331
839 83.3331
840 83.3331
841 83.3331
842 83.3331
843 83.3331
844 83.3331
845 83.3331
846 83.2964
847 83.293
848 83.2564
849 83.2564
850 83.2564
851 83.2564
852 83.2564
853 83.2564
854 83.2564
855 83.2564
856 83.2564
857 83.2564
858 82.6704
859 82.6704
860 82.6704
861 82.6303
862 82.6303
863 82.6303
864 82.6303
865 82.6303
866 82.6303
867 82.6303
868 82.6303
869 82.3599
870 82.3599
871 82.3599
872 82.3599
873 82.3599
874 82.3599
875 82.3599
876 82.3599
877 82.3599
878 82.3599
879 82.3599
880 82.3599
881 82.3599
882 82.3599
883 82.3599
884 82.3599
885 82.3599
886 82.3599
887 82.3599
888 82.3599
889 82.3599
890 82.3599
891 82.3599
892 82.3599
893 82.3599
894 82.3254
895 82.3599
896 82.3599
897 82.3599
898 82.3599
899 82.3599
900 82.3599
901 82.3599
902 82.3599
903 81.8205
904 81.8205
905 81.8205
906 81.8205
907 81.8205
908 81.8205
909 81.8205
910 81.8205
911 81.8205
912 81.8205
913 81.8205
914 81.8205
915 81.8205
916 81.8205
917 81.8205
918 81.8205
919 81.8205
920 81.8205
921 81.8205
922 81.8205
923 81.8205
924 81.8205
925 81.8205
926 81.8205
927 81.8205
928 81.8205
929 81.8205
930 81.8205
931 81.8205
932 81.8205
933 81.0902
934 81.0902
935 81.0902
936 81.0902
937 81.0902
938 81.0902
939 81.0902
940 81.0902
941 81.0902
942 81.0902
943 81.0902
944 81.0902
945 81.0902
946 80.9916
947 80.9916
948 80.9916
949 80.9916
950 80.9916
951 80.9916
952 80.9916
953 80.9916
954 80.9916
955 80.9916
956 80.9916
957 80.9916
958 80.9916
959 80.9916
960 80.9916
961 80.9916
962 80.9916
963 80.9916
964 80.9916
965 80.5347
966 80.5347
967 80.5347
968 80.5347
969 80.5347
970 80.5347
971 80.5347
972 80.5347
973 80.5347
974 80.5347
975 80.5347
976 80.5347
977 80.5347
978 80.5347
979 80.3125
980 80.5347
981 80.5347
982 80.4914
983 80.4914
984 80.4914
985 80.4914
986 80.4914
987 80.4914
988 80.2914
989 80.3744
990 80.3737
991 80.3737
992 80.3737
993 80.3105
994 80.3105
995 80.3105
996 80.3105
997 80.3105
998 80.1934
999 80.1934
1000 80.1934
1001 80.1934
1002 80.1934
1003 80.1934
1004 80.1934
1005 80.0758
1006 80.0758
1007 80.0758
1008 80.0758
1009 80.0758
1010 80.0758
1011 80.0758
1012 80.0758
1013 80.0758
1014 80.0758
1015 80.0758
1016 80.0758
1017 80.0758
1018 80.0758
1019 80.0758
1020 80.0463
1021 80.0463
1022 80.0463
1023 80.0463
1024 80.0463
1025 80.0463
1026 80.0463
1027 79.4173
1028 79.4173
1029 79.4173
1030 79.4173
1031 79.4173
1032 79.4173
1033 79.4173
1034 79.4173
1035 79.4173
1036 79.4173
1037 79.4173
1038 79.4173
1039 79.4173
1040 79.4173
1041 79.4173
1042 79.4173
1043 79.4173
1044 79.4173
1045 79.4173
1046 79.4173
1047 79.4173
1048 79.4173
1049 79.4173
1050 79.4173
1051 79.4173
1052 79.4173
1053 79.4173
1054 79.4173
1055 79.4173
1056 79.4173
1057 79.4173
1058 79.4173
1059 79.4173
1060 79.4173
1061 79.4173
1062 79.4173
1063 79.4173
1064 79.4173
1065 79.4173
1066 79.4173
1067 79.4173
1068 79.4173
1069 79.4173
1070 79.4173
1071 79.4173
1072 79.4173
1073 79.4173
1074 79.4173
1075 79.4173
1076 79.4173
1077 79.4173
1078 79.4173
1079 79.4173
1080 79.4173
1081 79.2668
1082 79.2668
1083 79.2668
1084 79.2668
1085 79.2668
1086 79.2668
1087 79.2668
1088 79.2668
1089 79.2668
1090 79.2668
1091 79.2668
1092 79.2668
1093 79.2668
1094 79.2668
1095 79.2668
1096 79.2668
1097 79.2668
1098 79.2668
1099 79.2668
1100 79.2668
1101 79.2668
1102 79.2668
1103 79.2668
1104 79.2668
1105 79.2668
1106 79.2219
1107 79.2219
1108 79.2219
1109 79.2219
1110 79.2219
1111 79.2219
1112 79.2219
1113 79.2219
1114 79.2219
1115 79.2219
1116 79.2219
1117 79.2219
1118 79.2219
1119 79.2219
1120 79.2219
1121 79.2219
1122 79.2219
1123 79.2219
1124 79.2219
1125 79.2219
1126 79.2219
1127 79.2219
1128 79.2219
1129 79.2219
1130 79.2219
1131 79.2219
1132 79.2219
1133 79.2219
1134 79.2219
1135 79.2219
1136 79.2219
1137 79.2219
1138 79.2219
1139 79.2219
1140 79.2219
1141 79.2219
1142 79.2219
1143 79.2219
1144 79.2219
1145 79.2219
1146 79.2219
1147 79.2219
1148 79.2219
1149 79.2219
1150 79.2219
1151 79.2219
1152 79.2219
1153 79.2219
1154 79.2219
1155 79.2219
1156 79.2219
1157 79.1233
1158 79.1233
1159 79.1233
1160 79.1233
1161 79.1233
1162 79.1233
1163 79.1198
1164 79.1198
1165 79.1198
1166 79.1198
1167 79.1198
1168 79.1198
1169 79.1198
1170 79.1198
1171 79.1198
1172 79.1198
1173 79.1198
1174 79.1198
1175 79.1198
1176 79.1198
1177 79.1198
1178 79.1198
1179 79.1198
1180 79.1198
1181 79.1198
1182 79.1198
1183 79.1198
1184 79.1198
1185 79.1198
1186 79.1198
1187 79.1198
1188 79.1198
1189 79.1198
1190 79.1198
1191 79.1198
1192 79.1198
1193 78.4511
1194 78.4511
1195 78.4511
1196 78.4511
1197 78.4511
1198 78.4511
1199 78.4511
1200 78.4511
1201 78.4511
1202 78.093
1203 78.093
1204 78.093
1205 78.093
1206 78.093
1207 78.093
1208 78.0839
1209 78.0839
1210 78.0839
1211 78.0839
1212 77.5406
1213 77.5406
1214 77.5406
1215 77.5406
1216 77.5406
1217 77.5406
1218 77.5406
1219 77.5406
1220 77.5406
1221 77.3918
1222 77.3918
1223 77.1152
1224 77.1152
1225 77.1152
1226 77.1152
1227 77.1152
1228 77.1152
1229 77.1152
1230 77.1152
1231 77.1152
1232 76.4504
1233 77.1152
1234 77.1152
1235 77.1152
1236 77.1152
1237 77.1152
1238 77.1152
1239 77.1152
1240 77.1152
1241 77.1152
1242 76.7536
1243 76.7536
1244 76.7536
1245 76.7536
1246 76.7536
1247 76.7536
1248 76.7536
1249 76.7536
1250 76.7536
1251 76.7536
1252 76.4153
1253 76.4153
1254 76.4153
1255 76.4153
1256 76.4153
1257 76.4153
1258 76.4153
1259 76.4153
1260 76.4153
1261 76.4153
1262 76.4153
1263 76.4153
1264 76.4153
1265 76.4153
1266 76.4153
1267 76.4153
1268 76.4153
1269 76.4153
1270 76.4153
1271 76.4153
1272 76.4153
1273 76.4153
1274 76.4153
1275 76.4153
1276 76.2066
1277 76.2066
1278 76.2066
1279 76.2066
1280 76.2066
1281 76.2066
1282 76.2066
1283 76.2066
1284 76.2066
1285 76.2066
1286 76.2066
1287 75.9401
1288 75.9401
1289 75.9401
1290 75.9401
1291 75.9401
1292 75.9401
1293 75.9401
1294 75.9401
1295 75.9401
1296 75.9401
1297 75.7314
1298 75.7314
1299 75.7314
1300 75.7314
1301 75.7314
1302 75.7314
1303 75.7314
1304 75.7314
1305 75.7314
1306 75.7314
1307 75.7314
1308 75.7314
1309 75.7314
1310 75.7314
1311 75.7314
1312 75.7314
1313 75.7314
1314 75.7314
1315 75.7314
1316 75.7314
1317 75.7314
1318 75.6857
1319 75.6857
1320 75.6857
1321 75.6857
1322 75.6857
1323 75.261
1324 75.261
1325 75.261
1326 75.261
1327 75.261
1328 75.261
1329 75.261
1330 75.261
1331 75.261
1332 75.261
1333 75.261
1334 75.261
1335 75.0915
1336 75.0915
1337 75.0915
1338 75.0915
1339 75.0915
1340 75.0915
1341 75.0915
1342 75.0915
1343 75.0915
1344 75.0915
1345 75.0915
1346 75.0915
1347 75.0915
1348 75.0915
1349 75.0915
1350 75.0915
1351 75.0915
1352 75.0915
1353 75.0915
1354 75.0915
1355 75.0915
1356 75.0915
1357 75.0915
1358 75.0915
1359 74.7703
1360 74.7703
1361 74.7703
1362 74.5816
1363 74.5816
1364 74.5816
1365 74.5816
1366 74.5816
1367 74.5816
1368 74.5816
1369 74.5816
1370 74.5816
1371 74.5816
1372 74.5816
1373 74.5816
1374 74.5816
1375 74.5816
1376 74.5816
1377 74.5816
1378 74.5816
1379 74.2624
1380 74.2624
1381 74.2624
1382 74.2624
1383 74.2624
1384 74.2624
1385 74.2624
1386 74.2624
1387 74.2624
1388 74.2624
1389 74.2624
1390 74.2624
1391 74.2624
1392 74.2624
1393 74.2624
1394 74.2624
1395 74.2624
1396 74.2624
1397 74.2624
1398 74.2624
1399 74.2624
1400 74.2624
1401 74.2624
1402 74.2624
1403 74.2624
1404 74.2624
1405 74.2624
1406 74.2624
1407 74.2624
1408 74.2624
1409 74.2624
1410 74.2624
1411 74.2624
1412 74.2624
1413 74.2624
1414 74.2624
1415 74.2624
1416 74.2624
1417 73.9362
1418 73.9362
1419 73.9362
1420 73.9362
1421 73.9362
1422 73.9362
1423 73.9362
1424 73.9362
1425 73.9362
1426 73.9362
1427 73.9362
1428 73.9362
1429 73.9362
1430 73.9362
1431 73.9362
1432 73.9362
1433 73.9362
1434 73.9362
1435 73.9362
1436 73.9362
1437 73.9362
1438 73.9362
1439 73.9362
1440 73.9362
1441 73.9362
1442 73.9362
1443 73.9362
1444 73.9362
1445 73.9362
1446 73.9362
1447 73.9362
1448 73.9362
1449 73.9362
1450 73.9362
1451 73.9362
1452 73.9362
1453 73.9362
1454 73.9362
1455 73.9362
1456 73.9362
1457 73.9362
1458 73.9362
1459 73.9362
1460 73.9362
1461 73.9362
1462 73.9362
1463 73.9362
1464 73.9362
1465 73.9362
1466 73.9362
1467 73.9362
1468 73.9362
1469 73.9362
1470 73.9362
1471 73.9362
1472 73.9362
1473 73.9362
1474 73.9362
1475 73.629
1476 73.629
1477 73.629
1478 73.629
1479 73.629
1480 73.629
1481 73.629
1482 73.629
1483 73.629
1484 73.629
1485 73.629
1486 73.629
1487 73.629
1488 73.629
1489 73.629
1490 73.629
1491 73.629
1492 73.629
1493 73.629
1494 73.629
1495 73.629
1496 73.629
1497 73.629
1498 73.629
1499 73.629
1500 73.629
1501 73.629
1502 73.629
1503 73.629
1504 73.629
1505 73.629
1506 73.629
1507 73.629
1508 73.629
1509 73.629
1510 73.629
1511 73.629
1512 73.629
1513 73.629
1514 73.629
1515 73.629
1516 73.629
1517 73.4683
1518 73.4683
1519 73.4683
1520 73.4683
1521 73.4683
1522 73.4683
1523 73.4683
1524 73.4683
1525 73.4683
1526 73.4683
1527 73.4683
1528 73.4683
1529 73.4683
1530 73.4683
1531 73.4683
1532 73.4683
1533 73.4683
1534 73.4683
1535 73.4683
1536 73.4683
1537 73.4683
1538 73.4683
1539 73.4683
1540 73.4683
1541 73.4683
1542 73.4683
1543 73.4683
1544 73.4683
1545 73.4683
1546 73.4683
1547 73.4683
1548 73.4683
1549 73.4683
1550 73.4683
1551 73.4683
1552 73.4683
1553 73.4683
1554 73.4683
1555 73.4683
1556 73.2566
1557 73.2566
1558 73.2566
1559 73.2566
1560 73.2566
1561 73.2566
1562 73.2566
1563 73.2566
1564 73.2566
1565 73.2566
1566 73.2566
1567 73.2566
1568 73.2566
1569 73.2566
1570 73.2566
1571 73.2566
1572 73.2566
1573 73.2566
1574 73.2566
1575 72.7499
1576 72.7499
1577 72.7499
1578 72.7499
1579 72.7499
1580 72.7499
1581 72.7499
1582 72.7499
1583 72.7499
1584 72.7499
1585 72.7499
1586 72.7499
1587 72.7499
1588 72.7499
1589 72.7499
1590 72.7499
1591 72.7499
1592 72.7499
1593 72.7499
1594 72.7499
1595 72.7499
1596 72.7499
1597 72.7499
1598 71.6868
1599 71.6868
1600 71.6868
1601 71.6868
1602 71.6868
1603 71.6868
1604 71.6868
1605 71.6868
1606 71.6868
1607 71.6868
1608 71.6868
1609 71.6868
1610 71.6868
1611 71.6868
1612 71.6868
1613 71.6868
1614 71.6868
1615 71.6868
1616 71.6868
1617 71.6868
1618 71.6868
1619 71.6868
1620 71.6868
1621 71.6868
1622 71.6868
1623 71.6868
1624 71.6868
1625 71.6868
1626 71.6868
1627 71.6868
1628 71.6868
1629 71.6868
1630 71.6868
1631 71.6868
1632 71.6868
1633 71.6868
1634 71.3522
1635 71.3522
1636 71.3522
1637 71.3522
1638 71.3522
1639 71.3522
1640 71.3522
1641 71.3522
1642 71.3522
1643 71.3522
1644 71.3522
1645 71.3522
1646 71.3522
1647 71.3522
1648 71.3522
1649 71.3522
1650 71.3522
1651 71.3522
1652 71.3522
1653 71.3522
1654 71.3522
1655 71.3522
1656 71.3522
1657 71.3522
1658 71.3522
1659 71.3522
1660 71.3522
1661 71.3522
1662 71.3522
1663 71.3522
1664 71.3522
1665 71.3522
1666 71.3522
1667 71.3522
1668 71.3522
1669 71.3522
1670 71.3522
1671 71.3522
1672 71.3522
1673 71.3522
1674 71.3522
1675 71.3522
1676 71.3522
1677 71.3522
1678 71.3522
1679 71.3522
1680 71.3522
1681 71.3522
1682 71.3522
1683 71.3522
1684 71.3522
1685 71.3522
1686 71.3522
1687 71.3522
1688 71.3522
1689 71.3522
1690 71.3522
1691 71.3522
1692 71.3522
1693 71.3522
1694 71.3522
1695 71.3522
1696 71.3522
1697 71.3522
1698 71.3522
1699 71.3522
1700 71.3522
1701 71.3522
1702 71.3522
1703 71.3522
1704 71.3522
1705 71.3522
1706 71.3522
1707 71.3522
1708 71.3522
1709 71.3522
1710 71.3522
1711 71.3522
1712 71.3522
1713 71.3522
1714 71.3522
1715 71.3522
1716 71.3522
1717 71.3522
1718 71.3522
1719 71.3522
1720 71.3522
1721 71.3522
1722 71.3522
1723 71.3522
1724 71.3522
1725 71.3522
1726 71.3522
1727 71.3522
1728 71.3522
1729 71.3522
1730 71.3522
1731 71.3522
1732 71.3522
1733 71.3522
1734 71.3522
1735 71.2653
1736 71.2653
1737 71.2653
1738 71.2653
1739 71.2653
1740 71.2653
1741 71.2653
1742 71.2653
1743 71.2653
1744 71.2653
1745 71.2653
1746 71.2653
1747 71.2653
1748 71.2653
1749 71.2653
1750 71.2653
1751 71.2653
1752 71.2653
1753 71.2653
1754 71.2653
1755 71.2653
1756 71.2653
1757 71.2653
1758 71.2653
1759 71.2653
1760 71.2653
1761 71.2653
1762 71.2653
1763 71.2653
1764 71.2653
1765 71.2653
1766 71.2653
1767 71.2653
1768 71.2653
1769 71.2653
1770 71.2653
1771 71.2653
1772 71.2653
1773 71.2653
1774 71.2653
1775 71.2653
1776 71.2653
1777 71.2653
1778 71.2653
1779 71.2653
1780 71.2653
1781 71.2653
1782 71.2653
1783 71.2653
1784 71.2653
1785 71.2653
1786 71.2653
1787 71.2653
1788 71.2653
1789 71.2653
1790 71.2653
1791 71.2653
1792 71.2653
1793 71.2653
1794 71.2653
1795 71.2653
1796 71.2653
1797 71.2653
1798 71.2653
1799 71.2653
1800 71.2653
1801 71.2653
1802 71.2653
1803 71.2653
1804 71.2653
1805 71.2653
1806 71.2653
1807 71.2653
1808 71.2653
1809 71.2653
1810 71.2653
1811 71.2653
1812 71.2653
1813 71.2653
1814 71.2653
1815 71.2653
1816 71.2653
1817 71.2653
1818 71.2653
1819 71.2653
1820 71.2653
1821 71.2653
1822 71.2653
1823 71.2653
1824 71.2653
1825 71.2653
1826 71.2653
1827 71.2653
1828 71.2653
1829 71.2653
1830 71.2653
1831 71.2653
1832 71.2653
1833 71.2653
1834 71.2653
1835 71.2653
1836 71.2653
1837 71.2653
1838 71.2653
1839 71.2653
1840 71.2653
1841 71.2653
1842 71.2653
1843 71.2653
1844 71.2653
1845 71.2653
1846 71.2653
1847 71.2653
1848 71.2653
1849 71.2653
1850 71.2653
1851 71.2653
1852 71.2653
1853 71.2653
1854 71.2653
1855 71.2653
1856 71.2653
1857 71.2653
1858 71.2653
1859 71.2653
1860 71.2653
1861 71.2653
1862 71.2653
1863 71.2653
1864 71.2653
1865 71.2653
1866 71.2653
1867 71.2653
1868 71.2653
1869 71.2653
1870 71.2653
1871 71.2653
1872 71.2653
1873 71.2653
1874 71.2653
1875 71.2653
1876 71.2653
1877 71.2653
1878 71.2653
1879 71.2653
1880 71.2653
1881 71.2653
1882 71.2653
1883 71.2653
1884 71.2653
1885 71.2653
1886 71.2653
1887 71.2653
1888 71.2653
1889 71.2653
1890 71.2653
1891 71.2653
1892 71.2653
1893 71.2653
1894 71.2653
1895 71.2653
1896 71.2653
1897 71.2653
1898 71.2653
1899 71.2653
1900 71.2653
1901 71.2653
1902 71.2653
1903 71.2653
1904 71.2653
1905 71.2653
1906 71.2653
1907 71.2653
1908 71.2653
1909 71.2653
1910 71.2653
1911 71.2653
1912 71.2653
1913 71.2653
1914 71.2653
1915 71.2653
1916 71.2653
1917 71.2653
1918 71.2653
1919 71.2653
1920 71.2653
1921 71.2653
1922 71.2653
1923 71.2653
1924 71.2653
1925 71.2653
1926 71.2653
1927 71.2653
1928 71.2653
1929 71.2653
1930 71.2653
1931 71.2653
1932 71.2653
1933 71.2653
1934 71.2653
1935 71.2653
1936 71.2653
1937 71.2653
1938 71.2653
1939 71.2653
1940 71.2653
1941 71.2653
1942 71.2653
1943 71.2653
1944 71.2653
1945 71.2653
1946 71.2653
1947 71.2653
1948 71.2653
1949 71.2653
1950 71.2653
1951 71.2653
1952 71.2653
1953 71.2653
1954 71.2653
1955 71.2653
1956 71.2653
1957 71.2653
1958 71.2653
1959 71.2653
1960 71.2653
1961 71.2653
1962 71.2653
1963 71.2653
1964 71.2653
1965 71.2653
1966 71.2653
1967 71.2653
1968 71.2653
1969 71.2653
1970 71.2653
1971 71.2653
1972 71.2653
1973 71.2653
1974 71.2653
1975 71.2653
1976 71.2653
1977 71.2653
1978 71.2653
1979 71.2653
1980 71.2653
1981 71.2653
1982 71.2653
1983 71.2653
1984 71.2653
1985 71.2653
1986 71.2653
1987 71.2653
1988 71.2653
1989 71.2653
1990 71.2653
1991 71.2653
1992 71.2653
1993 71.2653
1994 71.2653
1995 71.2653
1996 71.2653
1997 71.2653
1998 71.2653
1999 71.2653
2000 71.2653
2001 71.2653
2002 71.2653
2003 71.2653
2004 71.2653
2005 71.2653
2006 71.2653
2007 71.2653
2008 71.2653
2009 71.2653
2010 71.2653
2011 71.2653
2012 71.2653
2013 71.2653
2014 71.2653
2015 71.2653
2016 71.2653
2017 71.2653
2018 71.2653
2019 71.2653
2020 71.2653
2021 71.2653
2022 71.2653
2023 71.2653
2024 71.2653
2025 71.2653
2026 71.2653
2027 71.2653
2028 71.2653
2029 71.2653
2030 71.2653
2031 71.2653
2032 71.2653
2033 71.2653
2034 71.2653
2035 71.2653
2036 71.2653
2037 71.2653
2038 71.2653
2039 71.2653
2040 71.2653
2041 71.2653
2042 71.2653
2043 71.2653
2044 71.2653
2045 71.2653
2046 71.2653
2047 71.2653
2048 71.2653
2049 71.2653
2050 71.2653
2051 71.2653
2052 71.2653
2053 71.2653
2054 71.2653
2055 71.2653
2056 71.2653
2057 71.2653
2058 71.2653
2059 71.2653
2060 71.2653
2061 71.2653
2062 71.2653
2063 71.2653
2064 71.2653
2065 71.2653
2066 71.2653
2067 71.2653
2068 71.2653
2069 71.2653
2070 71.2653
2071 71.2653
2072 71.2653
2073 71.2653
2074 71.2653
2075 71.2653
2076 71.2653
2077 71.2653
2078 71.2096
2079 71.2096
2080 71.2096
2081 71.2096
2082 71.2096
2083 71.2096
2084 71.2096
2085 71.2096
2086 71.2096
2087 71.2096
2088 71.2096
2089 71.2096
2090 71.2096
2091 71.2096
2092 71.2096
2093 71.2096
2094 71.2096
2095 71.2096
2096 71.2096
2097 71.2096
2098 71.2096
2099 71.2096
2100 71.2096
2101 71.2096
2102 71.2096
2103 71.2096
2104 71.2096
2105 71.2096
2106 71.2096
2107 70.789
2108 70.789
2109 70.789
2110 70.789
2111 70.789
2112 70.789
2113 70.789
2114 70.789
2115 70.7125
2116 70.7125
2117 70.7125
2118 70.7125
2119 70.7125
2120 70.7125
2121 70.7125
2122 70.7125
2123 70.7125
2124 70.6324
2125 70.6324
2126 70.6324
2127 70.6324
2128 70.6324
2129 70.6324
2130 70.6324
2131 70.6324
2132 70.6324
2133 70.6324
2134 70.6324
2135 70.6324
2136 70.6324
2137 70.6324
2138 70.6324
2139 70.6324
2140 70.6324
2141 70.6324
2142 70.6324
2143 70.2582
2144 70.2582
2145 70.2582
2146 70.2582
2147 70.2582
2148 70.2582
2149 70.2582
2150 70.2582
2151 70.2582
2152 70.2582
2153 70.2582
2154 70.2582
2155 70.2582
2156 70.2582
2157 70.2582
2158 70.2582
2159 70.2582
2160 70.2582
2161 70.2582
2162 70.2582
2163 70.2582
2164 70.2582
2165 70.2582
2166 69.7353
2167 70.2582
2168 69.7353
2169 69.7353
2170 69.7353
2171 69.7353
2172 69.7353
2173 69.7353
2174 69.7353
2175 69.7353
2176 69.7353
2177 69.7353
2178 69.7353
2179 69.7353
2180 69.7353
2181 69.7353
2182 69.7353
2183 69.7353
2184 69.7353
2185 69.7353
2186 69.7353
2187 69.7353
2188 69.7353
2189 69.7353
2190 69.7353
2191 69.7353
2192 69.7353
2193 69.7353
2194 69.7353
2195 69.7353
2196 69.7353
2197 69.7353
2198 69.7353
2199 69.7353
2200 69.7353
2201 69.7353
2202 69.7353
2203 69.7353
2204 69.7353
2205 69.7353
2206 69.7353
2207 69.7353
2208 69.7353
2209 69.7353
2210 69.7353
2211 69.7353
2212 69.7353
2213 69.7353
2214 69.7353
2215 69.7353
2216 69.7353
2217 69.7353
2218 69.7353
2219 69.7353
2220 69.7353
2221 69.7353
2222 69.7353
2223 69.7353
2224 69.7353
2225 69.7353
2226 69.7353
2227 69.7353
2228 69.7353
2229 69.7353
2230 69.7353
2231 69.7353
2232 69.7353
2233 69.7353
2234 69.7353
2235 69.7353
2236 69.7353
2237 69.6517
2238 69.6517
2239 69.6517
2240 69.6517
2241 69.6517
2242 69.6517
2243 69.6517
2244 69.6517
2245 69.6517
2246 69.6517
2247 69.6517
2248 69.6517
2249 69.6517
2250 69.6517
2251 69.6517
2252 69.6517
2253 69.6517
2254 69.6517
2255 69.6517
2256 69.6517
2257 69.6517
2258 69.6517
2259 69.6517
2260 69.6517
2261 69.6517
2262 69.6517
2263 69.6517
2264 69.6517
2265 69.6517
2266 69.6517
2267 69.6517
2268 69.6517
2269 69.6517
2270 69.6517
2271 69.4803
2272 69.4803
2273 69.4803
2274 69.4803
2275 69.2531
2276 69.2531
2277 69.2531
2278 69.2531
2279 69.2531
2280 69.2531
2281 69.2531
2282 69.2531
2283 69.2531
2284 69.2531
2285 69.2531
2286 69.2531
2287 69.2531
2288 69.2531
2289 69.2531
2290 69.2531
2291 69.2531
2292 69.2531
2293 69.2531
2294 69.2531
2295 69.2531
2296 69.2531
2297 69.2531
2298 69.2531
2299 69.2531
2300 69.2531
2301 69.2531
2302 69.2531
2303 69.2531
2304 69.2531
2305 69.2531
2306 69.2531
2307 69.2531
2308 69.2531
2309 69.2531
2310 69.2531
2311 69.2531
2312 69.2531
2313 69.2531
2314 69.2531
2315 69.2531
2316 69.2531
2317 69.2531
2318 69.2531
2319 69.2531
2320 69.2531
2321 69.2531
2322 69.2531
2323 69.2531
2324 69.2531
2325 69.2531
2326 69.2531
2327 69.2531
2328 69.2531
2329 69.2531
2330 69.2531
2331 69.2531
2332 69.2531
2333 69.2531
2334 69.2531
2335 69.2531
2336 69.2531
2337 69.2531
2338 69.2531
2339 69.2531
2340 69.2531
2341 69.2531
2342 69.2531
2343 69.2531
2344 69.2531
2345 69.2531
2346 69.2531
2347 69.2531
2348 69.2531
2349 69.2531
2350 69.2531
2351 69.2531
2352 69.2531
2353 69.2531
2354 69.2531
2355 69.2531
2356 69.2531
2357 69.2531
2358 69.2531
2359 69.2531
2360 69.2531
2361 69.2531
2362 69.2531
2363 69.2531
2364 69.2531
2365 69.2531
2366 69.2531
2367 69.2531
2368 69.2531
2369 69.2531
2370 69.2531
2371 69.2531
2372 69.2531
2373 69.2531
2374 69.2531
2375 69.2531
2376 69.2531
2377 69.2531
2378 69.2531
2379 69.2531
2380 69.2531
2381 69.2531
2382 69.2531
2383 69.2531
2384 69.2531
2385 69.2531
2386 69.2531
2387 69.2531
2388 69.2531
2389 69.2531
2390 69.2531
2391 69.2531
2392 69.2531
2393 69.2531
2394 69.2531
2395 69.2531
2396 69.2531
2397 69.2531
2398 69.2531
2399 69.2531
2400 69.2531
2401 69.2531
2402 69.2531
2403 69.2531
2404 69.2531
2405 69.2531
2406 69.2531
2407 69.2531
2408 69.2531
2409 69.2531
2410 69.2531
2411 69.2531
2412 69.2531
2413 69.2531
2414 69.2531
2415 69.2531
2416 69.2531
2417 69.2531
2418 69.2531
2419 69.2531
2420 69.2531
2421 69.2531
2422 69.2531
2423 69.2531
2424 69.2531
2425 69.2531
2426 69.2531
2427 69.2531
2428 69.2531
2429 69.2531
2430 69.2531
2431 69.2531
2432 69.2531
2433 69.2531
2434 69.2531
2435 69.2531
2436 69.2531
2437 69.2531
2438 69.2531
2439 69.2531
2440 69.2531
2441 69.2531
2442 69.2531
2443 69.2531
2444 69.2531
2445 69.2531
2446 69.2531
2447 69.2531
2448 69.2531
2449 69.2531
2450 69.2531
2451 69.2531
2452 69.2531
2453 69.2531
2454 69.2531
2455 69.2531
2456 69.2531
2457 69.2531
2458 69.2531
2459 69.2531
2460 69.2531
2461 69.2531
2462 69.2531
2463 69.2531
2464 69.2531
2465 69.2531
2466 69.2531
2467 69.2531
2468 69.2531
2469 69.2531
2470 69.2531
2471 69.2531
2472 69.2531
2473 69.2531
2474 69.2531
2475 69.2531
2476 69.2531
2477 69.2531
2478 69.2531
2479 69.2531
2480 69.2531
2481 69.2531
2482 69.2531
2483 69.2531
2484 69.2531
2485 69.2531
2486 69.2531
2487 69.2531
2488 69.2531
2489 69.2531
2490 69.2531
2491 69.2531
2492 69.2531
2493 69.2531
2494 69.2531
2495 69.2531
2496 69.2531
2497 69.2531
2498 69.2531
2499 69.2531
2500 69.2531
2501 69.2531
2502 69.2531
2503 69.2531
2504 69.2531
2505 69.2531
2506 69.2531
2507 69.2531
2508 69.2531
2509 69.2531
2510 69.2531
2511 69.2531
2512 69.2531
2513 69.2531
2514 69.2531
2515 69.2531
2516 69.2531
2517 69.2531
2518 69.2531
2519 69.2531
2520 69.2531
2521 69.2531
2522 69.2531
2523 69.2531
2524 69.2531
2525 69.2531
2526 69.2531
2527 69.2531
2528 69.2531
2529 69.2531
2530 69.2531
2531 69.2531
2532 69.2531
2533 69.2531
2534 69.2531
2535 69.2531
2536 69.2531
2537 69.2531
2538 69.2531
2539 69.2531
2540 69.2531
2541 69.2531
2542 69.2531
2543 69.2531
2544 69.2531
2545 69.2531
2546 69.2531
2547 69.2531
2548 69.2531
2549 69.2531
2550 69.2531
2551 69.2531
2552 69.2531
2553 69.2531
2554 69.2531
2555 69.2531
2556 69.2531
2557 69.2531
2558 69.2531
2559 69.2531
2560 69.2531
2561 69.2531
2562 69.2531
2563 69.2531
2564 69.2531
2565 69.2531
2566 69.2531
2567 69.2531
2568 69.2531
2569 69.2531
2570 69.2531
2571 69.2531
2572 69.2531
2573 69.2531
2574 69.2531
2575 69.2531
2576 69.2531
2577 69.2531
2578 69.2531
2579 69.2531
2580 69.2531
2581 69.2531
2582 69.2531
2583 69.2531
2584 69.2531
2585 69.2531
2586 69.2531
2587 69.2531
2588 69.2531
2589 69.2531
2590 69.2531
2591 69.2531
2592 69.2531
2593 69.2531
2594 69.2531
2595 69.2531
2596 69.2531
2597 69.2531
2598 69.2531
2599 69.2531
2600 69.2531
2601 69.2531
2602 69.2531
2603 69.2531
2604 69.2531
2605 69.2531
2606 69.2531
2607 69.2531
2608 69.2531
2609 69.2531
2610 69.2531
2611 69.2531
2612 69.2531
2613 69.2531
2614 69.2531
2615 69.2531
2616 69.2531
2617 69.2531
2618 69.2531
2619 69.2531
2620 69.2531
2621 69.2531
2622 69.2531
2623 69.2531
2624 69.2531
2625 69.2531
2626 69.2531
2627 69.2531
2628 69.2531
2629 69.2531
2630 69.2531
2631 69.2531
2632 69.2531
2633 69.2531
2634 69.2531
2635 69.2531
2636 69.2531
2637 69.2531
2638 69.2531
2639 69.2531
2640 69.2531
2641 69.2531
2642 69.2531
2643 69.2531
2644 69.2531
2645 69.2531
2646 69.2531
2647 69.2531
2648 69.2531
2649 69.2531
2650 69.2531
2651 69.2531
2652 69.2531
2653 69.2531
2654 69.2531
2655 69.2531
2656 69.2531
2657 69.2531
2658 69.2531
2659 69.2531
2660 69.2531
2661 69.2531
2662 69.2531
2663 69.2531
2664 69.2531
2665 69.2531
2666 69.2531
2667 69.2531
2668 69.2531
2669 69.2531
2670 69.2531
2671 69.2531
2672 69.2531
2673 69.2531
2674 69.2531
2675 69.2531
2676 69.2531
2677 69.2531
2678 69.2531
2679 69.2531
2680 69.2531
2681 69.2531
2682 69.2531
2683 69.2531
2684 69.2531
2685 69.2531
2686 69.2531
2687 69.2531
2688 69.2531
2689 69.2531
2690 69.2531
2691 69.2531
2692 69.2531
2693 69.2531
2694 69.2531
2695 69.2531
2696 69.2531
2697 69.2531
2698 69.2531
2699 69.2531
2700 69.2531
2701 69.2531
2702 69.2531
2703 69.2531
2704 69.2531
2705 69.2531
2706 69.2531
2707 69.2531
2708 69.2531
2709 69.2531
2710 69.2531
2711 69.2531
2712 69.2531
2713 69.2531
2714 69.2531
2715 69.2531
2716 69.2531
2717 69.2531
2718 69.2531
2719 69.2531
2720 69.2531
2721 69.2531
2722 69.2531
2723 69.2531
2724 69.2531
2725 69.2531
2726 69.2531
2727 69.2531
2728 69.2531
2729 69.2531
2730 69.2531
2731 69.2531
2732 69.2531
2733 69.2531
2734 69.2531
2735 69.2531
2736 69.2531
2737 69.2531
2738 69.2531
2739 69.2531
2740 69.2531
2741 69.2531
2742 69.2531
2743 69.2531
2744 69.2531
2745 69.2531
2746 69.2531
2747 69.2531
2748 69.2531
2749 69.2531
2750 69.2531
2751 69.2531
2752 69.2531
2753 69.2531
2754 69.2531
2755 69.2531
2756 69.2531
2757 69.2531
2758 69.2531
2759 69.2531
2760 69.2531
2761 69.2531
2762 69.2531
2763 69.2531
2764 69.2531
2765 69.2531
2766 69.2531
2767 69.2531
2768 69.2531
2769 69.2531
2770 69.2531
2771 69.2531
2772 69.2531
2773 69.2531
2774 69.2531
2775 69.2531
2776 69.2531
2777 69.2531
2778 69.2531
2779 69.2531
2780 69.2531
2781 69.2531
2782 69.2531
2783 69.2531
2784 69.2531
2785 69.2531
2786 69.2531
2787 69.2531
2788 69.2531
2789 69.2531
2790 69.2531
2791 69.2531
2792 69.2531
2793 69.2531
2794 69.2531
2795 69.2531
2796 69.2531
2797 69.2531
2798 69.2531
2799 69.2531
2800 69.2531
2801 69.2531
2802 69.2531
2803 69.2531
2804 69.2531
2805 69.2531
2806 69.2531
2807 69.2531
2808 69.2531
2809 69.2531
2810 69.2531
2811 69.2531
2812 69.2531
2813 69.2531
2814 69.2531
2815 69.2531
2816 69.2531
2817 69.2531
2818 69.2531
2819 69.2531
2820 69.2531
2821 69.2531
2822 69.2531
2823 69.2531
2824 69.2531
2825 69.2531
2826 69.2531
2827 69.2531
2828 69.2531
2829 69.2531
2830 69.2531
2831 69.2531
2832 69.2531
2833 69.2531
2834 69.2531
2835 69.2531
2836 69.2531
2837 69.2531
2838 69.2531
2839 69.2531
2840 69.2531
2841 69.2531
2842 69.2531
2843 69.2531
2844 69.2531
2845 69.2531
2846 69.2531
2847 69.2531
2848 69.2531
2849 69.2531
2850 69.2531
2851 69.2531
2852 69.2531
2853 69.2531
2854 69.2531
2855 69.2531
2856 69.2531
2857 69.2531
2858 69.2531
2859 69.2531
2860 69.2531
2861 69.2531
2862 69.2531
2863 69.2531
2864 69.2531
2865 69.2531
2866 69.2531
2867 69.2531
2868 69.2531
2869 69.2531
2870 69.2531
2871 69.2531
2872 69.2531
2873 69.2531
2874 69.2531
2875 69.2531
2876 69.2531
2877 69.2531
2878 69.2531
2879 69.2531
2880 69.2531
2881 69.2531
2882 69.2531
2883 69.2531
2884 69.2531
2885 69.2531
2886 69.2531
2887 69.2531
2888 69.2531
2889 69.2531
2890 69.2531
2891 69.2531
2892 69.2531
2893 69.2531
2894 69.2531
2895 69.2531
2896 69.2531
2897 69.2531
2898 69.2531
2899 69.2531
2900 69.2531
2901 69.2531
2902 69.2531
2903 69.2531
2904 69.2531
2905 69.2531
2906 69.2531
2907 69.2531
2908 69.2531
2909 69.2531
2910 69.2531
2911 69.2531
2912 69.2531
2913 69.2531
2914 69.2531
2915 69.2531
2916 69.2531
2917 69.2531
2918 69.2531
2919 69.2531
2920 69.2531
2921 69.2531
2922 69.2531
2923 69.2531
2924 69.2531
2925 69.2531
2926 69.2531
2927 69.2531
2928 69.2531
2929 69.2531
2930 69.2531
2931 69.2531
2932 69.2531
2933 69.2531
2934 69.2531
2935 69.2531
2936 69.2531
2937 69.2531
2938 69.2531
2939 69.2531
2940 69.2531
2941 69.2531
2942 69.2531
2943 69.2531
2944 69.2531
2945 69.2531
2946 69.2531
2947 69.2531
2948 69.2531
2949 69.2531
2950 69.2531
2951 69.2531
2952 69.2531
2953 69.2531
2954 69.2531
2955 69.2531
2956 69.2531
2957 69.2531
2958 69.2531
2959 69.2531
2960 69.2531
2961 69.2531
2962 69.2531
2963 69.2531
2964 69.2531
2965 69.2531
2966 69.2531
2967 69.2531
2968 69.2531
2969 69.2531
2970 69.2531
2971 69.2531
2972 69.2531
2973 69.2531
2974 69.2531
2975 69.2531
2976 69.2531
2977 69.2531
2978 69.2531
2979 69.2531
2980 69.2531
2981 69.2531
2982 69.2531
2983 69.2531
2984 69.2531
2985 69.2531
2986 69.2531
2987 69.2531
2988 69.2531
2989 69.2531
2990 69.2531
2991 69.2531
2992 69.2531
2993 69.2531
2994 69.2531
2995 69.2531
2996 69.2531
2997 69.2531
2998 69.2531
2999 69.2531
3000 69.2531
3001 69.2531
3002 69.2531
3003 69.2531
3004 69.2531
3005 69.2531
3006 69.2531
3007 69.2531
3008 69.2531
3009 69.2531
3010 69.2531
3011 69.2531
3012 69.2531
3013 69.2531
3014 69.2531
3015 69.2531
3016 69.2531
3017 69.2531
3018 69.2531
3019 69.2531
3020 69.2531
3021 69.2531
3022 69.2531
3023 69.2531
3024 69.2531
3025 69.2531
3026 69.2531
3027 69.2531
3028 69.2531
3029 69.2531
3030 69.2531
3031 69.2531
3032 69.2531
3033 69.2531
3034 69.2531
3035 69.2531
3036 69.2531
3037 69.2531
3038 69.2531
3039 69.2531
3040 69.2531
3041 69.2531
3042 69.2531
3043 69.2531
3044 69.2531
3045 69.2531
3046 69.2531
3047 69.2531
3048 69.2531
3049 69.2531
3050 69.2531
3051 69.2531
3052 69.2531
3053 69.2531
3054 69.2531
3055 69.2531
3056 69.2531
3057 69.2531
3058 69.2531
3059 69.2531
3060 69.2531
3061 69.2531
3062 69.2531
3063 69.2531
3064 69.2531
3065 69.2531
3066 69.2531
3067 69.2531
3068 69.2531
3069 69.2531
3070 69.2531
3071 69.2531
3072 69.2531
3073 69.2531
3074 69.2531
3075 69.2531
3076 69.2531
3077 69.2531
3078 69.2531
3079 69.2531
3080 69.2531
3081 69.2531
3082 69.2531
3083 69.2531
3084 69.2531
3085 69.2531
3086 69.2531
3087 69.2531
3088 69.2531
3089 69.2531
3090 69.2531
3091 69.2531
3092 69.2531
3093 69.2531
3094 69.2531
3095 69.2531
3096 69.2531
3097 69.2531
3098 69.2531
3099 69.2531
3100 69.2531
3101 69.2531
3102 69.2531
3103 69.2531
3104 69.2531
3105 69.2531
3106 69.2531
3107 69.2531
3108 69.2531
3109 69.2531
3110 69.2531
3111 69.2531
3112 69.2531
3113 69.2531
3114 69.2531
3115 69.2531
3116 69.2531
3117 69.2531
3118 69.2531
3119 69.2531
3120 69.2531
3121 69.2531
3122 69.2531
3123 69.2531
3124 69.2531
3125 69.2531
3126 69.2531
3127 69.2531
3128 69.2531
3129 69.2531
3130 69.2531
3131 69.2531
3132 69.2531
3133 69.2531
3134 69.2531
3135 69.2531
3136 69.2531
3137 69.2531
3138 69.2531
3139 69.2531
3140 69.2531
3141 69.2531
3142 69.2531
3143 69.2531
3144 69.2531
3145 69.2531
3146 69.2531
3147 69.2531
3148 69.2531
3149 69.2531
3150 69.2531
3151 69.2531
3152 69.2531
3153 69.2531
3154 69.2531
3155 69.2531
3156 69.2531
3157 69.2531
3158 69.2531
3159 69.2531
3160 69.2531
3161 69.2531
3162 69.2531
3163 69.2531
3164 69.2531
3165 69.2531
3166 69.2531
3167 69.2531
3168 69.2531
3169 69.2531
3170 69.2531
3171 69.2531
3172 69.2531
3173 69.2531
3174 69.2531
3175 69.2531
3176 69.2531
3177 69.2531
3178 69.2531
3179 69.2531
3180 69.2531
3181 69.2531
3182 69.2531
3183 69.2531
3184 69.2531
3185 69.2531
3186 69.2531
3187 69.2531
3188 69.2531
3189 69.2531
3190 69.2531
3191 69.2531
3192 69.2531
3193 69.2531
3194 69.2531
3195 69.2531
3196 69.2531
3197 69.2531
3198 69.2531
3199 69.2531
3200 69.2531
3201 69.2531
3202 69.2531
3203 69.2531
3204 69.2531
3205 69.2531
3206 69.2531
3207 69.2531
3208 69.2531
3209 69.2531
3210 69.2531
3211 69.2531
3212 69.2531
3213 69.2531
3214 69.2531
3215 69.2531
3216 69.2531
3217 69.2531
3218 69.2531
3219 69.2531
3220 69.2531
3221 69.2531
3222 69.2531
3223 69.2531
3224 69.2531
3225 69.2531
3226 69.2531
3227 69.2531
3228 69.2531
3229 69.2531
3230 69.2531
3231 69.2531
3232 69.2531
3233 69.2531
3234 69.2531
3235 69.2531
3236 69.2531
3237 69.2531
3238 69.2531
3239 69.2531
3240 69.2531
3241 69.2531
3242 69.2531
3243 69.2531
3244 69.2531
3245 69.2531
3246 69.2531
3247 69.2531
3248 69.2531
3249 69.2531
3250 69.2531
3251 69.2531
3252 69.2531
3253 69.2389
3254 69.2389
3255 69.1847
3256 69.2531
3257 69.2531
3258 69.2531
3259 69.2531
3260 69.2531
3261 69.2531
3262 69.2531
3263 69.2531
3264 69.2531
3265 69.2531
3266 69.2531
3267 69.2531
3268 69.2531
3269 69.2531
3270 69.2531
3271 69.2531
3272 69.2531
3273 69.2531
3274 69.2531
3275 69.2531
3276 69.2531
3277 69.2531
3278 69.2531
3279 69.2531
3280 69.2531
3281 69.2531
3282 69.2531
3283 69.2531
3284 69.2531
3285 69.2531
3286 69.2531
3287 69.2531
3288 69.2531
3289 69.2531
3290 69.2531
3291 69.2531
3292 69.2531
3293 69.2531
3294 69.2531
3295 69.2531
3296 69.2531
3297 69.2531
3298 69.2531
3299 69.2531
3300 69.2531
3301 69.2531
3302 69.2531
3303 69.2531
3304 69.2531
3305 69.2531
3306 69.2531
3307 69.2531
3308 69.2531
3309 69.2531
3310 69.2531
3311 69.2531
3312 69.2531
3313 69.2531
3314 69.2531
3315 69.2531
3316 69.2531
3317 69.2531
3318 69.2531
3319 69.2531
3320 69.2531
3321 69.2531
3322 69.2531
3323 69.2531
3324 69.2531
3325 69.2531
3326 69.2531
3327 69.2531
3328 69.2531
3329 69.2531
3330 69.2531
3331 69.2531
3332 69.2531
3333 69.2531
3334 69.2531
3335 69.2531
3336 69.2531
3337 69.2531
3338 69.2531
3339 69.2531
3340 69.2531
3341 69.2531
3342 69.2531
3343 69.2531
3344 69.2531
3345 69.2531
3346 69.2531
3347 69.2531
3348 69.2531
3349 69.2531
3350 69.2531
3351 69.2531
3352 69.2531
3353 69.2531
3354 69.2531
3355 69.2531
3356 69.2531
3357 69.2531
3358 69.2531
3359 69.2531
3360 69.2531
3361 69.2531
3362 69.2531
3363 69.2531
3364 69.2531
3365 69.2531
3366 69.2531
3367 69.2531
3368 69.2531
3369 69.2531
3370 69.2531
3371 69.2531
3372 69.2531
3373 69.2531
3374 69.2531
3375 69.2531
3376 69.2531
3377 69.2531
3378 69.2531
3379 69.2531
3380 69.2531
3381 69.2531
3382 69.2531
3383 69.2531
3384 69.2531
3385 69.2531
3386 69.2531
3387 69.2531
3388 69.2531
3389 69.2531
3390 69.2531
3391 69.2531
3392 69.2531
3393 69.2531
3394 69.2531
3395 69.2531
3396 69.2531
3397 69.2531
3398 69.2531
3399 69.2531
3400 69.2531
3401 69.2531
3402 69.2531
3403 69.2531
3404 69.2531
3405 69.2531
3406 69.2531
3407 69.2531
3408 69.2531
3409 69.2531
3410 69.2531
3411 69.2531
3412 69.2531
3413 69.2531
3414 69.2531
3415 69.2531
3416 69.2531
3417 69.2531
3418 69.2531
3419 69.2531
3420 69.2531
3421 69.2531
3422 69.2531
3423 69.2531
3424 69.2531
3425 69.2531
3426 69.2531
3427 69.2531
3428 69.2531
3429 69.2531
3430 69.2531
3431 69.2531
3432 69.2531
3433 69.2531
3434 69.2531
3435 69.2531
3436 69.2531
3437 69.2531
3438 69.2531
3439 69.2531
3440 69.2531
3441 69.2531
3442 69.2531
3443 69.2531
3444 69.2531
3445 69.2531
3446 69.2531
3447 69.2531
3448 69.2531
3449 69.2531
3450 69.2531
3451 69.2531
3452 69.2531
3453 69.2531
3454 69.2531
3455 69.2531
3456 69.2531
3457 69.2531
3458 69.2531
3459 69.2531
3460 69.2531
3461 69.2531
3462 69.2531
3463 69.2531
3464 69.2531
3465 69.2531
3466 69.2531
3467 69.2531
3468 69.2531
3469 69.2531
3470 69.2531
3471 69.2531
3472 69.2531
3473 69.2531
3474 69.2531
3475 69.2531
3476 69.2531
3477 69.2531
3478 69.2531
3479 69.2531
3480 69.2531
3481 69.2531
3482 69.2531
3483 69.2531
3484 69.2531
3485 69.2531
3486 69.2531
3487 69.2531
3488 69.2531
3489 69.2531
3490 69.2531
3491 69.2531
3492 69.2531
3493 69.2531
3494 69.2531
3495 69.2531
3496 69.2531
3497 69.2531
3498 69.2531
3499 69.2531
3500 69.2531
3501 69.2531
3502 69.2531
3503 69.2531
3504 69.2531
3505 69.2531
3506 69.2531
3507 69.2531
3508 69.2531
3509 69.2531
3510 69.2531
3511 69.2531
3512 69.2531
3513 69.2531
3514 69.2531
3515 69.2531
3516 69.2531
3517 69.2531
3518 69.2531
3519 69.2531
3520 69.2531
3521 69.2531
3522 69.2531
3523 69.2531
3524 69.2531
3525 69.2531
3526 69.2531
3527 69.2531
3528 69.2531
3529 69.2531
3530 69.2531
3531 69.2531
3532 69.2531
3533 69.2531
3534 69.2531
3535 69.2531
3536 69.2531
3537 69.2531
3538 69.2531
3539 69.2531
3540 69.2531
3541 69.2531
3542 69.2531
3543 69.2531
3544 69.2531
3545 69.2531
3546 69.2531
3547 69.2531
3548 69.2531
3549 69.2531
3550 69.2531
3551 69.2531
3552 69.2531
3553 69.2531
3554 69.2531
3555 69.2531
3556 69.2531
3557 69.2531
3558 69.2531
3559 69.2531
3560 69.2531
3561 69.2531
3562 69.2531
3563 69.2531
3564 69.2531
3565 69.2531
3566 69.2531
3567 69.2531
3568 69.2531
3569 69.2531
3570 69.2531
3571 69.2531
3572 69.2531
3573 69.2531
3574 69.2531
3575 69.2531
3576 69.2531
3577 69.2531
3578 69.2531
3579 69.2531
3580 69.2531
3581 69.2531
3582 69.2531
3583 69.2531
3584 69.2531
3585 69.2531
3586 69.2531
3587 69.2531
3588 69.2531
3589 69.2531
3590 69.2531
3591 69.2531
3592 69.2531
3593 69.2531
3594 69.2531
3595 69.2531
3596 69.2531
3597 69.2531
3598 69.2531
3599 69.2531
3600 69.2531
3601 69.2531
3602 69.2531
3603 69.2531
3604 69.2531
3605 69.2531
3606 69.2531
3607 69.2531
3608 69.2531
3609 69.2531
3610 69.2531
3611 69.2531
3612 69.2531
3613 69.2531
3614 69.2531
3615 69.2531
3616 69.2531
3617 69.2531
3618 69.2531
3619 69.2531
3620 69.2531
3621 69.2531
3622 69.2531
3623 69.2531
3624 69.2531
3625 69.2531
3626 69.2531
3627 69.2531
3628 69.2531
3629 69.2531
3630 69.2531
3631 69.2531
3632 69.2531
3633 69.2531
3634 69.2531
3635 69.2531
3636 69.2531
3637 69.2531
3638 69.2531
3639 69.2531
3640 69.2531
3641 69.2531
3642 69.2531
3643 69.2531
3644 69.2531
3645 69.2531
3646 69.2531
3647 69.2531
3648 69.2531
3649 69.2531
3650 69.2531
3651 69.2531
3652 69.2531
3653 69.2531
3654 69.2531
3655 69.2531
3656 69.2531
3657 69.2531
3658 69.2531
3659 69.2531
3660 69.2531
3661 69.2531
3662 69.2531
3663 69.2531
3664 69.2531
3665 69.2531
3666 69.2531
3667 69.2531
3668 69.2531
3669 69.2531
3670 69.2531
3671 69.2531
3672 69.2531
3673 69.2531
3674 69.2531
3675 69.2531
3676 69.2531
3677 69.2531
3678 69.2531
3679 69.2531
3680 69.2531
3681 69.2531
3682 69.2531
3683 69.2531
3684 69.2531
3685 69.2531
3686 69.2531
3687 69.2531
3688 69.2531
3689 69.2531
3690 69.2531
3691 69.2531
3692 69.2531
3693 69.2531
3694 69.2531
3695 69.2531
3696 69.2531
3697 69.2531
3698 69.2531
3699 69.2531
3700 69.2531
3701 69.2531
3702 69.2531
3703 69.2531
3704 69.2531
3705 69.2531
3706 69.2531
3707 69.2531
3708 69.2531
3709 69.2531
3710 69.2531
3711 69.2531
3712 69.2531
3713 69.2531
3714 69.2531
3715 69.2531
3716 69.2531
3717 69.2531
3718 69.2531
3719 69.2531
3720 69.2531
3721 69.2531
3722 69.2531
3723 69.2531
3724 69.2531
3725 69.2531
3726 69.2531
3727 69.2531
3728 69.2531
3729 69.2531
3730 69.2531
3731 69.2531
3732 69.2531
3733 69.2531
3734 69.2531
3735 69.2531
3736 69.2531
3737 69.2531
3738 69.2531
3739 69.2531
3740 69.2531
3741 69.2531
3742 69.2531
3743 69.2531
3744 69.2531
3745 69.2531
3746 69.2531
3747 69.2531
3748 69.2531
3749 69.2531
3750 69.2531
3751 69.2531
3752 69.2531
3753 69.2531
3754 69.2531
3755 69.2531
3756 69.2531
3757 69.2531
3758 69.2531
3759 69.2531
3760 69.2531
3761 69.2531
3762 69.2531
3763 69.2531
3764 69.2531
3765 69.2531
3766 69.2531
3767 69.2531
3768 69.2531
3769 69.2531
3770 69.2531
3771 69.2531
3772 69.2531
3773 69.2531
3774 69.2531
3775 69.2531
3776 69.2531
3777 69.2531
3778 69.1652
3779 69.1652
3780 69.1652
3781 69.1652
3782 69.1652
3783 69.1652
3784 69.1652
3785 69.1652
3786 69.1652
3787 69.1652
3788 69.1652
3789 69.1652
3790 69.1652
3791 69.1652
3792 69.1652
3793 69.1652
3794 69.1652
3795 69.1652
3796 69.1652
3797 69.1652
3798 69.1652
3799 69.1652
3800 69.1652
3801 69.1652
3802 69.1652
3803 69.1652
3804 69.1652
3805 69.1652
3806 69.1652
3807 69.1652
3808 69.1652
3809 69.1652
3810 69.1652
3811 69.1652
3812 69.1652
3813 69.1652
3814 69.1652
3815 69.1652
3816 69.1652
3817 69.1652
3818 69.1652
3819 69.1652
3820 69.1652
3821 69.1652
3822 69.1652
3823 69.1652
3824 69.1652
3825 69.1652
3826 69.1652
3827 69.1652
3828 69.1652
3829 69.1652
3830 69.1652
3831 69.1652
3832 69.1652
3833 69.1652
3834 69.1652
3835 69.1652
3836 69.1652
3837 69.1652
3838 69.1652
3839 69.1652
3840 69.1652
3841 69.1652
3842 69.1652
3843 69.1652
3844 69.1652
3845 69.1652
3846 69.1652
3847 69.1652
3848 69.1652
3849 69.1652
3850 69.1652
3851 69.1652
3852 69.1652
3853 69.1652
3854 69.1652
3855 69.1652
3856 69.1652
3857 69.1652
3858 69.1652
3859 69.1652
3860 69.1652
3861 69.1652
3862 69.1652
3863 69.1652
3864 69.1652
3865 69.1652
3866 69.1652
3867 69.1652
3868 69.1652
3869 69.1652
3870 69.1652
3871 69.1652
3872 69.1652
3873 69.1652
3874 69.1652
3875 69.1652
3876 69.1652
3877 69.1652
3878 69.1652
3879 69.1652
3880 69.1652
3881 69.1652
3882 69.1652
3883 69.1652
3884 69.1652
3885 69.1652
3886 69.1652
3887 69.1652
3888 69.1652
3889 69.1652
3890 69.1652
3891 69.1652
3892 69.1652
3893 69.1652
3894 69.1652
3895 69.1652
3896 69.1652
3897 69.1652
3898 69.1652
3899 69.1652
3900 69.1652
3901 69.1652
3902 69.1652
3903 69.1652
3904 69.1652
3905 69.1652
3906 69.1652
3907 69.1652
3908 69.1652
3909 69.1652
3910 69.1652
3911 69.1652
3912 69.1652
3913 69.1652
3914 69.1652
3915 69.1652
3916 69.1652
3917 69.1652
3918 69.1652
3919 69.1652
3920 69.1652
3921 69.1652
3922 69.1652
3923 69.1652
3924 69.1652
3925 69.1652
3926 69.1652
3927 69.1652
3928 69.1652
3929 69.1652
3930 69.1652
3931 69.1652
3932 69.1652
3933 69.1652
3934 69.1652
3935 69.1652
3936 69.1652
3937 69.1652
3938 69.1652
3939 69.1652
3940 69.1652
3941 69.1652
3942 69.1652
3943 69.1652
3944 69.1652
3945 69.1652
3946 69.1652
3947 69.1652
3948 69.1652
3949 69.1652
3950 69.1652
3951 69.1652
3952 69.1652
3953 69.1652
3954 69.1652
3955 69.1652
3956 69.1652
3957 69.1652
3958 69.1652
3959 69.1652
3960 69.1652
3961 69.1652
3962 69.1652
3963 69.1652
3964 69.1652
3965 69.1652
3966 69.1652
3967 69.1652
3968 69.1652
3969 69.1652
3970 69.1652
3971 69.1652
3972 69.1652
3973 69.1652
3974 69.1652
3975 69.1652
3976 69.1652
3977 69.1652
3978 69.1652
3979 69.1652
3980 69.1652
3981 69.1652
3982 69.1652
3983 69.1652
3984 69.1652
3985 69.1652
3986 69.1652
3987 69.1652
3988 69.1652
3989 69.1652
3990 69.1652
3991 69.1652
3992 69.1652
3993 69.1652
3994 69.1652
3995 69.1652
3996 69.1652
3997 69.1652
3998 69.1652
3999 69.1652
4000 69.1652
4001 69.1652
4002 69.1652
4003 69.1652
4004 69.1652
4005 69.1652
4006 69.1652
4007 69.1652
4008 69.1652
4009 69.1652
4010 69.1652
4011 69.1652
4012 69.1652
4013 69.1652
4014 69.1652
4015 69.1652
4016 69.1652
4017 69.1652
4018 69.1652
4019 69.1652
4020 69.1652
4021 69.1652
4022 69.1652
4023 69.1652
4024 69.1652
4025 69.1652
4026 69.1652
4027 69.1652
4028 69.1652
4029 69.1652
4030 69.1652
4031 69.1652
4032 69.1652
4033 69.1652
4034 69.1652
4035 69.1652
4036 69.1652
4037 69.1652
4038 69.1652
4039 69.1652
4040 69.1652
4041 69.1652
4042 69.1652
4043 69.1652
4044 69.1652
4045 69.1652
4046 69.1652
4047 69.1652
4048 69.1652
4049 69.1652
4050 69.1652
4051 69.1652
4052 69.1652
4053 69.1652
4054 69.1652
4055 69.1652
4056 69.1652
4057 69.1652
4058 69.1652
4059 69.1652
4060 69.1652
4061 69.1652
4062 69.1652
4063 69.1652
4064 69.1652
4065 69.1652
4066 69.1652
4067 69.1652
4068 69.1652
4069 69.1652
4070 69.1652
4071 69.1652
4072 69.1652
4073 69.1652
4074 69.1652
4075 69.1652
4076 69.1652
4077 69.1652
4078 69.1652
4079 69.1652
4080 69.1652
4081 69.1652
4082 69.1652
4083 69.1652
4084 69.1652
4085 69.1652
4086 69.1652
4087 69.1652
4088 69.1652
4089 69.1652
4090 69.1652
4091 69.1652
4092 69.1652
4093 69.1652
4094 69.1652
4095 69.1652
4096 69.1652
4097 69.1652
4098 69.1652
4099 69.1652
4100 69.1652
4101 69.1652
4102 69.1652
4103 69.1652
4104 69.1652
4105 69.1652
4106 69.1652
4107 69.1652
4108 69.1652
4109 69.1652
4110 69.1652
4111 69.1652
4112 69.1652
4113 69.1652
4114 69.1652
4115 69.1652
4116 69.1652
4117 69.1652
4118 69.1652
4119 69.1652
4120 69.1652
4121 69.1652
4122 69.1652
4123 69.1652
4124 69.1652
4125 69.1652
4126 69.1652
4127 69.1652
4128 69.1652
4129 69.1652
4130 69.1652
4131 69.1652
4132 69.1652
4133 69.1652
4134 69.1652
4135 69.1652
4136 69.1652
4137 69.1652
4138 69.1652
4139 69.1652
4140 69.1652
4141 69.1652
4142 69.1652
4143 69.1652
4144 69.1652
4145 69.1652
4146 69.1652
4147 69.1652
4148 69.1652
4149 69.1652
4150 69.1652
4151 69.1652
4152 69.1652
4153 69.1652
4154 68.9497
4155 68.9497
4156 68.9497
4157 68.9497
4158 68.9497
4159 68.9497
4160 68.9497
4161 68.9497
4162 68.9497
4163 68.9497
4164 68.9497
4165 68.9497
4166 68.9497
4167 68.9497
4168 68.9497
4169 68.9497
4170 68.9497
4171 68.9497
4172 68.9497
4173 68.9497
4174 68.9497
4175 68.9497
4176 68.9497
4177 68.9497
4178 68.9497
4179 68.9497
4180 68.9497
4181 68.9497
4182 68.9497
4183 68.9497
4184 68.9497
4185 68.9497
4186 68.9497
4187 68.1134
4188 68.1134
4189 68.2132
4190 68.2132
4191 68.2132
4192 68.2132
4193 68.2132
4194 68.2132
4195 68.2132
4196 68.1134
4197 68.1134
4198 68.1134
4199 68.1134
4200 68.1134
4201 68.1134
4202 68.1134
4203 68.1134
4204 68.1134
4205 68.1134
4206 68.1134
4207 68.1134
4208 68.1134
4209 68.1134
4210 68.1134
4211 68.1134
4212 68.1134
4213 68.1134
4214 68.1134
4215 68.1134
4216 68.1134
4217 68.1134
4218 68.1134
4219 68.1134
4220 68.1134
4221 68.1134
4222 68.1134
4223 68.1134
4224 68.1134
4225 68.1134
4226 68.1134
4227 68.1134
4228 68.1134
4229 68.1134
4230 68.1134
4231 68.1134
4232 68.1134
4233 68.1134
4234 68.1134
4235 68.1134
4236 68.1134
4237 68.1134
4238 68.1134
4239 68.1134
4240 68.1134
4241 68.1134
4242 68.1134
4243 68.1134
4244 68.1134
4245 68.1134
4246 68.1134
4247 68.1134
4248 68.1134
4249 68.1134
4250 68.1134
4251 68.1134
4252 68.1134
4253 68.1134
4254 68.1134
4255 68.1134
4256 68.1134
4257 68.1134
4258 68.1134
4259 68.1134
4260 68.1134
4261 68.1134
4262 68.1134
4263 68.1134
4264 68.1134
4265 68.1134
4266 68.1134
4267 68.1134
4268 68.1134
4269 68.1134
4270 68.1134
4271 68.1134
4272 68.1134
4273 68.1134
4274 68.1134
4275 68.1134
4276 68.1134
4277 68.1134
4278 68.1134
4279 68.1134
4280 68.1134
4281 68.1134
4282 68.1134
4283 68.1134
4284 68.1134
4285 68.1134
4286 68.1134
4287 68.1134
4288 68.1134
4289 68.1134
4290 68.1134
4291 68.1134
4292 68.1134
4293 68.1134
4294 68.1134
4295 68.1134
4296 68.1134
4297 68.1134
4298 68.1134
4299 68.1134
4300 68.1134
4301 68.1134
4302 68.1134
4303 68.1134
4304 68.1134
4305 68.1134
4306 68.1134
4307 68.1134
4308 68.1134
4309 68.1134
4310 68.1134
4311 68.1134
4312 68.1134
4313 68.1134
4314 68.1134
4315 68.1134
4316 68.1134
4317 68.1134
4318 68.1134
4319 68.1134
4320 68.1134
4321 68.1134
4322 68.1134
4323 68.1134
4324 68.1134
4325 68.1134
4326 68.1134
4327 68.1134
4328 68.1134
4329 68.1134
4330 68.1134
4331 68.1134
4332 68.1134
4333 68.1134
4334 68.1134
4335 68.1134
4336 68.1134
4337 68.1134
4338 68.1134
4339 68.1134
4340 68.1134
4341 68.1134
4342 68.1134
4343 68.1134
4344 68.1134
4345 68.1134
4346 68.1134
4347 68.1134
4348 68.1134
4349 68.1134
4350 68.1134
4351 68.1134
4352 68.1134
4353 68.1134
4354 68.1134
4355 68.1134
4356 68.1134
4357 68.1134
4358 68.1134
4359 68.1134
4360 68.1134
4361 68.1134
4362 68.1134
4363 68.1134
4364 68.1134
4365 68.1134
4366 68.1134
4367 68.1134
4368 68.1134
4369 68.1134
4370 68.1134
4371 68.1134
4372 68.1134
4373 68.1134
4374 68.1134
4375 68.1134
4376 68.1134
4377 68.1134
4378 68.1134
4379 68.1134
4380 68.1134
4381 68.1134
4382 68.1134
4383 68.1134
4384 68.1134
4385 68.1134
4386 68.1134
4387 68.1134
4388 68.1134
4389 68.1134
4390 68.1134
4391 68.1134
4392 68.1134
4393 68.1134
4394 68.1134
4395 68.1134
4396 68.1134
4397 68.1134
4398 68.1134
4399 68.1134
4400 68.1134
4401 68.1134
4402 68.1134
4403 68.1134
4404 68.1134
4405 68.1134
4406 68.1134
4407 68.1134
4408 68.1134
4409 68.1134
4410 68.1134
4411 68.1134
4412 68.1134
4413 68.1134
4414 68.1134
4415 68.1134
4416 68.1134
4417 68.1134
4418 68.1134
4419 68.1134
4420 68.1134
4421 68.1134
4422 68.1134
4423 68.1134
4424 68.1134
4425 68.1134
4426 68.1134
4427 68.1134
4428 68.1134
4429 68.1134
4430 68.1134
4431 68.1134
4432 68.1134
4433 68.1134
4434 68.1134
4435 68.1134
4436 68.1134
4437 68.1134
4438 68.1134
4439 68.1134
4440 68.1134
4441 68.1134
4442 68.1134
4443 68.1134
4444 68.1134
4445 68.1134
4446 68.1134
4447 68.1134
4448 68.1134
4449 68.1134
4450 68.1134
4451 68.1134
4452 68.1134
4453 68.1134
4454 68.1134
4455 68.1134
4456 68.1134
4457 68.1134
4458 68.1134
4459 68.1134
4460 68.1134
4461 68.1134
4462 68.1134
4463 68.1134
4464 68.1134
4465 68.1134
4466 68.1134
4467 68.1134
4468 68.1134
4469 68.1134
4470 68.1134
4471 68.1134
4472 68.1134
4473 68.1134
4474 68.1134
4475 68.1134
4476 68.1134
4477 68.1134
4478 68.1134
4479 68.1134
4480 68.1134
4481 68.1134
4482 68.1134
4483 68.1134
4484 68.1134
4485 68.1134
4486 68.1134
4487 68.1134
4488 68.1134
4489 68.1134
4490 68.1134
4491 68.1134
4492 68.1134
4493 68.1134
4494 68.1134
4495 68.1134
4496 68.1134
4497 68.1134
4498 68.1134
4499 68.1134
4500 68.1134
4501 68.1134
4502 68.1134
4503 68.1134
4504 68.1134
4505 68.1134
4506 68.1134
4507 68.1134
4508 68.1134
4509 68.1134
4510 68.1134
4511 68.1134
4512 68.1134
4513 68.1134
4514 68.1134
4515 68.1134
4516 68.1134
4517 68.1134
4518 68.1134
4519 68.1134
4520 68.1134
4521 68.1134
4522 68.1134
4523 68.1134
4524 68.1134
4525 68.1134
4526 68.1134
4527 68.0986
4528 68.0986
4529 68.0986
4530 68.0986
4531 68.0986
4532 68.0986
4533 68.0986
4534 68.0986
4535 68.0986
4536 68.0986
4537 68.0986
4538 68.0986
4539 68.0986
4540 68.0986
4541 68.0986
4542 68.0986
4543 68.0986
4544 68.0986
4545 68.0986
4546 68.0986
4547 68.0986
4548 68.0986
4549 68.0986
4550 68.0986
4551 68.0986
4552 68.0986
4553 68.0986
4554 68.0986
4555 68.0986
4556 68.0986
4557 68.0986
4558 68.0986
4559 68.0986
4560 68.0986
4561 68.0986
4562 68.0986
4563 68.0986
4564 68.0986
4565 68.0986
4566 68.0986
4567 68.0986
4568 68.0986
4569 68.0986
4570 68.0986
4571 68.0986
4572 68.0986
4573 68.0986
4574 68.0986
4575 68.0986
4576 68.0986
4577 68.0986
4578 68.0986
4579 68.0986
4580 68.0986
4581 68.0986
4582 68.0986
4583 68.0986
4584 68.0986
4585 68.0986
4586 68.0986
4587 68.0986
4588 68.0986
4589 68.0986
4590 68.0986
4591 68.0986
4592 68.0986
4593 68.0986
4594 68.0986
4595 68.0986
4596 68.0986
4597 68.0986
4598 68.0986
4599 68.0986
4600 68.0986
4601 68.0986
4602 68.0986
4603 68.0986
4604 68.0986
4605 68.0986
4606 68.0986
4607 68.0986
4608 68.0986
4609 68.0986
4610 68.0986
4611 68.0986
4612 68.0986
4613 68.0986
4614 68.0986
4615 68.0986
4616 68.0986
4617 68.0986
4618 68.0986
4619 68.0986
4620 68.0986
4621 68.0986
4622 68.0986
4623 68.0986
4624 68.0986
4625 68.0986
4626 68.0986
4627 68.0986
4628 68.0986
4629 68.0986
4630 68.0986
4631 68.0986
4632 68.0986
4633 68.0986
4634 68.0986
4635 68.0986
4636 68.0986
4637 68.0986
4638 68.0986
4639 68.0986
4640 68.0986
4641 68.0986
4642 68.0986
4643 68.0986
4644 68.0986
4645 68.0986
4646 68.0986
4647 68.0986
4648 68.0986
4649 68.0986
4650 68.0986
4651 68.0986
4652 68.0986
4653 68.0986
4654 68.0986
4655 68.0986
4656 68.0986
4657 68.0986
4658 68.0986
4659 68.0986
4660 68.0986
4661 68.0986
4662 68.0986
4663 68.0986
4664 68.0986
4665 68.0986
4666 68.0986
4667 68.0986
4668 68.0986
4669 68.0986
4670 68.0986
4671 68.0302
4672 68.0302
4673 68.0302
4674 68.0302
4675 68.0302
4676 68.0302
4677 68.0302
4678 68.0302
4679 68.0302
4680 68.0302
4681 68.0302
4682 68.0302
4683 68.0302
4684 68.0302
4685 68.0302
4686 68.0302
4687 68.0302
4688 68.0302
4689 68.0302
4690 68.0302
4691 68.0302
4692 68.0302
4693 68.0302
4694 68.0302
4695 68.0302
4696 68.0302
4697 68.0302
4698 68.0302
4699 68.0302
4700 68.0302
4701 68.0302
4702 68.0302
4703 68.0302
4704 68.0105
4705 68.0105
4706 68.0105
4707 68.0105
4708 68.0105
4709 68.0105
4710 68.0105
4711 68.0105
4712 67.1837
4713 67.1837
4714 67.1837
4715 67.1837
4716 67.1837
4717 67.1837
4718 67.1837
4719 67.1837
4720 67.1837
4721 67.1837
4722 67.1837
4723 67.1837
4724 67.1837
4725 67.1837
4726 67.1837
4727 67.1837
4728 67.1837
4729 67.1837
4730 67.1837
4731 67.1837
4732 67.1837
4733 67.1837
4734 67.1837
4735 67.1837
4736 67.1837
4737 67.1837
4738 67.1837
4739 67.1837
4740 67.1837
4741 67.1837
4742 67.1837
4743 67.1837
4744 67.1837
4745 67.1837
4746 67.1837
4747 67.1837
4748 67.1837
4749 67.1837
4750 67.1837
4751 67.1837
4752 67.1837
4753 67.1837
4754 67.1837
4755 67.1837
4756 67.1837
4757 67.1837
4758 67.1837
4759 67.1837
4760 67.1837
4761 67.1837
4762 67.1837
4763 67.1837
4764 67.1837
4765 67.1837
4766 67.1837
4767 67.1837
4768 67.1837
4769 67.1837
4770 67.1837
4771 67.1837
4772 67.1837
4773 67.1837
4774 67.1837
4775 67.1837
4776 67.1837
4777 67.1837
4778 67.1837
4779 67.1837
4780 67.1837
4781 67.1837
4782 67.1837
4783 67.1837
4784 67.1837
4785 67.1837
4786 67.1837
4787 67.1837
4788 67.1837
4789 67.1837
4790 67.1837
4791 67.1837
4792 67.1837
4793 67.1837
4794 67.1837
4795 67.1837
4796 67.1837
4797 67.1837
4798 67.1837
4799 67.1837
4800 67.1837
4801 67.1837
4802 67.1837
4803 67.1837
4804 67.1837
4805 67.1837
4806 67.1837
4807 67.1837
4808 67.1837
4809 67.1837
4810 67.1837
4811 67.1837
4812 67.1837
4813 67.1837
4814 67.1837
4815 67.1837
4816 67.1837
4817 67.1837
4818 67.1837
4819 67.1837
4820 67.1837
4821 67.1837
4822 67.1837
4823 67.1837
4824 67.1837
4825 67.1837
4826 67.1837
4827 67.1837
4828 67.1837
4829 67.1837
4830 67.1837
4831 67.1837
4832 67.1837
4833 67.1837
4834 67.1837
4835 67.1837
4836 67.1837
4837 67.1837
4838 67.1837
4839 67.1837
4840 67.1837
4841 67.1837
4842 67.1837
4843 67.1837
4844 67.1837
4845 67.1837
4846 67.1837
4847 67.1837
4848 67.1837
4849 67.1837
4850 67.1837
4851 67.1837
4852 67.1837
4853 67.1837
4854 67.1837
4855 67.1837
4856 67.1837
4857 67.1837
4858 67.1837
4859 67.1837
4860 67.1837
4861 67.1837
4862 67.1837
4863 67.1837
4864 67.1837
4865 67.1837
4866 67.1837
4867 67.1837
4868 67.1837
4869 67.1837
4870 67.1837
4871 67.1837
4872 67.1837
4873 67.1837
4874 67.1837
4875 67.1837
4876 67.1837
4877 67.1837
4878 67.1837
4879 67.1837
4880 67.1837
4881 67.1837
4882 67.1837
4883 67.1837
4884 67.1837
4885 67.1837
4886 67.1837
4887 67.1837
4888 67.1837
4889 67.1837
4890 67.1837
4891 67.1837
4892 67.1837
4893 67.1837
4894 67.1837
4895 67.1837
4896 67.1837
4897 67.1837
4898 67.1837
4899 67.1837
4900 67.1837
4901 67.1837
4902 67.1837
4903 67.1837
4904 67.1837
4905 67.1837
4906 67.1837
4907 67.1837
4908 67.1837
4909 67.1837
4910 67.1837
4911 67.1837
4912 67.1837
4913 67.1837
4914 67.1837
4915 67.1837
4916 67.1837
4917 67.1837
4918 67.1837
4919 67.1837
4920 67.1837
4921 67.1837
4922 67.1837
4923 67.1837
4924 67.1837
4925 67.1837
4926 67.1837
4927 67.1837
4928 67.1837
4929 67.1837
4930 67.1837
4931 67.1837
4932 67.1837
4933 67.1837
4934 67.1837
4935 67.1837
4936 67.1837
4937 67.1837
4938 67.1837
4939 67.1837
4940 67.1837
4941 67.1837
4942 67.1837
4943 67.1837
4944 67.1837
4945 67.1837
4946 67.1837
4947 67.1837
4948 67.1837
4949 67.1837
4950 67.1837
4951 67.1837
4952 67.1837
4953 67.1837
4954 67.1837
4955 67.1837
4956 67.1837
4957 67.1837
4958 67.1837
4959 67.1837
4960 67.1837
4961 67.1837
4962 67.1837
4963 67.1837
4964 67.1837
4965 67.1837
4966 67.1837
4967 67.1837
4968 67.1837
4969 67.1837
4970 67.1837
4971 67.1837
4972 67.1837
4973 67.1837
4974 67.1837
4975 67.1837
4976 67.1837
4977 67.1837
4978 67.1837
4979 67.1837
4980 67.1837
4981 67.1837
4982 67.1837
4983 67.1837
4984 67.1837
4985 67.1837
4986 67.1837
4987 67.1837
4988 67.1837
4989 67.1837
4990 67.1837
4991 67.1837
4992 67.1837
4993 67.1837
4994 67.1837
4995 67.1837
4996 67.1837
4997 67.1837
4998 67.1837
4999 67.1837
5000 67.1837
5001 67.1837
5002 67.1837
5003 67.1837
5004 67.1837
5005 67.1837
5006 67.1837
5007 67.1837
5008 67.1837
5009 67.1837
5010 67.1837
5011 67.1837
5012 67.1837
5013 67.1837
5014 67.1837
5015 67.1837
5016 67.1837
5017 67.1837
5018 67.1837
5019 67.1837
5020 67.1837
5021 67.1837
5022 67.1837
5023 67.1837
5024 67.1837
5025 67.1837
5026 67.1837
5027 67.1837
5028 67.1837
5029 67.1837
5030 67.1837
5031 67.1837
5032 67.1837
5033 67.1837
5034 67.1837
5035 67.1837
5036 67.1837
5037 67.1837
5038 67.1837
5039 67.1837
5040 67.1837
5041 67.1837
5042 67.1837
5043 67.1837
5044 67.1837
5045 67.1837
5046 67.1837
5047 67.1837
5048 67.1837
5049 67.1837
5050 67.1837
5051 67.1837
5052 67.1837
5053 67.1837
5054 67.1837
5055 67.1837
5056 67.1837
5057 67.1837
5058 67.1837
5059 67.1837
5060 67.1837
5061 67.1837
5062 67.1837
5063 67.1837
5064 67.1837
5065 67.1837
5066 67.1837
5067 67.1837
5068 67.1837
5069 67.1837
5070 67.1837
5071 67.1837
5072 67.1837
5073 67.1837
5074 67.1837
5075 67.1837
5076 67.1837
5077 67.1837
5078 67.1837
5079 67.1837
5080 67.1837
5081 67.1837
5082 67.1837
5083 67.1837
5084 67.1837
5085 67.1837
5086 67.1837
5087 67.1837
5088 67.1837
5089 67.1837
5090 67.1837
5091 67.1837
5092 67.1837
5093 67.1837
5094 67.1837
5095 67.1837
5096 67.1837
5097 67.1837
5098 67.1837
5099 67.1837
5100 67.1837
5101 67.1837
5102 67.1837
5103 67.1837
5104 67.1837
5105 67.1837
5106 67.1837
5107 67.1837
5108 67.1837
5109 67.1837
5110 67.1837
5111 67.1837
5112 67.1837
5113 67.1837
5114 67.1837
5115 67.1837
5116 67.1837
5117 67.1837
5118 67.1837
5119 67.1837
5120 67.1837
5121 67.1837
5122 67.1837
5123 67.1837
5124 67.1837
5125 67.1837
5126 67.1837
5127 67.1837
5128 67.1837
5129 67.1837
5130 67.1837
5131 67.1837
5132 67.1837
5133 67.1837
5134 67.1837
5135 67.1837
5136 67.1837
5137 67.1837
5138 67.1837
5139 67.1837
5140 67.1837
5141 67.1837
5142 67.1837
5143 67.1837
5144 67.1837
5145 67.1837
5146 67.1837
5147 67.1837
5148 67.1837
5149 67.1837
5150 67.1837
5151 67.1837
5152 67.1837
5153 67.1837
5154 67.1837
5155 67.1837
5156 67.1837
5157 67.1837
5158 67.1837
5159 67.1837
5160 67.1837
5161 67.1837
5162 67.1837
5163 67.1837
5164 67.1837
5165 67.1837
5166 67.1837
5167 67.1837
5168 67.1837
5169 67.1837
5170 67.1837
5171 67.1837
5172 67.1837
5173 67.1837
5174 67.1837
5175 67.1837
5176 67.1837
5177 67.1837
5178 67.1837
5179 67.1837
5180 67.1837
5181 67.1837
5182 67.1837
5183 67.1837
5184 67.1837
5185 67.1837
5186 67.1837
5187 67.1837
5188 67.1837
5189 67.1837
5190 67.1837
5191 67.1837
5192 67.1837
5193 67.1837
5194 67.1837
5195 67.1837
5196 67.1837
5197 67.1837
5198 67.1837
5199 67.1837
5200 67.1837
5201 67.1837
5202 67.1837
5203 67.1837
5204 67.1837
5205 67.1837
5206 67.1837
5207 67.1837
5208 67.1837
5209 67.1837
5210 67.1837
5211 67.1837
5212 67.1837
5213 67.1837
5214 67.1837
5215 67.1837
5216 67.1837
5217 67.1837
5218 67.1837
5219 67.1837
5220 67.1837
5221 67.1837
5222 67.1837
5223 67.1837
5224 67.1837
5225 67.1837
5226 67.1837
5227 67.1837
5228 67.1837
5229 67.1837
5230 67.1837
5231 67.1837
5232 67.1837
5233 67.1837
5234 67.1837
5235 67.1837
5236 67.1837
5237 67.1837
5238 67.1837
5239 67.1837
5240 67.1837
5241 67.1837
5242 67.1837
5243 67.1837
5244 67.1837
5245 67.1837
5246 67.1837
5247 67.1837
5248 67.1837
5249 67.1837
5250 67.1837
5251 67.1837
5252 67.1837
5253 67.1837
5254 67.1837
5255 67.1837
5256 67.1837
5257 67.1837
5258 67.1837
5259 67.1837
5260 67.1837
5261 67.1837
5262 67.1837
5263 67.1837
5264 67.1837
5265 67.1837
5266 67.1837
5267 67.1837
5268 67.1837
5269 67.1837
5270 67.1837
5271 67.1837
5272 67.1837
5273 67.1837
5274 67.1837
5275 67.1837
5276 67.1837
5277 67.1837
5278 67.1837
5279 67.1837
5280 67.1837
5281 67.1837
5282 67.1837
5283 67.1837
5284 67.1837
5285 67.1837
5286 67.1837
5287 67.1837
5288 67.1837
5289 67.1837
5290 67.1837
5291 67.1837
5292 67.1837
5293 67.1837
5294 67.1837
5295 67.1837
5296 67.1837
5297 67.1837
5298 67.1837
5299 67.1837
5300 67.1837
5301 67.1837
5302 67.1837
5303 67.1837
5304 67.1837
5305 67.1837
5306 67.1837
5307 67.1837
5308 67.1837
5309 67.1837
5310 67.1837
5311 67.1837
5312 67.1837
5313 67.1837
5314 67.1837
5315 67.1837
5316 67.1837
5317 67.1837
5318 67.1837
5319 67.1837
5320 67.1837
5321 67.1837
5322 67.1837
5323 67.1837
5324 67.1837
5325 67.1837
5326 67.1837
5327 67.1837
5328 67.1837
5329 67.1837
5330 67.1837
5331 67.1837
5332 67.1837
5333 67.1837
5334 67.1837
5335 67.1837
5336 67.1837
5337 67.1837
5338 67.1837
5339 67.1837
5340 67.1837
5341 67.1837
5342 67.1837
5343 67.1837
5344 67.1837
5345 67.1837
5346 67.1837
5347 67.1837
5348 67.1837
5349 67.1837
5350 67.1837
5351 67.1837
5352 67.1837
5353 67.1837
5354 67.1837
5355 67.1837
5356 67.1837
5357 67.1837
5358 67.1837
5359 67.1837
5360 67.1837
5361 66.2418
5362 66.2418
5363 66.2418
5364 66.2418
5365 66.2418
5366 66.2418
5367 66.2418
5368 66.2418
5369 66.2418
5370 66.2418
5371 66.2418
5372 66.2418
5373 66.2418
5374 66.2418
5375 66.2418
5376 66.2418
5377 66.2418
5378 66.2418
5379 66.2418
5380 66.2418
5381 66.2418
5382 66.2418
5383 66.2418
5384 66.2418
5385 66.2418
5386 66.2418
5387 66.2418
5388 66.2418
5389 66.2418
5390 66.2418
5391 66.2418
5392 66.2418
5393 66.2418
5394 66.2418
5395 66.2418
5396 66.2418
5397 66.2418
5398 66.2418
5399 66.2418
5400 66.2418
5401 66.2418
5402 66.2418
5403 66.2418
5404 66.2418
5405 66.2418
5406 66.2418
5407 66.2418
5408 66.2418
5409 66.2418
5410 66.2418
5411 66.2418
5412 66.2418
5413 66.2418
5414 66.2418
5415 66.2418
5416 66.2418
5417 66.2418
5418 66.2418
5419 66.2418
5420 66.2418
5421 66.2418
5422 66.2418
5423 66.2418
5424 66.2418
5425 66.2418
5426 66.2418
5427 66.2418
5428 66.2418
5429 66.2418
5430 66.2418
5431 66.2418
5432 66.2418
5433 66.2418
5434 66.2418
5435 66.2418
5436 66.2418
5437 66.2418
5438 66.2418
5439 66.2418
5440 66.2418
5441 66.2418
5442 66.2418
5443 66.2418
5444 66.2418
5445 66.2418
5446 66.2418
5447 66.2418
5448 66.2418
5449 66.2418
5450 66.2418
5451 66.2418
5452 66.2418
5453 66.2418
5454 66.2418
5455 66.2418
5456 66.2418
5457 66.2418
5458 66.2418
5459 66.2418
5460 66.2418
5461 66.2418
5462 66.2418
5463 66.2418
5464 66.2418
5465 66.2418
5466 66.2418
5467 66.2418
5468 66.2418
5469 66.2418
5470 66.2418
5471 66.2418
5472 66.2418
5473 66.2418
5474 66.2418
5475 66.2418
5476 66.2418
5477 66.2418
5478 66.2418
5479 66.2418
5480 66.2418
5481 66.2418
5482 66.2418
5483 66.2418
5484 66.2418
5485 66.2418
5486 66.2418
5487 66.2418
5488 66.2418
5489 66.2418
5490 66.2418
5491 66.2418
5492 66.2418
5493 66.2418
5494 66.2418
5495 66.2418
5496 66.2418
5497 66.2418
5498 66.2418
5499 66.2418
5500 66.2418
5501 66.2418
5502 66.2418
5503 66.2418
5504 66.2418
5505 66.2418
5506 66.2418
5507 66.2418
5508 66.2418
5509 66.2418
5510 66.2418
5511 66.2418
5512 66.2418
5513 66.2418
5514 66.2418
5515 66.2418
5516 66.2418
5517 66.2418
5518 66.2418
5519 66.2418
5520 66.2418
5521 66.2418
5522 66.2418
5523 66.2418
5524 66.2418
5525 66.2418
5526 66.2418
5527 66.2418
5528 66.2418
5529 66.2418
5530 66.2418
5531 66.2418
5532 66.2418
5533 66.2418
5534 66.2418
5535 66.2418
5536 66.2418
5537 66.2418
5538 66.2418
5539 66.2418
5540 66.2418
5541 66.2418
5542 66.2418
5543 66.2418
5544 66.2418
5545 66.2418
5546 66.2418
5547 66.2418
5548 66.2418
5549 66.2418
5550 66.2418
5551 66.2418
5552 66.2418
5553 66.2418
5554 66.2418
5555 66.2418
5556 66.2418
5557 66.2418
5558 66.2418
5559 66.2418
5560 66.2418
5561 66.2418
5562 66.2418
5563 66.2418
5564 66.2418
5565 66.2418
5566 66.2418
5567 66.2418
5568 66.2418
5569 66.2418
5570 66.2418
5571 66.2418
5572 66.2418
5573 66.2418
5574 66.2418
5575 66.2418
5576 66.2418
5577 66.2418
5578 66.2418
5579 66.2418
5580 66.2418
5581 66.2418
5582 66.2418
5583 66.2418
5584 66.2418
5585 66.2418
5586 66.2418
5587 66.2418
5588 66.2418
5589 66.2418
5590 66.2418
5591 66.2418
5592 66.2418
5593 66.2418
5594 66.2418
5595 66.2418
5596 66.2418
5597 66.2418
5598 66.2418
5599 66.2418
5600 66.2418
5601 66.2418
5602 66.2418
5603 66.2418
5604 66.2418
5605 66.2418
5606 66.2418
5607 66.2418
5608 66.2418
5609 66.2418
5610 66.2418
5611 66.2418
5612 66.2418
5613 66.2418
5614 66.2418
5615 66.2418
5616 66.2418
5617 66.2418
5618 66.2418
5619 66.2418
5620 66.2418
5621 66.2418
5622 66.2418
5623 66.2418
5624 66.2418
5625 66.2418
5626 66.2418
5627 66.2418
5628 66.2418
5629 66.2418
5630 66.2418
5631 66.2418
5632 66.2418
5633 66.2418
5634 66.2418
5635 66.2418
5636 66.2418
5637 66.2418
5638 66.2418
5639 66.2418
5640 66.2418
5641 65.5706
5642 65.5706
5643 65.5706
5644 65.5706
5645 65.5706
5646 65.5706
5647 65.5706
5648 65.5706
5649 65.5706
5650 65.5706
5651 65.5706
5652 65.5706
5653 65.5706
5654 65.5706
5655 65.5706
5656 65.5706
5657 65.5706
5658 65.5706
5659 65.5706
5660 65.5706
5661 65.5706
5662 65.5706
5663 65.5706
5664 65.5706
5665 65.5706
5666 65.5706
5667 65.5706
5668 65.5706
5669 65.5706
5670 65.5706
5671 65.5706
5672 65.5706
5673 65.5706
5674 65.5706
5675 65.5706
5676 65.5706
5677 65.5706
5678 65.5706
5679 65.5706
5680 65.5706
5681 65.5706
5682 65.5706
5683 65.5706
5684 65.5706
5685 65.5706
5686 65.5706
5687 65.5706
5688 65.5706
5689 65.5706
5690 65.5706
5691 65.5706
5692 65.5706
5693 65.5706
5694 65.5706
5695 65.5706
5696 65.5706
5697 65.5706
5698 65.5706
5699 65.5706
5700 65.5706
5701 65.5706
5702 65.5706
5703 65.5706
5704 65.5706
5705 65.5706
5706 65.5706
5707 65.5706
5708 65.5706
5709 65.5706
5710 65.5706
5711 65.5706
5712 65.5706
5713 65.5706
5714 65.5706
5715 65.5706
5716 65.5706
5717 65.5706
5718 65.5706
5719 65.5706
5720 65.5706
5721 65.5706
5722 65.5706
5723 65.5706
5724 65.5706
5725 65.5706
5726 65.5706
5727 65.5706
5728 65.5706
5729 65.5706
5730 65.5706
5731 65.5706
5732 65.5706
5733 65.5706
5734 65.5706
5735 65.5706
5736 65.5706
5737 65.5706
5738 65.5706
5739 65.5706
5740 65.5706
5741 65.5706
5742 65.5706
5743 65.5706
5744 65.5706
5745 65.5706
5746 65.5706
5747 65.5706
5748 65.5706
5749 65.5706
5750 65.5706
5751 65.5706
5752 65.5706
5753 65.5706
5754 65.5706
5755 65.5706
5756 65.5706
5757 65.5706
5758 65.5706
5759 65.5706
5760 65.5706
5761 65.5706
5762 65.5706
5763 65.5706
5764 65.5706
5765 65.5706
5766 65.5706
5767 65.5706
5768 65.5706
5769 65.5706
5770 65.5706
5771 65.5706
5772 65.5706
5773 65.5706
5774 65.5706
5775 65.5706
5776 65.5706
5777 65.5706
5778 65.5706
5779 65.5706
5780 65.5706
5781 65.5706
5782 65.5706
5783 65.5706
5784 65.5706
5785 65.5706
5786 65.5706
5787 65.5706
5788 65.5706
5789 65.5706
5790 65.5706
5791 65.5706
5792 65.5706
5793 65.5706
5794 65.5706
5795 65.5706
5796 65.5706
5797 65.5706
5798 65.5706
5799 65.5706
5800 65.5706
5801 65.5706
5802 65.5706
5803 65.5706
5804 65.5706
5805 65.5706
5806 65.5706
5807 65.5706
5808 65.5706
5809 65.5706
5810 65.5706
5811 65.5706
5812 65.5706
5813 65.5706
5814 65.5706
5815 65.5706
5816 65.5706
5817 65.5706
5818 65.5706
5819 65.5706
5820 65.5706
5821 65.5706
5822 65.5706
5823 65.5706
5824 65.5706
5825 65.5706
5826 65.5706
5827 65.5706
5828 65.5706
5829 65.5706
5830 65.5706
5831 65.5706
5832 65.5706
5833 65.5706
5834 65.5706
5835 65.5706
5836 65.5706
5837 65.5706
5838 65.5706
5839 65.5706
5840 65.5706
5841 65.5706
5842 65.5706
5843 65.5706
5844 65.5706
5845 65.5706
5846 65.5706
5847 65.5706
5848 65.5706
5849 65.5706
5850 65.5706
5851 65.5706
5852 65.5706
5853 65.5706
5854 65.5706
5855 65.5706
5856 65.5706
5857 65.5706
5858 65.5706
5859 65.5706
5860 65.5706
5861 65.5706
5862 65.5706
5863 65.5706
5864 65.5706
5865 65.5706
5866 65.5706
5867 65.5706
5868 65.5706
5869 65.5706
5870 65.5706
5871 65.5706
5872 65.5706
5873 65.5706
5874 65.5706
5875 65.5706
5876 65.5706
5877 65.5706
5878 65.5706
5879 65.5706
5880 65.5706
5881 65.5706
5882 65.5706
5883 65.5706
5884 65.5706
5885 65.5706
5886 65.5706
5887 65.5706
5888 65.5706
5889 65.5706
5890 65.5706
5891 65.5706
5892 65.5706
5893 65.5706
5894 65.5706
5895 65.5706
5896 65.5706
5897 65.5706
5898 65.5706
5899 65.5706
5900 65.5706
5901 65.5706
5902 65.5706
5903 65.5706
5904 65.5706
5905 65.5706
5906 65.5706
5907 65.5706
5908 65.5706
5909 65.5706
5910 65.5706
5911 65.5706
5912 65.5706
5913 65.5706
5914 65.5706
5915 65.5706
5916 65.5706
5917 65.5706
5918 65.5706
5919 65.5706
5920 65.5706
5921 65.5706
5922 65.5706
5923 65.5706
5924 65.5706
5925 65.5706
5926 65.5706
5927 65.5706
5928 65.5706
5929 65.5706
5930 65.5706
5931 65.5706
5932 65.5706
5933 65.5706
5934 65.5706
5935 65.5706
5936 65.5706
5937 65.5706
5938 65.5706
5939 65.5706
5940 65.5706
5941 65.5706
5942 65.5706
5943 65.5706
5944 65.5706
5945 65.5706
5946 65.5706
5947 65.5706
5948 65.5706
5949 65.5706
5950 65.5706
5951 65.5706
5952 65.5706
5953 65.5706
5954 65.5706
5955 65.5706
5956 65.5706
5957 65.5706
5958 65.5706
5959 65.5706
5960 65.5706
5961 65.5706
5962 65.5706
5963 65.5706
5964 65.5706
5965 65.5706
5966 65.5706
5967 65.5706
5968 65.5706
5969 65.5706
5970 65.5706
5971 65.5706
5972 65.5706
5973 65.5706
5974 65.5706
5975 65.5706
5976 65.5706
5977 65.5706
5978 65.5706
5979 65.5706
5980 65.5706
5981 65.5706
5982 65.5706
5983 65.5706
5984 65.5706
5985 65.5706
5986 65.5706
5987 65.5706
5988 65.5706
5989 65.5706
5990 65.5706
5991 65.5706
5992 65.5706
5993 65.5706
5994 65.5706
5995 65.5706
5996 65.5706
5997 65.5706
5998 65.5706
5999 65.5706
6000 65.5706
