1 442.345
2 429.173
3 404.767
4 401.668
5 390.041
6 388.451
7 364.808
8 364.682
9 360.482
10 359.893
11 349.385
12 340.358
13 345.845
14 336.751
15 336.751
16 333.3
17 329.146
18 327.454
19 319.532
20 305.082
21 305.082
22 298.876
23 298.876
24 297.164
25 297.164
26 293.119
27 288.333
28 280.988
29 280.988
30 270.239
31 269.464
32 269.464
33 269.464
34 265.026
35 264.023
36 262.763
37 262.028
38 262.028
39 255.639
40 255.639
41 255.299
42 253.713
43 252.869
44 252.869
45 251.733
46 248.485
47 248.485
48 248.485
49 249.028
50 247.199
51 246.485
52 243.062
53 243.062
54 233.492
55 233.492
56 233.492
57 233.492
58 230.371
59 231.487
60 227.114
61 227.114
62 227.114
63 226.554
64 220.975
65 220.975
66 220.975
67 214.233
68 214.233
69 213.934
70 213.934
71 211.595
72 211.595
73 211.595
74 208.706
75 208.143
76 206.333
77 206.333
78 206.333
79 202.273
80 202.273
81 202.187
82 198.603
83 198.603
84 198.526
85 197.853
86 196.363
87 196.363
88 194.702
89 194.702
90 194.702
91 194.303
92 193.694
93 193.23
94 192.937
95 190.268
96 189.709
97 189.709
98 187.117
99 187.117
100 183.956
101 183.15
102 183.15
103 183.15
104 183.15
105 180.187
106 180.187
107 180.187
108 180.187
109 180.187
110 180.187
111 179.046
112 178.499
113 178.499
114 178.499
115 178.499
116 178.499
117 177.481
118 176.908
119 173.725
120 173.725
121 173.725
122 173.725
123 173.725
124 173.413
125 173.725
126 173.413
127 172.894
128 168.22
129 167.274
130 167.274
131 167.274
132 168.22
133 168.22
134 168.22
135 168.22
136 168.22
137 167.347
138 168.22
139 168.22
140 166.72
141 166.72
142 166.071
143 160.167
144 160.167
145 160.167
146 159.936
147 159.936
148 159.936
149 159.521
150 158.145
151 155.356
152 156.674
153 156.674
154 156.169
155 157.62
156 157.62
157 157.62
158 156.32
159 154.419
160 154.419
161 154.035
162 154.035
163 154.035
164 154.035
165 154.035
166 154.035
167 154.035
168 154.035
169 154.035
170 153.575
171 153.575
172 153.575
173 153.575
174 153.082
175 153.082
176 153.559
177 153.559
178 153.559
179 153.243
180 152.539
181 151.621
182 151.621
183 151.539
184 150.77
185 150.75
186 150.75
187 150.75
188 150.05
189 149.806
190 149.229
191 149.229
192 149.579
193 149.327
194 149.327
195 149.327
196 149.327
197 149.223
198 148.966
199 148.087
200 148.087
201 147.452
202 147.977
203 146.974
204 146.974
205 146.974
206 146.974
207 146.974
208 146.969
209 146.969
210 146.746
211 146.227
212 146.227
213 146.248
214 146.705
215 144.924
216 144.924
217 142.026
218 142.026
219 142.026
220 139.551
221 139.551
222 139.551
223 139.523
224 139.523
225 138.724
226 138.724
227 138.246
228 138.14
229 138.14
230 138.14
231 138.14
232 137.985
233 137.985
234 137.985
235 137.985
236 137.985
237 136.313
238 136.313
239 136.313
240 135.652
241 135.652
242 134.012
243 134.541
244 134.016
245 132.981
246 132.127
247 132.127
248 132.178
249 132.178
250 130.551
251 130.551
252 130.551
253 129.247
254 127.212
255 127.212
256 127.145
257 127.145
258 127.145
259 127.145
260 127.145
261 127.145
262 126.743
263 125.803
264 125.803
265 125.401
266 125.803
267 125.401
268 125.401
269 125.401
270 125.401
271 125.401
272 125.401
273 125.401
274 125.108
275 123.798
276 124.367
277 123.977
278 123.977
279 123.977
280 123.977
281 123.977
282 123.977
283 123.977
284 122.813
285 122.813
286 122.813
287 122.813
288 122.745
289 121.978
290 121.978
291 121.93
292 121.978
293 121.978
294 120.98
295 120.98
296 120.944
297 120.98
298 120.944
299 120.918
300 120.377
301 120.339
302 120.339
303 119.157
304 119.157
305 119.157
306 119.157
307 119.157
308 117.589
309 117.589
310 117.521
311 117.521
312 117.521
313 117.521
314 116.666
315 116.598
316 116.598
317 116.598
318 116.482
319 116.482
320 116.224
321 116.224
322 115.162
323 115.162
324 115.162
325 115.162
326 115.162
327 114.502
328 114.502
329 114.502
330 114.502
331 114.502
332 113.506
333 113.506
334 113.506
335 113.506
336 113.506
337 111.459
338 111.459
339 111.459
340 111.625
341 111.625
342 111.625
343 111.625
344 111.625
345 111.625
346 111.18
347 110.677
348 110.677
349 110.677
350 110.677
351 110.677
352 110.63
353 110.319
354 110.319
355 109.917
356 109.917
357 109.917
358 109.367
359 109.367
360 109.367
361 109.367
362 109.367
363 109.367
364 108.662
365 108.662
366 108.22
367 108.22
368 108.22
369 108.22
370 107.989
371 107.67
372 107.67
373 107.67
374 107.67
375 107.67
376 107.67
377 107.67
378 107.67
379 107.348
380 107.348
381 107.348
382 107.348
383 107.348
384 107.348
385 107.33
386 107.33
387 107.33
388 107.143
389 106.821
390 106.323
391 106.323
392 106.323
393 106.323
394 106.323
395 106.323
396 105.913
397 106.232
398 106.232
399 105.913
400 105.913
401 105.913
402 105.913
403 105.913
404 105.644
405 105.427
406 105.427
407 105.427
408 105.107
409 105.107
410 105.107
411 105.107
412 105.107
413 105.107
414 105.107
415 105.107
416 105.107
417 105.107
418 105.107
419 104.963
420 104.963
421 105.107
422 105.107
423 105.107
424 105.107
425 105.107
426 105.107
427 105.107
428 105.107
429 105.107
430 105.065
431 105.065
432 104.755
433 104.755
434 104.755
435 104.632
436 104.713
437 104.713
438 104.713
439 104.713
440 104.713
441 104.713
442 104.713
443 104.713
444 104.713
445 104.713
446 104.713
447 104.713
448 104.713
449 104.713
450 103.371
451 103.371
452 103.371
453 103.371
454 103.371
455 103.371
456 103.371
457 103.371
458 103.371
459 103.371
460 103.371
461 103.371
462 103.371
463 103.371
464 103.371
465 102.36
466 102.36
467 102.36
468 102.36
469 102.137
470 102.36
471 102.36
472 102.36
473 102.36
474 102.36
475 102.195
476 102.195
477 102.195
478 101.15
479 101.15
480 101.15
481 101.15
482 101.15
483 101.15
484 101.15
485 101.15
486 101.15
487 101.15
488 101.15
489 101.15
490 101.15
491 101.15
492 101.15
493 101.15
494 101.15
495 101.15
496 101.15
497 100.011
498 100.011
499 100.011
500 100.011
501 100.011
502 100.011
503 100.011
504 100.011
505 100.011
506 100.011
507 100.011
508 100.011
509 100.011
510 100.011
511 100.011
512 100.011
513 100.011
514 100.011
515 100.011
516 100.011
517 100.011
518 100.011
519 100.011
520 100.011
521 99.6929
522 99.6929
523 99.6929
524 99.6339
525 99.6339
526 99.6339
527 99.6339
528 99.6339
529 99.6339
530 99.6339
531 99.0025
532 99.0025
533 99.0025
534 99.0025
535 99.0025
536 99.0025
537 98.9338
538 98.9338
539 98.9338
540 98.9338
541 98.9338
542 98.9338
543 98.9338
544 98.9338
545 98.7605
546 98.7605
547 98.7605
548 98.8292
549 98.8292
550 98.8292
551 98.8292
552 98.8292
553 98.8292
554 98.8292
555 98.8292
556 97.595
557 97.595
558 97.595
559 97.595
560 97.595
561 88.9015
562 90.3905
563 90.3905
564 90.3905
565 90.3905
566 90.3905
567 90.3905
568 90.3905
569 90.3905
570 90.3905
571 90.292
572 90.292
573 90.292
574 90.292
575 90.292
576 90.292
577 90.292
578 90.1601
579 90.1601
580 90.1601
581 89.869
582 89.869
583 89.7704
584 89.4407
585 89.4407
586 89.4407
587 89.4407
588 89.4407
589 89.4407
590 89.4407
591 89.4407
592 89.4407
593 89.4407
594 89.4407
595 89.4407
596 89.4407
597 89.4407
598 89.4407
599 89.4407
600 89.4407
601 89.4407
602 89.4407
603 89.4407
604 89.4407
605 89.4407
606 89.4407
607 89.4407
608 89.4407
609 89.4407
610 89.4407
611 89.3329
612 89.3329
613 89.3329
614 89.3329
615 89.3329
616 89.3329
617 87.9765
618 87.9765
619 87.9765
620 87.9765
621 87.9765
622 87.9765
623 87.9765
624 87.9765
625 87.9765
626 87.9765
627 87.9765
628 87.9765
629 87.9765
630 87.6573
631 87.6573
632 87.496
633 87.496
634 87.496
635 87.496
636 87.496
637 87.496
638 87.496
639 87.1769
640 87.1769
641 87.1769
642 87.1769
643 86.6408
644 86.6408
645 86.6408
646 86.6408
647 86.6408
648 86.6408
649 86.6408
650 86.6408
651 86.6066
652 86.6066
653 86.6066
654 86.6066
655 86.2097
656 86.2097
657 86.2097
658 86.2097
659 86.2097
660 86.2097
661 86.2097
662 86.2097
663 86.2097
664 86.2097
665 86.1775
666 85.7746
667 85.7746
668 85.7746
669 85.7746
670 85.7746
671 85.7746
672 85.7746
673 85.7746
674 85.7746
675 85.7746
676 85.7746
677 85.7746
678 85.5719
679 85.5719
680 85.5719
681 85.5719
682 85.5719
683 85.5719
684 85.5719
685 85.5719
686 85.5719
687 85.5719
688 84.6833
689 84.417
690 84.417
691 84.417
692 84.417
693 84.417
694 84.417
695 84.417
696 84.417
697 84.1222
698 84.1222
699 84.1222
700 84.1222
701 84.1222
702 84.1222
703 84.1222
704 84.0514
705 84.0514
706 84.0514
707 84.0514
708 84.0514
709 84.0514
710 84.0514
711 84.0514
712 83.8394
713 83.0291
714 83.0291
715 83.0291
716 83.0291
717 83.0291
718 83.0291
719 83.0291
720 83.0291
721 83.0291
722 83.0291
723 83.0291
724 83.0291
725 83.0291
726 83.0291
727 83.0291
728 82.6007
729 82.6007
730 82.6007
731 82.6007
732 82.6007
733 82.6007
734 82.3097
735 82.3097
736 82.3097
737 82.3097
738 82.3097
739 82.3097
740 82.3097
741 82.3097
742 82.3097
743 82.3097
744 82.3097
745 82.3097
746 82.3097
747 82.3097
748 82.3097
749 82.3097
750 82.3097
751 82.3097
752 82.3097
753 82.3097
754 82.3097
755 82.2122
756 82.2122
757 82.2122
758 81.4521
759 81.4521
760 81.3546
761 81.3546
762 81.3546
763 81.3546
764 81.3546
765 81.3546
766 81.3546
767 81.3546
768 81.3546
769 81.3546
770 81.3546
771 81.3546
772 81.3546
773 81.3546
774 81.3546
775 81.3546
776 81.3546
777 81.3546
778 81.3546
779 81.023
780 81.023
781 81.023
782 81.023
783 81.023
784 81.023
785 81.023
786 80.1685
787 80.1685
788 81.023
789 81.023
790 81.023
791 81.023
792 81.023
793 81.023
794 81.023
795 81.023
796 81.023
797 81.023
798 81.023
799 80.8729
800 80.8729
801 80.8729
802 80.8559
803 80.8559
804 80.8559
805 80.8559
806 80.8559
807 80.8559
808 80.8559
809 80.8559
810 80.8559
811 80.8559
812 80.8559
813 80.8559
814 80.8559
815 80.8559
816 80.8559
817 80.8559
818 80.8559
819 80.8559
820 80.8559
821 80.8559
822 80.4841
823 80.4841
824 80.4841
825 80.4841
826 80.4841
827 80.3973
828 80.3973
829 80.3973
830 80.3973
831 80.3973
832 80.3973
833 80.3973
834 80.3973
835 80.3973
836 80.3973
837 80.3973
838 80.3973
839 80.3973
840 80.3973
841 80.3973
842 80.3973
843 80.3973
844 80.3973
845 80.3973
846 80.3973
847 80.3973
848 80.3973
849 80.3973
850 80.3973
851 80.3973
852 80.3973
853 80.382
854 80.382
855 80.382
856 80.3384
857 80.3384
858 80.3384
859 80.3384
860 80.3384
861 80.3384
862 80.3384
863 80.3384
864 80.3384
865 80.3384
866 80.2044
867 80.2044
868 80.2044
869 79.5407
870 79.5407
871 79.5407
872 79.3114
873 79.1719
874 79.1719
875 79.1719
876 79.1146
877 79.1146
878 78.9248
879 78.9248
880 78.9248
881 78.9248
882 78.9248
883 77.8351
884 77.8351
885 77.8351
886 77.8351
887 77.8351
888 77.8351
889 77.8351
890 77.8351
891 77.8351
892 77.8351
893 77.8351
894 77.8351
895 77.8351
896 77.8351
897 77.8351
898 77.8351
899 77.8351
900 77.8351
901 77.8351
902 77.8351
903 77.8351
904 77.8351
905 77.8351
906 77.8351
907 77.8351
908 77.8351
909 77.8351
910 77.8351
911 77.8351
912 77.6152
913 77.6152
914 77.6152
915 77.6152
916 77.6152
917 77.6152
918 77.6152
919 77.6152
920 77.6152
921 77.6152
922 77.6152
923 77.6152
924 77.6152
925 77.6152
926 77.6152
927 77.6152
928 77.6152
929 77.6152
930 77.6152
931 77.6152
932 77.6152
933 77.6152
934 77.6152
935 77.6152
936 77.5048
937 77.5048
938 77.5048
939 77.5048
940 77.5048
941 77.5048
942 77.3011
943 77.3011
944 77.3011
945 77.3011
946 77.3011
947 77.3011
948 77.3011
949 77.3011
950 77.3011
951 77.3011
952 77.3011
953 77.3011
954 77.3011
955 77.1524
956 77.1524
957 76.9506
958 76.9506
959 76.9506
960 76.9506
961 76.9506
962 76.9506
963 76.9506
964 76.9506
965 76.8521
966 76.8521
967 76.8521
968 76.8521
969 76.8521
970 76.8521
971 76.8521
972 76.8521
973 76.8521
974 76.8521
975 76.8521
976 76.8521
977 76.8521
978 76.8521
979 76.8521
980 76.8521
981 76.8521
982 76.8521
983 76.8521
984 76.8521
985 76.8521
986 76.8521
987 76.8521
988 76.8521
989 76.8521
990 76.8521
991 76.8521
992 76.8521
993 76.8521
994 76.8521
995 76.8521
996 76.8521
997 76.8521
998 76.8521
999 76.8521
1000 76.8521
1001 76.8521
1002 76.8521
1003 76.8521
1004 76.8521
1005 76.8521
1006 76.8521
1007 76.8521
1008 76.8521
1009 76.8521
1010 76.8521
1011 76.8521
1012 76.8521
1013 76.8521
1014 76.8521
1015 76.8521
1016 76.8521
1017 76.8521
1018 76.8521
1019 76.8521
1020 76.8521
1021 76.8521
1022 76.8521
1023 76.8521
1024 76.8521
1025 76.8521
1026 76.8521
1027 76.3382
1028 76.3382
1029 76.3382
1030 76.3382
1031 76.3382
1032 76.3382
1033 76.3382
1034 76.3382
1035 76.3382
1036 76.3382
1037 76.3382
1038 76.3382
1039 76.3382
1040 76.3382
1041 76.0679
1042 76.0679
1043 76.0679
1044 76.0679
1045 76.0679
1046 76.0679
1047 76.0679
1048 76.0679
1049 76.0679
1050 76.0679
1051 76.0679
1052 76.0679
1053 76.0679
1054 76.0679
1055 76.0679
1056 76.0274
1057 76.0274
1058 76.0274
1059 76.0274
1060 76.0274
1061 76.0274
1062 76.0274
1063 76.0274
1064 76.0274
1065 76.0274
1066 76.0274
1067 76.0274
1068 76.0274
1069 76.0274
1070 76.0221
1071 76.0221
1072 76.0221
1073 76.0221
1074 76.0221
1075 76.0221
1076 76.0221
1077 76.0221
1078 76.0221
1079 76.0221
1080 76.0221
1081 76.0221
1082 76.0221
1083 76.0221
1084 76.0221
1085 76.0221
1086 76.0221
1087 76.0221
1088 76.0221
1089 76.0221
1090 76.0221
1091 76.0221
1092 76.0221
1093 76.0221
1094 76.0221
1095 76.0221
1096 76.0221
1097 76.0221
1098 76.0221
1099 76.0221
1100 76.0221
1101 76.0221
1102 76.0221
1103 76.0221
1104 76.0221
1105 76.0221
1106 76.0221
1107 76.0221
1108 76.0221
1109 76.0221
1110 76.0221
1111 75.9952
1112 75.9952
1113 75.8439
1114 75.8439
1115 75.8439
1116 75.8439
1117 75.4907
1118 75.4907
1119 75.4907
1120 75.4907
1121 75.4907
1122 75.4907
1123 75.4907
1124 75.4907
1125 75.4907
1126 75.4907
1127 75.4907
1128 75.4907
1129 75.4907
1130 75.4907
1131 75.4907
1132 75.4907
1133 75.4638
1134 75.4638
1135 75.4638
1136 75.4638
1137 75.4638
1138 75.4275
1139 75.4275
1140 75.4275
1141 75.4275
1142 75.4275
1143 75.4275
1144 75.4275
1145 75.4275
1146 75.4275
1147 75.4275
1148 75.4275
1149 75.4275
1150 75.4275
1151 75.4275
1152 75.4275
1153 75.4275
1154 75.4275
1155 75.4275
1156 75.4275
1157 75.4275
1158 75.4275
1159 75.4275
1160 75.4275
1161 73.7391
1162 75.1542
1163 75.1542
1164 75.1542
1165 75.1542
1166 75.1542
1167 75.1542
1168 75.1542
1169 75.1542
1170 74.6348
1171 75.1542
1172 75.1542
1173 75.1542
1174 75.1542
1175 75.1542
1176 75.1542
1177 75.1542
1178 75.1542
1179 75.1542
1180 75.1542
1181 75.1542
1182 75.1542
1183 75.1542
1184 75.1491
1185 74.3687
1186 74.3687
1187 74.3687
1188 74.3687
1189 74.3636
1190 74.3636
1191 74.3636
1192 74.3636
1193 74.3636
1194 74.3636
1195 74.3636
1196 74.3636
1197 74.3636
1198 74.3636
1199 74.3636
1200 74.3636
1201 74.3636
1202 74.3636
1203 74.2213
1204 74.2213
1205 74.2213
1206 74.2213
1207 74.2213
1208 74.2213
1209 74.2213
1210 74.2213
1211 74.2213
1212 74.2213
1213 74.2213
1214 74.2213
1215 74.2213
1216 74.2213
1217 74.2213
1218 74.2213
1219 74.2213
1220 74.2213
1221 74.2213
1222 74.2213
1223 74.2213
1224 74.2213
1225 74.2213
1226 74.2213
1227 74.2213
1228 74.2213
1229 74.2213
1230 74.2213
1231 74.2213
1232 74.2213
1233 74.2147
1234 73.904
1235 73.904
1236 73.904
1237 73.904
1238 73.904
1239 73.904
1240 73.904
1241 73.904
1242 73.904
1243 73.904
1244 73.904
1245 73.904
1246 73.904
1247 73.904
1248 73.904
1249 73.904
1250 73.904
1251 73.904
1252 73.904
1253 73.904
1254 73.904
1255 73.904
1256 73.904
1257 73.904
1258 73.904
1259 73.904
1260 73.904
1261 73.904
1262 73.904
1263 73.904
1264 73.904
1265 73.904
1266 73.904
1267 73.904
1268 73.904
1269 73.904
1270 73.904
1271 73.904
1272 73.904
1273 73.904
1274 73.904
1275 73.904
1276 73.904
1277 73.904
1278 73.904
1279 73.904
1280 73.904
1281 73.904
1282 73.904
1283 73.904
1284 73.904
1285 73.904
1286 73.904
1287 73.904
1288 73.904
1289 73.904
1290 73.904
1291 73.904
1292 73.904
1293 73.904
1294 73.904
1295 73.904
1296 73.904
1297 73.904
1298 73.904
1299 73.904
1300 73.904
1301 73.904
1302 73.904
1303 73.904
1304 73.904
1305 73.904
1306 73.904
1307 73.904
1308 73.904
1309 73.904
1310 73.904
1311 73.904
1312 73.904
1313 73.904
1314 73.904
1315 73.904
1316 73.904
1317 73.7206
1318 73.7206
1319 73.7206
1320 73.7206
1321 73.7206
1322 73.7206
1323 73.7206
1324 73.7206
1325 73.714
1326 73.714
1327 73.714
1328 73.714
1329 73.714
1330 73.714
1331 73.714
1332 73.714
1333 73.714
1334 73.714
1335 73.714
1336 73.714
1337 73.714
1338 73.714
1339 73.714
1340 73.714
1341 73.714
1342 73.714
1343 73.714
1344 73.714
1345 73.714
1346 73.714
1347 73.714
1348 73.714
1349 73.714
1350 73.714
1351 73.714
1352 73.714
1353 73.714
1354 73.714
1355 73.714
1356 73.714
1357 73.714
1358 73.714
1359 73.714
1360 73.714
1361 73.714
1362 73.714
1363 73.714
1364 73.714
1365 73.714
1366 73.714
1367 73.714
1368 73.714
1369 73.714
1370 73.714
1371 73.714
1372 73.714
1373 73.714
1374 73.714
1375 73.714
1376 73.714
1377 73.714
1378 73.714
1379 73.714
1380 73.714
1381 73.714
1382 73.714
1383 73.714
1384 73.714
1385 73.714
1386 73.714
1387 73.714
1388 73.714
1389 73.714
1390 73.714
1391 73.714
1392 73.1482
1393 73.1482
1394 73.1482
1395 73.1482
1396 73.1482
1397 73.1482
1398 73.1482
1399 73.1482
1400 73.1482
1401 73.1482
1402 73.1482
1403 73.1482
1404 73.1482
1405 73.1482
1406 73.1482
1407 73.1482
1408 73.1482
1409 73.1482
1410 72.9858
1411 72.9858
1412 72.9858
1413 72.9677
1414 72.9677
1415 72.9677
1416 72.9677
1417 72.4141
1418 72.4141
1419 72.4141
1420 72.4141
1421 72.4141
1422 72.4141
1423 72.4141
1424 72.4141
1425 72.4141
1426 72.4141
1427 72.4141
1428 72.4141
1429 72.4141
1430 72.4141
1431 72.4141
1432 72.4141
1433 72.4141
1434 72.4141
1435 72.4141
1436 72.4141
1437 72.4141
1438 72.4141
1439 72.4141
1440 72.4141
1441 72.4141
1442 72.4141
1443 72.4141
1444 72.4141
1445 72.4141
1446 72.4141
1447 72.3782
1448 72.3782
1449 72.3782
1450 72.3782
1451 72.3782
1452 72.3782
1453 72.2316
1454 72.2316
1455 72.2316
1456 72.2316
1457 72.2316
1458 72.2316
1459 71.8734
1460 72.2316
1461 72.2316
1462 72.2316
1463 72.2316
1464 72.2316
1465 72.2316
1466 72.2316
1467 72.2316
1468 72.2316
1469 72.2316
1470 72.2316
1471 72.2316
1472 72.2316
1473 72.2316
1474 72.2316
1475 72.2316
1476 72.2316
1477 72.2316
1478 72.2316
1479 72.2316
1480 72.2316
1481 72.2316
1482 72.2316
1483 72.2316
1484 72.2316
1485 72.2316
1486 72.2316
1487 72.2316
1488 72.2316
1489 72.2316
1490 72.2316
1491 72.2316
1492 72.2316
1493 72.2316
1494 72.2316
1495 72.2316
1496 72.2316
1497 72.2316
1498 72.2316
1499 72.2316
1500 72.2316
1501 72.2316
1502 72.2316
1503 72.2316
1504 72.2316
1505 72.2316
1506 72.2316
1507 72.2316
1508 72.2316
1509 72.2316
1510 72.2316
1511 72.2316
1512 72.2316
1513 72.2316
1514 72.2316
1515 72.2316
1516 72.2316
1517 72.2316
1518 72.2316
1519 72.2316
1520 72.2316
1521 72.2316
1522 72.2316
1523 72.2316
1524 72.2316
1525 72.2316
1526 72.2316
1527 72.2316
1528 72.2316
1529 72.2316
1530 72.2316
1531 72.2316
1532 72.2316
1533 72.2316
1534 72.2316
1535 72.2316
1536 72.2316
1537 72.2316
1538 72.2316
1539 72.2316
1540 72.2316
1541 72.2316
1542 72.2316
1543 72.2316
1544 72.1173
1545 72.1173
1546 72.1173
1547 72.1173
1548 72.1173
1549 72.1173
1550 72.1173
1551 72.1173
1552 72.1173
1553 72.1173
1554 72.1173
1555 72.1173
1556 72.1173
1557 72.1173
1558 72.1173
1559 72.1173
1560 72.1173
1561 72.1173
1562 72.1173
1563 72.1173
1564 72.1173
1565 72.1173
1566 72.1173
1567 72.1173
1568 72.1173
1569 72.1173
1570 72.1173
1571 72.1173
1572 72.1173
1573 71.7118
1574 71.7118
1575 71.7118
1576 72.1173
1577 72.1173
1578 72.1173
1579 72.1173
1580 72.1173
1581 72.1173
1582 72.1173
1583 72.1173
1584 72.1173
1585 72.1173
1586 72.1173
1587 72.1173
1588 72.1173
1589 72.1173
1590 71.8211
1591 72.1173
1592 72.1173
1593 72.1173
1594 72.1173
1595 72.1173
1596 72.1173
1597 72.1173
1598 72.1173
1599 72.1173
1600 72.1173
1601 72.1173
1602 72.1173
1603 72.1173
1604 72.1173
1605 72.1173
1606 72.1173
1607 72.1173
1608 72.1173
1609 72.1173
1610 72.1173
1611 72.1173
1612 72.1173
1613 72.1173
1614 72.1173
1615 72.1173
1616 72.1173
1617 72.1173
1618 72.1173
1619 72.1173
1620 72.1173
1621 72.1173
1622 72.1173
1623 72.1173
1624 72.1173
1625 72.1173
1626 72.1173
1627 72.1173
1628 72.1173
1629 72.1173
1630 72.1173
1631 72.1173
1632 72.1173
1633 72.1173
1634 72.1173
1635 72.1173
1636 72.1173
1637 72.1173
1638 72.1173
1639 72.1173
1640 72.1173
1641 72.1173
1642 72.1173
1643 72.1173
1644 72.1173
1645 72.1173
1646 72.1173
1647 72.1173
1648 72.1173
1649 72.1173
1650 72.1173
1651 72.1173
1652 72.1173
1653 72.1173
1654 72.1173
1655 72.1173
1656 72.1173
1657 72.1173
1658 72.1173
1659 72.1173
1660 72.1173
1661 72.1173
1662 72.1173
1663 72.1173
1664 72.1173
1665 72.1173
1666 72.1173
1667 71.6433
1668 71.6433
1669 71.6433
1670 71.6433
1671 71.6433
1672 71.6433
1673 71.6433
1674 71.6433
1675 71.6433
1676 71.6433
1677 71.6433
1678 71.6433
1679 71.6433
1680 71.6433
1681 71.6433
1682 71.6433
1683 71.4182
1684 71.4182
1685 71.4182
1686 71.4182
1687 71.4182
1688 71.4182
1689 71.4182
1690 71.4182
1691 71.4182
1692 71.4182
1693 71.4182
1694 71.4182
1695 71.4182
1696 71.4182
1697 71.4182
1698 71.4182
1699 71.4182
1700 71.4182
1701 71.4182
1702 71.4182
1703 71.4182
1704 71.4182
1705 71.4182
1706 71.4182
1707 71.4182
1708 71.4182
1709 71.4182
1710 71.4182
1711 71.4182
1712 71.4182
1713 71.4182
1714 71.4182
1715 71.4182
1716 71.4182
1717 71.4182
1718 71.4182
1719 71.4182
1720 71.4182
1721 71.4182
1722 71.4182
1723 71.4182
1724 71.4182
1725 71.4182
1726 71.4182
1727 71.4182
1728 71.4182
1729 71.4182
1730 71.4182
1731 71.4182
1732 71.4182
1733 71.4182
1734 71.4182
1735 71.4182
1736 71.4182
1737 71.4182
1738 71.4182
1739 71.4182
1740 71.4182
1741 71.4182
1742 71.4182
1743 71.4182
1744 71.4182
1745 71.4182
1746 71.4182
1747 71.4182
1748 71.4182
1749 71.4182
1750 71.4182
1751 71.4182
1752 71.4182
1753 71.4182
1754 71.4182
1755 71.4182
1756 71.4182
1757 71.4182
1758 71.4182
1759 71.4182
1760 71.4182
1761 71.4182
1762 71.4182
1763 71.4182
1764 71.4182
1765 71.4182
1766 71.4182
1767 71.4182
1768 71.4182
1769 71.4182
1770 71.4182
1771 71.4182
1772 71.4182
1773 71.4182
1774 71.4182
1775 71.4182
1776 71.4182
1777 71.4182
1778 71.3822
1779 71.3822
1780 71.4182
1781 71.4182
1782 71.4182
1783 71.4182
1784 71.4182
1785 71.4182
1786 71.4182
1787 71.4182
1788 71.4182
1789 71.4182
1790 71.4182
1791 71.4182
1792 71.4182
1793 71.4182
1794 71.4182
1795 71.4182
1796 71.4182
1797 71.4182
1798 71.4182
1799 71.4182
1800 71.4182
1801 71.4182
1802 71.4182
1803 71.4182
1804 71.4182
1805 71.4182
1806 71.4182
1807 71.4182
1808 71.4182
1809 71.4182
1810 71.4182
1811 71.4182
1812 71.4182
1813 71.4182
1814 71.4182
1815 71.4182
1816 71.4182
1817 71.4182
1818 71.4182
1819 71.344
1820 71.4182
1821 71.4182
1822 71.4182
1823 71.4182
1824 71.4182
1825 71.4182
1826 71.4182
1827 71.4182
1828 71.4182
1829 71.4182
1830 71.4182
1831 71.4182
1832 71.4182
1833 71.4182
1834 71.4182
1835 71.4182
1836 71.4182
1837 71.4182
1838 71.4182
1839 71.4182
1840 71.4182
1841 71.4182
1842 71.4182
1843 71.4182
1844 71.4182
1845 71.4182
1846 71.4182
1847 71.4182
1848 71.4182
1849 71.4182
1850 71.4182
1851 71.4182
1852 71.4182
1853 71.4182
1854 71.4182
1855 71.4182
1856 71.4182
1857 71.4182
1858 71.1021
1859 71.1021
1860 71.4182
1861 71.4182
1862 71.4182
1863 71.1021
1864 71.1021
1865 71.1021
1866 71.1021
1867 71.1021
1868 71.1021
1869 71.1021
1870 71.1021
1871 71.1021
1872 71.1021
1873 71.1021
1874 71.1021
1875 71.1021
1876 71.1021
1877 71.1021
1878 71.1021
1879 71.1021
1880 71.1021
1881 71.1021
1882 71.1021
1883 71.1021
1884 71.1021
1885 71.1021
1886 71.1021
1887 71.1021
1888 71.1021
1889 71.1021
1890 71.1021
1891 71.1021
1892 71.1021
1893 71.1021
1894 71.1021
1895 71.1021
1896 71.1021
1897 71.1021
1898 71.1021
1899 71.1021
1900 71.1021
1901 71.1021
1902 71.1021
1903 71.1021
1904 71.1021
1905 71.1021
1906 71.1021
1907 71.1021
1908 71.1021
1909 71.1021
1910 71.1021
1911 71.1021
1912 71.1021
1913 71.1021
1914 71.1021
1915 71.1021
1916 71.1021
1917 71.1021
1918 71.1021
1919 71.1021
1920 71.1021
1921 71.1021
1922 71.1021
1923 71.1021
1924 71.1021
1925 71.1021
1926 71.1021
1927 71.1021
1928 71.1021
1929 71.1021
1930 71.1021
1931 71.1021
1932 70.8073
1933 70.8073
1934 70.8073
1935 70.8073
1936 70.8073
1937 70.8073
1938 70.8073
1939 70.8073
1940 70.8073
1941 70.8073
1942 70.8073
1943 70.8073
1944 70.8073
1945 70.8073
1946 70.8073
1947 70.8073
1948 70.8073
1949 70.8073
1950 70.8073
1951 70.8073
1952 70.8073
1953 70.8073
1954 70.8073
1955 70.8073
1956 70.8073
1957 70.8073
1958 70.8073
1959 70.8073
1960 70.8073
1961 70.8073
1962 70.8073
1963 70.8073
1964 70.8073
1965 70.8073
1966 70.8073
1967 70.8073
1968 70.8073
1969 70.8073
1970 70.8073
1971 70.8073
1972 70.8073
1973 70.8073
1974 70.8073
1975 70.8073
1976 70.8073
1977 70.8073
1978 70.8073
1979 70.8073
1980 70.8073
1981 70.8073
1982 70.8073
1983 70.8073
1984 70.8073
1985 70.8073
1986 70.8073
1987 70.8073
1988 70.8073
1989 70.8073
1990 70.8073
1991 70.8073
1992 70.8073
1993 70.8073
1994 70.8073
1995 70.8073
1996 70.8073
1997 70.8073
1998 70.8073
1999 70.8073
2000 70.8073
2001 70.8073
2002 70.8073
2003 70.8073
2004 70.8073
2005 70.8073
2006 70.8073
2007 70.8073
2008 70.8073
2009 70.8073
2010 70.8073
2011 70.8073
2012 70.8073
2013 70.8073
2014 70.8073
2015 70.8073
2016 70.8073
2017 70.8073
2018 70.8073
2019 70.8073
2020 70.8073
2021 70.8073
2022 70.8073
2023 70.8073
2024 70.8073
2025 70.8073
2026 70.8073
2027 70.8073
2028 70.8073
2029 70.3267
2030 70.3267
2031 70.3267
2032 70.3267
2033 70.3267
2034 70.3267
2035 70.3267
2036 70.3267
2037 70.3267
2038 70.3267
2039 70.3267
2040 70.3267
2041 70.3267
2042 70.3267
2043 70.3267
2044 70.3267
2045 70.3267
2046 70.3267
2047 70.3267
2048 70.3267
2049 70.3267
2050 70.3267
2051 70.3267
2052 70.3267
2053 70.3267
2054 70.3267
2055 70.3267
2056 70.3267
2057 70.2994
2058 70.2994
2059 70.2994
2060 70.2994
2061 70.2994
2062 70.2994
2063 70.2994
2064 70.2994
2065 70.2994
2066 70.2994
2067 70.2994
2068 70.2994
2069 70.2994
2070 70.2994
2071 70.2994
2072 70.2994
2073 70.2994
2074 70.2994
2075 70.2994
2076 70.2994
2077 70.2994
2078 70.2994
2079 70.2994
2080 70.2994
2081 70.2994
2082 70.2994
2083 70.2994
2084 70.2994
2085 70.2994
2086 70.2994
2087 70.2994
2088 70.2994
2089 70.2994
2090 70.2994
2091 70.2994
2092 70.2994
2093 70.2994
2094 70.2994
2095 70.2994
2096 70.2994
2097 70.2994
2098 70.2994
2099 70.2994
2100 70.2994
2101 70.2994
2102 70.2994
2103 70.2994
2104 70.2994
2105 70.2994
2106 70.2994
2107 70.2994
2108 70.2994
2109 70.2994
2110 70.2994
2111 70.2994
2112 70.2994
2113 70.2994
2114 70.2994
2115 70.2994
2116 70.2994
2117 70.2994
2118 70.2994
2119 70.2994
2120 69.909
2121 69.909
2122 69.909
2123 69.909
2124 69.909
2125 69.909
2126 69.909
2127 69.909
2128 69.909
2129 69.909
2130 69.909
2131 69.909
2132 69.909
2133 69.909
2134 69.909
2135 69.909
2136 69.909
2137 69.909
2138 69.909
2139 69.909
2140 69.909
2141 69.909
2142 69.909
2143 69.909
2144 69.909
2145 69.909
2146 69.909
2147 69.909
2148 69.909
2149 69.909
2150 69.909
2151 69.909
2152 69.909
2153 69.909
2154 69.909
2155 69.909
2156 69.909
2157 69.909
2158 69.909
2159 69.909
2160 69.909
2161 69.909
2162 69.909
2163 69.909
2164 69.909
2165 69.909
2166 69.909
2167 69.909
2168 69.909
2169 69.909
2170 69.909
2171 69.909
2172 69.909
2173 69.909
2174 69.909
2175 69.909
2176 69.909
2177 69.909
2178 69.909
2179 69.909
2180 69.909
2181 69.909
2182 69.909
2183 69.909
2184 69.909
2185 69.909
2186 69.909
2187 69.909
2188 69.909
2189 69.909
2190 69.909
2191 69.909
2192 69.909
2193 69.909
2194 69.909
2195 69.909
2196 69.909
2197 69.909
2198 69.909
2199 69.909
2200 69.909
2201 69.3652
2202 69.3652
2203 69.3652
2204 69.3652
2205 69.3652
2206 69.3652
2207 69.3652
2208 69.3652
2209 69.3652
2210 69.3652
2211 69.3652
2212 69.3652
2213 69.3652
2214 69.3652
2215 69.3652
2216 69.3652
2217 69.3652
2218 69.3652
2219 69.3652
2220 69.3652
2221 69.3652
2222 69.3652
2223 69.3652
2224 69.3652
2225 69.3652
2226 69.3652
2227 69.3652
2228 69.3652
2229 69.3652
2230 69.3652
2231 69.3652
2232 69.3652
2233 69.3652
2234 69.3652
2235 69.3652
2236 69.3652
2237 69.3652
2238 69.3652
2239 69.3652
2240 69.3652
2241 69.3652
2242 69.3652
2243 69.3652
2244 69.3652
2245 69.3652
2246 69.3652
2247 69.3652
2248 69.3652
2249 69.3652
2250 69.3652
2251 69.3652
2252 69.3652
2253 69.3652
2254 69.3652
2255 69.3652
2256 69.3652
2257 69.3652
2258 69.3652
2259 69.3652
2260 69.3652
2261 69.3652
2262 69.3652
2263 69.3652
2264 69.3652
2265 69.3652
2266 69.3652
2267 69.3652
2268 69.3652
2269 69.3652
2270 69.3652
2271 69.3652
2272 69.3652
2273 69.3652
2274 69.3652
2275 69.3652
2276 69.3652
2277 69.3652
2278 69.3652
2279 69.3652
2280 69.3652
2281 69.3652
2282 69.3652
2283 69.3652
2284 69.3652
2285 69.3652
2286 69.3652
2287 69.3652
2288 69.3652
2289 69.3652
2290 69.3652
2291 69.3652
2292 69.3652
2293 69.3652
2294 69.3652
2295 69.3652
2296 69.3652
2297 69.3652
2298 69.3652
2299 69.3652
2300 69.3652
2301 69.3652
2302 69.3652
2303 69.3652
2304 69.3652
2305 69.3652
2306 69.3652
2307 69.3652
2308 69.3652
2309 69.3652
2310 69.3652
2311 69.3652
2312 69.3652
2313 69.3652
2314 69.3652
2315 69.3652
2316 69.3652
2317 69.3652
2318 69.3652
2319 69.3652
2320 69.3652
2321 69.3652
2322 69.3652
2323 69.3652
2324 69.3652
2325 69.3652
2326 69.3652
2327 69.3652
2328 69.3652
2329 69.3652
2330 69.3652
2331 69.3652
2332 69.3652
2333 69.3652
2334 69.3652
2335 69.3652
2336 69.3652
2337 69.3652
2338 69.3652
2339 69.3652
2340 69.3389
2341 69.3389
2342 69.3389
2343 69.3389
2344 69.3389
2345 69.3389
2346 69.3389
2347 69.3389
2348 69.3389
2349 69.3389
2350 69.3389
2351 69.3389
2352 69.3389
2353 69.3389
2354 69.3389
2355 69.3389
2356 69.3389
2357 69.3389
2358 69.3389
2359 69.3389
2360 69.3389
2361 69.3389
2362 69.3389
2363 69.3389
2364 69.3389
2365 69.3389
2366 69.3389
2367 69.3389
2368 69.3389
2369 69.3389
2370 69.3389
2371 69.3389
2372 69.3389
2373 69.3389
2374 69.3389
2375 69.3389
2376 69.3389
2377 69.3389
2378 69.3389
2379 69.1783
2380 69.1783
2381 69.1783
2382 69.1783
2383 69.1783
2384 69.1783
2385 69.1783
2386 69.1783
2387 69.1783
2388 69.1783
2389 69.1783
2390 69.1783
2391 69.1783
2392 69.1783
2393 69.1783
2394 69.1783
2395 69.1783
2396 69.1783
2397 69.1783
2398 69.1783
2399 69.1783
2400 69.1783
2401 69.1783
2402 69.1783
2403 69.1783
2404 69.1783
2405 69.1783
2406 69.1783
2407 69.1783
2408 69.1783
2409 69.1783
2410 69.1783
2411 69.1783
2412 69.1783
2413 69.1783
2414 69.1783
2415 69.1783
2416 69.1783
2417 69.1783
2418 69.1783
2419 69.1783
2420 69.1783
2421 69.1783
2422 69.1783
2423 69.1783
2424 69.1783
2425 69.1783
2426 69.1783
2427 69.1783
2428 69.1783
2429 68.8437
2430 68.8437
2431 68.8437
2432 68.8437
2433 68.8437
2434 68.8437
2435 68.8437
2436 68.8437
2437 68.8437
2438 68.8437
2439 68.8437
2440 68.8437
2441 68.8437
2442 68.8437
2443 68.8437
2444 68.8437
2445 68.8437
2446 68.8437
2447 68.8437
2448 68.8437
2449 68.8437
2450 68.8437
2451 68.8437
2452 68.8437
2453 68.8437
2454 68.8437
2455 68.8437
2456 68.8437
2457 68.8437
2458 68.8437
2459 68.8437
2460 68.8437
2461 68.8437
2462 68.8437
2463 68.8437
2464 68.8437
2465 68.8437
2466 68.8437
2467 68.8437
2468 68.8437
2469 68.8437
2470 68.8437
2471 68.8437
2472 68.8437
2473 68.8437
2474 68.8437
2475 68.8437
2476 68.8437
2477 68.8437
2478 68.8437
2479 68.8437
2480 68.8437
2481 68.8437
2482 68.8437
2483 68.8437
2484 68.8437
2485 68.8437
2486 68.8437
2487 68.8437
2488 68.8437
2489 68.8437
2490 68.8437
2491 68.8437
2492 68.8437
2493 68.8437
2494 68.8437
2495 68.8437
2496 68.8437
2497 68.8437
2498 68.8437
2499 68.8437
2500 68.8437
2501 68.8437
2502 68.8437
2503 68.8437
2504 68.8437
2505 68.8437
2506 68.8437
2507 68.8437
2508 68.8437
2509 68.8437
2510 68.8437
2511 68.8437
2512 68.8437
2513 68.8437
2514 68.8437
2515 68.8437
2516 68.8437
2517 68.8437
2518 68.8437
2519 68.8437
2520 68.8437
2521 68.8437
2522 68.8437
2523 68.8437
2524 68.8437
2525 68.8437
2526 68.8437
2527 68.8437
2528 68.8437
2529 68.8437
2530 68.8437
2531 68.8437
2532 68.8437
2533 68.8437
2534 68.8437
2535 68.8437
2536 68.8437
2537 68.8437
2538 68.8437
2539 68.8437
2540 68.8437
2541 68.8437
2542 68.8437
2543 68.8437
2544 68.8437
2545 68.8437
2546 68.8437
2547 68.8437
2548 68.8437
2549 68.8437
2550 68.8437
2551 68.8437
2552 68.8437
2553 68.8437
2554 68.8437
2555 68.8437
2556 68.8437
2557 68.8437
2558 68.8437
2559 68.8437
2560 68.8437
2561 68.8437
2562 68.8437
2563 68.8437
2564 68.8437
2565 68.8437
2566 68.8437
2567 68.8437
2568 68.8437
2569 68.8437
2570 68.8437
2571 68.8437
2572 68.8437
2573 68.8437
2574 68.8437
2575 68.8437
2576 68.8437
2577 68.8437
2578 68.8437
2579 68.8437
2580 68.8437
2581 68.8437
2582 68.8437
2583 68.8437
2584 68.8437
2585 68.8437
2586 68.8437
2587 68.8437
2588 68.8437
2589 68.8437
2590 68.8437
2591 68.8437
2592 68.8437
2593 68.8437
2594 68.8437
2595 68.8437
2596 68.8437
2597 68.8437
2598 68.8437
2599 68.8437
2600 68.8437
2601 68.8437
2602 68.8437
2603 68.8437
2604 68.8437
2605 68.8437
2606 68.8437
2607 68.8437
2608 68.8437
2609 68.8437
2610 68.8437
2611 68.8437
2612 68.8437
2613 68.8437
2614 68.8437
2615 68.8437
2616 68.8437
2617 68.8437
2618 68.8437
2619 68.8437
2620 68.8437
2621 68.8437
2622 68.8437
2623 68.8437
2624 68.8437
2625 68.8437
2626 68.8437
2627 68.8437
2628 68.8437
2629 68.8437
2630 68.8437
2631 68.8437
2632 68.8437
2633 68.8437
2634 68.8437
2635 68.8437
2636 68.8437
2637 68.8437
2638 68.8437
2639 68.8437
2640 68.8437
2641 68.8437
2642 68.8437
2643 68.8437
2644 68.8437
2645 68.8437
2646 68.8437
2647 68.8437
2648 68.8437
2649 68.8437
2650 68.8437
2651 68.8437
2652 68.8437
2653 68.8437
2654 68.8437
2655 68.8437
2656 68.8437
2657 68.8437
2658 68.8437
2659 68.8437
2660 68.8437
2661 68.8437
2662 68.8437
2663 68.8437
2664 68.8437
2665 68.8437
2666 68.8437
2667 68.8437
2668 68.8437
2669 68.8437
2670 68.8437
2671 68.8437
2672 68.8437
2673 68.8437
2674 68.8437
2675 68.8437
2676 68.8437
2677 68.8437
2678 68.8437
2679 68.8437
2680 68.8437
2681 68.8437
2682 68.8437
2683 68.8437
2684 68.8437
2685 68.8437
2686 68.8437
2687 68.8437
2688 68.8437
2689 68.8437
2690 68.8437
2691 68.8437
2692 68.8437
2693 68.8437
2694 68.8437
2695 68.8437
2696 68.8437
2697 68.8437
2698 68.8437
2699 68.8437
2700 68.8437
2701 68.8437
2702 68.8437
2703 68.8437
2704 68.8437
2705 68.8437
2706 68.8437
2707 68.8437
2708 68.8437
2709 68.8437
2710 68.8437
2711 68.8437
2712 68.8437
2713 68.8437
2714 68.8437
2715 68.8437
2716 68.8437
2717 68.8437
2718 68.8437
2719 68.8437
2720 68.8437
2721 68.8437
2722 68.8437
2723 68.8437
2724 68.8437
2725 68.8437
2726 68.8437
2727 68.8437
2728 68.8437
2729 68.8437
2730 68.8437
2731 68.8437
2732 68.8437
2733 68.8437
2734 68.8437
2735 68.8437
2736 68.8437
2737 68.8437
2738 68.8437
2739 68.8437
2740 68.8437
2741 68.8437
2742 68.8437
2743 68.8437
2744 68.8437
2745 68.8437
2746 68.8437
2747 68.8437
2748 68.8437
2749 68.8437
2750 68.8437
2751 68.8437
2752 68.8437
2753 68.8437
2754 68.8437
2755 68.8437
2756 68.8437
2757 68.8437
2758 68.8437
2759 68.8437
2760 68.8437
2761 68.8437
2762 68.8437
2763 68.8437
2764 68.8437
2765 68.8437
2766 68.8437
2767 68.8437
2768 68.8437
2769 68.8437
2770 68.8437
2771 68.8437
2772 68.8437
2773 68.8437
2774 68.8437
2775 68.8437
2776 68.8437
2777 68.8437
2778 68.8437
2779 68.8437
2780 68.8437
2781 68.8437
2782 68.8437
2783 68.8437
2784 68.8437
2785 68.8437
2786 68.8437
2787 68.8437
2788 68.8437
2789 68.8437
2790 68.8437
2791 68.8437
2792 68.8437
2793 68.8437
2794 68.8437
2795 68.8437
2796 68.8437
2797 68.8437
2798 68.8437
2799 68.8437
2800 68.8437
2801 68.8437
2802 68.8437
2803 68.8437
2804 68.8437
2805 68.8437
2806 68.8437
2807 68.8437
2808 68.8437
2809 68.8437
2810 68.8437
2811 68.8437
2812 68.8437
2813 68.8437
2814 68.8437
2815 68.8437
2816 68.8437
2817 68.8437
2818 68.8437
2819 68.8437
2820 68.8437
2821 68.8437
2822 68.8437
2823 68.8437
2824 68.8437
2825 68.8437
2826 68.8437
2827 68.8437
2828 68.8437
2829 68.8437
2830 68.8437
2831 68.8437
2832 68.8437
2833 68.8437
2834 68.8437
2835 68.8437
2836 68.8437
2837 68.8437
2838 68.8437
2839 68.8437
2840 68.8437
2841 68.8437
2842 68.8437
2843 68.8437
2844 68.8437
2845 68.8437
2846 68.8437
2847 68.8437
2848 68.8437
2849 68.8437
2850 68.8437
2851 68.8437
2852 68.8437
2853 68.8437
2854 68.8437
2855 68.8437
2856 68.8437
2857 68.8437
2858 68.8437
2859 68.8437
2860 68.8437
2861 68.8437
2862 68.8437
2863 68.8437
2864 68.8437
2865 68.8437
2866 68.8437
2867 68.8437
2868 68.8437
2869 68.8437
2870 68.8437
2871 68.8437
2872 68.8437
2873 68.8437
2874 68.8437
2875 68.8437
2876 68.8437
2877 68.8437
2878 68.8437
2879 68.8437
2880 68.8437
2881 68.8437
2882 68.8437
2883 68.8437
2884 68.8437
2885 68.8437
2886 68.8437
2887 68.8437
2888 68.8437
2889 68.8437
2890 68.8437
2891 68.8437
2892 68.8437
2893 68.8437
2894 68.8437
2895 68.8437
2896 68.8437
2897 68.8437
2898 68.8437
2899 68.8437
2900 68.8437
2901 68.8437
2902 68.8437
2903 68.8437
2904 68.8437
2905 68.8437
2906 68.8437
2907 68.8437
2908 68.8437
2909 68.8437
2910 68.8437
2911 68.8437
2912 68.8437
2913 68.8437
2914 68.8437
2915 68.8437
2916 68.8437
2917 68.8437
2918 68.8437
2919 68.8437
2920 68.8437
2921 68.8437
2922 68.8437
2923 68.8437
2924 68.8437
2925 68.8437
2926 68.8437
2927 68.8437
2928 68.8437
2929 68.8437
2930 68.8437
2931 68.8437
2932 68.8437
2933 68.8437
2934 68.8437
2935 68.8437
2936 68.8437
2937 68.8437
2938 68.8437
2939 68.8437
2940 68.8437
2941 68.8437
2942 68.8437
2943 68.8437
2944 68.8437
2945 68.8437
2946 68.8437
2947 68.8437
2948 68.6538
2949 68.6538
2950 68.6538
2951 68.6538
2952 68.6538
2953 68.6538
2954 68.6538
2955 68.6538
2956 68.6538
2957 68.6538
2958 68.6538
2959 68.6538
2960 68.6538
2961 68.6538
2962 68.6538
2963 68.6538
2964 68.6538
2965 68.6538
2966 68.6538
2967 68.6538
2968 68.6538
2969 68.6538
2970 68.6538
2971 68.6538
2972 68.6538
2973 68.6538
2974 68.6538
2975 68.6538
2976 68.6538
2977 68.6538
2978 68.6538
2979 68.6538
2980 68.6538
2981 68.6538
2982 68.6538
2983 68.6538
2984 68.6538
2985 68.6538
2986 68.6538
2987 68.6538
2988 68.6538
2989 68.6538
2990 68.6538
2991 68.6538
2992 68.6538
2993 68.6538
2994 68.6538
2995 68.6538
2996 68.6538
2997 68.6538
2998 68.6538
2999 68.6538
3000 68.6538
3001 68.6538
3002 68.6538
3003 68.6538
3004 68.6538
3005 68.6538
3006 68.6538
3007 68.6538
3008 68.6538
3009 68.6538
3010 68.6538
3011 68.6538
3012 68.6538
3013 68.6538
3014 68.6538
3015 68.6538
3016 68.6538
3017 68.6538
3018 68.6538
3019 68.6538
3020 68.6538
3021 68.6538
3022 68.6538
3023 68.6538
3024 68.6538
3025 68.6538
3026 68.6538
3027 68.6538
3028 68.6538
3029 68.6538
3030 68.6538
3031 68.6538
3032 68.6538
3033 68.6538
3034 68.6538
3035 68.6538
3036 68.6538
3037 68.6538
3038 68.6538
3039 68.6538
3040 68.6538
3041 68.6538
3042 68.6538
3043 68.6538
3044 68.6538
3045 68.6538
3046 68.6538
3047 68.6538
3048 68.6538
3049 68.6538
3050 68.6538
3051 68.6538
3052 68.6538
3053 68.6538
3054 68.6538
3055 68.6538
3056 68.6538
3057 68.6538
3058 68.6538
3059 68.6538
3060 68.6538
3061 68.6538
3062 68.6538
3063 68.6538
3064 68.6538
3065 68.6538
3066 68.6538
3067 68.6538
3068 68.6538
3069 68.6538
3070 68.6538
3071 68.6538
3072 68.6538
3073 68.6538
3074 68.6538
3075 68.6538
3076 68.6538
3077 68.6538
3078 68.6538
3079 68.6538
3080 68.6538
3081 68.6538
3082 68.6538
3083 68.6538
3084 68.6538
3085 68.6538
3086 68.6538
3087 68.6538
3088 68.6538
3089 68.6538
3090 68.6538
3091 68.6538
3092 68.6538
3093 68.6538
3094 68.6538
3095 68.6538
3096 68.6538
3097 68.6538
3098 68.6538
3099 68.6538
3100 68.6538
3101 68.6538
3102 68.6538
3103 68.6538
3104 68.6538
3105 68.6538
3106 68.6538
3107 68.6538
3108 68.6538
3109 68.6538
3110 68.6538
3111 68.6538
3112 68.6538
3113 68.6538
3114 68.6538
3115 68.6538
3116 68.6538
3117 68.6538
3118 68.6538
3119 68.6538
3120 68.6538
3121 68.6538
3122 68.6538
3123 68.6538
3124 68.6538
3125 68.6538
3126 68.6538
3127 68.6538
3128 68.6538
3129 68.6538
3130 68.6538
3131 68.6538
3132 68.6538
3133 68.6538
3134 68.6538
3135 68.6538
3136 68.6538
3137 68.6538
3138 68.6538
3139 68.6538
3140 68.6538
3141 68.6538
3142 68.6538
3143 68.6538
3144 68.6538
3145 68.6538
3146 68.6538
3147 68.6538
3148 68.6538
3149 68.6538
3150 68.6538
3151 68.6538
3152 68.6538
3153 68.6538
3154 68.6538
3155 68.6538
3156 68.6538
3157 68.6538
3158 68.6538
3159 68.6538
3160 68.6538
3161 68.6538
3162 68.6538
3163 68.6538
3164 68.6538
3165 68.6538
3166 68.6538
3167 68.6538
3168 68.6538
3169 68.6538
3170 68.6538
3171 68.6538
3172 68.6538
3173 68.6538
3174 68.6538
3175 68.6538
3176 68.6538
3177 68.6538
3178 68.6538
3179 68.6538
3180 68.6538
3181 68.6538
3182 68.6538
3183 68.6538
3184 68.6538
3185 68.6538
3186 68.6538
3187 68.6538
3188 68.6538
3189 68.6538
3190 68.6538
3191 68.6538
3192 68.6538
3193 68.6538
3194 68.6538
3195 68.6538
3196 68.6538
3197 68.6538
3198 68.6538
3199 68.6538
3200 68.6538
3201 68.6538
3202 68.6538
3203 68.6538
3204 68.6538
3205 68.6538
3206 68.6538
3207 68.6538
3208 68.6538
3209 68.6538
3210 68.6538
3211 68.6538
3212 68.6538
3213 68.6538
3214 68.6538
3215 68.6538
3216 68.6538
3217 68.6538
3218 68.6538
3219 68.6538
3220 68.6538
3221 68.6538
3222 68.6538
3223 68.6538
3224 68.6538
3225 68.6538
3226 68.6538
3227 68.6538
3228 68.6538
3229 68.6538
3230 68.6538
3231 68.6538
3232 68.6538
3233 68.6538
3234 68.6538
3235 68.6538
3236 68.6538
3237 68.6538
3238 68.6538
3239 68.6538
3240 68.6538
3241 68.6538
3242 68.6538
3243 68.6538
3244 68.6538
3245 68.6538
3246 68.6538
3247 68.6538
3248 68.6538
3249 68.6538
3250 68.6538
3251 68.6538
3252 68.6538
3253 68.6538
3254 68.6538
3255 68.6538
3256 68.6538
3257 68.6538
3258 68.6538
3259 68.6538
3260 68.6538
3261 68.6538
3262 68.6538
3263 68.6538
3264 68.6538
3265 68.6538
3266 68.6538
3267 68.6538
3268 68.6538
3269 68.6538
3270 68.6538
3271 68.6538
3272 68.6538
3273 68.6538
3274 68.6538
3275 68.6538
3276 68.6538
3277 68.6538
3278 68.6538
3279 68.6538
3280 68.6538
3281 68.6538
3282 68.6538
3283 68.6538
3284 68.6538
3285 68.6538
3286 68.6538
3287 68.6538
3288 68.6538
3289 68.6538
3290 68.6538
3291 68.6538
3292 68.6538
3293 68.6538
3294 68.6538
3295 68.6538
3296 68.6538
3297 68.6538
3298 68.6538
3299 68.6538
3300 68.6538
3301 68.6538
3302 68.6538
3303 68.6538
3304 68.6538
3305 68.6538
3306 68.6538
3307 68.6538
3308 68.6538
3309 68.6538
3310 68.6538
3311 68.6538
3312 68.6538
3313 68.6538
3314 68.6538
3315 68.6538
3316 68.6538
3317 68.6538
3318 68.6538
3319 68.6538
3320 68.6538
3321 68.6538
3322 68.6538
3323 68.6538
3324 68.6538
3325 68.6538
3326 68.6538
3327 68.6538
3328 68.6538
3329 68.6538
3330 68.6538
3331 68.6538
3332 68.6538
3333 68.6538
3334 68.6538
3335 68.6538
3336 68.6538
3337 68.6538
3338 68.6538
3339 68.6538
3340 68.6538
3341 68.6538
3342 68.6538
3343 68.6538
3344 68.6538
3345 68.6538
3346 68.6538
3347 68.6538
3348 68.6538
3349 68.6538
3350 68.6538
3351 68.6538
3352 68.6538
3353 68.6538
3354 68.6538
3355 68.6538
3356 68.6538
3357 68.6538
3358 68.6538
3359 68.6538
3360 68.6538
3361 68.6538
3362 68.6538
3363 68.6538
3364 68.6538
3365 68.6538
3366 68.6538
3367 68.6538
3368 68.6538
3369 68.6538
3370 68.6538
3371 68.6538
3372 68.6538
3373 68.6538
3374 68.6538
3375 68.6538
3376 68.6538
3377 68.6538
3378 68.6538
3379 68.6538
3380 68.6538
3381 68.6538
3382 68.6538
3383 68.6538
3384 68.6538
3385 68.6538
3386 68.6538
3387 68.6538
3388 68.6538
3389 68.6538
3390 68.6538
3391 68.6538
3392 68.6538
3393 68.6538
3394 68.6538
3395 68.6538
3396 68.6538
3397 68.6538
3398 68.6538
3399 68.6538
3400 68.6538
3401 68.6538
3402 68.6538
3403 68.6538
3404 68.6538
3405 68.6538
3406 68.6538
3407 68.6538
3408 68.6538
3409 68.6538
3410 68.6538
3411 68.6538
3412 68.6538
3413 68.6538
3414 68.6538
3415 68.6538
3416 68.6538
3417 68.6538
3418 68.6538
3419 68.6538
3420 68.6538
3421 68.6538
3422 68.6538
3423 68.6538
3424 68.6538
3425 68.6538
3426 68.6538
3427 68.6538
3428 68.6538
3429 68.6538
3430 68.6538
3431 68.6538
3432 68.6538
3433 68.6538
3434 68.6538
3435 68.6538
3436 68.6538
3437 68.6538
3438 68.6538
3439 68.6538
3440 68.6538
3441 68.6538
3442 68.6538
3443 68.6538
3444 68.6538
3445 68.6538
3446 68.6538
3447 68.6538
3448 68.6538
3449 68.6538
3450 68.6538
3451 68.6538
3452 68.6538
3453 68.6538
3454 68.6538
3455 68.6538
3456 68.6538
3457 68.6538
3458 68.6538
3459 68.6538
3460 68.6538
3461 68.6538
3462 68.6538
3463 68.6538
3464 68.6538
3465 68.6538
3466 68.6538
3467 68.6538
3468 68.6538
3469 68.6538
3470 68.6538
3471 68.6538
3472 68.6538
3473 68.6538
3474 68.6538
3475 68.6538
3476 68.6538
3477 68.6538
3478 68.6538
3479 68.6538
3480 68.6538
3481 68.6538
3482 68.6538
3483 68.6538
3484 68.6538
3485 68.6538
3486 68.6538
3487 68.6538
3488 68.6538
3489 68.6538
3490 68.6538
3491 68.6538
3492 68.6538
3493 68.6538
3494 68.6538
3495 68.6538
3496 68.6538
3497 68.6538
3498 68.6538
3499 68.6538
3500 68.6538
3501 68.6538
3502 68.6538
3503 68.6538
3504 68.6538
3505 68.6538
3506 68.6538
3507 68.6538
3508 68.6538
3509 68.6538
3510 68.6538
3511 68.6538
3512 68.6538
3513 68.6538
3514 68.6538
3515 68.6538
3516 68.6538
3517 68.6538
3518 68.6538
3519 68.6538
3520 68.6538
3521 68.6538
3522 68.6538
3523 68.6538
3524 68.6538
3525 68.6538
3526 68.6538
3527 68.6538
3528 68.6538
3529 68.6538
3530 68.6538
3531 68.6538
3532 68.6538
3533 68.6538
3534 68.6538
3535 68.6538
3536 68.6538
3537 68.6538
3538 68.6538
3539 68.6538
3540 68.6538
3541 68.6538
3542 68.6538
3543 68.6538
3544 68.6538
3545 68.6538
3546 68.6538
3547 68.6538
3548 68.6538
3549 68.6538
3550 68.6538
3551 68.6538
3552 68.6538
3553 68.6538
3554 68.6538
3555 68.6538
3556 68.6538
3557 68.6538
3558 68.6538
3559 68.6538
3560 68.6538
3561 68.6538
3562 68.6538
3563 68.6538
3564 68.6538
3565 68.6538
3566 68.6538
3567 68.6538
3568 68.6538
3569 68.6538
3570 68.6538
3571 68.6538
3572 68.6538
3573 68.6538
3574 68.6538
3575 68.6538
3576 68.6538
3577 68.6538
3578 68.6538
3579 68.6538
3580 68.6538
3581 68.6538
3582 68.6538
3583 68.6538
3584 68.6538
3585 68.6538
3586 68.6538
3587 68.6538
3588 68.6538
3589 68.6538
3590 68.6538
3591 68.6538
3592 68.6538
3593 68.6538
3594 68.6538
3595 68.6538
3596 68.6538
3597 68.6538
3598 68.6538
3599 68.6538
3600 68.6538
3601 68.6538
3602 68.6538
3603 68.6538
3604 68.6538
3605 68.6538
3606 68.6538
3607 68.6538
3608 68.6538
3609 68.6538
3610 68.6538
3611 68.6538
3612 68.6538
3613 68.6538
3614 68.6538
3615 68.6538
3616 68.6538
3617 68.6538
3618 68.6538
3619 68.6538
3620 68.6538
3621 68.6538
3622 68.6538
3623 68.6538
3624 68.6538
3625 68.6538
3626 68.6538
3627 68.6538
3628 68.6538
3629 68.6538
3630 68.6538
3631 68.6538
3632 68.6538
3633 68.6538
3634 68.6538
3635 68.6538
3636 68.6538
3637 68.6538
3638 68.6538
3639 68.6538
3640 68.6538
3641 68.6538
3642 68.6538
3643 68.6538
3644 68.6538
3645 68.6538
3646 68.6538
3647 68.6538
3648 68.6538
3649 68.6538
3650 68.6538
3651 68.6538
3652 68.6538
3653 68.6538
3654 68.6538
3655 68.6538
3656 68.6538
3657 68.6538
3658 68.6538
3659 68.6538
3660 68.6538
3661 68.6538
3662 68.6538
3663 68.6538
3664 68.6538
3665 68.6538
3666 68.6538
3667 68.6538
3668 68.6538
3669 68.6538
3670 68.6538
3671 68.6538
3672 68.6538
3673 68.6538
3674 68.6538
3675 68.6538
3676 68.6538
3677 68.6538
3678 68.6538
3679 68.6538
3680 68.6538
3681 68.6538
3682 68.6538
3683 68.6538
3684 68.6538
3685 68.6538
3686 68.6538
3687 68.6538
3688 68.6538
3689 68.6538
3690 68.6538
3691 68.6538
3692 68.6538
3693 68.6538
3694 68.6538
3695 68.6538
3696 68.6538
3697 68.6538
3698 68.6538
3699 68.6538
3700 68.6538
3701 68.6538
3702 68.6538
3703 68.6538
3704 68.6538
3705 68.6538
3706 68.6538
3707 68.6538
3708 68.6538
3709 68.6538
3710 68.6538
3711 68.6538
3712 68.6538
3713 68.6538
3714 68.6538
3715 68.6538
3716 68.6538
3717 68.6538
3718 68.6538
3719 68.6538
3720 68.6538
3721 68.6538
3722 68.6538
3723 68.6538
3724 68.6538
3725 68.6538
3726 68.6538
3727 68.6538
3728 68.6538
3729 68.6538
3730 68.6538
3731 68.6538
3732 68.6538
3733 68.6538
3734 68.6538
3735 68.6538
3736 68.6538
3737 68.6538
3738 68.6538
3739 68.6538
3740 68.6538
3741 68.6538
3742 68.6538
3743 68.6538
3744 68.6538
3745 68.6538
3746 68.6538
3747 68.6538
3748 68.6538
3749 68.6538
3750 68.6538
3751 68.6538
3752 68.6538
3753 68.6538
3754 68.6538
3755 68.6538
3756 68.6538
3757 68.6538
3758 68.6538
3759 68.6538
3760 68.6538
3761 68.6538
3762 68.6538
3763 68.6538
3764 68.6538
3765 68.6538
3766 68.6538
3767 68.6538
3768 68.6538
3769 68.6538
3770 68.6538
3771 68.6538
3772 68.6538
3773 68.6538
3774 68.6538
3775 68.6538
3776 68.6538
3777 68.6538
3778 68.6538
3779 68.6538
3780 68.6538
3781 68.6538
3782 68.6538
3783 68.6538
3784 68.6538
3785 68.6538
3786 68.6538
3787 68.6538
3788 68.6538
3789 68.6538
3790 68.6538
3791 68.6538
3792 68.6538
3793 68.6538
3794 68.6538
3795 68.6538
3796 68.6538
3797 68.6538
3798 68.6538
3799 68.6538
3800 68.6538
3801 68.6538
3802 68.6538
3803 68.6538
3804 68.6538
3805 68.6538
3806 68.6538
3807 68.6538
3808 68.6538
3809 68.6538
3810 68.6538
3811 68.6538
3812 68.6538
3813 68.6538
3814 68.6538
3815 68.6538
3816 68.6538
3817 68.6538
3818 68.6538
3819 68.6538
3820 68.6538
3821 68.6538
3822 68.6538
3823 68.6538
3824 68.6538
3825 68.6538
3826 68.6538
3827 68.6538
3828 68.6538
3829 68.6538
3830 68.6538
3831 68.6538
3832 68.6538
3833 68.6538
3834 68.6538
3835 68.6538
3836 68.6538
3837 68.6538
3838 68.6538
3839 68.6538
3840 68.6538
3841 68.6538
3842 68.6538
3843 68.6538
3844 68.6538
3845 68.6538
3846 68.6538
3847 68.6538
3848 68.6538
3849 68.6538
3850 68.6538
3851 68.6538
3852 68.6538
3853 68.6538
3854 68.6538
3855 68.6538
3856 68.6538
3857 68.6538
3858 68.6538
3859 68.6538
3860 68.6538
3861 68.6538
3862 68.6538
3863 68.6538
3864 68.6538
3865 68.6538
3866 68.6538
3867 68.6538
3868 68.6538
3869 68.6538
3870 68.6538
3871 68.6538
3872 68.6538
3873 68.6538
3874 68.6538
3875 68.6538
3876 68.6538
3877 68.6538
3878 68.6538
3879 68.6538
3880 68.6538
3881 68.6538
3882 68.6538
3883 68.6538
3884 68.6538
3885 68.6538
3886 68.6538
3887 68.6538
3888 68.6538
3889 68.6538
3890 68.6538
3891 68.6538
3892 68.6538
3893 68.6538
3894 68.6538
3895 68.6538
3896 68.6538
3897 68.6538
3898 68.6538
3899 68.6538
3900 68.6538
3901 68.6538
3902 68.6538
3903 68.6538
3904 68.6538
3905 68.6538
3906 68.6538
3907 68.6538
3908 68.6538
3909 68.6538
3910 68.6538
3911 68.6538
3912 68.6538
3913 68.6538
3914 68.6538
3915 68.6538
3916 68.6538
3917 68.6538
3918 68.6538
3919 68.6538
3920 68.6538
3921 68.6538
3922 68.6538
3923 68.6538
3924 68.6538
3925 68.6538
3926 68.6538
3927 68.6538
3928 68.6538
3929 68.6538
3930 68.6538
3931 68.6538
3932 68.6538
3933 68.6538
3934 68.6538
3935 68.6538
3936 68.6538
3937 68.6538
3938 68.6538
3939 68.6538
3940 68.6538
3941 68.6538
3942 68.6538
3943 68.6538
3944 68.6538
3945 68.6538
3946 68.6538
3947 68.6538
3948 68.6538
3949 68.6538
3950 68.6538
3951 68.6538
3952 68.6538
3953 68.6538
3954 68.6538
3955 68.6538
3956 68.6538
3957 68.6538
3958 68.6538
3959 68.6538
3960 68.6538
3961 68.6538
3962 68.6538
3963 68.6538
3964 68.6538
3965 68.6538
3966 68.6538
3967 68.6538
3968 68.6538
3969 68.6538
3970 68.6538
3971 68.6538
3972 68.6538
3973 68.6538
3974 68.6538
3975 68.6538
3976 68.6538
3977 68.6538
3978 68.6538
3979 68.6538
3980 68.6538
3981 68.6538
3982 68.6538
3983 68.6538
3984 68.6538
3985 68.6538
3986 68.6538
3987 68.6538
3988 68.6538
3989 68.6538
3990 68.6538
3991 68.6538
3992 68.6538
3993 68.6538
3994 68.6538
3995 68.6538
3996 68.6538
3997 68.6538
3998 68.6538
3999 68.6538
4000 68.6538
4001 68.6538
4002 68.6538
4003 68.6538
4004 68.6538
4005 68.6538
4006 68.6538
4007 68.6538
4008 68.6538
4009 68.6538
4010 68.6538
4011 68.6538
4012 68.6538
4013 68.6538
4014 68.6538
4015 68.6538
4016 68.6538
4017 68.6538
4018 68.6538
4019 68.6538
4020 68.6538
4021 68.6538
4022 68.6538
4023 68.6538
4024 68.6538
4025 68.6538
4026 68.6538
4027 68.6538
4028 68.6538
4029 68.6538
4030 68.6538
4031 68.6538
4032 68.6538
4033 68.6538
4034 68.6538
4035 68.6538
4036 68.6538
4037 68.6538
4038 68.6538
4039 68.6538
4040 68.6538
4041 68.6538
4042 68.6538
4043 68.6538
4044 68.6538
4045 68.6538
4046 68.6538
4047 68.6538
4048 68.6538
4049 68.6538
4050 68.6538
4051 68.6538
4052 68.6538
4053 68.6538
4054 68.6538
4055 68.6538
4056 68.6538
4057 68.6538
4058 68.6538
4059 68.6538
4060 68.6538
4061 68.6538
4062 68.6538
4063 68.6538
4064 68.6538
4065 68.6538
4066 68.6538
4067 68.6538
4068 68.6538
4069 68.6538
4070 68.6538
4071 68.6538
4072 68.6538
4073 68.6538
4074 68.6538
4075 68.6538
4076 68.6538
4077 68.6538
4078 68.6538
4079 68.6538
4080 68.6538
4081 68.6538
4082 68.6538
4083 68.6538
4084 68.6538
4085 68.6538
4086 68.6538
4087 68.6538
4088 68.6538
4089 68.6538
4090 68.6538
4091 68.6538
4092 68.6538
4093 68.6538
4094 68.6538
4095 68.6538
4096 68.6538
4097 68.6538
4098 68.6538
4099 68.6538
4100 68.6538
4101 68.6538
4102 68.6538
4103 68.6538
4104 68.6538
4105 68.6538
4106 68.6538
4107 68.6538
4108 68.6538
4109 68.6538
4110 68.6538
4111 68.6538
4112 68.6538
4113 68.6538
4114 68.6538
4115 68.6538
4116 68.6538
4117 68.6538
4118 68.6538
4119 68.6538
4120 68.6538
4121 68.6538
4122 68.6538
4123 68.6538
4124 68.6538
4125 68.6538
4126 68.6538
4127 68.6538
4128 68.6538
4129 68.6538
4130 68.6538
4131 68.6538
4132 68.6538
4133 68.6538
4134 68.6538
4135 68.6538
4136 68.6538
4137 68.6538
4138 68.6538
4139 68.6538
4140 68.6538
4141 68.6538
4142 68.6538
4143 68.6538
4144 68.6538
4145 68.6538
4146 68.6538
4147 68.6538
4148 68.6538
4149 68.6538
4150 68.6538
4151 68.6538
4152 68.6538
4153 68.6538
4154 68.6538
4155 68.6538
4156 68.6538
4157 68.6538
4158 68.6538
4159 68.6538
4160 68.6538
4161 68.6538
4162 68.6538
4163 68.6538
4164 68.6538
4165 68.6538
4166 68.6538
4167 68.6538
4168 68.6538
4169 68.6538
4170 68.6538
4171 68.6538
4172 68.6538
4173 68.6538
4174 68.6538
4175 68.6538
4176 68.6538
4177 68.6538
4178 68.6538
4179 68.6538
4180 68.6538
4181 68.6538
4182 68.6538
4183 68.6538
4184 68.6538
4185 68.6538
4186 68.6538
4187 68.6538
4188 68.6538
4189 68.6538
4190 68.6538
4191 68.6538
4192 68.6538
4193 68.6538
4194 68.6538
4195 68.6538
4196 68.6538
4197 68.6538
4198 68.6538
4199 68.6538
4200 68.6538
4201 68.6538
4202 68.6538
4203 68.6538
4204 68.6538
4205 68.6538
4206 68.6538
4207 68.6538
4208 68.6538
4209 68.6538
4210 68.6538
4211 68.6538
4212 68.6538
4213 68.6538
4214 68.6538
4215 68.6538
4216 68.6538
4217 68.6538
4218 68.6538
4219 68.6538
4220 68.6538
4221 68.6538
4222 68.6538
4223 68.6538
4224 68.6538
4225 68.6538
4226 68.6538
4227 68.6538
4228 68.6538
4229 68.6538
4230 68.6538
4231 68.6538
4232 68.6538
4233 68.6538
4234 68.6538
4235 68.6538
4236 68.6538
4237 68.6538
4238 68.6538
4239 68.6538
4240 68.6538
4241 68.6538
4242 68.6538
4243 68.6538
4244 68.6538
4245 68.6538
4246 68.6538
4247 68.6538
4248 68.6538
4249 68.6538
4250 68.6538
4251 68.6538
4252 68.6538
4253 68.6538
4254 68.6538
4255 68.6538
4256 68.6538
4257 68.6538
4258 68.6538
4259 68.6538
4260 68.6538
4261 68.6538
4262 68.6538
4263 68.6538
4264 68.6538
4265 68.6538
4266 68.6538
4267 68.6538
4268 68.6538
4269 68.6538
4270 68.6538
4271 68.6538
4272 68.6538
4273 68.6538
4274 68.6538
4275 68.6538
4276 68.6538
4277 68.6538
4278 68.6538
4279 68.6538
4280 68.6538
4281 68.6538
4282 68.6538
4283 68.6538
4284 68.6538
4285 68.6538
4286 68.6538
4287 68.6538
4288 68.6538
4289 68.6538
4290 68.6538
4291 68.6538
4292 68.6538
4293 68.6538
4294 68.6538
4295 68.6538
4296 68.6538
4297 68.6538
4298 68.6538
4299 68.6538
4300 68.6538
4301 68.6538
4302 68.6538
4303 68.6538
4304 68.6538
4305 68.6538
4306 68.6538
4307 68.6538
4308 68.6538
4309 68.6538
4310 68.6538
4311 68.6538
4312 68.6538
4313 68.6538
4314 68.6538
4315 68.6538
4316 68.6538
4317 68.6538
4318 68.6538
4319 68.6538
4320 68.6538
4321 68.6538
4322 68.6538
4323 68.6538
4324 68.6538
4325 68.6538
4326 68.6538
4327 68.6538
4328 68.6538
4329 68.6538
4330 68.6538
4331 68.6538
4332 68.6538
4333 68.6538
4334 68.6538
4335 68.6538
4336 68.6538
4337 68.6538
4338 68.6538
4339 68.6538
4340 68.6538
4341 68.6538
4342 68.6538
4343 68.6538
4344 68.6538
4345 68.6538
4346 68.6538
4347 68.6538
4348 68.6538
4349 68.6538
4350 68.6538
4351 68.6538
4352 68.6538
4353 68.6538
4354 68.6538
4355 68.6538
4356 68.6538
4357 68.6538
4358 68.6538
4359 68.6538
4360 68.6538
4361 68.6538
4362 68.6538
4363 68.6538
4364 68.6538
4365 68.6538
4366 68.6538
4367 68.6538
4368 68.6538
4369 68.6538
4370 68.6538
4371 68.6538
4372 68.6538
4373 68.6538
4374 68.6538
4375 68.6538
4376 68.6538
4377 68.6538
4378 68.6538
4379 68.6538
4380 68.6538
4381 68.6538
4382 68.6538
4383 68.6538
4384 68.6538
4385 68.6538
4386 68.6538
4387 68.6538
4388 68.6538
4389 68.6538
4390 68.6538
4391 68.6538
4392 68.6538
4393 68.6538
4394 68.6538
4395 68.6538
4396 68.6538
4397 68.6538
4398 68.6538
4399 68.6538
4400 68.6538
4401 68.6538
4402 68.6538
4403 68.6538
4404 68.6538
4405 68.6538
4406 68.6538
4407 68.6538
4408 68.6538
4409 68.6538
4410 68.6538
4411 68.6538
4412 68.6538
4413 68.6538
4414 68.6538
4415 68.6538
4416 68.6538
4417 68.6538
4418 68.6538
4419 68.6538
4420 68.6538
4421 68.6538
4422 68.6538
4423 68.6538
4424 68.6538
4425 68.6538
4426 68.6538
4427 68.6538
4428 68.6538
4429 68.6538
4430 68.6538
4431 68.6538
4432 68.6538
4433 68.6538
4434 68.6538
4435 68.6538
4436 68.6538
4437 68.6538
4438 68.6538
4439 68.6538
4440 68.6538
4441 68.6538
4442 68.6538
4443 68.6538
4444 68.6538
4445 68.6538
4446 68.6538
4447 68.6538
4448 68.6538
4449 68.6538
4450 68.6538
4451 68.6538
4452 68.6538
4453 68.6538
4454 68.6538
4455 68.6538
4456 68.6538
4457 68.6538
4458 68.6538
4459 68.6538
4460 68.6538
4461 68.6538
4462 68.6538
4463 68.6538
4464 68.6538
4465 68.6538
4466 68.6538
4467 68.6538
4468 68.6538
4469 68.6538
4470 68.6538
4471 68.6538
4472 68.6538
4473 68.6538
4474 68.6538
4475 68.6538
4476 68.6538
4477 68.6538
4478 68.6538
4479 68.6538
4480 68.6538
4481 68.6538
4482 68.6538
4483 68.6325
4484 68.6325
4485 68.6325
4486 68.6325
4487 67.8907
4488 67.8907
4489 67.8907
4490 67.8907
4491 67.8907
4492 67.8907
4493 67.8907
4494 67.8907
4495 67.8907
4496 67.8907
4497 67.8907
4498 67.8907
4499 67.8907
4500 67.8907
4501 67.8907
4502 67.8907
4503 67.8907
4504 67.8907
4505 67.8907
4506 67.8907
4507 67.8907
4508 67.8907
4509 67.8907
4510 67.8907
4511 67.8907
4512 67.8907
4513 67.8907
4514 67.8907
4515 67.8907
4516 67.8907
4517 67.8907
4518 67.8907
4519 67.8907
4520 67.8907
4521 67.5621
4522 67.5621
4523 67.5621
4524 67.5621
4525 67.5621
4526 67.5621
4527 67.5621
4528 67.5621
4529 67.5621
4530 67.5621
4531 67.5621
4532 67.5621
4533 67.5621
4534 67.5621
4535 67.5621
4536 67.5621
4537 67.5621
4538 67.5621
4539 67.5621
4540 67.5621
4541 67.5621
4542 67.5621
4543 67.5621
4544 67.5621
4545 67.5621
4546 67.5621
4547 67.5621
4548 67.5621
4549 67.5621
4550 67.5621
4551 67.5621
4552 67.5621
4553 67.5621
4554 67.5621
4555 67.5621
4556 67.5621
4557 67.5621
4558 67.5621
4559 67.5621
4560 67.5621
4561 67.5621
4562 67.5621
4563 67.5621
4564 67.5621
4565 67.5621
4566 67.5621
4567 67.5621
4568 67.5621
4569 67.5621
4570 67.5621
4571 67.5621
4572 67.5621
4573 67.5621
4574 67.5621
4575 67.5621
4576 67.5621
4577 67.5621
4578 67.5621
4579 67.5621
4580 67.5621
4581 67.5621
4582 67.5621
4583 67.5621
4584 67.5621
4585 67.5621
4586 67.5621
4587 67.5621
4588 67.5621
4589 67.5621
4590 67.5621
4591 67.5621
4592 67.5621
4593 67.5621
4594 67.5621
4595 67.5621
4596 67.5621
4597 67.5621
4598 67.5621
4599 67.5621
4600 67.5621
4601 67.5621
4602 67.5621
4603 67.5621
4604 67.5621
4605 67.5621
4606 67.5621
4607 67.5621
4608 67.5621
4609 67.5621
4610 67.5621
4611 67.5621
4612 67.5621
4613 67.5621
4614 67.5621
4615 67.5621
4616 67.5621
4617 67.5621
4618 67.5621
4619 67.5621
4620 67.5621
4621 67.5621
4622 67.5621
4623 67.5621
4624 67.5621
4625 67.5621
4626 67.5621
4627 67.5621
4628 67.5621
4629 67.5621
4630 67.5621
4631 67.5621
4632 67.5621
4633 67.5621
4634 67.5621
4635 67.5621
4636 67.5621
4637 67.5621
4638 67.5621
4639 67.5621
4640 67.5621
4641 67.5621
4642 67.5621
4643 67.5621
4644 67.5621
4645 67.5621
4646 67.5621
4647 67.5621
4648 67.5621
4649 67.5621
4650 67.5621
4651 67.5621
4652 67.5621
4653 67.5621
4654 67.5621
4655 67.5621
4656 67.5621
4657 67.5621
4658 67.5621
4659 67.5621
4660 67.5621
4661 67.5621
4662 67.5621
4663 67.5621
4664 67.5621
4665 67.5621
4666 67.5621
4667 67.5621
4668 67.5621
4669 67.5621
4670 67.5621
4671 67.5621
4672 67.5621
4673 67.5621
4674 67.5621
4675 67.5621
4676 67.5621
4677 67.5621
4678 67.5621
4679 67.5621
4680 67.5621
4681 67.5621
4682 67.5621
4683 67.5621
4684 67.5621
4685 67.5621
4686 67.5621
4687 67.5621
4688 67.5621
4689 67.5621
4690 67.5621
4691 67.5621
4692 67.5621
4693 67.5621
4694 67.5621
4695 67.5621
4696 67.5621
4697 67.5621
4698 67.5621
4699 67.5621
4700 67.5621
4701 67.5621
4702 67.5621
4703 67.5621
4704 67.5621
4705 67.5621
4706 67.5621
4707 67.5621
4708 67.5621
4709 67.5621
4710 67.5621
4711 67.5621
4712 67.5621
4713 67.5621
4714 67.5621
4715 67.5621
4716 67.5621
4717 67.5621
4718 67.5621
4719 67.5621
4720 67.5621
4721 67.5621
4722 67.5621
4723 67.5621
4724 67.5621
4725 67.5621
4726 67.5621
4727 67.5621
4728 67.5621
4729 67.5621
4730 67.5621
4731 67.5621
4732 67.5621
4733 67.5621
4734 67.5621
4735 67.5621
4736 67.5621
4737 67.5621
4738 67.5621
4739 67.5621
4740 67.5621
4741 67.5621
4742 67.5621
4743 67.5621
4744 67.5621
4745 67.5621
4746 67.5621
4747 67.5621
4748 67.5621
4749 67.5621
4750 67.5621
4751 67.5621
4752 67.5621
4753 67.5621
4754 67.5621
4755 67.5621
4756 67.5621
4757 67.5621
4758 67.5621
4759 67.5621
4760 67.5621
4761 67.5621
4762 67.5621
4763 67.5621
4764 67.5621
4765 67.5621
4766 67.5621
4767 67.5621
4768 67.5621
4769 67.5621
4770 67.5621
4771 67.5621
4772 67.5621
4773 67.5621
4774 67.5621
4775 67.5621
4776 67.5621
4777 67.5621
4778 67.5621
4779 67.5621
4780 67.5621
4781 67.5621
4782 67.5621
4783 67.5621
4784 67.5621
4785 67.5621
4786 67.5621
4787 67.5621
4788 67.5621
4789 67.5621
4790 67.5621
4791 67.5621
4792 67.5621
4793 67.5621
4794 67.5621
4795 67.5621
4796 67.5621
4797 67.5621
4798 67.5621
4799 67.5621
4800 67.5621
4801 67.5621
4802 67.5621
4803 67.5621
4804 67.5621
4805 67.5621
4806 67.5621
4807 67.5621
4808 67.5621
4809 67.5621
4810 67.5621
4811 67.5621
4812 67.5621
4813 67.5621
4814 67.5621
4815 67.5621
4816 67.5621
4817 67.5621
4818 67.5621
4819 67.5621
4820 67.5621
4821 67.3998
4822 67.3998
4823 67.3998
4824 67.3998
4825 67.3998
4826 67.3998
4827 67.3998
4828 67.3998
4829 67.3998
4830 67.3998
4831 67.3998
4832 67.3998
4833 67.3998
4834 67.3998
4835 67.3998
4836 67.3998
4837 67.3998
4838 67.3998
4839 67.3998
4840 67.3998
4841 67.3998
4842 67.3998
4843 67.3998
4844 67.3998
4845 67.3998
4846 67.3998
4847 67.3998
4848 67.3998
4849 67.3998
4850 67.3998
4851 67.3998
4852 67.3998
4853 67.3998
4854 67.3998
4855 67.3998
4856 67.3998
4857 67.3998
4858 67.3998
4859 67.3998
4860 67.3998
4861 67.3998
4862 67.3998
4863 67.3998
4864 67.3998
4865 67.3998
4866 67.3998
4867 67.3998
4868 67.3998
4869 67.3998
4870 67.3998
4871 67.3998
4872 67.3998
4873 67.3998
4874 67.3998
4875 67.3998
4876 67.3998
4877 67.3998
4878 67.3998
4879 67.3998
4880 67.3998
4881 67.3998
4882 67.3998
4883 67.3998
4884 67.3998
4885 67.3998
4886 67.3998
4887 67.3998
4888 67.3998
4889 67.3998
4890 67.3998
4891 67.3998
4892 67.3998
4893 67.3998
4894 67.3998
4895 67.3998
4896 67.3998
4897 67.3998
4898 67.3998
4899 67.3998
4900 67.3998
4901 67.3998
4902 67.3998
4903 67.3998
4904 67.3998
4905 67.3998
4906 67.3998
4907 67.3998
4908 67.3998
4909 67.3998
4910 67.3998
4911 67.3998
4912 67.3998
4913 67.3998
4914 67.3998
4915 67.3998
4916 67.3998
4917 67.3998
4918 67.3998
4919 67.3998
4920 67.3998
4921 67.3998
4922 67.3998
4923 67.3998
4924 67.3998
4925 67.3998
4926 67.3998
4927 67.3998
4928 67.3998
4929 67.3998
4930 67.3998
4931 67.3998
4932 67.3998
4933 67.3998
4934 67.3998
4935 67.3998
4936 67.3998
4937 67.3998
4938 67.3998
4939 67.3998
4940 67.3998
4941 67.3998
4942 67.3998
4943 67.3998
4944 67.3998
4945 67.3998
4946 67.3998
4947 67.3998
4948 67.3998
4949 67.3998
4950 67.3998
4951 67.3998
4952 67.3998
4953 67.3998
4954 67.3998
4955 67.3998
4956 67.3998
4957 67.3998
4958 67.3998
4959 67.3998
4960 67.3998
4961 67.3998
4962 67.3998
4963 67.3998
4964 67.3998
4965 67.3998
4966 67.3998
4967 67.3998
4968 67.3998
4969 67.3998
4970 67.3998
4971 67.3998
4972 67.3998
4973 67.3998
4974 67.3998
4975 67.3998
4976 67.3998
4977 67.3998
4978 67.3998
4979 67.3998
4980 67.3998
4981 67.3998
4982 67.3998
4983 67.3998
4984 67.3998
4985 67.3998
4986 67.3998
4987 67.3998
4988 67.3998
4989 67.3998
4990 67.3998
4991 67.3998
4992 67.3998
4993 67.3998
4994 67.3998
4995 67.3998
4996 67.3998
4997 67.3998
4998 67.3998
4999 67.3998
5000 67.3998
5001 67.3418
5002 67.3418
5003 67.3998
5004 67.3418
5005 67.3418
5006 67.3418
5007 67.3418
5008 67.3418
5009 67.3418
5010 67.3418
5011 67.3418
5012 67.3418
5013 67.3418
5014 67.3418
5015 67.3418
5016 67.3418
5017 67.3418
5018 67.3418
5019 67.3418
5020 67.3418
5021 67.3418
5022 67.3418
5023 67.3418
5024 67.3418
5025 67.3418
5026 67.3418
5027 67.3418
5028 67.3418
5029 67.3418
5030 67.3418
5031 67.3418
5032 67.3418
5033 67.3418
5034 67.3418
5035 67.3418
5036 67.3418
5037 67.3418
5038 67.3418
5039 67.3418
5040 67.3418
5041 67.3418
5042 67.3418
5043 67.3418
5044 67.3418
5045 67.3418
5046 67.3418
5047 67.3418
5048 67.3418
5049 67.3418
5050 67.3418
5051 67.3418
5052 67.3418
5053 67.3418
5054 67.3418
5055 67.3418
5056 67.3418
5057 67.3418
5058 67.3418
5059 67.3418
5060 67.3418
5061 67.3418
5062 67.3418
5063 67.3418
5064 67.3418
5065 67.3418
5066 67.3418
5067 67.3418
5068 67.3418
5069 67.3418
5070 67.3418
5071 67.3418
5072 67.3418
5073 67.3418
5074 67.3418
5075 67.3418
5076 67.3418
5077 67.3418
5078 67.3418
5079 67.3418
5080 67.3418
5081 67.3418
5082 67.3418
5083 67.3418
5084 67.3418
5085 67.3418
5086 67.3418
5087 67.3418
5088 67.3418
5089 67.3418
5090 67.3418
5091 67.3418
5092 67.3418
5093 67.3418
5094 67.3418
5095 67.3418
5096 67.3418
5097 67.3418
5098 67.3418
5099 67.3418
5100 67.3418
5101 67.3418
5102 67.3418
5103 67.3418
5104 67.3418
5105 67.3418
5106 67.3418
5107 67.3418
5108 67.3418
5109 67.3418
5110 67.3418
5111 67.3418
5112 67.3418
5113 67.3418
5114 67.3418
5115 67.3418
5116 67.3418
5117 67.3418
5118 67.3418
5119 67.3418
5120 67.3418
5121 67.3418
5122 67.3418
5123 67.3418
5124 67.3418
5125 67.3418
5126 67.3418
5127 67.3418
5128 67.3418
5129 67.3418
5130 67.3418
5131 67.3418
5132 67.3418
5133 67.3418
5134 67.3418
5135 67.3418
5136 67.3418
5137 67.3418
5138 67.3418
5139 67.3418
5140 67.3418
5141 67.3418
5142 67.3418
5143 67.3418
5144 67.3418
5145 67.3418
5146 67.3418
5147 67.3418
5148 67.3418
5149 67.3418
5150 67.3418
5151 67.3418
5152 67.3418
5153 67.3418
5154 67.3418
5155 67.3418
5156 67.3418
5157 67.3418
5158 67.3418
5159 67.3418
5160 67.3418
5161 67.3418
5162 67.3418
5163 67.3418
5164 67.3418
5165 67.3418
5166 67.3418
5167 67.3418
5168 67.3418
5169 67.3418
5170 67.3418
5171 67.3418
5172 67.3418
5173 67.3418
5174 67.3418
5175 67.3418
5176 67.3418
5177 67.3418
5178 67.3418
5179 67.3418
5180 67.3418
5181 67.3418
5182 67.3418
5183 67.3418
5184 67.3418
5185 67.3418
5186 67.3418
5187 67.3418
5188 67.3418
5189 67.3418
5190 67.3418
5191 67.3418
5192 67.3418
5193 67.3418
5194 67.3418
5195 67.3418
5196 67.3418
5197 67.3418
5198 67.3418
5199 67.3418
5200 67.3418
5201 67.3418
5202 67.3418
5203 67.3418
5204 67.3418
5205 67.3418
5206 67.3418
5207 67.3418
5208 67.3418
5209 67.3418
5210 67.3418
5211 67.3418
5212 67.3418
5213 67.3418
5214 67.3418
5215 67.3418
5216 67.3418
5217 67.3418
5218 67.3418
5219 67.3418
5220 67.3418
5221 67.3418
5222 67.3418
5223 67.3418
5224 67.3418
5225 67.3418
5226 67.3418
5227 67.3418
5228 67.3418
5229 67.3418
5230 67.3418
5231 67.3418
5232 67.3418
5233 67.3418
5234 67.3418
5235 67.3418
5236 67.3418
5237 67.3418
5238 67.3418
5239 67.3418
5240 67.3418
5241 67.3418
5242 67.3418
5243 67.3418
5244 67.3418
5245 67.3418
5246 67.3418
5247 67.3418
5248 67.3418
5249 67.3418
5250 67.3418
5251 67.3418
5252 67.3418
5253 67.3418
5254 67.3418
5255 67.3418
5256 67.3418
5257 67.3418
5258 67.3418
5259 67.3418
5260 67.3418
5261 67.3418
5262 67.3418
5263 67.3418
5264 67.3418
5265 67.3418
5266 67.3418
5267 67.3418
5268 67.3418
5269 67.3418
5270 67.3418
5271 67.3418
5272 67.3418
5273 67.3418
5274 67.3418
5275 67.3418
5276 67.3418
5277 67.3418
5278 67.3418
5279 67.3418
5280 67.3418
5281 67.3418
5282 67.3418
5283 67.3418
5284 67.3418
5285 67.3418
5286 67.3418
5287 67.3418
5288 67.3418
5289 67.3418
5290 67.3418
5291 67.3418
5292 67.3418
5293 67.3418
5294 67.3418
5295 67.3418
5296 67.3418
5297 67.3418
5298 67.3418
5299 67.3418
5300 67.3418
5301 67.3418
5302 67.3418
5303 67.3418
5304 67.3418
5305 67.3418
5306 67.3418
5307 67.3418
5308 67.3418
5309 67.3418
5310 67.3418
5311 67.3418
5312 67.3418
5313 67.3418
5314 67.3418
5315 67.3418
5316 67.3418
5317 67.3418
5318 67.3418
5319 67.3418
5320 67.3418
5321 67.3418
5322 67.3418
5323 67.3418
5324 67.3418
5325 67.3418
5326 67.3418
5327 67.3418
5328 67.3418
5329 67.3418
5330 67.3418
5331 67.3418
5332 67.3418
5333 67.3418
5334 67.3418
5335 67.3418
5336 67.3418
5337 67.3418
5338 67.3418
5339 67.3418
5340 67.3418
5341 67.3418
5342 67.3418
5343 67.3418
5344 67.3418
5345 67.3418
5346 67.3418
5347 67.3418
5348 67.3418
5349 67.3418
5350 67.3418
5351 67.3418
5352 67.3418
5353 67.3418
5354 67.3418
5355 67.3418
5356 67.3418
5357 67.3418
5358 67.3418
5359 67.3418
5360 67.3418
5361 67.3418
5362 67.3418
5363 67.3418
5364 67.3418
5365 67.3418
5366 67.3418
5367 67.3418
5368 67.3418
5369 67.3418
5370 67.3418
5371 67.3418
5372 67.3418
5373 67.3418
5374 67.3418
5375 67.3418
5376 67.3418
5377 67.3418
5378 67.3418
5379 67.3418
5380 67.3418
5381 67.3418
5382 67.3418
5383 67.3418
5384 67.3418
5385 67.3418
5386 67.3418
5387 67.3418
5388 67.3418
5389 67.3418
5390 67.3418
5391 67.3418
5392 67.3418
5393 67.3418
5394 67.3418
5395 67.3418
5396 67.3418
5397 67.3418
5398 67.3418
5399 67.3418
5400 67.3418
5401 67.3418
5402 67.3418
5403 67.3418
5404 67.3418
5405 67.3418
5406 67.3418
5407 67.3418
5408 67.3418
5409 67.3418
5410 67.3418
5411 67.3418
5412 67.3418
5413 67.3418
5414 67.3418
5415 67.3418
5416 67.3418
5417 67.3418
5418 67.3418
5419 67.3418
5420 67.3418
5421 67.3418
5422 67.3418
5423 67.3418
5424 67.3418
5425 67.3418
5426 67.3418
5427 67.3418
5428 67.3418
5429 67.3418
5430 67.3418
5431 67.3418
5432 67.3418
5433 67.3418
5434 67.3418
5435 67.3418
5436 67.3418
5437 67.3418
5438 67.3418
5439 67.3418
5440 67.3418
5441 67.3418
5442 67.3418
5443 67.3418
5444 67.3418
5445 67.3418
5446 67.3418
5447 67.3418
5448 67.3418
5449 67.3418
5450 67.3418
5451 67.3418
5452 67.3418
5453 67.3418
5454 67.3418
5455 67.3418
5456 67.3418
5457 67.3418
5458 67.3418
5459 67.3418
5460 67.3418
5461 67.3418
5462 67.3418
5463 67.3418
5464 67.3418
5465 67.3418
5466 67.3418
5467 67.3418
5468 67.3418
5469 67.3418
5470 67.3418
5471 67.3418
5472 67.3418
5473 67.3418
5474 67.3418
5475 67.3418
5476 67.3418
5477 67.3418
5478 67.3418
5479 67.3418
5480 67.3418
5481 67.3418
5482 67.3418
5483 67.3418
5484 67.3418
5485 67.3418
5486 67.3418
5487 67.3418
5488 67.3418
5489 67.3418
5490 67.3418
5491 67.3418
5492 67.3418
5493 67.3418
5494 67.3418
5495 67.3418
5496 67.3418
5497 67.3418
5498 67.3418
5499 67.3418
5500 67.3418
5501 67.3418
5502 67.3418
5503 67.3418
5504 67.3418
5505 67.3418
5506 67.3418
5507 67.3418
5508 67.3418
5509 67.3418
5510 67.3418
5511 67.3418
5512 67.3418
5513 67.3418
5514 67.3418
5515 67.3418
5516 67.3418
5517 67.3418
5518 67.3418
5519 67.3418
5520 67.3418
5521 67.3418
5522 67.3418
5523 67.3418
5524 67.3418
5525 67.3418
5526 67.3418
5527 67.3418
5528 67.3418
5529 67.3418
5530 67.3418
5531 67.3418
5532 67.3418
5533 67.3418
5534 67.3418
5535 67.3418
5536 67.3418
5537 67.3418
5538 67.3418
5539 67.3418
5540 67.3418
5541 67.3418
5542 67.3418
5543 67.3418
5544 67.3418
5545 67.3418
5546 67.3418
5547 67.3418
5548 67.3418
5549 67.3418
5550 67.3418
5551 67.3418
5552 67.3418
5553 67.3418
5554 67.3418
5555 67.3418
5556 67.3418
5557 67.3418
5558 67.3418
5559 67.3418
5560 67.3418
5561 67.3418
5562 67.3418
5563 67.3418
5564 67.3418
5565 67.3418
5566 67.3418
5567 67.3418
5568 67.3418
5569 67.3418
5570 67.3418
5571 67.3418
5572 67.3418
5573 67.3418
5574 67.3418
5575 67.3418
5576 67.3418
5577 67.3418
5578 67.3418
5579 67.3418
5580 67.3418
5581 67.3418
5582 67.3418
5583 67.3418
5584 67.3418
5585 67.3418
5586 67.3418
5587 67.3418
5588 67.3418
5589 67.3418
5590 67.3418
5591 67.3418
5592 67.3418
5593 67.3418
5594 67.3418
5595 67.3418
5596 67.3418
5597 67.3418
5598 67.3418
5599 67.3418
5600 67.3418
5601 67.3418
5602 67.3418
5603 67.3418
5604 67.3418
5605 67.3418
5606 67.3418
5607 67.3418
5608 67.3418
5609 67.3418
5610 67.3418
5611 67.3418
5612 67.3418
5613 67.3418
5614 67.3418
5615 67.3418
5616 67.3418
5617 67.3418
5618 67.3418
5619 67.3418
5620 67.3418
5621 67.3418
5622 67.3418
5623 67.3418
5624 67.3418
5625 67.3418
5626 67.3418
5627 67.3418
5628 67.3418
5629 67.3418
5630 67.3418
5631 67.3418
5632 67.3418
5633 67.3418
5634 67.3418
5635 67.3418
5636 67.3418
5637 67.3418
5638 67.3418
5639 67.3418
5640 67.3418
5641 67.3418
5642 67.3418
5643 67.3418
5644 67.3418
5645 67.3418
5646 67.3418
5647 67.3418
5648 67.3418
5649 67.3418
5650 67.3418
5651 67.3418
5652 67.3418
5653 67.3418
5654 67.3418
5655 67.3418
5656 67.3418
5657 67.3418
5658 67.3418
5659 67.3418
5660 67.3418
5661 67.3418
5662 67.3418
5663 67.3418
5664 67.3418
5665 67.3418
5666 67.3418
5667 67.3418
5668 67.3418
5669 67.3418
5670 67.3418
5671 67.3418
5672 67.3418
5673 67.3418
5674 67.3418
5675 67.3418
5676 67.3418
5677 67.3418
5678 67.3418
5679 67.3418
5680 67.3418
5681 67.3418
5682 67.3418
5683 67.3418
5684 67.3418
5685 67.3418
5686 67.3418
5687 67.3418
5688 67.3418
5689 67.3418
5690 67.3418
5691 67.3418
5692 67.3418
5693 67.3418
5694 67.3418
5695 67.3418
5696 67.3418
5697 67.3418
5698 67.3418
5699 67.3418
5700 67.3418
5701 67.3418
5702 67.3418
5703 67.3418
5704 67.3418
5705 67.3418
5706 67.3418
5707 67.3418
5708 67.3418
5709 67.3418
5710 67.3418
5711 67.3418
5712 67.3418
5713 67.3418
5714 67.3418
5715 67.3418
5716 67.3418
5717 67.3418
5718 67.3418
5719 67.3418
5720 67.3418
5721 67.3418
5722 67.3418
5723 67.3418
5724 67.3418
5725 67.3418
5726 67.3418
5727 67.3418
5728 67.3418
5729 67.3418
5730 67.3418
5731 67.3418
5732 67.3418
5733 67.3418
5734 67.3418
5735 67.3418
5736 67.3418
5737 67.3418
5738 67.3418
5739 67.3418
5740 67.3418
5741 67.3418
5742 67.3418
5743 67.3418
5744 67.3418
5745 67.3418
5746 67.3418
5747 67.3418
5748 67.3418
5749 67.3418
5750 67.3418
5751 67.3418
5752 67.3418
5753 67.3418
5754 67.3418
5755 67.3418
5756 67.3418
5757 67.3418
5758 67.3418
5759 67.3418
5760 67.3418
5761 67.3418
5762 67.3418
5763 67.3418
5764 67.3418
5765 67.3418
5766 67.3418
5767 67.3418
5768 67.3418
5769 67.3418
5770 67.3418
5771 67.3418
5772 67.3418
5773 67.3418
5774 67.3418
5775 67.3418
5776 67.3418
5777 67.3418
5778 67.3418
5779 67.3418
5780 67.3418
5781 67.3418
5782 67.3418
5783 67.3418
5784 67.3418
5785 67.3418
5786 67.3418
5787 67.3418
5788 67.3418
5789 67.3418
5790 67.3418
5791 67.3418
5792 67.3418
5793 67.3418
5794 67.3418
5795 67.3418
5796 67.3418
5797 67.3418
5798 67.3418
5799 67.3418
5800 67.3418
5801 67.3418
5802 67.3418
5803 67.3418
5804 67.3418
5805 67.3418
5806 67.3418
5807 67.3418
5808 67.3418
5809 67.3418
5810 67.3418
5811 67.3418
5812 67.3418
5813 67.3418
5814 67.3418
5815 67.3418
5816 67.3418
5817 67.3418
5818 67.3418
5819 67.3418
5820 67.3418
5821 67.3418
5822 67.3418
5823 67.3418
5824 67.3418
5825 67.3418
5826 67.3418
5827 67.3418
5828 67.3418
5829 67.3418
5830 67.3418
5831 67.3418
5832 67.3418
5833 67.3418
5834 67.3418
5835 67.3418
5836 67.3418
5837 67.3418
5838 67.3418
5839 67.3418
5840 67.3418
5841 67.3418
5842 67.3418
5843 67.3418
5844 67.3418
5845 67.3418
5846 67.3418
5847 67.3418
5848 67.3418
5849 67.3418
5850 67.3418
5851 67.3418
5852 67.3418
5853 67.3418
5854 67.3418
5855 67.3418
5856 67.3418
5857 67.3418
5858 67.3418
5859 67.3418
5860 67.3418
5861 67.3418
5862 67.3418
5863 67.3418
5864 67.3418
5865 67.3418
5866 67.3418
5867 67.3418
5868 67.3418
5869 67.3418
5870 67.3418
5871 67.3418
5872 67.3418
5873 67.3418
5874 67.3418
5875 67.3418
5876 67.3418
5877 67.3418
5878 67.3418
5879 67.3418
5880 67.3418
5881 67.3418
5882 67.3418
5883 67.3418
5884 67.3418
5885 67.3418
5886 67.3418
5887 67.3418
5888 67.3418
5889 67.3418
5890 67.3418
5891 67.3418
5892 67.3418
5893 67.3418
5894 67.3418
5895 67.3418
5896 67.3418
5897 67.3418
5898 67.3418
5899 67.3418
5900 67.3418
5901 67.3418
5902 67.3418
5903 67.3418
5904 67.3418
5905 67.3418
5906 67.3418
5907 67.3418
5908 67.3418
5909 67.3418
5910 67.3418
5911 67.3418
5912 67.3418
5913 67.3418
5914 67.3418
5915 67.3418
5916 67.3418
5917 67.3418
5918 67.3418
5919 67.3418
5920 67.3418
5921 67.3418
5922 67.3418
5923 67.3418
5924 67.3418
5925 67.3418
5926 67.3418
5927 67.3418
5928 67.3418
5929 67.3418
5930 67.3418
5931 67.3418
5932 67.3418
5933 67.3418
5934 67.3418
5935 67.3418
5936 67.3418
5937 67.3418
5938 67.3418
5939 67.3418
5940 67.3418
5941 67.3418
5942 67.3418
5943 67.3418
5944 67.3418
5945 67.3418
5946 67.3418
5947 67.3418
5948 67.3418
5949 67.3418
5950 67.3418
5951 67.3418
5952 67.3418
5953 67.3418
5954 67.3418
5955 67.3418
5956 67.3418
5957 67.3418
5958 67.3418
5959 67.3418
5960 67.3418
5961 67.3418
5962 67.3418
5963 67.3418
5964 67.3418
5965 67.3418
5966 67.3418
5967 67.3418
5968 67.3418
5969 67.3418
5970 67.3418
5971 67.3418
5972 67.3418
5973 67.3418
5974 67.3418
5975 67.3418
5976 67.3418
5977 67.3418
5978 67.3418
5979 67.3418
5980 67.3418
5981 67.3418
5982 67.3418
5983 67.3418
5984 67.3418
5985 67.3418
5986 67.3418
5987 67.3418
5988 67.3418
5989 67.3418
5990 67.3418
5991 67.3418
5992 67.3418
5993 67.3418
5994 67.3418
5995 67.3418
5996 67.3418
5997 67.3418
5998 67.3418
5999 67.3418
6000 67.3418
