1 430.95
2 424.267
3 400.287
4 395.405
5 388.983
6 384.761
7 377.415
8 365.044
9 354.873
10 354.873
11 352.321
12 347.969
13 338.953
14 338.953
15 328.233
16 328.233
17 322.901
18 315.826
19 316.255
20 308.927
21 308.927
22 306.274
23 307.423
24 297.83
25 291.581
26 291.581
27 291.581
28 284.157
29 284.157
30 281.72
31 279.916
32 279.916
33 271.81
34 271.625
35 268.176
36 266.896
37 264.232
38 260.967
39 252.819
40 252.819
41 252.813
42 244.456
43 241.261
44 240.347
45 240.346
46 234.871
47 233.686
48 233.686
49 227.439
50 225.354
51 225.354
52 224.811
53 222.429
54 222.332
55 221.918
56 221.369
57 222.332
58 222.332
59 220.66
60 220.66
61 217.353
62 215.92
63 215.92
64 210.568
65 210.568
66 207
67 209.88
68 206.964
69 206.964
70 204.786
71 200.802
72 200.802
73 200.802
74 200.802
75 200.802
76 200.532
77 200.532
78 200.532
79 200.802
80 200.439
81 200.439
82 197.797
83 197.797
84 197.797
85 196.48
86 195.585
87 195.585
88 195.585
89 195.585
90 194.662
91 194.662
92 194.662
93 194.662
94 194.239
95 193.02
96 193.02
97 190.709
98 190.709
99 189.845
100 189.845
101 189.811
102 187.344
103 187.344
104 187.344
105 187.344
106 187.29
107 186.01
108 186.01
109 186.01
110 186.01
111 183.195
112 182.578
113 182.578
114 178.582
115 178.582
116 177.774
117 177.774
118 177.774
119 176.879
120 176.879
121 176.879
122 175.715
123 175.715
124 171.189
125 171.189
126 171.189
127 171.189
128 170.415
129 169.11
130 169.11
131 169.11
132 169.11
133 169.11
134 169.093
135 169.093
136 169.093
137 169.093
138 169.093
139 167.726
140 167.726
141 167.726
142 166.999
143 166.402
144 165.875
145 164.885
146 164.885
147 163.307
148 162.885
149 162.885
150 161.58
151 161.177
152 159.353
153 159.353
154 159.353
155 159.353
156 157.2
157 157.2
158 157.2
159 155.739
160 155.739
161 155.739
162 155.663
163 155.663
164 155.663
165 155.663
166 155.663
167 154.624
168 154.548
169 154.548
170 153.968
171 153.968
172 153.968
173 152.163
174 152.163
175 152.163
176 152.163
177 151.919
178 151.919
179 151.919
180 151.919
181 150.975
182 150.975
183 150.975
184 150.975
185 150.975
186 150.975
187 150.975
188 150.975
189 150.975
190 150.975
191 150.975
192 150.867
193 150.867
194 150.026
195 150.026
196 150.026
197 150.026
198 149.652
199 149.652
200 149.652
201 149.012
202 149.012
203 148.557
204 148.557
205 148.557
206 148.557
207 147.998
208 147.998
209 147.998
210 147.998
211 147.998
212 145.92
213 145.348
214 145.348
215 145.348
216 144.825
217 144.7
218 144.7
219 144.7
220 144.7
221 144.7
222 144.7
223 144.7
224 144.7
225 144.269
226 142.915
227 142.915
228 142.915
229 142.915
230 142.844
231 141.577
232 141.577
233 141.577
234 141.483
235 141.483
236 141.483
237 140.557
238 140.557
239 140.557
240 140.557
241 140.463
242 140.463
243 140.463
244 139.177
245 139.177
246 139.177
247 139.177
248 139.177
249 139.177
250 139.177
251 139.12
252 139.12
253 139.12
254 138.68
255 138.62
256 137.659
257 137.659
258 137.59
259 135.821
260 135.821
261 135.821
262 134.839
263 134.839
264 134.839
265 134.839
266 134.839
267 134.839
268 134.839
269 134.839
270 134.839
271 134.839
272 134.839
273 134.162
274 134.004
275 134.004
276 134.004
277 134.004
278 134.004
279 134.004
280 134.004
281 132.563
282 132.563
283 132.563
284 132.162
285 132.162
286 131.96
287 131.96
288 131.661
289 131.459
290 131.459
291 130.542
292 130.542
293 130.244
294 130.244
295 130.244
296 130.244
297 130.173
298 130.173
299 130.173
300 130.173
301 129.876
302 129.876
303 129.816
304 129.816
305 129.816
306 129.816
307 129.816
308 129.816
309 129.816
310 129.816
311 129.772
312 128.826
313 125.31
314 125.31
315 125.31
316 125.31
317 124.293
318 124.293
319 124.293
320 124.293
321 124.293
322 124.293
323 124.293
324 124.293
325 124.293
326 124.293
327 124.293
328 124.115
329 124.115
330 124.115
331 124.115
332 124.115
333 123.406
334 123.406
335 123.406
336 123.406
337 123.406
338 123.406
339 123.406
340 123.406
341 123.406
342 123.406
343 123.406
344 123.406
345 122.444
346 122.444
347 122.519
348 122.519
349 122.519
350 122.519
351 122.519
352 122.519
353 122.519
354 122.519
355 122.519
356 122.519
357 122.519
358 122.519
359 122.519
360 122.519
361 122.519
362 122.519
363 122.519
364 122.519
365 122.372
366 122.372
367 122.372
368 122.372
369 122.372
370 122.372
371 122.235
372 122.235
373 122.235
374 122.119
375 122.119
376 122.119
377 121.968
378 121.968
379 121.968
380 121.968
381 120.999
382 120.999
383 120.943
384 120.999
385 120.999
386 120.999
387 120.999
388 120.999
389 120.999
390 120.999
391 120.999
392 120.692
393 120.692
394 120.539
395 120.539
396 120.539
397 120.258
398 120.258
399 120.258
400 120.258
401 120.258
402 120.258
403 119.879
404 119.406
405 119.236
406 119.236
407 119.236
408 119.236
409 119.236
410 119.236
411 119.236
412 119.236
413 119.236
414 119.236
415 119.236
416 119.236
417 119.236
418 119.236
419 119.059
420 119.059
421 119.059
422 119.059
423 119.059
424 119.059
425 118.522
426 118.372
427 118.194
428 118.194
429 118.194
430 118.194
431 118.194
432 118.138
433 118.138
434 118.124
435 118.124
436 118.124
437 118.124
438 118.067
439 118.067
440 118.067
441 117.496
442 117.496
443 117.407
444 117.407
445 117.407
446 117.407
447 117.282
448 117.282
449 117.282
450 117.282
451 117.192
452 117.192
453 116.975
454 116.975
455 116.405
456 115.452
457 115.452
458 115.452
459 115.452
460 115.452
461 115.452
462 114.758
463 114.758
464 114.758
465 114.751
466 114.592
467 114.592
468 113.853
469 113.853
470 113.561
471 113.561
472 111.452
473 110.758
474 110.758
475 110.758
476 110.758
477 110.758
478 110.758
479 110.758
480 110.617
481 110.479
482 109.504
483 109.481
484 109.481
485 107.685
486 107.685
487 107.685
488 107.685
489 107.685
490 107.661
491 107.661
492 107.47
493 107.47
494 107.47
495 107.47
496 107.47
497 107.403
498 107.403
499 107.332
500 107.003
501 106.658
502 106.501
503 106.501
504 106.501
505 106.501
506 105.518
507 105.518
508 105.518
509 105.518
510 105.381
511 105.088
512 104.363
513 103.298
514 103.091
515 103.091
516 103.091
517 103.091
518 103.091
519 103.091
520 102.931
521 102.931
522 102.931
523 102.429
524 102.429
525 102.429
526 102.429
527 102.429
528 102.429
529 102.429
530 102.429
531 102.429
532 102.429
533 102.429
534 102.429
535 102.429
536 101.822
537 101.822
538 101.822
539 101.822
540 101.822
541 101.822
542 101.822
543 101.822
544 101.822
545 101.593
546 101.593
547 101.593
548 101.593
549 101.251
550 101.251
551 101.251
552 101.251
553 101.251
554 101.251
555 101.251
556 101.251
557 101.251
558 101.251
559 101.251
560 100.619
561 100.017
562 100.619
563 100.619
564 100.619
565 100.619
566 100.59
567 100.33
568 100.33
569 100.33
570 100.33
571 100.33
572 100.33
573 100.33
574 100.33
575 99.7394
576 100.33
577 100.33
578 100.33
579 100.33
580 100.33
581 99.7627
582 99.7627
583 99.7627
584 99.4005
585 99.4005
586 99.4005
587 99.4005
588 98.8926
589 98.8926
590 98.8926
591 98.8926
592 98.8926
593 98.5656
594 98.5656
595 98.4516
596 97.3667
597 97.3667
598 97.3667
599 97.3667
600 97.3667
601 97.3667
602 97.3667
603 97.1608
604 97.1608
605 96.4992
606 96.4992
607 95.9619
608 95.9619
609 95.9619
610 95.9619
611 95.9619
612 95.9619
613 94.0893
614 94.0893
615 94.0893
616 94.0893
617 94.0893
618 94.0893
619 94.0893
620 94.0893
621 94.0893
622 94.0893
623 92.7723
624 92.7723
625 92.7723
626 92.7723
627 92.7723
628 92.7723
629 92.7723
630 92.5813
631 92.5813
632 92.5813
633 92.5813
634 91.3673
635 91.3673
636 91.3673
637 91.3673
638 91.3673
639 91.3673
640 91.3673
641 91.3673
642 91.3673
643 91.3673
644 91.3673
645 91.3673
646 91.3673
647 91.3673
648 91.3673
649 91.3673
650 91.3673
651 91.3673
652 91.3673
653 91.3673
654 91.3673
655 91.3673
656 91.281
657 91.281
658 91.281
659 91.281
660 91.281
661 91.281
662 91.281
663 91.281
664 91.281
665 91.281
666 91.281
667 90.7635
668 90.7635
669 90.7635
670 90.7635
671 90.7635
672 90.7635
673 90.5223
674 90.5223
675 90.5223
676 90.5223
677 90.5223
678 90.1751
679 89.0327
680 89.0327
681 89.0327
682 87.2574
683 87.2574
684 87.2393
685 87.2393
686 87.2393
687 87.2393
688 87.2393
689 87.2393
690 87.2004
691 87.2004
692 87.2004
693 87.2004
694 87.2004
695 87.2004
696 87.2004
697 87.2004
698 86.7126
699 86.7126
700 86.7126
701 86.7126
702 86.7126
703 86.7126
704 86.7126
705 86.7126
706 86.7126
707 86.7126
708 86.7126
709 86.7126
710 86.7126
711 86.7126
712 86.7126
713 86.7126
714 86.503
715 86.503
716 86.503
717 86.503
718 86.1488
719 86.1488
720 86.1488
721 86.1488
722 86.1488
723 86.1488
724 86.1488
725 86.1488
726 86.1488
727 86.1488
728 86.1488
729 86.1488
730 86.1488
731 86.1488
732 86.1488
733 86.1488
734 86.1488
735 86.1488
736 86.1488
737 86.1488
738 86.1488
739 86.1488
740 86.1488
741 86.1488
742 86.1488
743 86.1488
744 86.1488
745 86.1488
746 86.1488
747 86.1488
748 86.1488
749 86.0523
750 86.0523
751 86.0523
752 86.0523
753 86.0523
754 86.0523
755 86.0523
756 86.0523
757 86.0523
758 86.0523
759 86.0523
760 86.0523
761 86.0523
762 86.0523
763 86.0523
764 86.0523
765 85.1392
766 85.1392
767 85.1392
768 85.1392
769 85.0716
770 85.0716
771 85.0716
772 85.0716
773 85.0716
774 85.0716
775 85.017
776 85.017
777 85.017
778 85.017
779 85.017
780 85.017
781 85.017
782 85.017
783 85.017
784 85.017
785 84.8336
786 84.8336
787 84.8336
788 84.8336
789 84.8336
790 84.8336
791 84.8336
792 84.8336
793 84.8336
794 84.8336
795 84.8336
796 84.8336
797 84.8336
798 84.8336
799 84.8336
800 84.8336
801 84.8336
802 84.8336
803 84.8336
804 84.8336
805 84.8336
806 84.8336
807 84.8336
808 84.8336
809 84.8336
810 84.8336
811 84.8336
812 84.8336
813 84.8336
814 84.8336
815 84.8336
816 84.8336
817 84.8336
818 84.8336
819 84.8336
820 84.8336
821 84.8336
822 84.8336
823 84.8336
824 84.8336
825 84.8336
826 84.8336
827 84.8336
828 84.8336
829 84.8336
830 84.6066
831 84.6066
832 84.6066
833 84.6066
834 84.6066
835 84.6066
836 84.6066
837 84.6066
838 84.5565
839 84.5565
840 84.5565
841 84.5565
842 84.5565
843 84.5565
844 84.5565
845 84.5565
846 84.5565
847 84.466
848 84.466
849 84.466
850 84.466
851 84.466
852 84.466
853 84.466
854 84.466
855 84.466
856 84.466
857 84.466
858 84.466
859 83.6544
860 83.6544
861 83.6544
862 83.6544
863 83.6544
864 83.5971
865 83.5971
866 83.5971
867 83.5971
868 83.5971
869 83.5971
870 83.577
871 83.577
872 83.577
873 83.577
874 83.577
875 83.577
876 83.577
877 83.4859
878 83.4859
879 83.4859
880 83.4859
881 83.4859
882 83.3158
883 82.6915
884 82.6915
885 82.6915
886 82.6004
887 81.4567
888 81.4567
889 81.4567
890 81.4567
891 81.4567
892 81.4567
893 81.4567
894 81.4567
895 81.4567
896 81.4567
897 81.4567
898 81.4567
899 81.4567
900 81.4567
901 81.4567
902 81.4567
903 81.4567
904 81.4567
905 81.4567
906 81.4567
907 81.4567
908 81.4567
909 81.4567
910 81.4567
911 81.4567
912 80.6364
913 80.6364
914 80.6364
915 80.6364
916 80.6364
917 80.6364
918 80.6364
919 80.6364
920 80.2315
921 80.2315
922 80.2315
923 80.2315
924 80.2315
925 80.0246
926 80.0246
927 80.0246
928 80.0246
929 80.0246
930 80.0246
931 80.0246
932 80.0246
933 80.0246
934 80.0246
935 80.0246
936 80.0246
937 80.0246
938 80.0246
939 80.0246
940 80.0246
941 80.0246
942 80.0246
943 80.0246
944 80.0246
945 80.0246
946 79.5906
947 79.5906
948 79.5906
949 79.5906
950 79.5906
951 79.5906
952 79.5906
953 79.5906
954 79.3118
955 79.3118
956 79.3118
957 79.3118
958 79.3118
959 79.3118
960 79.3118
961 79.3118
962 79.3118
963 77.5871
964 77.5871
965 77.5871
966 77.5871
967 77.5871
968 77.5871
969 77.5871
970 77.5871
971 77.5871
972 77.5871
973 77.5871
974 77.5871
975 77.5871
976 77.5871
977 77.5871
978 77.5871
979 77.5871
980 77.5871
981 77.5871
982 77.5871
983 77.5871
984 77.2604
985 77.2604
986 77.2604
987 77.2604
988 77.2604
989 77.2604
990 77.2604
991 77.2604
992 77.2604
993 77.2604
994 77.2604
995 77.2604
996 77.2604
997 77.2604
998 77.2604
999 77.2604
1000 77.2604
1001 77.2604
1002 77.2604
1003 77.2604
1004 77.2604
1005 77.2604
1006 77.2604
1007 77.2604
1008 77.2604
1009 77.2604
1010 77.2604
1011 77.2604
1012 77.2604
1013 77.2604
1014 77.2604
1015 77.2604
1016 77.2604
1017 76.7798
1018 76.7798
1019 76.7798
1020 76.7798
1021 76.7798
1022 76.7798
1023 76.7798
1024 76.7798
1025 76.7798
1026 76.7798
1027 76.7798
1028 76.7798
1029 76.7798
1030 76.7798
1031 76.7168
1032 76.7168
1033 76.7168
1034 76.7168
1035 76.7168
1036 76.7168
1037 76.7168
1038 76.7168
1039 76.7168
1040 76.7168
1041 76.7168
1042 76.7168
1043 76.7168
1044 76.7168
1045 76.7168
1046 76.7168
1047 76.7168
1048 76.7168
1049 76.7168
1050 76.7168
1051 76.7168
1052 76.7168
1053 76.7168
1054 76.7168
1055 76.7168
1056 76.7168
1057 76.7168
1058 76.7168
1059 76.7168
1060 76.7168
1061 76.7168
1062 76.7168
1063 76.7168
1064 76.7168
1065 76.5533
1066 76.5533
1067 76.5533
1068 76.5533
1069 76.5533
1070 76.5533
1071 76.5533
1072 76.5533
1073 76.5533
1074 76.5533
1075 76.5533
1076 76.5533
1077 76.5533
1078 76.5533
1079 76.5533
1080 76.5533
1081 76.5533
1082 76.5533
1083 76.5533
1084 76.5533
1085 76.5533
1086 76.5533
1087 76.5533
1088 76.5533
1089 76.5533
1090 76.5533
1091 76.5533
1092 76.5533
1093 76.5533
1094 76.5533
1095 76.5533
1096 76.5533
1097 76.5533
1098 76.5533
1099 76.5533
1100 76.5533
1101 75.0646
1102 75.0646
1103 75.0646
1104 75.0646
1105 75.0646
1106 75.0646
1107 74.9196
1108 74.9196
1109 74.9196
1110 74.9196
1111 74.9196
1112 74.9196
1113 74.9196
1114 74.9196
1115 74.9196
1116 74.9196
1117 74.8578
1118 74.8578
1119 74.8578
1120 74.8578
1121 74.8578
1122 74.8578
1123 74.8578
1124 74.8578
1125 74.4494
1126 74.4494
1127 74.4494
1128 74.4494
1129 74.4494
1130 74.4494
1131 74.4494
1132 74.4494
1133 74.4494
1134 74.4494
1135 74.4494
1136 74.4494
1137 74.4494
1138 74.4494
1139 74.4494
1140 74.4494
1141 74.4494
1142 74.4494
1143 74.4494
1144 74.4494
1145 74.4494
1146 74.4494
1147 74.4494
1148 74.4494
1149 74.4494
1150 74.4494
1151 74.4494
1152 74.4494
1153 74.4494
1154 74.4494
1155 74.4494
1156 74.4494
1157 74.4494
1158 74.4494
1159 74.4494
1160 74.4494
1161 74.4494
1162 74.4494
1163 74.4494
1164 74.4494
1165 74.4494
1166 74.4494
1167 74.4494
1168 74.4494
1169 74.4494
1170 74.4494
1171 74.4494
1172 74.4494
1173 74.4494
1174 74.4494
1175 74.4494
1176 74.4494
1177 74.4494
1178 74.4494
1179 74.4494
1180 74.4494
1181 74.4494
1182 74.4123
1183 74.4123
1184 74.4123
1185 74.4123
1186 74.4123
1187 74.4123
1188 74.4123
1189 74.4123
1190 74.4123
1191 74.4123
1192 74.4123
1193 74.0246
1194 74.0246
1195 74.0246
1196 74.0246
1197 74.0246
1198 74.0246
1199 74.0246
1200 74.0246
1201 74.0246
1202 74.0246
1203 74.0246
1204 74.0246
1205 74.0246
1206 74.0246
1207 74.0246
1208 74.0246
1209 74.0246
1210 74.0246
1211 74.0246
1212 74.0246
1213 74.0246
1214 74.0246
1215 74.0246
1216 74.0246
1217 74.0246
1218 74.0246
1219 74.0246
1220 74.0246
1221 74.0246
1222 74.0246
1223 73.6174
1224 73.6174
1225 73.6174
1226 73.6174
1227 73.6174
1228 73.6174
1229 73.6174
1230 73.6174
1231 73.6174
1232 73.6174
1233 73.6174
1234 73.6174
1235 73.6174
1236 73.6174
1237 73.6174
1238 73.6174
1239 73.6174
1240 73.6174
1241 73.6174
1242 73.6174
1243 73.6174
1244 73.6174
1245 73.6174
1246 73.6174
1247 73.6174
1248 73.6174
1249 73.6174
1250 73.6174
1251 73.6174
1252 73.6174
1253 73.6174
1254 73.6174
1255 73.6174
1256 73.6174
1257 73.6174
1258 73.6174
1259 73.6174
1260 73.6174
1261 73.6174
1262 73.6174
1263 73.6174
1264 73.6174
1265 73.6174
1266 73.6174
1267 73.6174
1268 73.6174
1269 73.6174
1270 73.6174
1271 73.6174
1272 73.6174
1273 73.6069
1274 73.6069
1275 73.6069
1276 73.6069
1277 73.6069
1278 73.6069
1279 73.6069
1280 73.6069
1281 73.6069
1282 73.6069
1283 73.6069
1284 73.6069
1285 73.6069
1286 73.6069
1287 73.6069
1288 73.6069
1289 73.6069
1290 73.6069
1291 73.6069
1292 73.6069
1293 73.6069
1294 73.6069
1295 73.5885
1296 73.5885
1297 73.5885
1298 73.5885
1299 73.5885
1300 73.0824
1301 73.2535
1302 73.2535
1303 73.2535
1304 73.2535
1305 73.2535
1306 73.2118
1307 73.2118
1308 73.2118
1309 73.2535
1310 73.2118
1311 73.2118
1312 73.2118
1313 73.2118
1314 73.2118
1315 73.2118
1316 73.2118
1317 73.2017
1318 73.2017
1319 73.2017
1320 73.2017
1321 73.2017
1322 73.2017
1323 73.2017
1324 73.2017
1325 73.2017
1326 73.2017
1327 73.2017
1328 73.2017
1329 73.2017
1330 73.2017
1331 73.2017
1332 73.2017
1333 73.2017
1334 73.2017
1335 73.2017
1336 73.2017
1337 73.2017
1338 73.2017
1339 73.2017
1340 73.2017
1341 73.2017
1342 73.2017
1343 73.2017
1344 73.2017
1345 73.2017
1346 73.2017
1347 73.2017
1348 73.2017
1349 73.2017
1350 73.2017
1351 73.2017
1352 73.2017
1353 73.2017
1354 73.2017
1355 73.2017
1356 73.2017
1357 73.2017
1358 73.2017
1359 73.2017
1360 73.2017
1361 73.2017
1362 73.2017
1363 73.2017
1364 73.2017
1365 73.2017
1366 73.2017
1367 73.2017
1368 73.2017
1369 73.2017
1370 73.2017
1371 73.2017
1372 73.2017
1373 73.2017
1374 73.2017
1375 73.2017
1376 73.0945
1377 73.0945
1378 73.0945
1379 73.0945
1380 73.0945
1381 73.0945
1382 73.0945
1383 73.0945
1384 73.0945
1385 73.0945
1386 73.0945
1387 72.8379
1388 72.8379
1389 72.4498
1390 72.4498
1391 72.4498
1392 72.4498
1393 72.4498
1394 72.4498
1395 72.4498
1396 72.4498
1397 72.4498
1398 72.4498
1399 72.4498
1400 72.4498
1401 72.4498
1402 72.4498
1403 72.4498
1404 72.4498
1405 72.4498
1406 72.4498
1407 72.4498
1408 72.4498
1409 72.4498
1410 72.4498
1411 72.4498
1412 72.4498
1413 72.4498
1414 72.4498
1415 72.4498
1416 72.4498
1417 72.4498
1418 72.4498
1419 72.4498
1420 72.4498
1421 72.4498
1422 72.4498
1423 72.4498
1424 72.4498
1425 72.4498
1426 72.4498
1427 72.4498
1428 72.4498
1429 72.4498
1430 72.4498
1431 72.4498
1432 72.4498
1433 72.4498
1434 72.4498
1435 72.4498
1436 72.4498
1437 72.4498
1438 72.4498
1439 72.4498
1440 72.4498
1441 72.4498
1442 72.4498
1443 72.4498
1444 72.4498
1445 72.4498
1446 72.4498
1447 72.4498
1448 72.4498
1449 72.4498
1450 71.8777
1451 71.8777
1452 71.8777
1453 71.8777
1454 71.8777
1455 71.8777
1456 71.8777
1457 71.8777
1458 71.8777
1459 71.8777
1460 71.8777
1461 71.8441
1462 71.8777
1463 71.8777
1464 71.8777
1465 71.8777
1466 71.8777
1467 71.8777
1468 71.8777
1469 71.8777
1470 71.8777
1471 71.8777
1472 71.8777
1473 71.8777
1474 71.8777
1475 71.8777
1476 71.8777
1477 71.8777
1478 71.8777
1479 71.8777
1480 71.8777
1481 71.8777
1482 71.8777
1483 71.8777
1484 71.8777
1485 71.8777
1486 71.8777
1487 71.8777
1488 71.8777
1489 71.8777
1490 71.8777
1491 71.8777
1492 71.8777
1493 71.8777
1494 71.8777
1495 71.8777
1496 71.8777
1497 71.8777
1498 71.8777
1499 71.8777
1500 71.8777
1501 71.8777
1502 71.2512
1503 71.2512
1504 71.2512
1505 71.2512
1506 71.2512
1507 71.2512
1508 71.2512
1509 71.2512
1510 71.2512
1511 71.2512
1512 71.2512
1513 71.2512
1514 71.2512
1515 71.2512
1516 71.2512
1517 71.2512
1518 71.2512
1519 71.2512
1520 71.2512
1521 71.2512
1522 71.2512
1523 71.2512
1524 71.2512
1525 71.2512
1526 71.2512
1527 71.2512
1528 71.2512
1529 71.2512
1530 71.2512
1531 71.2512
1532 71.2512
1533 71.2512
1534 71.2512
1535 71.2512
1536 71.2512
1537 71.2512
1538 71.2512
1539 71.2512
1540 71.2512
1541 71.2512
1542 71.2512
1543 71.2512
1544 71.2512
1545 71.2512
1546 71.2512
1547 71.2512
1548 71.2512
1549 70.8553
1550 70.8553
1551 70.8553
1552 70.8553
1553 70.8553
1554 70.8553
1555 70.8553
1556 70.8553
1557 70.8553
1558 70.8553
1559 70.8553
1560 70.8553
1561 70.8553
1562 70.8553
1563 70.8553
1564 70.8553
1565 70.8553
1566 70.8553
1567 70.8553
1568 70.8553
1569 70.8553
1570 70.5763
1571 70.5763
1572 70.5763
1573 70.3959
1574 70.3959
1575 70.3959
1576 70.3959
1577 70.3959
1578 70.3959
1579 70.3959
1580 70.3959
1581 70.3959
1582 70.3959
1583 70.3959
1584 70.3959
1585 70.3959
1586 70.3959
1587 70.3959
1588 70.3959
1589 70.3959
1590 70.3959
1591 70.3959
1592 70.3959
1593 70.3959
1594 70.3959
1595 70.3959
1596 70.3959
1597 70.3959
1598 70.3959
1599 70.3959
1600 70.3959
1601 70.3959
1602 70.3959
1603 70.3959
1604 70.3959
1605 70.3959
1606 70.3959
1607 70.3959
1608 70.3959
1609 70.3959
1610 70.3959
1611 70.3959
1612 70.3959
1613 70.3959
1614 70.3959
1615 70.3959
1616 70.3959
1617 70.3959
1618 70.3959
1619 70.3959
1620 70.3959
1621 70.3959
1622 70.3959
1623 70.3959
1624 70.3959
1625 70.3959
1626 70.3959
1627 70.3959
1628 70.3959
1629 70.3959
1630 70.3959
1631 70.3959
1632 70.3959
1633 70.3959
1634 70.3959
1635 70.3585
1636 70.3585
1637 70.3585
1638 70.3585
1639 70.3585
1640 70.3585
1641 70.3585
1642 70.3585
1643 70.3585
1644 70.3585
1645 70.3585
1646 70.3585
1647 70.3585
1648 70.3585
1649 70.3585
1650 70.3585
1651 70.3585
1652 70.3585
1653 70.3585
1654 70.3585
1655 70.3585
1656 70.3585
1657 70.3585
1658 70.3585
1659 70.3585
1660 70.3585
1661 70.3585
1662 70.3585
1663 70.3585
1664 70.3585
1665 70.3585
1666 70.3585
1667 70.3585
1668 70.3585
1669 70.3585
1670 70.3585
1671 70.3585
1672 70.3585
1673 70.3585
1674 70.3585
1675 70.3585
1676 70.3585
1677 70.3585
1678 70.3585
1679 70.3585
1680 70.3585
1681 70.3585
1682 70.3585
1683 70.3585
1684 70.3585
1685 70.3585
1686 70.3585
1687 70.3585
1688 70.3585
1689 70.3585
1690 69.8848
1691 69.8848
1692 69.8848
1693 69.8848
1694 69.8848
1695 69.8848
1696 69.8848
1697 69.8848
1698 69.8848
1699 69.8848
1700 69.8848
1701 69.8848
1702 69.6282
1703 69.6282
1704 69.6282
1705 69.6282
1706 69.6282
1707 69.6282
1708 69.6282
1709 69.6282
1710 69.6282
1711 69.6282
1712 69.6282
1713 69.6282
1714 69.6282
1715 69.6282
1716 69.6282
1717 69.6282
1718 69.6282
1719 69.6282
1720 69.6282
1721 69.6282
1722 69.6282
1723 69.6282
1724 69.6282
1725 69.6282
1726 69.6282
1727 69.6282
1728 69.6282
1729 69.6282
1730 69.6282
1731 69.6282
1732 69.6282
1733 69.6282
1734 69.6282
1735 69.6282
1736 69.6282
1737 69.6282
1738 69.6282
1739 69.6282
1740 69.6282
1741 69.6282
1742 69.6282
1743 69.6282
1744 69.6282
1745 69.6282
1746 69.6282
1747 69.6282
1748 69.6282
1749 69.6282
1750 69.5724
1751 69.5724
1752 69.5724
1753 69.5724
1754 69.5724
1755 69.5724
1756 69.5724
1757 69.5724
1758 69.5724
1759 69.5724
1760 69.5724
1761 69.5724
1762 69.5724
1763 69.5724
1764 69.5724
1765 69.5724
1766 69.5724
1767 69.5724
1768 69.5724
1769 69.5724
1770 69.5724
1771 69.5724
1772 69.5724
1773 69.5724
1774 69.5724
1775 69.5724
1776 69.5724
1777 69.5724
1778 69.5724
1779 69.5724
1780 69.5724
1781 69.5724
1782 69.5724
1783 69.5724
1784 69.5724
1785 69.5724
1786 69.5724
1787 69.5724
1788 69.5724
1789 69.5724
1790 69.5724
1791 69.5724
1792 69.5724
1793 69.5724
1794 69.5724
1795 69.5724
1796 69.5724
1797 69.5724
1798 69.5724
1799 69.5724
1800 69.5724
1801 69.5724
1802 69.5724
1803 69.5724
1804 69.5724
1805 69.5724
1806 69.5724
1807 69.5724
1808 69.5724
1809 69.5724
1810 69.5724
1811 69.5724
1812 69.5724
1813 69.5724
1814 69.5724
1815 69.5724
1816 69.5724
1817 69.5724
1818 69.5724
1819 69.5724
1820 69.5724
1821 69.5724
1822 69.5724
1823 69.5724
1824 69.5724
1825 69.5724
1826 69.5724
1827 69.5724
1828 69.5724
1829 69.5724
1830 69.5724
1831 69.5724
1832 69.5724
1833 69.5724
1834 69.5724
1835 69.5724
1836 69.5724
1837 69.5724
1838 69.5285
1839 69.5285
1840 69.5285
1841 69.5285
1842 69.5285
1843 69.5285
1844 69.5285
1845 69.5285
1846 69.5285
1847 69.5285
1848 69.5285
1849 69.5285
1850 69.5285
1851 69.5285
1852 69.5285
1853 69.5285
1854 69.5285
1855 69.5285
1856 69.5285
1857 69.5285
1858 69.5285
1859 69.5285
1860 69.5285
1861 69.5285
1862 69.5285
1863 69.5285
1864 69.5285
1865 69.5285
1866 69.5285
1867 69.5285
1868 69.5285
1869 69.5285
1870 69.5285
1871 69.5285
1872 69.5285
1873 69.5285
1874 69.5285
1875 69.5285
1876 69.5285
1877 69.5285
1878 69.5285
1879 69.5285
1880 69.5285
1881 69.5285
1882 69.5285
1883 69.5285
1884 69.5285
1885 69.5285
1886 69.5285
1887 69.5285
1888 69.5285
1889 69.5285
1890 69.5285
1891 69.5285
1892 69.5285
1893 69.5285
1894 69.5285
1895 69.5285
1896 69.5285
1897 69.5285
1898 69.5285
1899 69.5285
1900 69.5285
1901 69.5285
1902 69.5285
1903 69.5285
1904 69.5285
1905 69.5285
1906 69.5285
1907 69.5285
1908 69.5285
1909 69.5285
1910 69.5285
1911 69.5285
1912 69.5285
1913 69.5285
1914 69.5285
1915 69.5285
1916 69.5285
1917 69.5285
1918 69.5285
1919 69.5285
1920 69.5285
1921 69.5285
1922 69.5285
1923 69.5285
1924 69.5285
1925 69.5285
1926 69.5285
1927 69.5285
1928 69.5285
1929 69.5285
1930 69.5285
1931 69.5285
1932 69.5285
1933 69.5285
1934 69.5285
1935 69.5285
1936 69.5285
1937 69.5285
1938 69.5285
1939 69.5285
1940 69.5285
1941 69.5285
1942 69.5285
1943 69.5285
1944 69.5285
1945 69.5285
1946 69.5285
1947 69.5285
1948 69.5285
1949 69.5285
1950 69.5285
1951 69.5285
1952 69.5285
1953 69.5285
1954 69.5285
1955 69.5285
1956 69.5285
1957 69.5285
1958 69.5285
1959 69.5285
1960 69.5285
1961 69.5285
1962 69.5285
1963 69.5285
1964 69.5285
1965 69.5285
1966 69.5285
1967 69.5285
1968 69.5285
1969 69.5285
1970 69.5285
1971 69.5285
1972 69.5285
1973 69.5285
1974 69.5285
1975 69.5285
1976 69.5285
1977 69.5285
1978 69.5285
1979 69.5285
1980 69.5285
1981 69.5285
1982 69.5285
1983 69.5285
1984 69.5285
1985 69.5285
1986 69.5285
1987 69.5285
1988 69.5285
1989 69.5285
1990 69.5285
1991 69.5285
1992 69.5285
1993 69.5285
1994 69.5285
1995 69.5285
1996 69.5285
1997 69.5285
1998 69.5285
1999 69.5285
2000 69.5285
2001 69.5285
2002 69.5285
2003 69.5285
2004 69.5285
2005 69.5285
2006 69.5285
2007 69.5285
2008 69.5285
2009 69.5285
2010 69.5285
2011 69.5285
2012 69.5285
2013 69.5285
2014 69.5285
2015 69.5285
2016 69.5285
2017 69.5285
2018 69.5285
2019 69.5285
2020 69.5285
2021 69.5285
2022 69.5285
2023 69.5285
2024 69.5285
2025 69.5285
2026 69.5285
2027 69.5285
2028 69.5285
2029 69.3497
2030 69.3497
2031 69.3497
2032 69.3497
2033 69.3497
2034 69.3497
2035 69.3497
2036 69.3497
2037 69.3497
2038 69.3497
2039 69.3497
2040 69.3497
2041 69.3497
2042 69.3497
2043 69.3497
2044 69.3497
2045 69.3497
2046 69.3497
2047 69.3497
2048 69.3497
2049 69.3497
2050 69.3497
2051 69.3497
2052 69.3497
2053 69.3497
2054 69.3497
2055 69.3497
2056 69.3497
2057 69.3497
2058 69.3497
2059 69.3497
2060 69.3497
2061 69.3497
2062 69.3497
2063 69.3497
2064 69.3497
2065 69.3497
2066 69.3497
2067 69.3497
2068 69.3497
2069 69.3497
2070 69.3497
2071 69.3497
2072 69.3497
2073 69.3497
2074 69.3497
2075 69.3497
2076 69.3497
2077 69.3497
2078 69.3497
2079 69.3497
2080 69.3497
2081 69.3497
2082 69.3497
2083 69.3497
2084 69.3497
2085 69.3497
2086 69.3497
2087 69.3497
2088 69.3497
2089 69.3497
2090 69.3497
2091 69.3497
2092 69.3497
2093 69.3497
2094 69.3497
2095 69.3497
2096 69.3497
2097 69.3497
2098 69.3497
2099 69.3497
2100 69.3497
2101 69.3497
2102 69.3497
2103 69.3497
2104 69.3497
2105 69.3497
2106 69.3497
2107 69.3497
2108 69.3497
2109 69.3497
2110 69.3497
2111 69.3497
2112 69.3497
2113 69.3497
2114 69.3497
2115 69.3497
2116 69.3497
2117 69.3497
2118 69.3497
2119 69.3497
2120 69.3497
2121 69.3497
2122 69.3497
2123 69.3497
2124 69.3497
2125 69.3497
2126 69.3497
2127 69.3497
2128 69.3497
2129 69.3497
2130 69.3497
2131 69.3497
2132 69.3497
2133 69.3497
2134 69.3497
2135 69.3497
2136 69.3497
2137 69.3497
2138 69.3497
2139 69.3497
2140 69.3497
2141 69.3497
2142 69.3497
2143 69.3497
2144 69.3497
2145 69.3497
2146 69.3497
2147 69.3497
2148 69.3497
2149 69.3497
2150 69.3497
2151 69.3497
2152 69.3497
2153 69.3497
2154 69.3497
2155 69.3497
2156 69.3497
2157 69.3497
2158 69.3497
2159 69.3497
2160 69.3497
2161 69.3497
2162 69.3497
2163 69.3497
2164 69.3497
2165 69.3497
2166 69.3497
2167 69.3497
2168 69.3497
2169 69.3497
2170 69.3497
2171 69.3497
2172 69.3497
2173 69.3497
2174 69.3497
2175 69.3497
2176 69.3497
2177 69.3497
2178 69.3497
2179 69.3497
2180 69.3497
2181 69.3497
2182 69.3497
2183 69.3497
2184 69.3497
2185 69.3497
2186 69.3497
2187 69.3497
2188 69.3497
2189 69.3497
2190 69.3497
2191 69.3497
2192 69.3497
2193 69.3497
2194 69.3497
2195 69.3497
2196 69.3497
2197 69.3497
2198 69.3497
2199 69.3497
2200 69.3497
2201 69.3497
2202 69.3497
2203 69.3497
2204 69.3497
2205 69.3497
2206 69.3497
2207 69.3497
2208 69.3497
2209 69.3497
2210 69.3497
2211 69.3497
2212 69.3497
2213 69.3497
2214 69.3497
2215 69.3497
2216 69.3497
2217 69.3497
2218 69.3497
2219 69.3497
2220 69.3497
2221 69.3497
2222 69.3497
2223 69.3497
2224 69.3497
2225 69.3497
2226 69.3497
2227 69.3497
2228 69.3497
2229 69.3497
2230 69.3497
2231 69.3497
2232 69.3497
2233 69.3497
2234 69.3497
2235 69.3497
2236 69.3497
2237 69.3497
2238 69.3497
2239 69.3497
2240 69.3497
2241 69.3497
2242 69.3497
2243 69.3497
2244 69.3497
2245 69.3497
2246 69.3497
2247 69.3497
2248 69.3497
2249 69.3497
2250 69.3497
2251 69.3497
2252 69.3497
2253 69.3497
2254 69.3497
2255 69.3497
2256 69.3497
2257 69.3497
2258 69.3497
2259 69.3497
2260 69.3497
2261 69.3497
2262 69.3497
2263 69.3497
2264 69.3497
2265 69.3497
2266 69.3497
2267 69.3497
2268 69.3497
2269 69.3497
2270 69.3497
2271 69.3497
2272 69.3497
2273 69.3497
2274 69.3497
2275 69.3497
2276 69.3497
2277 69.3497
2278 69.3497
2279 69.3497
2280 69.3497
2281 69.3497
2282 69.3497
2283 69.3497
2284 69.3497
2285 69.3497
2286 69.3497
2287 69.3497
2288 69.3497
2289 69.3497
2290 69.3497
2291 69.3497
2292 69.3497
2293 69.3497
2294 69.3497
2295 69.3497
2296 69.3497
2297 69.3497
2298 69.3497
2299 69.3497
2300 69.3497
2301 69.3497
2302 69.3497
2303 69.3497
2304 69.3497
2305 69.3497
2306 69.3497
2307 69.3497
2308 69.3497
2309 69.3497
2310 69.3497
2311 69.3497
2312 69.3497
2313 69.3497
2314 69.3497
2315 69.3497
2316 69.3497
2317 69.3497
2318 69.3497
2319 69.3497
2320 69.3497
2321 69.3497
2322 69.3497
2323 69.3497
2324 69.3497
2325 69.3497
2326 69.3497
2327 69.3497
2328 69.3497
2329 69.3497
2330 69.3497
2331 69.3497
2332 69.3497
2333 69.3497
2334 69.3497
2335 69.3497
2336 69.3497
2337 69.3497
2338 69.3497
2339 69.3497
2340 69.3497
2341 69.3497
2342 69.3497
2343 69.3497
2344 69.3497
2345 69.3497
2346 69.3497
2347 69.3497
2348 69.3497
2349 69.3497
2350 69.3497
2351 69.3497
2352 69.3497
2353 69.3497
2354 69.3497
2355 69.3497
2356 69.3497
2357 69.3497
2358 69.3497
2359 69.3497
2360 69.3497
2361 69.3497
2362 69.3497
2363 69.3497
2364 69.3497
2365 69.3497
2366 69.3497
2367 69.3497
2368 69.3497
2369 69.3497
2370 69.3497
2371 69.3497
2372 69.3497
2373 69.3497
2374 69.3497
2375 69.3497
2376 69.3497
2377 69.3497
2378 69.3497
2379 69.3497
2380 69.3497
2381 69.3497
2382 69.3497
2383 69.3497
2384 69.3497
2385 69.3497
2386 69.3497
2387 69.3497
2388 69.3497
2389 69.3497
2390 69.3497
2391 69.3497
2392 69.3497
2393 69.3497
2394 69.3497
2395 69.3497
2396 69.3497
2397 69.3497
2398 69.3497
2399 69.3497
2400 69.3497
2401 69.3497
2402 69.3497
2403 69.3497
2404 69.3497
2405 69.3497
2406 69.3497
2407 69.3497
2408 69.3497
2409 69.3497
2410 69.3497
2411 69.3497
2412 69.3497
2413 69.3497
2414 69.3497
2415 69.3497
2416 69.3497
2417 69.3497
2418 69.3497
2419 69.3497
2420 69.3497
2421 69.3497
2422 69.3497
2423 69.3497
2424 69.3497
2425 69.3497
2426 69.3497
2427 69.3497
2428 69.3497
2429 69.3497
2430 69.3497
2431 69.3497
2432 69.3497
2433 69.3497
2434 69.3497
2435 69.3497
2436 69.3497
2437 69.3497
2438 69.3497
2439 69.3497
2440 69.3497
2441 69.3497
2442 69.3497
2443 69.3497
2444 69.3497
2445 69.3497
2446 69.3497
2447 69.3497
2448 69.3497
2449 69.3497
2450 69.3497
2451 69.3497
2452 69.3497
2453 69.3497
2454 69.3497
2455 69.3497
2456 69.3497
2457 69.3497
2458 69.3497
2459 69.3497
2460 69.3497
2461 69.3497
2462 69.3497
2463 69.3497
2464 69.3497
2465 69.3497
2466 69.3497
2467 69.3497
2468 69.3497
2469 69.3497
2470 69.3497
2471 69.3497
2472 69.3497
2473 69.3497
2474 69.3497
2475 69.3497
2476 69.3497
2477 69.3497
2478 69.3497
2479 69.3497
2480 69.3497
2481 69.3497
2482 69.3497
2483 69.3497
2484 69.3497
2485 69.3497
2486 69.3497
2487 69.3497
2488 69.3497
2489 69.3497
2490 69.3497
2491 69.3497
2492 69.3497
2493 69.3497
2494 69.3497
2495 69.3497
2496 69.3497
2497 69.3497
2498 69.3497
2499 69.3497
2500 69.3497
2501 69.3497
2502 69.3497
2503 69.3497
2504 69.3497
2505 69.3497
2506 69.3497
2507 69.3497
2508 69.3497
2509 69.3497
2510 69.3497
2511 69.3497
2512 69.3497
2513 69.3497
2514 69.3497
2515 69.3497
2516 69.3497
2517 69.3497
2518 69.3497
2519 69.3497
2520 69.3497
2521 69.3497
2522 69.3497
2523 69.3497
2524 69.3497
2525 69.3497
2526 69.3497
2527 69.3497
2528 69.3497
2529 69.3497
2530 69.3497
2531 69.3497
2532 69.3497
2533 69.3497
2534 69.3497
2535 69.3497
2536 69.3497
2537 69.3497
2538 69.3497
2539 69.3497
2540 69.3497
2541 69.3497
2542 69.3497
2543 69.3497
2544 69.3497
2545 69.3497
2546 69.3497
2547 69.3497
2548 69.3497
2549 69.3497
2550 69.3497
2551 69.3497
2552 69.3497
2553 69.3497
2554 69.3497
2555 69.3497
2556 69.3497
2557 69.3497
2558 69.3497
2559 69.3497
2560 69.3497
2561 69.3497
2562 69.3497
2563 69.3497
2564 69.3497
2565 69.3497
2566 69.3497
2567 69.3497
2568 69.3497
2569 69.3497
2570 69.3497
2571 69.3497
2572 69.3497
2573 69.3497
2574 69.3497
2575 69.3497
2576 69.3497
2577 69.3497
2578 69.3497
2579 69.3497
2580 69.3497
2581 69.3497
2582 69.3497
2583 69.3497
2584 69.3497
2585 69.3497
2586 69.3497
2587 69.3497
2588 69.3497
2589 69.3497
2590 69.3497
2591 69.3497
2592 69.3497
2593 69.3497
2594 69.3497
2595 69.3497
2596 69.3497
2597 69.3497
2598 69.3497
2599 69.3497
2600 69.3497
2601 69.3497
2602 69.3497
2603 69.3497
2604 69.3497
2605 69.3497
2606 69.3497
2607 69.3497
2608 69.3497
2609 69.3497
2610 69.3497
2611 69.3497
2612 69.3497
2613 69.3497
2614 69.3497
2615 69.3497
2616 69.3497
2617 69.3497
2618 69.3497
2619 69.3497
2620 69.3497
2621 69.3497
2622 69.3497
2623 69.3497
2624 69.3497
2625 69.3497
2626 69.3497
2627 69.3497
2628 69.3497
2629 69.3497
2630 69.3497
2631 69.3497
2632 69.3497
2633 69.3497
2634 69.3497
2635 69.3497
2636 69.3497
2637 69.3497
2638 69.3497
2639 69.3497
2640 69.3497
2641 69.3497
2642 69.3497
2643 69.3497
2644 69.3497
2645 69.3497
2646 69.3497
2647 69.3497
2648 69.3497
2649 69.3497
2650 69.3497
2651 69.3497
2652 69.3497
2653 69.3497
2654 69.3497
2655 69.3497
2656 69.3497
2657 69.3497
2658 69.3497
2659 69.3497
2660 69.3497
2661 69.3497
2662 69.3497
2663 69.3497
2664 69.3497
2665 69.3497
2666 69.3497
2667 69.3497
2668 69.3497
2669 69.3497
2670 69.3497
2671 69.3497
2672 69.3497
2673 69.3497
2674 69.3497
2675 69.3497
2676 69.3497
2677 69.3497
2678 69.3497
2679 69.3497
2680 69.3497
2681 69.3497
2682 69.3497
2683 69.3497
2684 69.3497
2685 69.3497
2686 69.3497
2687 69.3497
2688 69.3497
2689 69.3497
2690 69.3497
2691 69.3497
2692 69.3497
2693 69.3497
2694 69.3497
2695 69.3497
2696 69.3497
2697 69.3497
2698 69.3497
2699 69.3497
2700 69.3497
2701 69.3497
2702 69.3497
2703 69.3497
2704 69.3497
2705 69.3497
2706 69.3497
2707 69.3497
2708 69.3497
2709 69.3497
2710 69.3497
2711 69.3497
2712 69.3497
2713 69.3227
2714 69.3227
2715 69.3227
2716 69.3227
2717 69.3227
2718 69.3227
2719 69.3227
2720 69.3227
2721 69.3227
2722 69.3227
2723 69.3227
2724 69.3227
2725 69.3227
2726 69.3227
2727 69.3227
2728 69.3227
2729 69.3227
2730 69.3227
2731 69.3227
2732 69.3227
2733 69.3227
2734 69.3227
2735 69.3227
2736 69.3227
2737 69.3227
2738 69.3227
2739 69.3227
2740 69.3227
2741 69.3227
2742 69.3227
2743 69.3227
2744 69.3227
2745 69.3227
2746 69.3227
2747 69.3227
2748 69.3227
2749 69.3227
2750 69.3227
2751 69.1107
2752 69.1107
2753 69.1107
2754 69.1107
2755 69.1107
2756 69.1107
2757 69.1107
2758 69.1107
2759 69.1107
2760 69.1107
2761 69.1107
2762 69.1107
2763 69.1107
2764 69.1107
2765 69.1107
2766 69.1107
2767 69.1107
2768 69.1107
2769 69.1107
2770 69.1107
2771 69.1107
2772 69.1107
2773 69.1107
2774 69.1107
2775 69.1107
2776 69.1107
2777 69.1107
2778 69.1107
2779 69.1107
2780 69.1107
2781 69.1107
2782 69.1107
2783 69.1107
2784 69.1107
2785 69.1107
2786 69.1107
2787 69.1107
2788 69.1107
2789 69.1107
2790 69.1107
2791 69.1107
2792 69.1107
2793 69.1107
2794 69.1107
2795 69.1107
2796 69.1107
2797 69.1107
2798 69.1107
2799 69.1107
2800 69.1107
2801 69.1107
2802 69.1107
2803 69.1107
2804 69.1107
2805 69.1107
2806 69.1107
2807 69.1107
2808 69.1107
2809 69.1107
2810 69.1107
2811 69.1107
2812 69.1107
2813 69.1107
2814 69.1107
2815 69.1107
2816 69.1107
2817 69.1107
2818 69.1107
2819 69.1107
2820 69.1107
2821 69.1107
2822 69.1107
2823 69.1107
2824 69.1107
2825 69.1107
2826 69.1107
2827 69.1107
2828 69.1107
2829 69.1107
2830 69.1107
2831 69.1107
2832 69.1107
2833 69.1107
2834 69.1107
2835 69.1107
2836 69.1107
2837 69.1107
2838 69.1107
2839 69.1107
2840 69.1107
2841 69.1107
2842 69.1107
2843 69.1107
2844 69.1107
2845 69.1107
2846 69.1107
2847 69.1107
2848 69.1107
2849 69.1107
2850 69.1107
2851 69.1107
2852 69.1107
2853 69.1107
2854 69.1107
2855 69.1107
2856 69.1107
2857 69.1107
2858 69.1107
2859 69.1107
2860 69.1107
2861 69.1107
2862 69.1107
2863 69.1107
2864 69.1107
2865 69.1107
2866 69.1107
2867 69.1107
2868 69.1107
2869 69.1107
2870 69.1107
2871 69.1107
2872 69.1107
2873 69.1107
2874 69.1107
2875 68.956
2876 68.956
2877 68.956
2878 68.956
2879 68.956
2880 68.956
2881 68.956
2882 68.956
2883 68.956
2884 68.956
2885 68.956
2886 68.956
2887 68.956
2888 68.956
2889 68.956
2890 68.956
2891 68.956
2892 68.956
2893 68.956
2894 68.956
2895 68.956
2896 68.956
2897 68.956
2898 68.956
2899 68.956
2900 68.956
2901 68.956
2902 68.956
2903 68.956
2904 68.956
2905 68.956
2906 68.956
2907 68.956
2908 68.956
2909 68.956
2910 68.956
2911 68.956
2912 68.956
2913 68.956
2914 68.956
2915 68.956
2916 68.956
2917 68.956
2918 68.956
2919 68.956
2920 68.956
2921 68.956
2922 68.956
2923 68.956
2924 68.956
2925 68.956
2926 68.956
2927 68.956
2928 68.956
2929 68.956
2930 68.956
2931 68.956
2932 68.956
2933 68.956
2934 68.956
2935 68.956
2936 68.956
2937 68.956
2938 68.956
2939 68.956
2940 68.956
2941 68.956
2942 68.956
2943 68.956
2944 68.956
2945 68.956
2946 68.956
2947 68.956
2948 68.956
2949 68.956
2950 68.956
2951 68.956
2952 68.956
2953 68.956
2954 68.956
2955 68.956
2956 68.956
2957 68.956
2958 68.956
2959 68.956
2960 68.956
2961 68.956
2962 68.956
2963 68.956
2964 68.956
2965 68.956
2966 68.956
2967 68.956
2968 68.956
2969 68.956
2970 68.956
2971 68.956
2972 68.956
2973 68.956
2974 68.956
2975 68.956
2976 68.956
2977 68.956
2978 68.956
2979 68.7535
2980 68.7535
2981 68.7535
2982 68.7535
2983 68.7535
2984 68.7535
2985 68.7535
2986 68.7535
2987 68.7535
2988 68.7535
2989 68.7535
2990 68.7535
2991 68.7535
2992 68.7535
2993 68.7535
2994 68.7535
2995 68.7535
2996 68.7535
2997 68.7535
2998 68.7535
2999 68.7535
3000 68.7535
3001 68.7535
3002 68.7535
3003 68.7535
3004 68.7535
3005 68.7535
3006 68.5855
3007 68.5855
3008 68.5855
3009 68.5855
3010 68.5855
3011 68.5855
3012 68.5855
3013 68.5855
3014 68.5855
3015 68.5855
3016 68.5855
3017 68.5855
3018 68.5855
3019 68.5855
3020 68.5855
3021 68.5855
3022 68.5855
3023 68.5855
3024 68.5855
3025 68.5855
3026 68.5855
3027 68.5855
3028 68.5855
3029 68.5855
3030 68.5855
3031 68.5855
3032 68.5855
3033 68.5855
3034 68.5855
3035 68.5855
3036 68.5855
3037 68.5855
3038 68.5855
3039 68.5855
3040 68.5855
3041 68.5855
3042 68.5855
3043 68.5855
3044 68.5855
3045 68.5855
3046 68.5855
3047 68.5855
3048 68.5855
3049 68.5855
3050 68.5855
3051 68.5855
3052 68.5855
3053 68.5855
3054 68.5855
3055 68.5855
3056 68.5855
3057 68.5855
3058 68.5855
3059 68.5855
3060 68.5855
3061 68.5855
3062 68.5855
3063 68.5855
3064 68.5855
3065 68.5855
3066 68.5855
3067 68.5855
3068 68.5855
3069 68.5855
3070 68.5855
3071 68.5855
3072 68.5855
3073 68.5855
3074 68.5855
3075 68.5855
3076 68.5855
3077 68.5855
3078 68.5855
3079 68.5855
3080 68.5855
3081 68.5855
3082 68.5855
3083 68.5855
3084 68.5855
3085 68.5855
3086 68.5855
3087 68.5855
3088 68.5855
3089 68.5855
3090 68.5855
3091 68.5855
3092 68.5855
3093 68.5855
3094 68.5855
3095 68.5855
3096 68.5855
3097 68.5855
3098 68.5855
3099 68.5855
3100 68.5855
3101 68.5855
3102 68.5855
3103 68.5855
3104 68.5855
3105 68.5855
3106 68.5855
3107 68.3377
3108 68.3377
3109 68.3377
3110 68.3377
3111 68.3377
3112 68.3377
3113 68.3377
3114 68.3377
3115 68.3377
3116 68.3377
3117 68.3377
3118 68.3377
3119 68.3377
3120 68.3377
3121 68.3377
3122 68.3377
3123 68.3377
3124 68.3377
3125 68.3377
3126 68.3377
3127 68.3377
3128 68.3377
3129 68.3377
3130 68.3377
3131 68.3377
3132 68.3377
3133 68.3377
3134 68.3377
3135 68.3377
3136 68.3377
3137 68.3377
3138 68.3377
3139 68.3377
3140 68.3377
3141 68.3377
3142 68.3377
3143 68.3377
3144 68.3377
3145 68.3377
3146 68.3377
3147 68.3377
3148 68.3377
3149 68.3377
3150 68.3377
3151 68.3377
3152 68.3377
3153 68.3377
3154 68.3377
3155 68.3377
3156 68.3377
3157 68.3377
3158 68.3377
3159 68.3377
3160 68.3377
3161 68.3377
3162 68.3377
3163 68.3377
3164 68.3377
3165 68.3377
3166 68.3377
3167 68.3377
3168 68.3377
3169 68.3377
3170 68.3377
3171 68.3377
3172 68.3377
3173 68.3377
3174 68.3377
3175 68.3377
3176 68.3377
3177 68.3377
3178 68.3377
3179 68.3377
3180 68.3377
3181 68.3377
3182 68.3377
3183 68.3377
3184 68.3377
3185 68.3377
3186 68.3377
3187 68.3377
3188 68.3377
3189 68.3377
3190 68.3377
3191 68.3377
3192 68.3377
3193 68.3377
3194 68.3377
3195 68.3377
3196 68.3377
3197 68.3377
3198 68.3377
3199 68.3377
3200 68.3377
3201 68.3377
3202 68.3377
3203 68.3377
3204 68.3377
3205 68.3377
3206 68.3377
3207 68.3377
3208 68.3377
3209 68.3377
3210 68.3377
3211 68.3377
3212 68.3377
3213 68.3377
3214 68.3377
3215 68.3377
3216 68.3377
3217 68.3377
3218 68.3377
3219 68.3377
3220 68.3377
3221 68.3377
3222 68.3377
3223 68.3377
3224 68.3377
3225 68.3377
3226 68.3377
3227 68.3377
3228 68.3377
3229 68.3377
3230 68.3377
3231 68.3377
3232 68.3377
3233 68.3377
3234 68.3377
3235 68.3377
3236 68.3377
3237 68.3377
3238 68.3377
3239 68.3377
3240 68.3377
3241 68.3377
3242 68.3377
3243 68.3377
3244 68.3377
3245 68.3377
3246 68.3377
3247 68.3377
3248 68.3377
3249 68.3377
3250 68.3377
3251 68.3377
3252 68.3377
3253 68.3377
3254 68.3377
3255 68.3377
3256 68.3377
3257 68.3377
3258 68.3377
3259 68.3377
3260 68.3377
3261 68.3377
3262 68.3377
3263 68.3377
3264 68.3377
3265 68.3377
3266 68.3377
3267 68.3377
3268 68.3377
3269 68.3377
3270 68.3377
3271 68.3377
3272 68.3377
3273 68.3377
3274 68.3377
3275 68.3377
3276 68.3377
3277 68.3377
3278 68.3377
3279 68.3377
3280 68.3377
3281 68.3377
3282 68.3377
3283 68.3377
3284 68.3377
3285 68.3377
3286 68.3377
3287 68.3377
3288 68.3377
3289 68.3377
3290 68.3377
3291 68.3377
3292 68.3377
3293 68.3377
3294 68.3377
3295 68.3377
3296 68.3377
3297 68.3377
3298 68.3377
3299 68.3377
3300 68.3377
3301 68.3377
3302 68.3377
3303 68.3377
3304 68.3377
3305 68.3377
3306 68.3377
3307 68.3377
3308 68.3377
3309 68.3377
3310 68.3377
3311 68.3377
3312 68.3377
3313 68.3377
3314 68.3377
3315 68.3377
3316 68.3377
3317 68.3377
3318 68.3377
3319 68.3377
3320 68.3377
3321 68.3377
3322 68.3377
3323 68.3377
3324 68.3377
3325 68.3377
3326 68.3377
3327 68.3377
3328 68.3377
3329 68.3377
3330 68.3377
3331 68.3377
3332 68.3377
3333 68.3377
3334 68.3377
3335 68.3377
3336 68.3377
3337 68.3377
3338 68.3377
3339 68.3377
3340 68.3377
3341 68.3377
3342 68.3377
3343 68.3377
3344 68.3377
3345 68.3377
3346 68.3377
3347 68.3377
3348 68.3377
3349 68.3377
3350 68.3377
3351 68.3377
3352 68.3377
3353 68.3377
3354 68.3377
3355 68.3377
3356 68.3377
3357 68.3377
3358 68.3377
3359 68.3377
3360 68.3377
3361 68.3377
3362 68.3377
3363 68.3377
3364 68.3377
3365 68.3377
3366 68.3377
3367 68.3377
3368 68.3377
3369 68.3377
3370 68.3377
3371 68.3377
3372 68.3377
3373 68.3377
3374 68.3377
3375 68.3377
3376 68.3377
3377 68.3377
3378 68.3377
3379 68.3377
3380 68.3377
3381 68.3377
3382 68.3377
3383 68.3377
3384 68.3377
3385 68.3377
3386 68.3377
3387 68.3377
3388 68.3377
3389 68.3377
3390 68.3377
3391 68.3377
3392 68.3377
3393 68.3377
3394 68.3377
3395 68.3377
3396 68.3377
3397 68.3377
3398 68.3377
3399 68.3377
3400 68.3377
3401 68.3377
3402 68.3377
3403 68.3377
3404 68.3377
3405 68.3377
3406 68.3377
3407 68.3377
3408 68.3377
3409 68.3377
3410 68.3377
3411 68.3377
3412 68.3377
3413 68.3377
3414 68.3377
3415 68.3377
3416 68.3377
3417 68.3377
3418 68.3377
3419 68.3377
3420 68.3377
3421 68.3377
3422 68.3377
3423 68.3377
3424 68.3377
3425 68.3377
3426 68.3377
3427 68.3377
3428 68.3377
3429 68.3377
3430 68.3377
3431 68.3377
3432 68.3377
3433 68.3377
3434 68.3377
3435 68.3377
3436 68.3377
3437 68.3377
3438 68.3377
3439 68.3377
3440 68.3377
3441 68.3377
3442 68.3377
3443 68.3377
3444 68.3377
3445 68.3377
3446 68.3377
3447 68.3377
3448 68.3377
3449 68.3377
3450 68.3377
3451 68.3377
3452 68.3377
3453 68.3377
3454 68.3377
3455 68.3377
3456 68.3377
3457 68.3377
3458 68.3377
3459 68.3377
3460 68.3377
3461 68.3377
3462 68.3377
3463 68.3377
3464 68.3377
3465 68.3377
3466 68.3377
3467 68.3377
3468 68.3377
3469 68.3377
3470 68.3377
3471 68.3377
3472 68.3377
3473 68.3377
3474 68.3377
3475 68.3377
3476 68.3377
3477 68.3377
3478 68.3377
3479 68.3377
3480 68.3377
3481 68.3377
3482 68.3377
3483 68.3377
3484 68.3377
3485 68.3377
3486 68.3377
3487 68.3377
3488 68.3377
3489 68.3377
3490 68.3377
3491 68.3377
3492 68.3377
3493 68.3377
3494 68.3377
3495 68.3377
3496 68.3377
3497 68.3377
3498 68.3377
3499 68.3377
3500 68.3377
3501 68.3377
3502 68.3377
3503 68.3377
3504 68.3377
3505 68.3377
3506 68.3377
3507 68.3377
3508 68.3377
3509 68.3377
3510 68.3377
3511 68.3377
3512 68.3377
3513 68.3377
3514 68.3377
3515 68.3377
3516 68.3377
3517 68.3377
3518 68.3377
3519 68.3377
3520 68.3377
3521 68.3377
3522 68.3377
3523 68.3377
3524 68.3377
3525 68.3377
3526 68.3377
3527 68.3377
3528 68.3377
3529 68.3377
3530 68.3377
3531 68.3377
3532 68.3377
3533 68.3377
3534 68.3377
3535 68.3377
3536 68.3377
3537 68.3377
3538 68.3377
3539 68.3377
3540 68.3377
3541 68.3377
3542 68.3377
3543 68.3377
3544 68.3377
3545 68.3377
3546 68.3377
3547 68.3377
3548 68.3377
3549 68.3377
3550 68.3377
3551 68.3377
3552 68.3377
3553 68.337
3554 68.337
3555 68.337
3556 68.337
3557 68.337
3558 68.337
3559 68.337
3560 68.337
3561 68.337
3562 68.337
3563 68.337
3564 68.337
3565 68.337
3566 68.337
3567 68.337
3568 68.337
3569 68.337
3570 68.337
3571 68.337
3572 68.337
3573 68.337
3574 68.337
3575 68.337
3576 68.337
3577 68.337
3578 68.337
3579 68.337
3580 68.337
3581 68.337
3582 68.337
3583 68.337
3584 68.337
3585 68.337
3586 68.337
3587 68.337
3588 68.337
3589 68.337
3590 68.337
3591 68.337
3592 68.337
3593 68.337
3594 68.337
3595 68.337
3596 68.337
3597 68.337
3598 68.337
3599 68.337
3600 68.337
3601 68.337
3602 68.337
3603 68.337
3604 68.337
3605 68.337
3606 68.337
3607 68.337
3608 68.337
3609 68.337
3610 68.337
3611 68.337
3612 68.337
3613 68.337
3614 68.337
3615 68.337
3616 68.337
3617 68.337
3618 68.337
3619 68.337
3620 68.337
3621 68.337
3622 68.337
3623 68.337
3624 68.337
3625 68.337
3626 68.337
3627 68.337
3628 68.337
3629 68.337
3630 68.337
3631 68.337
3632 68.337
3633 68.337
3634 68.337
3635 68.337
3636 68.337
3637 68.337
3638 68.337
3639 68.337
3640 68.337
3641 68.337
3642 68.337
3643 68.337
3644 68.337
3645 68.337
3646 68.337
3647 68.337
3648 68.337
3649 68.337
3650 68.337
3651 68.337
3652 68.337
3653 68.337
3654 68.337
3655 68.337
3656 68.337
3657 68.337
3658 68.337
3659 68.337
3660 68.337
3661 68.337
3662 68.337
3663 68.337
3664 68.337
3665 68.337
3666 68.337
3667 68.337
3668 68.337
3669 68.337
3670 68.337
3671 68.337
3672 68.337
3673 68.337
3674 68.337
3675 68.337
3676 68.337
3677 68.337
3678 68.337
3679 68.337
3680 68.3011
3681 68.3011
3682 68.3011
3683 68.3011
3684 68.3011
3685 68.3011
3686 68.3011
3687 68.3011
3688 68.3011
3689 68.3011
3690 68.3011
3691 68.3011
3692 68.3011
3693 68.3011
3694 68.3011
3695 68.3011
3696 68.3011
3697 68.3011
3698 68.3011
3699 68.3011
3700 68.3011
3701 68.3011
3702 68.3011
3703 68.3011
3704 68.3011
3705 68.3011
3706 68.3011
3707 68.3011
3708 68.3011
3709 68.3011
3710 68.3011
3711 68.3011
3712 68.3011
3713 68.3011
3714 68.3011
3715 68.3011
3716 68.3011
3717 68.3011
3718 68.3011
3719 68.3011
3720 68.3011
3721 68.3011
3722 68.3011
3723 68.3011
3724 68.3011
3725 68.3011
3726 68.3011
3727 68.3011
3728 68.3011
3729 68.3011
3730 68.3011
3731 68.3011
3732 68.3011
3733 68.3011
3734 68.3011
3735 68.3011
3736 68.3011
3737 68.3011
3738 68.3011
3739 68.3011
3740 68.3011
3741 68.3011
3742 68.3011
3743 68.3011
3744 68.3011
3745 68.3011
3746 68.3011
3747 68.3011
3748 68.3011
3749 68.3011
3750 68.3011
3751 68.3011
3752 68.3011
3753 68.3011
3754 68.3011
3755 68.3011
3756 68.3011
3757 68.3011
3758 68.3011
3759 68.3011
3760 68.3011
3761 68.3011
3762 68.3011
3763 68.3011
3764 68.3011
3765 68.3011
3766 68.3011
3767 68.3011
3768 68.3011
3769 68.3011
3770 68.3011
3771 68.3011
3772 68.3011
3773 68.3011
3774 68.3011
3775 68.3011
3776 68.3011
3777 68.3011
3778 68.3011
3779 68.3011
3780 68.3011
3781 68.3011
3782 68.3011
3783 68.3011
3784 68.3011
3785 68.3011
3786 68.3011
3787 68.3011
3788 68.3011
3789 68.3011
3790 68.3011
3791 68.3011
3792 68.3011
3793 68.3011
3794 68.3011
3795 68.3011
3796 68.3011
3797 68.3011
3798 68.3011
3799 68.3011
3800 68.3011
3801 68.3011
3802 68.3011
3803 68.3011
3804 68.3011
3805 68.3011
3806 68.3011
3807 68.3011
3808 68.3011
3809 68.3011
3810 68.3011
3811 68.3011
3812 68.3011
3813 68.3011
3814 68.3011
3815 68.3011
3816 68.3011
3817 68.3011
3818 68.3011
3819 68.3011
3820 68.3011
3821 68.3011
3822 68.3011
3823 68.3011
3824 68.3011
3825 68.3011
3826 68.3011
3827 68.3011
3828 68.3011
3829 68.3011
3830 68.3011
3831 68.3011
3832 68.3011
3833 68.3011
3834 68.3011
3835 68.3011
3836 68.3011
3837 68.3011
3838 68.3011
3839 68.3011
3840 68.3011
3841 68.3011
3842 68.3011
3843 68.3011
3844 68.3011
3845 68.3011
3846 68.3011
3847 68.3011
3848 68.3011
3849 68.3011
3850 68.3011
3851 68.3011
3852 68.3011
3853 68.3011
3854 68.3011
3855 68.3011
3856 68.3011
3857 68.3011
3858 68.3011
3859 68.3011
3860 68.3011
3861 68.3011
3862 68.3011
3863 68.3011
3864 68.3011
3865 68.3011
3866 68.3011
3867 68.3011
3868 68.3011
3869 68.3011
3870 68.3011
3871 68.3011
3872 68.3011
3873 68.3011
3874 68.3011
3875 68.3011
3876 68.3011
3877 68.3011
3878 68.3011
3879 68.3011
3880 68.3011
3881 68.3011
3882 68.3011
3883 68.3011
3884 68.3011
3885 68.3011
3886 68.3011
3887 68.3011
3888 68.3011
3889 68.3011
3890 68.3011
3891 68.3011
3892 68.3011
3893 68.3011
3894 68.3011
3895 68.3011
3896 68.3011
3897 68.3011
3898 68.3011
3899 68.3011
3900 68.3011
3901 68.3011
3902 68.3011
3903 68.3011
3904 68.3011
3905 68.3011
3906 68.3011
3907 68.3011
3908 68.3011
3909 68.3011
3910 68.3011
3911 68.3011
3912 68.3011
3913 68.3011
3914 68.3011
3915 68.3011
3916 68.3011
3917 68.3011
3918 68.3011
3919 68.3011
3920 68.3011
3921 68.3011
3922 68.3011
3923 68.3011
3924 68.3011
3925 68.3011
3926 68.3011
3927 68.3011
3928 68.3011
3929 68.3011
3930 68.3011
3931 68.3011
3932 68.3011
3933 68.3011
3934 68.3011
3935 68.3011
3936 68.3011
3937 68.3011
3938 68.3011
3939 68.3011
3940 68.3011
3941 68.3011
3942 68.3011
3943 68.3011
3944 68.3011
3945 68.3011
3946 68.3011
3947 68.3011
3948 68.3011
3949 68.3011
3950 68.3011
3951 68.3011
3952 68.3011
3953 68.3011
3954 68.3011
3955 68.3011
3956 68.3011
3957 68.3011
3958 68.3011
3959 68.3011
3960 68.3011
3961 68.3011
3962 68.3011
3963 68.3011
3964 68.3011
3965 68.3011
3966 68.3011
3967 68.3011
3968 68.3011
3969 68.3011
3970 68.3011
3971 68.3011
3972 68.3011
3973 68.3011
3974 68.3011
3975 68.3011
3976 68.3011
3977 68.3011
3978 68.3011
3979 68.3011
3980 68.3011
3981 68.3011
3982 68.3011
3983 68.3011
3984 68.3011
3985 68.3011
3986 68.3011
3987 68.3011
3988 68.3011
3989 68.3011
3990 68.3011
3991 68.3011
3992 68.3011
3993 68.3011
3994 68.3011
3995 68.3011
3996 68.3011
3997 68.3011
3998 68.3011
3999 68.3011
4000 68.3011
4001 68.3011
4002 68.3011
4003 68.3011
4004 68.3011
4005 68.3011
4006 68.3011
4007 68.3011
4008 68.3011
4009 68.3011
4010 68.3011
4011 68.3011
4012 68.3011
4013 68.3011
4014 68.3011
4015 68.3011
4016 68.3011
4017 68.3011
4018 68.3011
4019 68.3011
4020 68.3011
4021 68.3011
4022 68.3011
4023 68.3011
4024 68.3011
4025 68.3011
4026 68.3011
4027 68.3011
4028 68.3011
4029 68.3011
4030 68.3011
4031 68.3011
4032 68.3011
4033 68.3011
4034 68.3011
4035 68.3011
4036 68.3011
4037 68.3011
4038 68.3011
4039 68.3011
4040 68.3011
4041 68.3011
4042 68.3011
4043 68.3011
4044 68.3011
4045 68.3011
4046 68.3011
4047 68.3011
4048 68.3011
4049 68.3011
4050 68.3011
4051 68.3011
4052 68.3011
4053 68.3011
4054 68.3011
4055 68.3011
4056 68.3011
4057 68.3011
4058 68.3011
4059 68.3011
4060 68.3011
4061 68.3011
4062 68.3011
4063 68.3011
4064 68.3011
4065 68.3011
4066 68.3011
4067 68.3011
4068 68.3011
4069 68.3011
4070 68.3011
4071 68.3011
4072 68.3011
4073 68.3011
4074 68.3011
4075 68.3011
4076 68.3011
4077 68.3011
4078 68.3011
4079 68.3011
4080 68.292
4081 68.292
4082 68.292
4083 68.292
4084 68.292
4085 68.292
4086 68.292
4087 68.292
4088 68.292
4089 68.292
4090 68.292
4091 68.292
4092 68.292
4093 68.292
4094 68.292
4095 68.292
4096 68.292
4097 68.292
4098 68.292
4099 68.292
4100 68.292
4101 68.292
4102 68.292
4103 68.292
4104 68.292
4105 68.292
4106 68.292
4107 68.292
4108 68.292
4109 68.292
4110 68.292
4111 68.292
4112 68.292
4113 68.292
4114 68.292
4115 68.292
4116 68.2253
4117 68.2253
4118 68.2253
4119 68.2253
4120 68.2253
4121 68.2253
4122 68.2253
4123 67.9178
4124 67.9178
4125 68.2253
4126 67.9178
4127 67.851
4128 67.851
4129 67.851
4130 67.851
4131 67.851
4132 67.851
4133 67.851
4134 67.851
4135 67.851
4136 67.851
4137 67.851
4138 67.851
4139 67.851
4140 67.851
4141 67.851
4142 67.851
4143 67.851
4144 67.851
4145 67.851
4146 67.851
4147 67.851
4148 67.851
4149 67.851
4150 67.851
4151 67.851
4152 67.851
4153 67.851
4154 67.851
4155 67.851
4156 67.851
4157 67.851
4158 67.851
4159 67.851
4160 67.851
4161 67.851
4162 67.851
4163 67.851
4164 67.851
4165 67.851
4166 67.851
4167 67.851
4168 67.851
4169 67.851
4170 67.851
4171 67.851
4172 67.851
4173 67.851
4174 67.851
4175 67.851
4176 67.851
4177 67.851
4178 67.851
4179 67.851
4180 67.851
4181 67.851
4182 67.851
4183 67.851
4184 67.851
4185 67.851
4186 67.851
4187 67.851
4188 67.851
4189 67.851
4190 67.851
4191 67.851
4192 67.851
4193 67.851
4194 67.851
4195 67.851
4196 67.851
4197 67.851
4198 67.851
4199 67.851
4200 67.851
4201 67.851
4202 67.851
4203 67.851
4204 67.851
4205 67.851
4206 67.851
4207 67.851
4208 67.851
4209 67.851
4210 67.851
4211 67.851
4212 67.851
4213 67.851
4214 67.851
4215 67.851
4216 67.851
4217 67.851
4218 67.851
4219 67.851
4220 67.851
4221 67.851
4222 67.851
4223 67.851
4224 67.851
4225 67.851
4226 67.851
4227 67.851
4228 67.851
4229 67.851
4230 67.851
4231 67.851
4232 67.851
4233 67.851
4234 67.851
4235 67.6612
4236 67.6612
4237 67.6612
4238 67.6612
4239 67.6612
4240 67.6612
4241 67.6612
4242 67.6612
4243 67.6612
4244 67.6612
4245 67.6612
4246 67.6612
4247 67.6612
4248 67.6612
4249 67.6612
4250 67.6612
4251 67.6612
4252 67.6612
4253 67.6612
4254 67.6612
4255 67.6612
4256 67.6612
4257 67.6612
4258 67.6612
4259 67.6612
4260 67.6612
4261 67.6612
4262 67.6612
4263 67.6612
4264 67.6612
4265 67.6612
4266 67.6612
4267 67.6612
4268 67.6612
4269 67.6612
4270 67.6612
4271 67.6612
4272 67.6612
4273 67.6612
4274 67.6612
4275 67.6612
4276 67.6612
4277 67.6612
4278 67.6612
4279 67.6612
4280 67.6612
4281 67.6612
4282 67.6612
4283 67.6612
4284 67.6612
4285 67.6612
4286 67.6612
4287 67.6612
4288 67.6612
4289 67.6612
4290 67.6612
4291 67.6612
4292 67.6612
4293 67.6612
4294 67.6612
4295 67.6612
4296 67.6612
4297 67.6612
4298 67.6612
4299 67.6612
4300 67.6612
4301 67.6612
4302 67.6612
4303 67.6612
4304 67.6612
4305 67.6612
4306 67.6612
4307 67.6612
4308 67.6612
4309 67.6612
4310 67.6612
4311 67.6612
4312 67.6612
4313 67.6612
4314 67.6612
4315 67.6612
4316 67.6612
4317 67.6612
4318 67.6612
4319 67.6612
4320 67.6612
4321 67.6612
4322 67.6612
4323 67.6612
4324 67.6612
4325 67.6612
4326 67.6612
4327 67.6612
4328 67.6612
4329 67.6612
4330 67.6612
4331 67.6612
4332 67.6612
4333 67.6612
4334 67.6612
4335 67.6612
4336 67.6612
4337 67.6612
4338 67.6612
4339 67.6612
4340 67.6612
4341 67.6612
4342 67.6612
4343 67.6612
4344 67.6612
4345 67.6612
4346 67.6612
4347 67.6612
4348 67.6612
4349 67.6612
4350 67.6612
4351 67.6612
4352 67.6612
4353 67.6612
4354 67.6612
4355 67.6612
4356 67.6612
4357 67.6612
4358 67.6612
4359 67.6612
4360 67.6612
4361 67.6612
4362 67.4898
4363 67.4898
4364 67.4898
4365 67.4898
4366 67.4898
4367 67.4898
4368 67.4898
4369 67.4898
4370 67.4898
4371 67.4898
4372 67.4898
4373 67.4898
4374 67.4898
4375 67.4898
4376 67.4898
4377 67.4898
4378 67.4898
4379 67.4898
4380 67.4898
4381 67.4898
4382 67.4898
4383 67.4898
4384 67.4898
4385 67.4898
4386 67.4898
4387 67.4898
4388 67.4898
4389 67.4898
4390 67.4898
4391 67.4898
4392 67.4898
4393 67.4898
4394 67.4898
4395 67.4898
4396 67.4898
4397 67.4898
4398 67.4898
4399 67.4898
4400 67.4898
4401 67.4898
4402 67.4898
4403 67.4898
4404 67.4898
4405 67.4898
4406 67.4898
4407 67.4898
4408 67.4898
4409 67.4898
4410 67.4898
4411 67.4898
4412 67.4898
4413 67.4898
4414 67.4898
4415 67.4898
4416 67.4898
4417 67.4898
4418 67.4898
4419 67.4898
4420 67.4898
4421 67.4898
4422 67.4898
4423 67.4898
4424 67.4898
4425 67.4898
4426 67.4898
4427 67.4898
4428 67.4898
4429 67.4898
4430 67.4898
4431 67.4898
4432 67.4898
4433 67.4898
4434 67.4898
4435 67.4898
4436 67.4898
4437 67.4898
4438 67.4898
4439 67.4898
4440 67.4898
4441 67.4898
4442 67.4898
4443 67.4898
4444 67.4898
4445 67.4898
4446 67.4898
4447 67.4898
4448 67.4898
4449 67.4898
4450 67.4898
4451 67.4898
4452 67.4898
4453 67.4898
4454 67.4898
4455 67.4898
4456 67.4898
4457 67.4898
4458 67.4898
4459 67.4898
4460 67.4898
4461 67.4898
4462 67.4898
4463 67.4898
4464 67.4898
4465 67.4898
4466 67.4898
4467 67.4898
4468 67.4898
4469 67.4898
4470 67.4898
4471 67.4898
4472 67.4898
4473 67.4898
4474 67.4898
4475 67.4898
4476 67.4898
4477 67.4898
4478 67.4898
4479 67.4898
4480 67.4898
4481 67.4898
4482 67.4898
4483 67.4898
4484 67.4898
4485 67.4898
4486 67.4898
4487 67.4898
4488 67.4898
4489 67.4898
4490 67.4898
4491 67.4898
4492 67.4898
4493 67.4898
4494 67.4898
4495 67.4898
4496 67.4898
4497 67.4898
4498 67.4898
4499 67.4898
4500 67.4898
4501 67.4898
4502 67.4898
4503 67.4898
4504 67.4898
4505 67.4898
4506 67.4898
4507 67.4898
4508 67.4898
4509 67.4898
4510 67.4898
4511 67.4898
4512 67.4898
4513 67.4898
4514 67.4898
4515 67.4898
4516 67.4898
4517 67.4898
4518 67.4898
4519 67.4898
4520 67.4898
4521 67.4898
4522 67.4898
4523 67.4898
4524 67.4898
4525 67.4898
4526 67.4898
4527 67.4898
4528 67.4898
4529 67.4898
4530 67.4898
4531 67.4898
4532 67.4898
4533 67.4898
4534 67.4898
4535 67.4898
4536 67.4898
4537 67.4898
4538 67.4898
4539 67.4898
4540 67.4898
4541 67.4898
4542 67.4898
4543 67.4898
4544 67.4898
4545 67.4898
4546 67.4898
4547 67.4898
4548 67.4898
4549 67.4898
4550 67.4898
4551 67.4898
4552 67.4898
4553 67.4898
4554 67.4898
4555 67.4898
4556 67.4898
4557 67.4898
4558 67.4898
4559 67.4898
4560 67.4898
4561 67.4898
4562 67.4898
4563 67.4898
4564 67.4898
4565 67.4898
4566 67.4898
4567 67.4898
4568 67.4898
4569 67.4898
4570 67.4898
4571 67.4898
4572 67.4898
4573 67.4898
4574 67.4898
4575 67.4898
4576 67.4898
4577 67.4898
4578 67.4898
4579 67.4898
4580 67.4898
4581 67.4898
4582 67.4898
4583 67.4898
4584 67.4898
4585 67.4898
4586 67.4898
4587 67.4898
4588 67.4898
4589 67.4898
4590 67.4898
4591 67.4898
4592 67.4898
4593 67.4898
4594 67.4898
4595 67.4898
4596 67.4898
4597 67.4898
4598 67.4898
4599 67.4898
4600 67.4898
4601 67.4898
4602 67.4898
4603 67.4898
4604 67.4898
4605 67.4898
4606 67.4898
4607 67.4898
4608 67.4898
4609 67.4898
4610 67.4898
4611 67.4898
4612 67.4898
4613 67.4898
4614 67.4898
4615 67.4898
4616 67.4898
4617 67.4898
4618 67.4898
4619 67.4898
4620 67.4898
4621 67.4898
4622 67.4898
4623 67.4898
4624 67.4898
4625 67.4898
4626 67.4898
4627 67.4898
4628 67.4898
4629 67.4898
4630 67.4898
4631 67.4898
4632 67.4898
4633 67.4898
4634 67.4898
4635 67.4898
4636 67.4898
4637 67.4898
4638 67.4898
4639 67.4898
4640 67.4898
4641 67.4898
4642 67.4898
4643 67.4898
4644 67.4898
4645 67.4898
4646 67.4898
4647 67.4898
4648 67.4898
4649 67.4898
4650 67.4898
4651 67.4898
4652 67.4898
4653 67.4898
4654 67.4898
4655 67.4898
4656 67.4898
4657 67.4898
4658 67.4898
4659 67.4898
4660 67.4898
4661 67.4898
4662 67.4898
4663 67.4898
4664 67.4898
4665 67.4898
4666 67.4898
4667 67.4898
4668 67.4898
4669 67.4898
4670 67.4898
4671 67.4898
4672 67.4898
4673 67.4898
4674 67.4898
4675 67.4898
4676 67.4898
4677 67.4898
4678 67.4898
4679 67.4898
4680 67.4898
4681 67.4898
4682 67.4898
4683 67.4898
4684 67.4898
4685 67.4898
4686 67.4898
4687 67.4898
4688 67.4898
4689 67.4898
4690 67.4898
4691 67.4898
4692 67.4898
4693 67.4898
4694 67.4898
4695 67.4898
4696 67.4898
4697 67.4898
4698 67.4898
4699 67.4898
4700 67.4898
4701 67.4898
4702 67.4898
4703 67.4898
4704 67.4898
4705 67.4898
4706 67.4898
4707 67.4898
4708 67.4898
4709 67.4898
4710 67.4898
4711 67.4898
4712 67.4898
4713 67.4898
4714 67.4898
4715 67.4898
4716 67.4898
4717 67.4898
4718 67.4898
4719 67.4898
4720 67.4898
4721 67.4898
4722 67.4898
4723 67.4898
4724 67.4898
4725 67.4898
4726 67.4898
4727 67.4898
4728 67.4898
4729 67.4898
4730 67.4898
4731 67.4898
4732 67.4898
4733 67.4898
4734 67.4898
4735 67.4898
4736 67.4898
4737 67.4898
4738 67.4898
4739 67.4898
4740 67.4898
4741 67.4898
4742 67.4898
4743 67.4898
4744 67.4898
4745 67.4898
4746 67.4898
4747 67.4898
4748 67.4898
4749 67.4898
4750 67.4898
4751 67.4898
4752 67.4898
4753 67.4898
4754 67.4898
4755 67.4898
4756 67.4898
4757 67.4898
4758 67.4898
4759 67.4898
4760 67.4898
4761 67.4898
4762 67.4898
4763 67.4898
4764 67.4898
4765 67.4898
4766 67.4898
4767 67.4898
4768 67.4898
4769 67.4898
4770 67.4898
4771 67.4898
4772 67.4898
4773 67.4898
4774 67.4898
4775 67.4898
4776 67.4898
4777 67.4898
4778 67.4898
4779 67.4898
4780 67.4898
4781 67.4898
4782 67.4898
4783 67.4898
4784 67.4898
4785 67.4898
4786 67.4898
4787 67.4898
4788 67.4898
4789 67.4898
4790 67.4898
4791 67.4898
4792 67.4898
4793 67.4898
4794 67.4898
4795 67.4898
4796 67.4898
4797 67.4898
4798 67.4898
4799 67.4898
4800 67.4898
4801 67.4898
4802 67.4898
4803 67.4898
4804 67.4898
4805 67.3261
4806 67.3261
4807 67.3261
4808 67.3261
4809 67.3261
4810 67.3261
4811 67.3261
4812 67.3261
4813 67.3261
4814 67.3261
4815 67.3261
4816 67.3261
4817 67.3261
4818 67.3261
4819 67.3261
4820 67.3261
4821 67.3261
4822 67.3261
4823 67.3261
4824 67.3261
4825 67.3261
4826 67.3261
4827 67.3261
4828 67.3261
4829 67.3261
4830 67.3261
4831 67.3261
4832 67.3261
4833 67.3261
4834 67.3261
4835 67.3261
4836 67.3261
4837 67.3261
4838 67.3261
4839 67.3261
4840 67.3261
4841 67.3261
4842 67.3261
4843 67.3261
4844 67.3261
4845 67.3261
4846 67.3261
4847 67.3261
4848 67.308
4849 67.308
4850 67.308
4851 67.308
4852 67.308
4853 67.308
4854 67.308
4855 67.308
4856 67.308
4857 67.308
4858 67.308
4859 67.308
4860 67.308
4861 67.308
4862 67.308
4863 67.308
4864 67.308
4865 67.308
4866 67.308
4867 67.308
4868 67.308
4869 67.308
4870 67.308
4871 67.308
4872 67.308
4873 67.308
4874 67.308
4875 67.308
4876 67.308
4877 67.308
4878 67.308
4879 67.308
4880 67.308
4881 67.308
4882 67.308
4883 67.308
4884 67.308
4885 67.308
4886 67.308
4887 67.308
4888 67.308
4889 67.308
4890 67.308
4891 67.308
4892 67.308
4893 67.308
4894 67.308
4895 67.308
4896 67.308
4897 67.308
4898 67.308
4899 67.308
4900 67.308
4901 67.308
4902 67.308
4903 67.308
4904 67.308
4905 67.308
4906 67.308
4907 67.308
4908 67.308
4909 67.308
4910 67.308
4911 67.308
4912 67.308
4913 67.308
4914 67.308
4915 67.308
4916 67.308
4917 67.308
4918 67.308
4919 67.308
4920 67.308
4921 67.308
4922 67.308
4923 67.308
4924 67.308
4925 67.308
4926 67.308
4927 67.308
4928 67.308
4929 67.308
4930 67.308
4931 67.308
4932 67.308
4933 67.308
4934 67.308
4935 67.308
4936 67.308
4937 67.308
4938 67.308
4939 67.308
4940 67.308
4941 67.308
4942 67.308
4943 67.308
4944 67.308
4945 67.308
4946 67.308
4947 67.308
4948 67.308
4949 67.308
4950 67.308
4951 67.308
4952 67.308
4953 67.308
4954 67.308
4955 67.308
4956 67.308
4957 67.308
4958 67.308
4959 67.308
4960 67.308
4961 67.308
4962 67.308
4963 67.308
4964 67.308
4965 67.308
4966 67.308
4967 67.308
4968 67.308
4969 67.308
4970 67.308
4971 67.308
4972 67.308
4973 67.308
4974 67.308
4975 67.308
4976 67.308
4977 67.308
4978 67.308
4979 67.308
4980 67.308
4981 67.308
4982 67.308
4983 67.308
4984 67.308
4985 67.308
4986 67.308
4987 67.308
4988 67.308
4989 67.308
4990 67.308
4991 67.308
4992 67.308
4993 67.308
4994 67.308
4995 67.308
4996 67.308
4997 67.308
4998 67.308
4999 67.308
5000 67.308
5001 67.308
5002 67.308
5003 67.308
5004 67.308
5005 67.308
5006 67.308
5007 67.308
5008 67.308
5009 67.308
5010 67.308
5011 67.308
5012 67.308
5013 67.308
5014 67.308
5015 67.308
5016 67.308
5017 67.308
5018 67.308
5019 67.308
5020 67.308
5021 67.308
5022 67.308
5023 67.308
5024 67.308
5025 67.308
5026 67.308
5027 67.308
5028 67.308
5029 67.308
5030 67.308
5031 67.308
5032 67.308
5033 67.308
5034 67.308
5035 67.308
5036 67.308
5037 67.308
5038 67.308
5039 67.308
5040 67.308
5041 67.308
5042 67.308
5043 67.308
5044 67.308
5045 67.308
5046 67.308
5047 67.308
5048 67.308
5049 67.308
5050 67.308
5051 67.308
5052 67.308
5053 67.308
5054 67.308
5055 67.308
5056 67.308
5057 67.308
5058 67.308
5059 67.308
5060 67.308
5061 67.308
5062 67.308
5063 67.308
5064 67.308
5065 67.308
5066 67.308
5067 67.308
5068 67.308
5069 67.308
5070 67.308
5071 67.308
5072 67.308
5073 67.308
5074 67.308
5075 67.308
5076 67.308
5077 67.308
5078 67.308
5079 67.308
5080 67.308
5081 67.308
5082 67.308
5083 67.308
5084 67.308
5085 67.308
5086 67.308
5087 67.308
5088 67.308
5089 67.308
5090 67.308
5091 67.308
5092 67.308
5093 67.308
5094 67.308
5095 67.308
5096 67.308
5097 67.308
5098 67.308
5099 67.308
5100 67.308
5101 67.308
5102 67.308
5103 67.308
5104 67.308
5105 67.308
5106 67.308
5107 67.308
5108 67.308
5109 67.308
5110 67.308
5111 67.308
5112 67.308
5113 67.308
5114 67.308
5115 67.308
5116 67.308
5117 67.308
5118 67.308
5119 67.308
5120 67.308
5121 67.308
5122 67.308
5123 67.308
5124 67.308
5125 67.308
5126 67.308
5127 67.308
5128 67.308
5129 67.308
5130 67.308
5131 67.308
5132 67.308
5133 67.308
5134 67.308
5135 67.308
5136 67.308
5137 67.308
5138 67.308
5139 67.308
5140 67.308
5141 67.308
5142 67.308
5143 67.308
5144 67.308
5145 67.308
5146 67.308
5147 67.308
5148 67.308
5149 67.308
5150 67.308
5151 67.308
5152 67.308
5153 67.308
5154 67.308
5155 67.308
5156 67.308
5157 67.308
5158 67.308
5159 67.308
5160 67.308
5161 67.308
5162 67.308
5163 67.308
5164 67.308
5165 67.308
5166 67.308
5167 67.308
5168 67.308
5169 67.308
5170 67.308
5171 67.308
5172 67.308
5173 67.308
5174 67.308
5175 67.308
5176 67.308
5177 67.308
5178 67.308
5179 67.308
5180 67.308
5181 67.308
5182 67.308
5183 67.308
5184 67.308
5185 67.308
5186 67.308
5187 67.308
5188 67.308
5189 67.308
5190 67.308
5191 67.308
5192 67.308
5193 67.308
5194 67.308
5195 67.308
5196 67.308
5197 67.308
5198 67.308
5199 67.308
5200 67.308
5201 67.308
5202 67.308
5203 67.308
5204 67.308
5205 67.308
5206 67.308
5207 67.308
5208 67.308
5209 67.308
5210 67.308
5211 67.308
5212 67.308
5213 67.308
5214 67.308
5215 67.308
5216 67.308
5217 67.308
5218 67.308
5219 67.308
5220 67.308
5221 67.308
5222 67.308
5223 67.308
5224 67.308
5225 67.308
5226 67.308
5227 67.308
5228 67.308
5229 67.308
5230 67.308
5231 67.308
5232 67.308
5233 67.308
5234 67.308
5235 67.308
5236 67.308
5237 67.308
5238 67.308
5239 67.308
5240 67.308
5241 67.308
5242 67.308
5243 67.308
5244 67.308
5245 67.308
5246 67.308
5247 67.308
5248 67.308
5249 67.308
5250 67.308
5251 67.308
5252 67.308
5253 67.308
5254 67.308
5255 67.308
5256 67.308
5257 67.308
5258 67.308
5259 67.308
5260 67.308
5261 67.308
5262 67.308
5263 67.308
5264 67.308
5265 67.308
5266 67.308
5267 67.308
5268 67.308
5269 67.308
5270 67.308
5271 67.308
5272 67.308
5273 67.308
5274 67.308
5275 67.308
5276 67.308
5277 67.308
5278 67.308
5279 67.308
5280 67.308
5281 67.308
5282 67.308
5283 67.308
5284 67.308
5285 67.308
5286 67.308
5287 67.308
5288 67.308
5289 67.308
5290 67.308
5291 67.308
5292 67.308
5293 67.308
5294 67.308
5295 67.308
5296 67.308
5297 67.308
5298 67.308
5299 67.308
5300 67.308
5301 67.308
5302 67.308
5303 67.308
5304 67.308
5305 67.308
5306 67.308
5307 67.308
5308 67.308
5309 67.308
5310 67.308
5311 67.308
5312 67.308
5313 67.308
5314 67.308
5315 67.308
5316 67.308
5317 67.308
5318 67.308
5319 67.308
5320 67.308
5321 67.308
5322 67.308
5323 67.308
5324 67.308
5325 67.308
5326 67.308
5327 67.308
5328 67.308
5329 67.308
5330 67.308
5331 67.2318
5332 67.2318
5333 66.9127
5334 66.9127
5335 66.9127
5336 66.9127
5337 66.9127
5338 66.9127
5339 66.9127
5340 66.9127
5341 66.9127
5342 66.9127
5343 66.9127
5344 66.9127
5345 66.9127
5346 66.9127
5347 66.9127
5348 66.9127
5349 66.9127
5350 66.9127
5351 66.9127
5352 66.9127
5353 66.9127
5354 66.9127
5355 66.9127
5356 66.9127
5357 66.9127
5358 66.9127
5359 66.9127
5360 66.9127
5361 66.9127
5362 66.9127
5363 66.9127
5364 66.9127
5365 66.9127
5366 66.9127
5367 66.9127
5368 66.9127
5369 66.9127
5370 66.9127
5371 66.9127
5372 66.9127
5373 66.9127
5374 66.9127
5375 66.9127
5376 66.9127
5377 66.9127
5378 66.9127
5379 66.9127
5380 66.9127
5381 66.9127
5382 66.9127
5383 66.9127
5384 66.9127
5385 66.9127
5386 66.9127
5387 66.9127
5388 66.9127
5389 66.9127
5390 66.9127
5391 66.9127
5392 66.9127
5393 66.9127
5394 66.9127
5395 66.9127
5396 66.9127
5397 66.9127
5398 66.9127
5399 66.9127
5400 66.9127
5401 66.9127
5402 66.9127
5403 66.9127
5404 66.9127
5405 66.9127
5406 66.9127
5407 66.9127
5408 66.9127
5409 66.9127
5410 66.9127
5411 66.9127
5412 66.9127
5413 66.9127
5414 66.9127
5415 66.9127
5416 66.9127
5417 66.9127
5418 66.9127
5419 66.9127
5420 66.9127
5421 66.9127
5422 66.9127
5423 66.9127
5424 66.9127
5425 66.9127
5426 66.9127
5427 66.9127
5428 66.9127
5429 66.9127
5430 66.9127
5431 66.9127
5432 66.9127
5433 66.9127
5434 66.9127
5435 66.9127
5436 66.9127
5437 66.9127
5438 66.9127
5439 66.9127
5440 66.9127
5441 66.9127
5442 66.9127
5443 66.9127
5444 66.9127
5445 66.9127
5446 66.9127
5447 66.9127
5448 66.9127
5449 66.9127
5450 66.9127
5451 66.9127
5452 66.9127
5453 66.9127
5454 66.9127
5455 66.9127
5456 66.9127
5457 66.9127
5458 66.9127
5459 66.9127
5460 66.9127
5461 66.9127
5462 66.9127
5463 66.9127
5464 66.9127
5465 66.9127
5466 66.9127
5467 66.9127
5468 66.9127
5469 66.9127
5470 66.9127
5471 66.9127
5472 66.9127
5473 66.9127
5474 66.9127
5475 66.9127
5476 66.9127
5477 66.9127
5478 66.9127
5479 66.9127
5480 66.9127
5481 66.9127
5482 66.9127
5483 66.9127
5484 66.9127
5485 66.9127
5486 66.9127
5487 66.9127
5488 66.9127
5489 66.9127
5490 66.9127
5491 66.9127
5492 66.9127
5493 66.9127
5494 66.9127
5495 66.9127
5496 66.9127
5497 66.9127
5498 66.9127
5499 66.9127
5500 66.9127
5501 66.9127
5502 66.9127
5503 66.9127
5504 66.9127
5505 66.9127
5506 66.9127
5507 66.9127
5508 66.9127
5509 66.9127
5510 66.9127
5511 66.9127
5512 66.9127
5513 66.9127
5514 66.9127
5515 66.9127
5516 66.9127
5517 66.9127
5518 66.9127
5519 66.9127
5520 66.9127
5521 66.9127
5522 66.9127
5523 66.9127
5524 66.9127
5525 66.9127
5526 66.9127
5527 66.9127
5528 66.9127
5529 66.9127
5530 66.9127
5531 66.9127
5532 66.9127
5533 66.9127
5534 66.9127
5535 66.9127
5536 66.9127
5537 66.9127
5538 66.9127
5539 66.9127
5540 66.9127
5541 66.9127
5542 66.9127
5543 66.9127
5544 66.9127
5545 66.9127
5546 66.9127
5547 66.9127
5548 66.9127
5549 66.9127
5550 66.9127
5551 66.9127
5552 66.9127
5553 66.9127
5554 66.9127
5555 66.9127
5556 66.9127
5557 66.9127
5558 66.9127
5559 66.9127
5560 66.9127
5561 66.9127
5562 66.9127
5563 66.9127
5564 66.9127
5565 66.9127
5566 66.9127
5567 66.9127
5568 66.9127
5569 66.9127
5570 66.9127
5571 66.9127
5572 66.9127
5573 66.9127
5574 66.9127
5575 66.9127
5576 66.9127
5577 66.9127
5578 66.9127
5579 66.9127
5580 66.9127
5581 66.9127
5582 66.9127
5583 66.9127
5584 66.9127
5585 66.9127
5586 66.9127
5587 66.9127
5588 66.9127
5589 66.9127
5590 66.9127
5591 66.9127
5592 66.9127
5593 66.9127
5594 66.9127
5595 66.9127
5596 66.9127
5597 66.9127
5598 66.9127
5599 66.9127
5600 66.9127
5601 66.9127
5602 66.9127
5603 66.9127
5604 66.9127
5605 66.9127
5606 66.9127
5607 66.9127
5608 66.9127
5609 66.9127
5610 66.9127
5611 66.9127
5612 66.9127
5613 66.9127
5614 66.9127
5615 66.9127
5616 66.9127
5617 66.9127
5618 66.9127
5619 66.9127
5620 66.9127
5621 66.9127
5622 66.9127
5623 66.9127
5624 66.9127
5625 66.9127
5626 66.9127
5627 66.9127
5628 66.9127
5629 66.9127
5630 66.9127
5631 66.9127
5632 66.9127
5633 66.9127
5634 66.9127
5635 66.9127
5636 66.9127
5637 66.9127
5638 66.9127
5639 66.9127
5640 66.9127
5641 66.9127
5642 66.9127
5643 66.9127
5644 66.9127
5645 66.9127
5646 66.9127
5647 66.9127
5648 66.9127
5649 66.9127
5650 66.9127
5651 66.9127
5652 66.9127
5653 66.9127
5654 66.9127
5655 66.9127
5656 66.9127
5657 66.9127
5658 66.9127
5659 66.9127
5660 66.9127
5661 66.9127
5662 66.9127
5663 66.9127
5664 66.9127
5665 66.9127
5666 66.9127
5667 66.9127
5668 66.9127
5669 66.9127
5670 66.9127
5671 66.9127
5672 66.9127
5673 66.9127
5674 66.9127
5675 66.9127
5676 66.9127
5677 66.9127
5678 66.9127
5679 66.9127
5680 66.9127
5681 66.9127
5682 66.9127
5683 66.9127
5684 66.9127
5685 66.9127
5686 66.9127
5687 66.9127
5688 66.9127
5689 66.9127
5690 66.9127
5691 66.9127
5692 66.9127
5693 66.9127
5694 66.9127
5695 66.9127
5696 66.9127
5697 66.9127
5698 66.9127
5699 66.9127
5700 66.9127
5701 66.9127
5702 66.9127
5703 66.9127
5704 66.9127
5705 66.9127
5706 66.9127
5707 66.9127
5708 66.9127
5709 66.9127
5710 66.9127
5711 66.9127
5712 66.9127
5713 66.9127
5714 66.9127
5715 66.9127
5716 66.9127
5717 66.9127
5718 66.9127
5719 66.9127
5720 66.9127
5721 66.9127
5722 66.9127
5723 66.9127
5724 66.9127
5725 66.9127
5726 66.9127
5727 66.9127
5728 66.9127
5729 66.9127
5730 66.9127
5731 66.9127
5732 66.9127
5733 66.9127
5734 66.9127
5735 66.9127
5736 66.9127
5737 66.9127
5738 66.9127
5739 66.9127
5740 66.9127
5741 66.9127
5742 66.9127
5743 66.9127
5744 66.9127
5745 66.9127
5746 66.9127
5747 66.9127
5748 66.9127
5749 66.9127
5750 66.9127
5751 66.9127
5752 66.9127
5753 66.9127
5754 66.9127
5755 66.9127
5756 66.9127
5757 66.9127
5758 66.9127
5759 66.9127
5760 66.9127
5761 66.9127
5762 66.9127
5763 66.9127
5764 66.9127
5765 66.9127
5766 66.9127
5767 66.9127
5768 66.9127
5769 66.9127
5770 66.9127
5771 66.9127
5772 66.9127
5773 66.9127
5774 66.9127
5775 66.9127
5776 66.9127
5777 66.9127
5778 66.9127
5779 66.9127
5780 66.9127
5781 66.9127
5782 66.9127
5783 66.9127
5784 66.9127
5785 66.9127
5786 66.9127
5787 66.9127
5788 66.9127
5789 66.9127
5790 66.9127
5791 66.9127
5792 66.9127
5793 66.9127
5794 66.9127
5795 66.9127
5796 66.9127
5797 66.9127
5798 66.9127
5799 66.9127
5800 66.9127
5801 66.9127
5802 66.9127
5803 66.9127
5804 66.9127
5805 66.9127
5806 66.9127
5807 66.9127
5808 66.9127
5809 66.9127
5810 66.9127
5811 66.9127
5812 66.9127
5813 66.9127
5814 66.9127
5815 66.9127
5816 66.9127
5817 66.9127
5818 66.9127
5819 66.9127
5820 66.9127
5821 66.9127
5822 66.9127
5823 66.9127
5824 66.9127
5825 66.9127
5826 66.9127
5827 66.9127
5828 66.9127
5829 66.9127
5830 66.9127
5831 66.9127
5832 66.9127
5833 66.9127
5834 66.9127
5835 66.9127
5836 66.9127
5837 66.9127
5838 66.9127
5839 66.9127
5840 66.9127
5841 66.9127
5842 66.9127
5843 66.9127
5844 66.9127
5845 66.9127
5846 66.9127
5847 66.9127
5848 66.9127
5849 66.9127
5850 66.9127
5851 66.9127
5852 66.9127
5853 66.9127
5854 66.9127
5855 66.9127
5856 66.9127
5857 66.9127
5858 66.9127
5859 66.9127
5860 66.9127
5861 66.9127
5862 66.9127
5863 66.9127
5864 66.9127
5865 66.9127
5866 66.9127
5867 66.9127
5868 66.9127
5869 66.9127
5870 66.9127
5871 66.9127
5872 66.9127
5873 66.9127
5874 66.9127
5875 66.9127
5876 66.9127
5877 66.9127
5878 66.9127
5879 66.9127
5880 66.9127
5881 66.9127
5882 66.9127
5883 66.9127
5884 66.9127
5885 66.9127
5886 66.9127
5887 66.9127
5888 66.9127
5889 66.9127
5890 66.9127
5891 66.9127
5892 66.9127
5893 66.9127
5894 66.9127
5895 66.9127
5896 66.9127
5897 66.9127
5898 66.9127
5899 66.9127
5900 66.9127
5901 66.9127
5902 66.9127
5903 66.9127
5904 66.9127
5905 66.9127
5906 66.9127
5907 66.9127
5908 66.9127
5909 66.9127
5910 66.9127
5911 66.9127
5912 66.9127
5913 66.9127
5914 66.9127
5915 66.9127
5916 66.9127
5917 66.9127
5918 66.9127
5919 66.9127
5920 66.9127
5921 66.9127
5922 66.9127
5923 66.9127
5924 66.9127
5925 66.9127
5926 66.9127
5927 66.9127
5928 66.9127
5929 66.9127
5930 66.9127
5931 66.9127
5932 66.9127
5933 66.9127
5934 66.9127
5935 66.9127
5936 66.9127
5937 66.9127
5938 66.9127
5939 66.9127
5940 66.9127
5941 66.9127
5942 66.9127
5943 66.9127
5944 66.9127
5945 66.9127
5946 66.9127
5947 66.9127
5948 66.9127
5949 66.9127
5950 66.9127
5951 66.9127
5952 66.9127
5953 66.9127
5954 66.9127
5955 66.9127
5956 66.9127
5957 66.9127
5958 66.9127
5959 66.9127
5960 66.9127
5961 66.9127
5962 66.9127
5963 66.9127
5964 66.9127
5965 66.9127
5966 66.9127
5967 66.9127
5968 66.9127
5969 66.9127
5970 66.9127
5971 66.9127
5972 66.9127
5973 66.9127
5974 66.9127
5975 66.9127
5976 66.9127
5977 66.9127
5978 66.9127
5979 66.9127
5980 66.9127
5981 66.9127
5982 66.9127
5983 66.9127
5984 66.9127
5985 66.9127
5986 66.9127
5987 66.9127
5988 66.9127
5989 66.9127
5990 66.9127
5991 66.9127
5992 66.9127
5993 66.9127
5994 66.9127
5995 66.9127
5996 66.9127
5997 66.9127
5998 66.9127
5999 66.9127
6000 66.9127
