1 420.931
2 417.48
3 407.05
4 399.499
5 375.149
6 375.149
7 374.713
8 361.934
9 355.574
10 355.574
11 355.427
12 351.141
13 338.258
14 337.901
15 338.166
16 336.444
17 332.395
18 327.053
19 314.454
20 313.106
21 312.247
22 312.247
23 308.411
24 308.411
25 308.411
26 305.939
27 294.039
28 294.039
29 290.854
30 287.215
31 284.749
32 287.448
33 282.899
34 278.745
35 273.141
36 273.141
37 272.692
38 269.496
39 269.496
40 269.372
41 253.532
42 252.017
43 252.017
44 251.139
45 251.139
46 251.139
47 248.634
48 248.634
49 244.857
50 244.857
51 244.174
52 238.236
53 234.006
54 234.006
55 234.006
56 234.006
57 227.828
58 222.437
59 220.957
60 220.957
61 220.575
62 220.449
63 220.449
64 220.449
65 219.267
66 212.273
67 212.273
68 210.187
69 206.053
70 206.053
71 204.535
72 204.016
73 203.284
74 203.284
75 202.199
76 200.102
77 200.102
78 199.765
79 198.056
80 198.056
81 198.056
82 195.273
83 195.273
84 188.743
85 188.743
86 186.74
87 186.74
88 186.74
89 186.255
90 185.354
91 183.891
92 183.891
93 183.891
94 183.804
95 183.804
96 183.849
97 182.511
98 182.511
99 181.72
100 181.687
101 180.602
102 180.658
103 179.631
104 178.848
105 178.848
106 178.848
107 178.848
108 178.145
109 178.848
110 177.291
111 177.291
112 176.814
113 176.814
114 176.814
115 176.701
116 175.944
117 175.944
118 175.944
119 173.755
120 172.298
121 170.926
122 170.926
123 170.926
124 170.926
125 170.926
126 170.918
127 169.653
128 167.47
129 167.47
130 167.47
131 167.47
132 167.47
133 167.47
134 166.443
135 166.443
136 166.443
137 166.443
138 165.595
139 164.141
140 164.141
141 164.045
142 164.045
143 163.787
144 163.787
145 163.084
146 162.54
147 162.54
148 162.54
149 162.54
150 162.54
151 161.913
152 160.945
153 160.268
154 160.268
155 160.268
156 159.859
157 157.434
158 157.434
159 157.434
160 157.434
161 157.434
162 157.434
163 155.942
164 152.89
165 152.89
166 152.89
167 152.89
168 152.89
169 152.288
170 152.288
171 152.288
172 149.466
173 149.466
174 149.466
175 148.442
176 148.442
177 148.325
178 148.325
179 148.325
180 148.325
181 148.325
182 147.51
183 147.51
184 147.51
185 147.51
186 147.51
187 147.41
188 147.41
189 146.288
190 146.288
191 146.288
192 146.288
193 145.653
194 145.653
195 145.653
196 145.13
197 144.206
198 144.206
199 142.253
200 142.253
201 142.253
202 142.253
203 142.253
204 142.253
205 142.253
206 142.253
207 142.253
208 141.798
209 140.026
210 140.026
211 136.713
212 136.713
213 136.713
214 136.713
215 136.092
216 136.092
217 136.092
218 135.874
219 135.874
220 135.874
221 135.874
222 135.84
223 135.84
224 135.84
225 135.713
226 135.24
227 134.93
228 134.93
229 134.93
230 134.594
231 134.594
232 134.594
233 134.256
234 134.237
235 133.107
236 133.107
237 131.874
238 131.874
239 131.874
240 130.424
241 130.387
242 130.387
243 130.387
244 130.387
245 130.274
246 130.274
247 130.274
248 130.274
249 129.543
250 129.543
251 129.543
252 129.543
253 129.543
254 129.543
255 129.543
256 129.543
257 129.543
258 129.543
259 129.543
260 129.543
261 129.543
262 129.543
263 129.543
264 129.543
265 129.543
266 129.543
267 129.543
268 129.543
269 129.543
270 129.543
271 129.523
272 129.523
273 129.523
274 129.523
275 129.523
276 129.415
277 128.909
278 128.909
279 128.877
280 128.319
281 128.319
282 128.319
283 128.319
284 128.319
285 128.319
286 128.243
287 127.653
288 127.653
289 126.906
290 125.005
291 124.37
292 124.37
293 124.37
294 122.45
295 122.45
296 122.45
297 122.45
298 121.818
299 121.818
300 121.818
301 121.818
302 121.818
303 121.703
304 121.703
305 121.703
306 121.649
307 121.649
308 121.649
309 120.449
310 120.449
311 120.449
312 120.449
313 120.449
314 119.846
315 119.846
316 119.846
317 119.846
318 119.846
319 119.846
320 119.606
321 119.606
322 119.606
323 119.606
324 119.606
325 119.606
326 119.606
327 119.102
328 119.102
329 119.102
330 119.102
331 118.385
332 118.385
333 118.385
334 118.385
335 118.385
336 118.385
337 118.385
338 118.304
339 117.577
340 117.577
341 117.577
342 117.496
343 117.104
344 117.104
345 117.104
346 117.104
347 117.104
348 117.104
349 117.104
350 117.104
351 117.104
352 117.104
353 117.104
354 116.559
355 117.104
356 117.104
357 116.955
358 116.955
359 116.955
360 115.891
361 115.891
362 115.891
363 115.891
364 115.891
365 115.571
366 115.891
367 115.891
368 115.891
369 115.646
370 115.524
371 115.891
372 115.891
373 115.891
374 115.891
375 115.891
376 115.891
377 115.891
378 115.891
379 115.891
380 115.885
381 115.885
382 115.885
383 115.58
384 115.58
385 115.33
386 115.33
387 115.33
388 114.988
389 114.988
390 114.988
391 114.086
392 114.086
393 111.061
394 111.061
395 111.061
396 111.061
397 111.061
398 108.236
399 108.099
400 108.099
401 107.44
402 107.44
403 107.44
404 107.44
405 106.64
406 106.64
407 106.161
408 106.161
409 105.6
410 105.6
411 105.6
412 105.6
413 105.6
414 105.6
415 105.6
416 105.6
417 105.6
418 105.6
419 105.246
420 105.246
421 105.246
422 105.246
423 105.246
424 105.246
425 105.021
426 105.021
427 104.801
428 104.658
429 104.633
430 104.633
431 104.633
432 104.577
433 104.368
434 104.368
435 104.368
436 104.368
437 104.368
438 104.368
439 104.368
440 104.368
441 104.368
442 104.368
443 104.368
444 104.344
445 103.772
446 103.586
447 103.586
448 104.012
449 104.012
450 103.924
451 103.924
452 103.924
453 103.924
454 103.416
455 103.416
456 103.416
457 102.77
458 102.77
459 102.77
460 102.438
461 102.438
462 102.438
463 102.063
464 102.063
465 101.107
466 101.107
467 100.839
468 100.839
469 100.839
470 100.839
471 100.055
472 100.055
473 100.055
474 100.055
475 99.7873
476 99.7873
477 99.7873
478 99.6157
479 99.6157
480 99.6157
481 99.5213
482 99.5213
483 98.9102
484 98.9102
485 99.0066
486 98.9102
487 98.9102
488 98.0665
489 98.0665
490 98.0665
491 98.0665
492 98.0665
493 98.0665
494 98.0635
495 97.3295
496 97.3295
497 97.3295
498 97.3295
499 97.3295
500 97.3295
501 97.081
502 96.9982
503 96.9982
504 96.9982
505 96.9982
506 96.9982
507 96.9982
508 96.9982
509 96.9982
510 96.9982
511 96.6131
512 96.6131
513 96.6131
514 95.5743
515 95.5743
516 95.5743
517 95.5743
518 95.5743
519 95.5743
520 95.5743
521 95.5743
522 94.9095
523 94.9095
524 94.9095
525 94.548
526 94.548
527 94.548
528 94.548
529 94.548
530 94.5083
531 94.5083
532 94.2472
533 94.2472
534 94.2472
535 93.9916
536 93.9916
537 93.9916
538 93.9916
539 93.9916
540 93.9916
541 93.9916
542 93.9916
543 93.9916
544 93.9916
545 93.9916
546 93.9916
547 93.9916
548 93.9916
549 93.9916
550 93.388
551 93.388
552 92.9004
553 93.388
554 93.388
555 93.388
556 92.9004
557 92.9004
558 92.9004
559 92.9004
560 92.9004
561 92.9004
562 92.9004
563 92.9004
564 92.9004
565 92.9004
566 92.9004
567 92.9004
568 92.9004
569 92.9004
570 92.9004
571 92.9004
572 92.8607
573 91.9364
574 92.8607
575 92.8607
576 92.8607
577 92.8607
578 92.7175
579 91.9364
580 91.9364
581 91.9364
582 91.9364
583 91.9364
584 91.9364
585 91.9364
586 91.9364
587 91.9364
588 91.7439
589 91.7439
590 91.7439
591 91.7439
592 91.7439
593 91.7439
594 91.6407
595 91.6407
596 91.6407
597 91.6179
598 91.6179
599 91.6179
600 91.4039
601 91.4039
602 91.4039
603 91.4039
604 91.4039
605 91.4039
606 90.9986
607 90.9986
608 90.2733
609 90.9986
610 90.9986
611 90.9986
612 90.3366
613 90.3366
614 90.3366
615 90.3366
616 90.3366
617 90.3366
618 90.3366
619 89.8499
620 89.8499
621 89.8499
622 89.8499
623 89.8499
624 89.8499
625 89.8499
626 89.8499
627 89.8499
628 88.8749
629 89.5491
630 89.5491
631 89.5491
632 89.5491
633 89.5491
634 89.5491
635 89.5491
636 89.5491
637 89.5491
638 89.5491
639 89.5491
640 89.5491
641 89.5491
642 88.9218
643 88.9218
644 88.621
645 88.621
646 88.621
647 88.621
648 88.621
649 88.5572
650 88.5572
651 88.5572
652 88.5572
653 88.5572
654 88.5572
655 88.5298
656 88.1495
657 87.5628
658 87.5628
659 87.5628
660 87.5628
661 87.5628
662 87.5628
663 87.5628
664 87.5628
665 87.5628
666 87.5628
667 87.5628
668 87.5628
669 87.5628
670 87.5628
671 87.1753
672 87.1753
673 87.1753
674 87.1753
675 87.1753
676 87.1753
677 87.1753
678 87.1753
679 86.4499
680 86.4499
681 86.4499
682 86.4499
683 86.4499
684 86.4499
685 86.4499
686 86.4499
687 86.4499
688 86.4499
689 86.4499
690 86.4499
691 85.5922
692 85.5922
693 85.5922
694 85.5922
695 85.0383
696 85.0383
697 84.1053
698 84.1053
699 83.7862
700 83.7862
701 83.7862
702 83.7862
703 83.7605
704 83.7605
705 83.7605
706 83.7605
707 83.7605
708 83.7605
709 83.7605
710 83.7605
711 83.7605
712 83.7605
713 83.7605
714 83.7605
715 83.7605
716 83.7605
717 83.7605
718 83.7605
719 83.7178
720 83.4189
721 83.4189
722 83.4189
723 83.3922
724 83.3922
725 83.3922
726 83.3922
727 83.3264
728 83.0072
729 82.8166
730 82.8166
731 82.8166
732 82.8166
733 80.8904
734 80.8904
735 80.8904
736 80.8904
737 80.8904
738 80.8904
739 80.8904
740 80.8904
741 80.8904
742 80.8904
743 80.8904
744 80.8904
745 80.8904
746 80.8904
747 80.8904
748 80.8904
749 80.8904
750 80.8904
751 80.8904
752 80.8164
753 80.8164
754 80.8164
755 80.8164
756 80.8164
757 80.8164
758 80.8164
759 80.8164
760 80.8164
761 80.8164
762 80.8164
763 80.7648
764 80.8164
765 80.8164
766 80.8164
767 80.8164
768 80.8164
769 80.8164
770 80.8164
771 80.8164
772 80.8164
773 80.8164
774 80.8164
775 80.8164
776 80.8164
777 80.8164
778 80.8164
779 80.6242
780 80.6242
781 80.5461
782 80.6242
783 80.5461
784 80.5461
785 80.5461
786 80.5461
787 80.5461
788 80.354
789 80.354
790 80.354
791 80.354
792 80.354
793 80.3485
794 80.3485
795 80.3485
796 80.3485
797 80.3485
798 80.3485
799 80.3485
800 80.3485
801 80.3485
802 80.3485
803 80.3485
804 80.3485
805 80.0858
806 80.0858
807 80.0858
808 80.0858
809 80.0858
810 80.0858
811 80.0858
812 80.0858
813 80.0858
814 80.0858
815 80.0858
816 80.0858
817 80.0858
818 80.0858
819 80.0858
820 80.0858
821 80.0677
822 80.0677
823 80.0677
824 80.0677
825 80.0677
826 80.0677
827 80.0677
828 80.0677
829 80.0677
830 80.0677
831 80.0677
832 80.0677
833 80.0677
834 80.0677
835 80.0677
836 79.7414
837 79.7414
838 79.7414
839 79.7414
840 79.7414
841 79.7414
842 79.7414
843 79.7414
844 79.7414
845 79.7414
846 79.7414
847 79.7414
848 79.5511
849 79.5511
850 79.5511
851 79.5511
852 79.5511
853 79.5511
854 79.5511
855 79.5511
856 79.5511
857 79.5511
858 79.5511
859 79.5511
860 79.5511
861 79.3712
862 79.4054
863 79.4054
864 79.4054
865 79.4054
866 79.4054
867 79.4054
868 79.4054
869 79.4054
870 79.4054
871 78.6699
872 78.6699
873 78.6699
874 78.6699
875 78.6699
876 78.6699
877 78.6699
878 78.6699
879 78.6699
880 78.6699
881 78.6699
882 78.4382
883 78.4382
884 78.4382
885 78.4382
886 78.4382
887 78.4382
888 78.4382
889 78.4382
890 78.4382
891 78.4382
892 78.4382
893 78.4382
894 78.4382
895 78.4382
896 78.4382
897 78.4382
898 78.4382
899 78.4382
900 78.4382
901 78.4382
902 78.4382
903 78.4382
904 78.4382
905 78.4382
906 78.4382
907 78.4382
908 78.4382
909 78.4382
910 78.4382
911 78.4382
912 78.4382
913 78.4382
914 78.4382
915 78.4382
916 78.4382
917 78.4382
918 78.4382
919 78.4382
920 78.4382
921 78.4382
922 78.4382
923 78.4382
924 78.4382
925 78.4382
926 78.4382
927 78.4382
928 78.4382
929 78.4382
930 78.4382
931 78.4382
932 78.4382
933 78.4382
934 78.4382
935 78.4382
936 78.4382
937 78.4382
938 78.4382
939 78.4382
940 78.4382
941 78.4382
942 78.4382
943 78.4382
944 77.8402
945 77.8402
946 77.8402
947 77.8402
948 77.8402
949 77.8402
950 77.8402
951 77.8402
952 77.8402
953 77.8402
954 77.8402
955 77.8402
956 77.8402
957 77.8402
958 77.8402
959 77.8402
960 77.8402
961 77.8402
962 77.8402
963 77.8402
964 77.8402
965 77.8402
966 77.8402
967 77.8402
968 77.8402
969 77.8402
970 77.8402
971 77.8402
972 77.8402
973 77.8402
974 77.8402
975 77.8402
976 77.8402
977 77.8402
978 77.8402
979 76.744
980 76.744
981 76.744
982 76.744
983 76.744
984 76.744
985 76.744
986 76.744
987 76.744
988 76.744
989 76.744
990 76.744
991 76.6658
992 76.6658
993 76.6658
994 76.6658
995 76.6658
996 76.6658
997 76.6658
998 76.6658
999 76.6658
1000 76.6658
1001 76.6658
1002 76.659
1003 76.659
1004 76.659
1005 76.659
1006 76.659
1007 76.659
1008 76.659
1009 76.0418
1010 76.0418
1011 76.0418
1012 76.0418
1013 76.0418
1014 76.0418
1015 76.0418
1016 76.025
1017 75.4078
1018 75.4078
1019 75.4078
1020 75.4078
1021 75.4078
1022 75.4078
1023 75.4078
1024 75.4078
1025 75.4078
1026 75.4078
1027 75.4078
1028 75.4078
1029 75.4078
1030 75.4078
1031 75.4078
1032 75.4078
1033 75.4078
1034 75.4078
1035 75.4078
1036 75.4078
1037 75.4078
1038 75.4078
1039 75.4078
1040 75.4078
1041 75.4078
1042 75.4078
1043 75.4078
1044 74.729
1045 74.729
1046 74.729
1047 74.729
1048 74.729
1049 74.729
1050 74.729
1051 74.729
1052 74.729
1053 74.729
1054 74.729
1055 74.729
1056 74.729
1057 74.729
1058 74.729
1059 74.729
1060 74.729
1061 74.729
1062 74.729
1063 74.729
1064 74.5924
1065 74.729
1066 74.729
1067 74.729
1068 74.729
1069 74.729
1070 74.729
1071 74.729
1072 74.729
1073 74.729
1074 74.729
1075 74.729
1076 74.729
1077 74.729
1078 74.729
1079 74.729
1080 74.729
1081 74.729
1082 74.729
1083 74.729
1084 74.729
1085 74.729
1086 74.729
1087 74.729
1088 74.729
1089 74.729
1090 74.729
1091 74.729
1092 74.729
1093 74.729
1094 74.729
1095 74.729
1096 74.729
1097 74.729
1098 74.729
1099 74.729
1100 74.729
1101 74.729
1102 74.729
1103 74.729
1104 74.729
1105 74.729
1106 74.729
1107 74.729
1108 74.729
1109 74.729
1110 74.729
1111 74.729
1112 74.729
1113 74.729
1114 74.729
1115 74.729
1116 74.729
1117 74.729
1118 74.729
1119 74.729
1120 74.729
1121 74.729
1122 74.729
1123 74.729
1124 74.729
1125 74.729
1126 74.729
1127 74.729
1128 74.729
1129 74.729
1130 74.729
1131 74.729
1132 74.729
1133 74.729
1134 74.729
1135 74.729
1136 74.729
1137 74.729
1138 74.729
1139 74.729
1140 74.729
1141 74.729
1142 74.729
1143 74.729
1144 74.729
1145 74.729
1146 74.6201
1147 74.6201
1148 74.6201
1149 74.6201
1150 74.6201
1151 74.6201
1152 74.6201
1153 74.4465
1154 74.4465
1155 74.4465
1156 74.4465
1157 74.4465
1158 74.4465
1159 74.4465
1160 74.3273
1161 74.3273
1162 74.4465
1163 74.4465
1164 74.4465
1165 74.3273
1166 74.3273
1167 74.3273
1168 74.3273
1169 74.3273
1170 74.3273
1171 74.3273
1172 74.3273
1173 74.3273
1174 74.3273
1175 74.3273
1176 74.3125
1177 74.3125
1178 74.3125
1179 74.3125
1180 74.3125
1181 74.3125
1182 74.3125
1183 74.3125
1184 74.3125
1185 74.3125
1186 74.3125
1187 74.3125
1188 74.3125
1189 74.3125
1190 74.3125
1191 74.3125
1192 74.3125
1193 74.3125
1194 74.3125
1195 74.3125
1196 74.3125
1197 74.3125
1198 74.3125
1199 74.3125
1200 74.2009
1201 74.3125
1202 74.3125
1203 74.3125
1204 74.3024
1205 74.3024
1206 74.3024
1207 74.3024
1208 74.3024
1209 74.3024
1210 74.3024
1211 74.3024
1212 73.9592
1213 73.9592
1214 73.9592
1215 73.9592
1216 73.9592
1217 73.9592
1218 73.9592
1219 73.9592
1220 73.9592
1221 73.9592
1222 73.9592
1223 73.9592
1224 73.9592
1225 73.9592
1226 73.9592
1227 73.9592
1228 73.9592
1229 73.9592
1230 73.9592
1231 73.9592
1232 73.9592
1233 73.9592
1234 73.9592
1235 73.9592
1236 73.9592
1237 73.9592
1238 73.9592
1239 73.9592
1240 73.9592
1241 73.9592
1242 73.9592
1243 73.9592
1244 73.9592
1245 73.9592
1246 73.9592
1247 73.9592
1248 73.9592
1249 73.9592
1250 73.2705
1251 73.2705
1252 73.2705
1253 73.2705
1254 73.2705
1255 73.2705
1256 73.2705
1257 73.2705
1258 73.2705
1259 73.2705
1260 73.2705
1261 73.2705
1262 73.2705
1263 73.2705
1264 73.2705
1265 73.2705
1266 73.2705
1267 73.2705
1268 73.2705
1269 73.2705
1270 73.2705
1271 73.2705
1272 73.2705
1273 73.2705
1274 73.2705
1275 73.2705
1276 73.2705
1277 73.2705
1278 73.2705
1279 73.2705
1280 73.2705
1281 73.2705
1282 73.2705
1283 73.2705
1284 73.2705
1285 73.2705
1286 73.2705
1287 73.2705
1288 73.2705
1289 73.2705
1290 73.2705
1291 73.2705
1292 73.2705
1293 73.2705
1294 73.2705
1295 73.2705
1296 73.2705
1297 73.2705
1298 73.2705
1299 73.2705
1300 73.2705
1301 73.2705
1302 73.2705
1303 73.2705
1304 73.2705
1305 73.2705
1306 73.2705
1307 73.2705
1308 73.2705
1309 73.2705
1310 73.2705
1311 73.2705
1312 73.2705
1313 73.2705
1314 73.2705
1315 73.2705
1316 73.2705
1317 73.2705
1318 73.2705
1319 73.2705
1320 73.2705
1321 73.2705
1322 73.2705
1323 73.2705
1324 73.2705
1325 73.2705
1326 73.2705
1327 73.2705
1328 73.2705
1329 73.2705
1330 73.2705
1331 73.2705
1332 73.2705
1333 73.2705
1334 73.2705
1335 73.2705
1336 73.2705
1337 73.2705
1338 73.1568
1339 73.1568
1340 73.1568
1341 73.1568
1342 73.1568
1343 73.0719
1344 73.0719
1345 73.0719
1346 73.0146
1347 73.0146
1348 73.0146
1349 73.0146
1350 72.9009
1351 73.0146
1352 73.0146
1353 73.0146
1354 73.0146
1355 73.0146
1356 73.0146
1357 73.0146
1358 73.0146
1359 73.0146
1360 73.0146
1361 73.0146
1362 73.0146
1363 73.0146
1364 73.0146
1365 73.0146
1366 73.0146
1367 73.0146
1368 73.0146
1369 73.0146
1370 73.0146
1371 73.0146
1372 73.0146
1373 73.0146
1374 73.0146
1375 73.0146
1376 73.0146
1377 73.0146
1378 73.0146
1379 73.0146
1380 73.0146
1381 73.0146
1382 73.0146
1383 73.0146
1384 73.0146
1385 73.0146
1386 73.0146
1387 73.0146
1388 72.6546
1389 72.6546
1390 72.6546
1391 72.6546
1392 72.6546
1393 72.6546
1394 72.6546
1395 72.6546
1396 72.6546
1397 72.6546
1398 72.6546
1399 72.6546
1400 72.6546
1401 72.6546
1402 72.6546
1403 72.6546
1404 72.6546
1405 72.6546
1406 72.6546
1407 72.6546
1408 72.6546
1409 72.6546
1410 72.6546
1411 72.6546
1412 72.6546
1413 72.6546
1414 72.6546
1415 72.6546
1416 72.6546
1417 72.6546
1418 72.6546
1419 72.6546
1420 72.6546
1421 72.6546
1422 72.6546
1423 72.6546
1424 72.6546
1425 72.6546
1426 72.6546
1427 72.6546
1428 72.6546
1429 72.6546
1430 72.6546
1431 72.6546
1432 72.6546
1433 72.6546
1434 72.6546
1435 72.6546
1436 72.6546
1437 72.6546
1438 72.6546
1439 72.6546
1440 72.6546
1441 72.6546
1442 72.6546
1443 72.6546
1444 72.6546
1445 72.6546
1446 72.6546
1447 72.6546
1448 72.6546
1449 72.6546
1450 72.6546
1451 72.6546
1452 72.5929
1453 72.5929
1454 72.5929
1455 72.5929
1456 72.5929
1457 72.5929
1458 72.5929
1459 72.5929
1460 72.5929
1461 72.5929
1462 72.5929
1463 72.5929
1464 72.5929
1465 72.5929
1466 72.5929
1467 72.5929
1468 72.5929
1469 72.5929
1470 72.5929
1471 72.5929
1472 72.5929
1473 72.5929
1474 72.5929
1475 72.5929
1476 72.5929
1477 72.5929
1478 72.5929
1479 72.5929
1480 72.5929
1481 72.5929
1482 72.5929
1483 72.5929
1484 72.5929
1485 72.5929
1486 72.5929
1487 72.5929
1488 72.5929
1489 72.5929
1490 72.5929
1491 72.5929
1492 72.5929
1493 72.5929
1494 72.5929
1495 72.5929
1496 72.5929
1497 72.5929
1498 72.5929
1499 72.5929
1500 72.5929
1501 72.5929
1502 72.5929
1503 72.5929
1504 72.5929
1505 72.5929
1506 72.5929
1507 72.5929
1508 72.5929
1509 72.5929
1510 72.5929
1511 72.5929
1512 72.5929
1513 72.5929
1514 72.5929
1515 72.5929
1516 72.5929
1517 72.5929
1518 72.5929
1519 72.5929
1520 72.5929
1521 72.5929
1522 72.5929
1523 72.5929
1524 72.5929
1525 72.5929
1526 72.5929
1527 72.5929
1528 72.5929
1529 72.5929
1530 72.5929
1531 72.5929
1532 72.5929
1533 72.5929
1534 72.5929
1535 72.5929
1536 72.5929
1537 72.5929
1538 72.5929
1539 72.5929
1540 72.5929
1541 72.5929
1542 72.5929
1543 72.5929
1544 72.5929
1545 72.5929
1546 72.5929
1547 72.5929
1548 72.5929
1549 72.5929
1550 72.5929
1551 72.5929
1552 72.3137
1553 72.3137
1554 72.3137
1555 72.3137
1556 72.3137
1557 72.3137
1558 72.3137
1559 72.3137
1560 72.3137
1561 72.3137
1562 72.3137
1563 72.3137
1564 72.3137
1565 72.3137
1566 72.3137
1567 72.3137
1568 72.3137
1569 72.3137
1570 72.3137
1571 72.3137
1572 72.3137
1573 72.3137
1574 72.3137
1575 72.3137
1576 72.3137
1577 72.3137
1578 72.3137
1579 72.3137
1580 72.3137
1581 72.3137
1582 72.3137
1583 72.3137
1584 72.3137
1585 72.3137
1586 72.3137
1587 72.3137
1588 72.3137
1589 72.3137
1590 72.3137
1591 72.3137
1592 72.3137
1593 72.3137
1594 72.3137
1595 72.3137
1596 72.3137
1597 72.3137
1598 72.3137
1599 72.3137
1600 72.3137
1601 72.3137
1602 72.3137
1603 72.3137
1604 72.3137
1605 72.3137
1606 72.3137
1607 72.3137
1608 72.3137
1609 72.3137
1610 72.3137
1611 72.3137
1612 72.3137
1613 72.3137
1614 72.3137
1615 72.3137
1616 72.3137
1617 72.3137
1618 72.3137
1619 72.3137
1620 72.3137
1621 72.3137
1622 72.3137
1623 72.3137
1624 72.3137
1625 72.3137
1626 72.3137
1627 72.3137
1628 72.3137
1629 72.3137
1630 72.3137
1631 72.3137
1632 72.3137
1633 72.3137
1634 72.3137
1635 72.3137
1636 72.3137
1637 72.3137
1638 72.3137
1639 72.3133
1640 72.3133
1641 72.3133
1642 72.3133
1643 72.3133
1644 72.3133
1645 72.3133
1646 72.3133
1647 72.3133
1648 72.3133
1649 72.3133
1650 72.3133
1651 72.3133
1652 72.3133
1653 72.3133
1654 72.3133
1655 72.3133
1656 72.3133
1657 72.3133
1658 71.9166
1659 71.9166
1660 71.9166
1661 71.9166
1662 71.9166
1663 71.9166
1664 71.9166
1665 71.9166
1666 71.9166
1667 71.9166
1668 71.9166
1669 71.9166
1670 71.9166
1671 71.713
1672 71.713
1673 71.713
1674 71.713
1675 71.713
1676 71.713
1677 71.713
1678 71.713
1679 71.713
1680 71.713
1681 71.713
1682 71.713
1683 71.713
1684 71.713
1685 71.713
1686 71.713
1687 71.713
1688 71.713
1689 71.713
1690 71.713
1691 71.713
1692 71.713
1693 71.713
1694 71.713
1695 71.713
1696 71.713
1697 71.713
1698 71.713
1699 71.713
1700 71.713
1701 71.713
1702 71.713
1703 71.713
1704 71.713
1705 71.713
1706 71.713
1707 71.713
1708 71.713
1709 71.713
1710 71.713
1711 71.713
1712 71.713
1713 71.713
1714 71.713
1715 71.713
1716 71.713
1717 71.713
1718 71.713
1719 71.713
1720 71.713
1721 71.713
1722 71.713
1723 71.713
1724 71.713
1725 71.713
1726 71.713
1727 71.713
1728 71.713
1729 71.713
1730 71.713
1731 71.713
1732 71.713
1733 71.713
1734 71.713
1735 71.713
1736 71.713
1737 71.713
1738 71.713
1739 71.713
1740 71.713
1741 71.713
1742 71.713
1743 71.713
1744 71.713
1745 71.713
1746 71.713
1747 71.713
1748 71.713
1749 71.713
1750 71.713
1751 71.713
1752 71.713
1753 71.713
1754 71.713
1755 71.713
1756 71.713
1757 71.713
1758 71.713
1759 71.713
1760 71.713
1761 71.713
1762 71.713
1763 71.713
1764 71.713
1765 71.713
1766 71.713
1767 71.713
1768 71.713
1769 71.713
1770 71.713
1771 71.713
1772 71.713
1773 71.713
1774 71.713
1775 71.713
1776 71.713
1777 71.713
1778 71.713
1779 71.713
1780 71.713
1781 71.713
1782 71.713
1783 71.713
1784 71.713
1785 71.713
1786 71.713
1787 71.713
1788 71.713
1789 71.713
1790 71.713
1791 71.713
1792 71.713
1793 71.713
1794 71.713
1795 71.713
1796 71.713
1797 71.713
1798 71.713
1799 71.713
1800 71.713
1801 71.713
1802 71.713
1803 71.713
1804 71.713
1805 71.713
1806 71.713
1807 71.713
1808 71.713
1809 71.713
1810 71.713
1811 71.713
1812 71.713
1813 71.713
1814 71.713
1815 71.713
1816 71.713
1817 71.713
1818 71.713
1819 71.713
1820 71.713
1821 71.713
1822 71.713
1823 71.713
1824 71.713
1825 71.713
1826 71.713
1827 71.713
1828 71.713
1829 71.713
1830 71.713
1831 71.713
1832 71.713
1833 71.713
1834 71.713
1835 71.713
1836 71.713
1837 71.713
1838 71.713
1839 71.1473
1840 71.1473
1841 71.1473
1842 71.1473
1843 71.1473
1844 70.9001
1845 70.9001
1846 70.9001
1847 70.9001
1848 70.9001
1849 70.9001
1850 70.9001
1851 70.9001
1852 70.9001
1853 70.9001
1854 70.9001
1855 69.9103
1856 69.9103
1857 69.9103
1858 69.9103
1859 69.9103
1860 69.9103
1861 69.9103
1862 69.9103
1863 69.9103
1864 69.9103
1865 69.9103
1866 69.9103
1867 69.9103
1868 69.9103
1869 69.9103
1870 69.9103
1871 69.9103
1872 69.9103
1873 69.9103
1874 69.9103
1875 69.9103
1876 69.9103
1877 69.9103
1878 69.8898
1879 69.8898
1880 69.8898
1881 69.8898
1882 69.8898
1883 69.8898
1884 69.8898
1885 69.8898
1886 69.8898
1887 69.8898
1888 69.8898
1889 69.8898
1890 69.8898
1891 69.8898
1892 69.8898
1893 69.8898
1894 69.8898
1895 69.8898
1896 69.8898
1897 69.8898
1898 69.8898
1899 69.8898
1900 69.8898
1901 69.8898
1902 69.8898
1903 69.8898
1904 69.8898
1905 69.8898
1906 69.8898
1907 69.8898
1908 69.8898
1909 69.8898
1910 69.8898
1911 69.8898
1912 69.7203
1913 69.7203
1914 69.7203
1915 69.7203
1916 69.7203
1917 69.7203
1918 69.7203
1919 69.7203
1920 69.7203
1921 69.7203
1922 69.7203
1923 69.7203
1924 69.7203
1925 69.7203
1926 69.7203
1927 69.7203
1928 69.7203
1929 69.7203
1930 69.7203
1931 69.7203
1932 69.7203
1933 69.7203
1934 69.7203
1935 69.7203
1936 69.7203
1937 69.7203
1938 69.7203
1939 69.7203
1940 69.7203
1941 69.7203
1942 69.5834
1943 69.5834
1944 69.5834
1945 69.5834
1946 69.5834
1947 69.5834
1948 69.5834
1949 69.5834
1950 69.5834
1951 69.5834
1952 69.5834
1953 69.5834
1954 69.5834
1955 69.5834
1956 69.5834
1957 69.5834
1958 69.5834
1959 69.5834
1960 69.5834
1961 69.5834
1962 69.5834
1963 69.5834
1964 69.5834
1965 69.5834
1966 69.5834
1967 69.5834
1968 69.5834
1969 69.5834
1970 69.5834
1971 69.5834
1972 69.5834
1973 69.5834
1974 69.5834
1975 69.5834
1976 69.5834
1977 69.5834
1978 69.5834
1979 69.5834
1980 69.5834
1981 69.5834
1982 69.5834
1983 69.5834
1984 69.5834
1985 69.5834
1986 69.5834
1987 69.5834
1988 69.5834
1989 69.5834
1990 69.5834
1991 69.5834
1992 69.5834
1993 69.5834
1994 69.5834
1995 69.5834
1996 69.5834
1997 69.5834
1998 69.5834
1999 69.5834
2000 69.5834
2001 69.5834
2002 69.5834
2003 69.5834
2004 69.5834
2005 69.5834
2006 69.5834
2007 69.5834
2008 69.5834
2009 69.5834
2010 69.5834
2011 69.5834
2012 69.5834
2013 69.5834
2014 69.5834
2015 69.5834
2016 69.5834
2017 69.5834
2018 69.5834
2019 69.5834
2020 69.5834
2021 69.5834
2022 69.5834
2023 69.5834
2024 69.5834
2025 69.5834
2026 69.5834
2027 69.5834
2028 69.5834
2029 69.5834
2030 69.5834
2031 69.5834
2032 69.5834
2033 69.5834
2034 69.5834
2035 69.5834
2036 69.5834
2037 69.5834
2038 69.5834
2039 69.5834
2040 69.5834
2041 69.5834
2042 69.5834
2043 69.5834
2044 69.5834
2045 69.5834
2046 69.5834
2047 69.5834
2048 69.5834
2049 69.5834
2050 69.5834
2051 69.5834
2052 69.5834
2053 69.5834
2054 69.5834
2055 69.5834
2056 69.5834
2057 69.5834
2058 69.5834
2059 69.5834
2060 69.5834
2061 69.5834
2062 69.5834
2063 69.5834
2064 69.5834
2065 69.5834
2066 69.5834
2067 69.5834
2068 69.3791
2069 69.3791
2070 69.3791
2071 69.3791
2072 69.3791
2073 69.3791
2074 69.3791
2075 69.3791
2076 69.3791
2077 69.3791
2078 69.3791
2079 69.3791
2080 69.3791
2081 69.3791
2082 69.3791
2083 69.3791
2084 69.3791
2085 69.3791
2086 69.3791
2087 69.3791
2088 69.3791
2089 69.3791
2090 69.3791
2091 69.3791
2092 69.3791
2093 69.3791
2094 69.3791
2095 69.3791
2096 69.3791
2097 69.3791
2098 69.3791
2099 69.3791
2100 69.3791
2101 69.3791
2102 69.3791
2103 69.3791
2104 69.3791
2105 69.3791
2106 69.3791
2107 69.3791
2108 69.3791
2109 69.3791
2110 69.3791
2111 69.3791
2112 69.3791
2113 69.3791
2114 69.3791
2115 69.3791
2116 69.3791
2117 69.3791
2118 69.3791
2119 69.3791
2120 69.3791
2121 69.3791
2122 69.3791
2123 69.3791
2124 69.3791
2125 69.3791
2126 69.3791
2127 69.3791
2128 69.3791
2129 69.3791
2130 69.3791
2131 69.3791
2132 69.3791
2133 69.3791
2134 69.3791
2135 69.3791
2136 69.3791
2137 69.3791
2138 69.3791
2139 69.3791
2140 69.3791
2141 69.3791
2142 69.3791
2143 69.3791
2144 69.3791
2145 69.3791
2146 69.3791
2147 69.3791
2148 69.3791
2149 69.3791
2150 69.3791
2151 69.3791
2152 69.3791
2153 69.3791
2154 69.3791
2155 69.3791
2156 69.3791
2157 69.3791
2158 69.3791
2159 69.3791
2160 69.3791
2161 69.3791
2162 69.3791
2163 69.3791
2164 69.3791
2165 69.3791
2166 69.3791
2167 69.3791
2168 69.3791
2169 69.3791
2170 69.3791
2171 69.3791
2172 69.3791
2173 69.3791
2174 69.3791
2175 69.3791
2176 69.3791
2177 69.3791
2178 69.3791
2179 69.3791
2180 69.3791
2181 69.3791
2182 69.3791
2183 69.3791
2184 69.3791
2185 69.3791
2186 69.3791
2187 69.3791
2188 69.3652
2189 69.3652
2190 69.3652
2191 69.3652
2192 69.3652
2193 69.3652
2194 69.3652
2195 69.3652
2196 69.3652
2197 69.3652
2198 69.3652
2199 69.3652
2200 69.3652
2201 69.3652
2202 69.3652
2203 69.3652
2204 69.3652
2205 69.3652
2206 69.3652
2207 69.3652
2208 69.3652
2209 69.3652
2210 69.3652
2211 69.3652
2212 69.3652
2213 69.3652
2214 69.3652
2215 69.3652
2216 69.3652
2217 69.3652
2218 69.3652
2219 69.3652
2220 69.3652
2221 69.3652
2222 69.3652
2223 69.3652
2224 69.3652
2225 69.3652
2226 69.3652
2227 69.3652
2228 69.3652
2229 69.3652
2230 69.3652
2231 69.3652
2232 69.3652
2233 69.3652
2234 69.3652
2235 69.3652
2236 69.3652
2237 69.3652
2238 69.3652
2239 69.3652
2240 69.3652
2241 69.3652
2242 69.3652
2243 69.3652
2244 69.3652
2245 69.3652
2246 69.3652
2247 69.3652
2248 69.3652
2249 69.3652
2250 69.3652
2251 69.3652
2252 69.3652
2253 69.3652
2254 69.3652
2255 69.3652
2256 69.3652
2257 69.3652
2258 69.3652
2259 69.3652
2260 69.3652
2261 69.3652
2262 69.3652
2263 69.3652
2264 69.3652
2265 69.3652
2266 69.3652
2267 69.3652
2268 69.3652
2269 69.3652
2270 69.3652
2271 69.3652
2272 69.3652
2273 69.3652
2274 69.3652
2275 69.3652
2276 69.3652
2277 69.3652
2278 69.3652
2279 69.3652
2280 69.3652
2281 69.3652
2282 69.3652
2283 69.3652
2284 69.3652
2285 69.3652
2286 69.3652
2287 69.3652
2288 69.3652
2289 69.3652
2290 69.3652
2291 69.3652
2292 69.3652
2293 69.3652
2294 69.3652
2295 69.3652
2296 69.3652
2297 69.3652
2298 69.3652
2299 69.3652
2300 69.3652
2301 69.2045
2302 69.2045
2303 69.2045
2304 69.2045
2305 69.2045
2306 69.2045
2307 69.2045
2308 69.2045
2309 69.2045
2310 69.2045
2311 69.2045
2312 69.2045
2313 69.2045
2314 69.2045
2315 69.2045
2316 69.2045
2317 69.2045
2318 69.2045
2319 69.2045
2320 69.2045
2321 69.2045
2322 69.2045
2323 69.2045
2324 69.2045
2325 69.2045
2326 69.2045
2327 69.2045
2328 69.2045
2329 69.2045
2330 69.2045
2331 69.2045
2332 69.2045
2333 69.2045
2334 69.2045
2335 69.2045
2336 69.2045
2337 69.2045
2338 69.2045
2339 69.2045
2340 69.2045
2341 69.2045
2342 69.2045
2343 69.2045
2344 69.2045
2345 69.2045
2346 69.2045
2347 69.2045
2348 69.2045
2349 69.2045
2350 69.2045
2351 69.2045
2352 69.2045
2353 69.2045
2354 69.2045
2355 69.2045
2356 69.2045
2357 69.2045
2358 69.2045
2359 69.2045
2360 69.2045
2361 69.2045
2362 68.8699
2363 68.8699
2364 68.8699
2365 68.8699
2366 68.8699
2367 68.8699
2368 68.8699
2369 68.8699
2370 68.8699
2371 68.8699
2372 68.8699
2373 68.8699
2374 68.8699
2375 68.8699
2376 68.8699
2377 68.8699
2378 68.8699
2379 68.8699
2380 68.8699
2381 68.8699
2382 68.8699
2383 68.8699
2384 68.8699
2385 68.8699
2386 68.8699
2387 68.8699
2388 68.8699
2389 68.8699
2390 68.8699
2391 68.8699
2392 68.8699
2393 68.8699
2394 68.8699
2395 68.8699
2396 68.8699
2397 68.8699
2398 68.8699
2399 68.8699
2400 68.8699
2401 68.8699
2402 68.8699
2403 68.8699
2404 68.8699
2405 68.8699
2406 68.8699
2407 68.8699
2408 68.8699
2409 68.8699
2410 68.8699
2411 68.8699
2412 68.8699
2413 68.8699
2414 68.8699
2415 68.8699
2416 68.8699
2417 68.8699
2418 68.8699
2419 68.8699
2420 68.8699
2421 68.8699
2422 68.8699
2423 68.8699
2424 68.8699
2425 68.8699
2426 68.8699
2427 68.8699
2428 68.8699
2429 68.8699
2430 68.8699
2431 68.8699
2432 68.8699
2433 68.8699
2434 68.8699
2435 68.8699
2436 68.8699
2437 68.8699
2438 68.8699
2439 68.5436
2440 68.5436
2441 68.5436
2442 68.5436
2443 68.5436
2444 68.5436
2445 68.5436
2446 68.5436
2447 68.5436
2448 68.5436
2449 68.5436
2450 68.5436
2451 68.5436
2452 68.5436
2453 68.5436
2454 68.5436
2455 68.5436
2456 68.5436
2457 68.5436
2458 68.5436
2459 68.5436
2460 68.5436
2461 68.5436
2462 68.5436
2463 68.5436
2464 68.5436
2465 68.5436
2466 68.5436
2467 68.5436
2468 68.5436
2469 68.5436
2470 68.5436
2471 68.5436
2472 68.5436
2473 68.5436
2474 68.5436
2475 68.5436
2476 68.5436
2477 68.5436
2478 68.5436
2479 68.5436
2480 68.5436
2481 68.5436
2482 68.5436
2483 68.5436
2484 68.5436
2485 68.5436
2486 68.5436
2487 68.5436
2488 68.5436
2489 68.5436
2490 68.5436
2491 68.5436
2492 68.5436
2493 68.5436
2494 68.5436
2495 68.5436
2496 68.5436
2497 68.5436
2498 68.5436
2499 68.5436
2500 68.5436
2501 68.5436
2502 68.5436
2503 68.5436
2504 68.5436
2505 68.5436
2506 68.5436
2507 68.5436
2508 68.5436
2509 68.5436
2510 68.5436
2511 68.5436
2512 68.5436
2513 68.5436
2514 68.5436
2515 68.5436
2516 68.5436
2517 68.5436
2518 68.5436
2519 68.5436
2520 68.5436
2521 68.5436
2522 68.5436
2523 68.5436
2524 68.5436
2525 68.5436
2526 68.5436
2527 68.5436
2528 68.5436
2529 68.5436
2530 68.5436
2531 68.5436
2532 68.5436
2533 68.5436
2534 68.5436
2535 68.5436
2536 68.5436
2537 68.5436
2538 68.5436
2539 68.5436
2540 68.5436
2541 68.5436
2542 68.5436
2543 68.5436
2544 68.5436
2545 68.5436
2546 68.5436
2547 68.5436
2548 68.5436
2549 68.5436
2550 68.5436
2551 68.5436
2552 68.5436
2553 68.5436
2554 68.5436
2555 68.5436
2556 68.5436
2557 68.5436
2558 68.5436
2559 68.5436
2560 68.5436
2561 68.5436
2562 68.5436
2563 68.5436
2564 68.5436
2565 68.5436
2566 68.5436
2567 68.5436
2568 68.5436
2569 68.5436
2570 68.5436
2571 68.5436
2572 68.5436
2573 68.5436
2574 68.5436
2575 68.5436
2576 68.5436
2577 68.5436
2578 68.5436
2579 68.5436
2580 68.5436
2581 68.5436
2582 68.5436
2583 68.5436
2584 68.5436
2585 68.5436
2586 68.5436
2587 68.5436
2588 68.5436
2589 68.5436
2590 68.5436
2591 68.5436
2592 68.5436
2593 68.5436
2594 68.5436
2595 68.5436
2596 68.5436
2597 68.5436
2598 68.5436
2599 68.5436
2600 68.5436
2601 68.5436
2602 68.5436
2603 68.5436
2604 68.5436
2605 68.5436
2606 68.5436
2607 68.5436
2608 68.5436
2609 68.5436
2610 68.5436
2611 68.5436
2612 68.5436
2613 68.5436
2614 68.5436
2615 68.5436
2616 68.5436
2617 68.5436
2618 68.5436
2619 68.5436
2620 68.5436
2621 68.5436
2622 68.5436
2623 68.5436
2624 68.5436
2625 68.5436
2626 68.5436
2627 68.5436
2628 68.5436
2629 68.5436
2630 68.5436
2631 68.5436
2632 68.5436
2633 68.5436
2634 68.5436
2635 68.5436
2636 68.5436
2637 68.5436
2638 68.5436
2639 68.5436
2640 68.5436
2641 68.5436
2642 68.5436
2643 68.5436
2644 68.5436
2645 68.5436
2646 68.5436
2647 68.5436
2648 68.5436
2649 68.5436
2650 68.5436
2651 68.5436
2652 68.5436
2653 68.5436
2654 68.5436
2655 68.5436
2656 68.5436
2657 68.5436
2658 68.5436
2659 68.5436
2660 68.5436
2661 68.5436
2662 68.5436
2663 68.5436
2664 68.5436
2665 68.5436
2666 68.5436
2667 68.5436
2668 68.5436
2669 68.5436
2670 68.5436
2671 68.5436
2672 68.5436
2673 68.5436
2674 68.5436
2675 68.5436
2676 68.5436
2677 68.5436
2678 68.5436
2679 68.5436
2680 68.5436
2681 68.5436
2682 68.5436
2683 68.5436
2684 68.5436
2685 68.5436
2686 68.5436
2687 68.5436
2688 68.5436
2689 68.5436
2690 68.5436
2691 68.5436
2692 68.5436
2693 68.5436
2694 68.5436
2695 68.5436
2696 68.5436
2697 68.5436
2698 68.5436
2699 68.5436
2700 68.5436
2701 68.5436
2702 68.5436
2703 68.5436
2704 68.5436
2705 68.5436
2706 68.5436
2707 68.5436
2708 68.5436
2709 68.5436
2710 68.5436
2711 68.5436
2712 68.5436
2713 68.5436
2714 68.5436
2715 68.5436
2716 68.5436
2717 68.5436
2718 68.5436
2719 68.5436
2720 68.5436
2721 68.5436
2722 68.5436
2723 68.5436
2724 68.5436
2725 68.5436
2726 68.5436
2727 68.5436
2728 68.5436
2729 68.5436
2730 68.5436
2731 68.5436
2732 68.5436
2733 68.5436
2734 68.5436
2735 68.5436
2736 68.5436
2737 68.5436
2738 68.5436
2739 68.5436
2740 68.5436
2741 68.5436
2742 68.5436
2743 68.5436
2744 68.5436
2745 68.5436
2746 68.5436
2747 68.5436
2748 68.5436
2749 68.5436
2750 68.5436
2751 68.5436
2752 68.5436
2753 68.5436
2754 68.5436
2755 68.5436
2756 68.5436
2757 68.5436
2758 68.5436
2759 68.5436
2760 68.5436
2761 68.5436
2762 68.5436
2763 68.5436
2764 68.5436
2765 68.5436
2766 68.5436
2767 68.5436
2768 68.5436
2769 68.5436
2770 68.5436
2771 68.5436
2772 68.5436
2773 68.5436
2774 68.5436
2775 68.5436
2776 68.5436
2777 68.5436
2778 68.5436
2779 68.5436
2780 68.5436
2781 68.5436
2782 68.5436
2783 68.5436
2784 68.5436
2785 68.5436
2786 68.5436
2787 68.5436
2788 68.5436
2789 68.5436
2790 68.5436
2791 68.5436
2792 68.5436
2793 68.5436
2794 68.5436
2795 68.5436
2796 68.5436
2797 68.5436
2798 68.5436
2799 68.5436
2800 68.5436
2801 68.5436
2802 68.5436
2803 68.5436
2804 68.5436
2805 68.5436
2806 68.5436
2807 68.5436
2808 68.5436
2809 68.5436
2810 68.5436
2811 68.5436
2812 68.5436
2813 68.5436
2814 68.5436
2815 68.5436
2816 68.5436
2817 68.5436
2818 68.5436
2819 68.5436
2820 68.5436
2821 68.5436
2822 68.5436
2823 68.5436
2824 68.5436
2825 68.5436
2826 68.5436
2827 68.5436
2828 68.5436
2829 68.5436
2830 68.5436
2831 68.5436
2832 68.5436
2833 68.5436
2834 68.5436
2835 68.5436
2836 68.5436
2837 68.5436
2838 68.5436
2839 68.5436
2840 68.5436
2841 68.5436
2842 68.5436
2843 68.5436
2844 68.5436
2845 68.5436
2846 68.5436
2847 68.5436
2848 68.5436
2849 68.5436
2850 68.5436
2851 68.5436
2852 68.5436
2853 68.5436
2854 68.5436
2855 68.5436
2856 68.5436
2857 68.5436
2858 68.5436
2859 68.5436
2860 68.5436
2861 68.5436
2862 68.5436
2863 68.5436
2864 68.5436
2865 68.5436
2866 68.5436
2867 68.5436
2868 68.5436
2869 68.5436
2870 68.5436
2871 68.5436
2872 68.5436
2873 68.5436
2874 68.5436
2875 68.5436
2876 68.5436
2877 68.5436
2878 68.5436
2879 68.5436
2880 68.5436
2881 68.5436
2882 68.5436
2883 68.5436
2884 68.5436
2885 68.5436
2886 68.5436
2887 68.5436
2888 68.5436
2889 68.5436
2890 68.5436
2891 68.5436
2892 68.5436
2893 68.5436
2894 68.5436
2895 68.5436
2896 68.5436
2897 68.5436
2898 68.5436
2899 68.5436
2900 68.5436
2901 68.5436
2902 68.5436
2903 68.5436
2904 68.5436
2905 68.5436
2906 68.5436
2907 68.5436
2908 68.5436
2909 68.5436
2910 68.5436
2911 68.5436
2912 68.5436
2913 68.5436
2914 68.5436
2915 68.5436
2916 68.5436
2917 68.5436
2918 68.5436
2919 68.5436
2920 68.5436
2921 68.5436
2922 68.5436
2923 68.5436
2924 68.5436
2925 68.5436
2926 68.5436
2927 68.5436
2928 68.5436
2929 68.5436
2930 68.5436
2931 68.5436
2932 68.5436
2933 68.5436
2934 68.5436
2935 68.5436
2936 68.5436
2937 68.5436
2938 68.5436
2939 68.5436
2940 68.5436
2941 68.5436
2942 68.5436
2943 68.5436
2944 68.5436
2945 68.5436
2946 68.5436
2947 68.5436
2948 68.5436
2949 68.5436
2950 68.5436
2951 68.5436
2952 68.5436
2953 68.5436
2954 68.5436
2955 68.5436
2956 68.5436
2957 68.5436
2958 68.5436
2959 68.5436
2960 68.5436
2961 68.5436
2962 68.5436
2963 68.5436
2964 68.5436
2965 68.5436
2966 68.5436
2967 68.5436
2968 68.5436
2969 68.5436
2970 68.5436
2971 68.5436
2972 68.5436
2973 68.5436
2974 68.5436
2975 68.5436
2976 68.5436
2977 68.5436
2978 68.5436
2979 68.5436
2980 68.5436
2981 68.5436
2982 68.5436
2983 68.5436
2984 68.5436
2985 68.5436
2986 68.5436
2987 68.5436
2988 68.5436
2989 68.5436
2990 68.5436
2991 68.5436
2992 68.5436
2993 68.5436
2994 68.5436
2995 68.5436
2996 68.5436
2997 68.5436
2998 68.5436
2999 68.5436
3000 68.5436
3001 68.5436
3002 68.5436
3003 68.5436
3004 68.5436
3005 68.5436
3006 68.5436
3007 68.5436
3008 68.5436
3009 68.5436
3010 68.5436
3011 68.5436
3012 68.5436
3013 68.5436
3014 68.5436
3015 68.5436
3016 68.5436
3017 68.5436
3018 68.5436
3019 68.5436
3020 68.5436
3021 68.5436
3022 68.5436
3023 68.5436
3024 68.5436
3025 68.5436
3026 68.5436
3027 68.5436
3028 68.5436
3029 68.5436
3030 68.5436
3031 68.5436
3032 68.5436
3033 68.5436
3034 68.5436
3035 68.5436
3036 68.5436
3037 68.5436
3038 68.5436
3039 68.5436
3040 68.5436
3041 68.5436
3042 68.5436
3043 68.5436
3044 68.5436
3045 68.5436
3046 68.5436
3047 68.5436
3048 68.5436
3049 68.5436
3050 68.5436
3051 68.5436
3052 68.5436
3053 68.5436
3054 68.5436
3055 68.5436
3056 68.5436
3057 68.5436
3058 68.5436
3059 68.5436
3060 68.5436
3061 68.5436
3062 68.5436
3063 68.5436
3064 68.5436
3065 68.5436
3066 68.5436
3067 68.5436
3068 68.5436
3069 68.5436
3070 68.5436
3071 68.5436
3072 68.5436
3073 68.5436
3074 68.5436
3075 68.5436
3076 68.5436
3077 68.5436
3078 68.5436
3079 68.5436
3080 68.5436
3081 68.5436
3082 68.5436
3083 68.5436
3084 68.5436
3085 68.5436
3086 68.5436
3087 68.5436
3088 68.5436
3089 68.5436
3090 68.5436
3091 68.5436
3092 68.5436
3093 68.5436
3094 68.5436
3095 68.5436
3096 68.5436
3097 68.5436
3098 68.5436
3099 68.5436
3100 68.5436
3101 68.5436
3102 68.5436
3103 68.5436
3104 68.5436
3105 68.5436
3106 68.5436
3107 68.5436
3108 68.5436
3109 68.5436
3110 68.5436
3111 68.5436
3112 68.5436
3113 68.5436
3114 68.5436
3115 68.5436
3116 68.5436
3117 68.5436
3118 68.5436
3119 68.5436
3120 68.5436
3121 68.5436
3122 68.5436
3123 68.5436
3124 68.5436
3125 68.5436
3126 68.5436
3127 68.5436
3128 68.5436
3129 68.5436
3130 68.5436
3131 68.5436
3132 68.5436
3133 68.5436
3134 68.5436
3135 68.5436
3136 68.5436
3137 68.5436
3138 68.5436
3139 68.5436
3140 68.5436
3141 68.5436
3142 68.5436
3143 68.5436
3144 68.5436
3145 68.5436
3146 68.5436
3147 68.5436
3148 68.5436
3149 68.5436
3150 68.5436
3151 68.5436
3152 68.5436
3153 68.5436
3154 68.5436
3155 68.5436
3156 68.5436
3157 68.5436
3158 68.5436
3159 68.5436
3160 68.5436
3161 68.5436
3162 68.5436
3163 68.5436
3164 68.5436
3165 68.5436
3166 68.5436
3167 68.5436
3168 68.5436
3169 68.5436
3170 68.5436
3171 68.5436
3172 68.5436
3173 68.5436
3174 68.5436
3175 68.5436
3176 68.5436
3177 68.5436
3178 68.5436
3179 68.5436
3180 68.5436
3181 68.5436
3182 68.5436
3183 68.5436
3184 68.5436
3185 68.5436
3186 68.5436
3187 68.5436
3188 68.5436
3189 68.5436
3190 68.5436
3191 68.5436
3192 68.5436
3193 68.5436
3194 68.5436
3195 68.5436
3196 68.5436
3197 68.5436
3198 68.5436
3199 68.5436
3200 68.5436
3201 68.5436
3202 68.5436
3203 68.5436
3204 68.5436
3205 68.5436
3206 68.5436
3207 68.5436
3208 68.5436
3209 68.5436
3210 68.5436
3211 68.5436
3212 68.5436
3213 68.5436
3214 68.5436
3215 68.5436
3216 68.5436
3217 68.5436
3218 68.5436
3219 68.5436
3220 68.5436
3221 68.5436
3222 68.5436
3223 68.5436
3224 68.5436
3225 68.5436
3226 68.5436
3227 68.5436
3228 68.5436
3229 68.5436
3230 68.5436
3231 68.5436
3232 68.5436
3233 68.5436
3234 68.5436
3235 68.5436
3236 68.5436
3237 68.5436
3238 68.5436
3239 68.5436
3240 68.5436
3241 68.5436
3242 68.5436
3243 68.5436
3244 68.5436
3245 68.5436
3246 68.5436
3247 68.5436
3248 68.5436
3249 68.5436
3250 68.5436
3251 68.5436
3252 68.5436
3253 68.5436
3254 68.5436
3255 68.5436
3256 68.5436
3257 68.5436
3258 68.5436
3259 68.5436
3260 68.5436
3261 68.5436
3262 68.5436
3263 68.5436
3264 68.5436
3265 68.5436
3266 68.5436
3267 68.5436
3268 68.5436
3269 68.5436
3270 68.5436
3271 68.5436
3272 68.5436
3273 68.5436
3274 68.5436
3275 68.5436
3276 68.5436
3277 68.5436
3278 68.5436
3279 68.5436
3280 68.5436
3281 68.5436
3282 68.5436
3283 68.5436
3284 68.5436
3285 68.5436
3286 68.5436
3287 68.5436
3288 68.5436
3289 68.5436
3290 68.5436
3291 68.5436
3292 68.5436
3293 68.5436
3294 68.5436
3295 68.5436
3296 68.5436
3297 68.5436
3298 68.5436
3299 68.5436
3300 68.5436
3301 68.5436
3302 68.5436
3303 68.5436
3304 68.5436
3305 68.5436
3306 68.5436
3307 68.5436
3308 68.5436
3309 68.5436
3310 68.5436
3311 68.5436
3312 68.5436
3313 68.5174
3314 68.5174
3315 68.5174
3316 68.5174
3317 68.5174
3318 68.5174
3319 68.5174
3320 68.5174
3321 68.5174
3322 68.5174
3323 68.5174
3324 68.5174
3325 68.5174
3326 68.5174
3327 68.5174
3328 68.5174
3329 68.5174
3330 68.5174
3331 68.5174
3332 68.5174
3333 68.5174
3334 68.5174
3335 68.5174
3336 68.5174
3337 68.5174
3338 68.5174
3339 68.5174
3340 68.5174
3341 68.5174
3342 68.5174
3343 68.5174
3344 68.5174
3345 68.5174
3346 68.5174
3347 68.5174
3348 68.5174
3349 68.5174
3350 68.5174
3351 68.5174
3352 68.5174
3353 68.5174
3354 68.5174
3355 68.5174
3356 68.5174
3357 68.5174
3358 68.5174
3359 68.5174
3360 68.5174
3361 68.5174
3362 68.5174
3363 68.5174
3364 68.5174
3365 68.5174
3366 68.5174
3367 68.5174
3368 68.5174
3369 68.5174
3370 68.5174
3371 68.5174
3372 68.5174
3373 68.5174
3374 68.5174
3375 68.5174
3376 68.5174
3377 68.5174
3378 68.5174
3379 68.5174
3380 68.5174
3381 68.5174
3382 68.5174
3383 68.5174
3384 68.5174
3385 68.5174
3386 68.5174
3387 68.5174
3388 68.5174
3389 68.5174
3390 68.5174
3391 68.5174
3392 68.5174
3393 68.5174
3394 68.5174
3395 68.5174
3396 68.5174
3397 68.5174
3398 68.5174
3399 68.5174
3400 68.5174
3401 68.5174
3402 68.5174
3403 68.5174
3404 68.5174
3405 68.5174
3406 68.5174
3407 68.5174
3408 68.5174
3409 68.5174
3410 68.5174
3411 68.5174
3412 68.5174
3413 68.5174
3414 68.5174
3415 68.5174
3416 68.5174
3417 68.5174
3418 68.5174
3419 68.5174
3420 68.5174
3421 68.5174
3422 68.5174
3423 68.5174
3424 68.5174
3425 68.5174
3426 68.5174
3427 68.5174
3428 68.5174
3429 68.5174
3430 68.5174
3431 68.5174
3432 68.5174
3433 68.5174
3434 68.5174
3435 68.5174
3436 68.5174
3437 68.5174
3438 68.5174
3439 68.5174
3440 68.5174
3441 68.5174
3442 68.5174
3443 68.5174
3444 68.5174
3445 68.5174
3446 68.5174
3447 68.5174
3448 68.5174
3449 68.5174
3450 68.5174
3451 68.5174
3452 68.5174
3453 68.5174
3454 68.5174
3455 68.5174
3456 68.5174
3457 68.5174
3458 68.5174
3459 68.5174
3460 68.5174
3461 68.5174
3462 68.5174
3463 68.5174
3464 68.5174
3465 68.5174
3466 68.5174
3467 68.5174
3468 68.5174
3469 68.5174
3470 68.5174
3471 68.5174
3472 68.5174
3473 68.5174
3474 68.5174
3475 68.5174
3476 68.5174
3477 68.5174
3478 68.5174
3479 68.5174
3480 68.5174
3481 68.5174
3482 68.5174
3483 68.5174
3484 68.5174
3485 68.5174
3486 68.5174
3487 68.5174
3488 68.5174
3489 68.5174
3490 68.5174
3491 68.5174
3492 68.5174
3493 68.5174
3494 68.5174
3495 68.5174
3496 68.5174
3497 68.5174
3498 68.5174
3499 68.5174
3500 68.5174
3501 68.5174
3502 68.5174
3503 68.5174
3504 68.5174
3505 68.5174
3506 68.5174
3507 68.5174
3508 68.5174
3509 68.5174
3510 68.5174
3511 68.5174
3512 68.5174
3513 68.5174
3514 68.5174
3515 68.5174
3516 68.5174
3517 68.5174
3518 68.5174
3519 68.5174
3520 68.5174
3521 68.5174
3522 68.5174
3523 68.5174
3524 68.5174
3525 68.5174
3526 68.5174
3527 68.5174
3528 68.5174
3529 68.5174
3530 68.5174
3531 68.5174
3532 68.5174
3533 68.5174
3534 68.5174
3535 68.5174
3536 68.5174
3537 68.5174
3538 68.5174
3539 68.5174
3540 68.5174
3541 68.5174
3542 68.5174
3543 68.5174
3544 68.5174
3545 68.5174
3546 68.5174
3547 68.5174
3548 68.5174
3549 68.5174
3550 68.5174
3551 68.5174
3552 68.5174
3553 68.5174
3554 68.5174
3555 68.5174
3556 68.5174
3557 68.5174
3558 68.5174
3559 68.5174
3560 68.5174
3561 68.5174
3562 68.5174
3563 68.5174
3564 68.5174
3565 68.5174
3566 68.5174
3567 68.5174
3568 68.5174
3569 68.5174
3570 68.5174
3571 68.5174
3572 68.5174
3573 68.5174
3574 68.5174
3575 68.5174
3576 68.5174
3577 68.5174
3578 68.5174
3579 68.5174
3580 68.5174
3581 68.5174
3582 68.5174
3583 68.5174
3584 68.5174
3585 68.5174
3586 68.5174
3587 68.5174
3588 68.5174
3589 68.5174
3590 68.5174
3591 68.5174
3592 68.5174
3593 68.5174
3594 68.5174
3595 68.5174
3596 68.5174
3597 68.5174
3598 68.5174
3599 68.5174
3600 68.5174
3601 68.5174
3602 68.5174
3603 68.5174
3604 68.5174
3605 68.5174
3606 68.5174
3607 68.5174
3608 68.5174
3609 68.5174
3610 68.5174
3611 68.5174
3612 68.5174
3613 68.5174
3614 68.5174
3615 68.5174
3616 68.5174
3617 68.5174
3618 68.5174
3619 68.5174
3620 68.5174
3621 68.5174
3622 68.5174
3623 68.5174
3624 68.5174
3625 68.5174
3626 68.5174
3627 68.5174
3628 68.5174
3629 68.5174
3630 68.5174
3631 68.5174
3632 68.5174
3633 68.5174
3634 68.5174
3635 68.5174
3636 68.5174
3637 68.5174
3638 68.5174
3639 68.5174
3640 68.5174
3641 68.5174
3642 68.5174
3643 68.5174
3644 68.5174
3645 68.5174
3646 68.5174
3647 68.5174
3648 68.5174
3649 68.5174
3650 68.5174
3651 68.5174
3652 68.5174
3653 68.5174
3654 68.5174
3655 68.5174
3656 68.5174
3657 68.5174
3658 68.5174
3659 68.5174
3660 68.5174
3661 68.5174
3662 68.5174
3663 68.5174
3664 68.5174
3665 68.5174
3666 68.5174
3667 68.5174
3668 68.5174
3669 68.5174
3670 68.5174
3671 68.5174
3672 68.5174
3673 68.5174
3674 68.5174
3675 68.5174
3676 68.5174
3677 68.5174
3678 68.5174
3679 68.5174
3680 68.5174
3681 68.5174
3682 68.5174
3683 68.5174
3684 68.5174
3685 68.5174
3686 68.5174
3687 68.5174
3688 68.5174
3689 68.5174
3690 68.5174
3691 68.5174
3692 68.5174
3693 68.5174
3694 68.5174
3695 68.5174
3696 68.5174
3697 68.5174
3698 68.5174
3699 68.5174
3700 68.5174
3701 68.5174
3702 68.5174
3703 68.5174
3704 68.5174
3705 68.5174
3706 68.5174
3707 68.5174
3708 68.5174
3709 68.5174
3710 68.5174
3711 68.5174
3712 68.5174
3713 68.5174
3714 68.5174
3715 68.5174
3716 68.5174
3717 68.5174
3718 68.5174
3719 68.5174
3720 68.5174
3721 68.5174
3722 68.5174
3723 68.5174
3724 68.5174
3725 68.5174
3726 68.5174
3727 68.5174
3728 68.5174
3729 68.5174
3730 68.5174
3731 68.5174
3732 68.5174
3733 68.5174
3734 68.5174
3735 68.5174
3736 68.5174
3737 68.5174
3738 68.5174
3739 68.5174
3740 68.5174
3741 68.5174
3742 68.5174
3743 68.5174
3744 68.5174
3745 68.5174
3746 68.5174
3747 68.5174
3748 68.5174
3749 68.5174
3750 68.5174
3751 68.5174
3752 68.5174
3753 68.5174
3754 68.5174
3755 68.5174
3756 68.5174
3757 68.5174
3758 68.5174
3759 68.5174
3760 68.5174
3761 68.5174
3762 68.5174
3763 68.5174
3764 68.5174
3765 68.5174
3766 68.5174
3767 68.5174
3768 68.5174
3769 68.5174
3770 68.5174
3771 68.5174
3772 68.5174
3773 68.5174
3774 68.5174
3775 68.5174
3776 68.5174
3777 68.5174
3778 68.5174
3779 68.5174
3780 68.5174
3781 68.5174
3782 68.5174
3783 68.5174
3784 68.5174
3785 68.5174
3786 68.5174
3787 68.5174
3788 68.5174
3789 68.5174
3790 68.5174
3791 68.5174
3792 68.5174
3793 68.5174
3794 68.5174
3795 68.5174
3796 68.5174
3797 68.5174
3798 68.5174
3799 68.5174
3800 68.5174
3801 68.5174
3802 68.5174
3803 68.5174
3804 68.5174
3805 68.5174
3806 68.5174
3807 68.5174
3808 68.5174
3809 68.5174
3810 68.5174
3811 68.5174
3812 68.5174
3813 68.5174
3814 68.5174
3815 68.5174
3816 68.5174
3817 68.5174
3818 68.5174
3819 68.5174
3820 68.5174
3821 68.5174
3822 68.5174
3823 68.5174
3824 68.5174
3825 68.5174
3826 68.5174
3827 68.5174
3828 68.5174
3829 68.5174
3830 68.5174
3831 68.5174
3832 68.5174
3833 68.5174
3834 68.5174
3835 68.5174
3836 68.5174
3837 68.5174
3838 68.5174
3839 68.5174
3840 68.5174
3841 68.5174
3842 68.5174
3843 68.5174
3844 68.5174
3845 68.5174
3846 68.5174
3847 68.5174
3848 68.5174
3849 68.5174
3850 68.5174
3851 68.5174
3852 68.5174
3853 68.5174
3854 68.5174
3855 68.5174
3856 68.5174
3857 68.5174
3858 68.5174
3859 68.5174
3860 68.5174
3861 68.5174
3862 68.5174
3863 68.5174
3864 68.5174
3865 68.5174
3866 68.5174
3867 68.5174
3868 68.5174
3869 68.5174
3870 68.5174
3871 68.5174
3872 68.5174
3873 68.5174
3874 68.1888
3875 68.1888
3876 68.1888
3877 68.1888
3878 68.1888
3879 68.1888
3880 68.1888
3881 68.1888
3882 68.1888
3883 68.1888
3884 68.1888
3885 68.1888
3886 68.1888
3887 68.1888
3888 68.1888
3889 68.1888
3890 68.1888
3891 68.1888
3892 68.1888
3893 68.1888
3894 68.1888
3895 68.1888
3896 68.1888
3897 68.1888
3898 68.1888
3899 68.1888
3900 68.1888
3901 68.1888
3902 68.1888
3903 68.1888
3904 68.1888
3905 68.1888
3906 68.1888
3907 68.1888
3908 68.1888
3909 68.1888
3910 68.1888
3911 68.1888
3912 68.1888
3913 68.1888
3914 68.1888
3915 68.1888
3916 68.1888
3917 68.1888
3918 68.1888
3919 68.1888
3920 68.1888
3921 68.1888
3922 68.1888
3923 68.1888
3924 68.1888
3925 68.1888
3926 68.1888
3927 68.1888
3928 68.1888
3929 68.1888
3930 68.1888
3931 68.1888
3932 68.1888
3933 68.1888
3934 68.1888
3935 68.1888
3936 68.1888
3937 68.1888
3938 68.1888
3939 68.1888
3940 68.1888
3941 68.1888
3942 68.1888
3943 68.1888
3944 68.1888
3945 68.1888
3946 68.1888
3947 68.1888
3948 68.1888
3949 68.1888
3950 68.1888
3951 68.1888
3952 68.1888
3953 68.1888
3954 68.1888
3955 68.1888
3956 68.1888
3957 68.1888
3958 68.1888
3959 68.1888
3960 68.1888
3961 68.1888
3962 68.1888
3963 68.1888
3964 68.1888
3965 68.1888
3966 68.1888
3967 68.1888
3968 68.1888
3969 68.1888
3970 68.1888
3971 68.1888
3972 68.1888
3973 68.1888
3974 68.1888
3975 68.1888
3976 68.1888
3977 68.1888
3978 68.1888
3979 68.1888
3980 68.1888
3981 68.1888
3982 68.1888
3983 68.1888
3984 68.1888
3985 68.1888
3986 68.1888
3987 68.1888
3988 68.1888
3989 68.1888
3990 68.1888
3991 68.1888
3992 68.1888
3993 68.1888
3994 68.1888
3995 68.1888
3996 68.1888
3997 68.1888
3998 68.1888
3999 68.1888
4000 68.1888
4001 68.1888
4002 68.1888
4003 68.1888
4004 68.1888
4005 68.1888
4006 68.1888
4007 68.1888
4008 68.1888
4009 68.1888
4010 68.1888
4011 68.1888
4012 68.1888
4013 68.1888
4014 68.1888
4015 68.1888
4016 68.1888
4017 68.1888
4018 68.1888
4019 68.1888
4020 68.1888
4021 68.1888
4022 68.1888
4023 68.1888
4024 68.1888
4025 68.1888
4026 68.1888
4027 68.1888
4028 68.1888
4029 68.1888
4030 68.1888
4031 68.1888
4032 68.1888
4033 68.1888
4034 68.1888
4035 68.1888
4036 68.1888
4037 68.1888
4038 68.1888
4039 68.1888
4040 68.1888
4041 68.1888
4042 68.1888
4043 68.1888
4044 68.1888
4045 68.1888
4046 68.1888
4047 68.1888
4048 68.1888
4049 68.1888
4050 68.1888
4051 68.1888
4052 68.1888
4053 68.1888
4054 68.1888
4055 68.1888
4056 68.1888
4057 68.1888
4058 68.1888
4059 68.1888
4060 68.1888
4061 68.1888
4062 68.1888
4063 68.1888
4064 68.1888
4065 68.1888
4066 68.1888
4067 68.1888
4068 68.1888
4069 68.1888
4070 68.1888
4071 68.1888
4072 68.1888
4073 68.1888
4074 68.1888
4075 68.1888
4076 68.1888
4077 68.1888
4078 68.1888
4079 68.1888
4080 68.1888
4081 68.1888
4082 68.1888
4083 68.1888
4084 68.1888
4085 68.1888
4086 68.1888
4087 68.1888
4088 68.1888
4089 68.1888
4090 68.1888
4091 68.1888
4092 68.1888
4093 68.1888
4094 68.1888
4095 68.1888
4096 68.1888
4097 68.1888
4098 68.1888
4099 68.1888
4100 68.1888
4101 68.1888
4102 68.1888
4103 68.1888
4104 68.1888
4105 68.1888
4106 68.1888
4107 68.1888
4108 68.1888
4109 68.1888
4110 68.1888
4111 68.1888
4112 68.1888
4113 68.1888
4114 68.1888
4115 68.1888
4116 68.1888
4117 68.1888
4118 68.1888
4119 68.1888
4120 68.1888
4121 68.1888
4122 68.1888
4123 68.1888
4124 68.1888
4125 68.1888
4126 68.1888
4127 68.1888
4128 68.1888
4129 68.1888
4130 68.1888
4131 68.1888
4132 68.1888
4133 68.1888
4134 68.1888
4135 68.1888
4136 68.1888
4137 68.1888
4138 68.1888
4139 68.1888
4140 68.1888
4141 68.1888
4142 68.1888
4143 68.1888
4144 68.1888
4145 68.1888
4146 68.1888
4147 68.1888
4148 68.1888
4149 68.1888
4150 68.1888
4151 68.1888
4152 68.1888
4153 68.1888
4154 68.1888
4155 68.1888
4156 68.1888
4157 68.1888
4158 68.1888
4159 68.1888
4160 68.1888
4161 68.1888
4162 68.1888
4163 68.1888
4164 68.1888
4165 68.1888
4166 68.1888
4167 68.1888
4168 68.1888
4169 68.1888
4170 68.1888
4171 68.1888
4172 68.1888
4173 68.1888
4174 68.1888
4175 68.1888
4176 68.1888
4177 68.1888
4178 68.1888
4179 68.1888
4180 68.1888
4181 68.1888
4182 68.1888
4183 68.1888
4184 68.1888
4185 68.1888
4186 68.1888
4187 68.1888
4188 68.1888
4189 68.1888
4190 68.1888
4191 68.1888
4192 68.1888
4193 68.1888
4194 68.1888
4195 68.1888
4196 68.1888
4197 68.1888
4198 68.1888
4199 68.1888
4200 68.1888
4201 68.1888
4202 68.1888
4203 68.1888
4204 68.1888
4205 68.1888
4206 68.1888
4207 68.1888
4208 68.1888
4209 68.1888
4210 68.1888
4211 68.1888
4212 68.1888
4213 68.1888
4214 68.1888
4215 68.1888
4216 68.1888
4217 68.1888
4218 68.1888
4219 68.1888
4220 68.1888
4221 68.1888
4222 68.1888
4223 68.1888
4224 68.1888
4225 68.1888
4226 68.1888
4227 68.1888
4228 68.1888
4229 68.1888
4230 68.1888
4231 68.1888
4232 68.1888
4233 68.1888
4234 68.1888
4235 68.1888
4236 68.1888
4237 68.1888
4238 68.1888
4239 68.1888
4240 68.1888
4241 68.1888
4242 68.1888
4243 68.1888
4244 68.1888
4245 68.1888
4246 68.1888
4247 68.1888
4248 68.1888
4249 68.1888
4250 68.1888
4251 68.1888
4252 68.1888
4253 68.1888
4254 68.1888
4255 68.1888
4256 68.1888
4257 68.1888
4258 68.1888
4259 68.1888
4260 68.1888
4261 68.1888
4262 68.1888
4263 68.1888
4264 68.1888
4265 68.1888
4266 68.1888
4267 68.1888
4268 68.1888
4269 68.1888
4270 68.1888
4271 68.1888
4272 68.1888
4273 68.1888
4274 68.1888
4275 68.1888
4276 68.1888
4277 68.1888
4278 68.1888
4279 68.1888
4280 68.1888
4281 68.1888
4282 68.1888
4283 68.1888
4284 68.1888
4285 68.1888
4286 68.1888
4287 68.1888
4288 68.1888
4289 68.1888
4290 68.1888
4291 68.1888
4292 68.1888
4293 68.1888
4294 68.1888
4295 68.1888
4296 68.1888
4297 68.1888
4298 68.1888
4299 68.1888
4300 68.1888
4301 68.1888
4302 68.1888
4303 68.1888
4304 68.1888
4305 68.1888
4306 68.1888
4307 68.1888
4308 68.1888
4309 68.1888
4310 68.1888
4311 68.1888
4312 68.1888
4313 68.1888
4314 68.1888
4315 68.1888
4316 68.1888
4317 68.1888
4318 68.1888
4319 68.1888
4320 68.1888
4321 68.1888
4322 68.1888
4323 68.1888
4324 68.1888
4325 68.1888
4326 68.1888
4327 68.1888
4328 68.1888
4329 68.1888
4330 68.1888
4331 68.1888
4332 68.1888
4333 68.1888
4334 68.1888
4335 68.1888
4336 68.1888
4337 68.1888
4338 68.1888
4339 68.1888
4340 68.1888
4341 68.1888
4342 68.1888
4343 68.1888
4344 68.1888
4345 68.1888
4346 68.1888
4347 68.1888
4348 68.1888
4349 68.1888
4350 68.1888
4351 68.1888
4352 68.1888
4353 68.1888
4354 68.1888
4355 68.1888
4356 68.1888
4357 68.1888
4358 68.1888
4359 68.1888
4360 68.1888
4361 68.1888
4362 68.1888
4363 68.1888
4364 68.1888
4365 68.1888
4366 68.1888
4367 68.1888
4368 68.1888
4369 68.1888
4370 68.1888
4371 68.1888
4372 68.1888
4373 68.1888
4374 68.1888
4375 68.1888
4376 68.1888
4377 68.1888
4378 68.1888
4379 68.1888
4380 68.1888
4381 68.1888
4382 68.1888
4383 68.1888
4384 68.1888
4385 68.1888
4386 68.1888
4387 68.1888
4388 68.1888
4389 68.1888
4390 68.1888
4391 68.1888
4392 68.1888
4393 68.1888
4394 68.1888
4395 68.1888
4396 68.1888
4397 68.1888
4398 68.1888
4399 68.1888
4400 68.1888
4401 68.1888
4402 68.1888
4403 68.1888
4404 68.1888
4405 68.1888
4406 68.1888
4407 68.1888
4408 68.1888
4409 68.1888
4410 68.1888
4411 68.1888
4412 68.1888
4413 68.1888
4414 68.1888
4415 68.1888
4416 68.1888
4417 68.1888
4418 68.1888
4419 68.1888
4420 68.1888
4421 68.1888
4422 68.1888
4423 68.1888
4424 68.1888
4425 68.1888
4426 68.1888
4427 68.1888
4428 68.1888
4429 68.1888
4430 68.1888
4431 68.1888
4432 68.1888
4433 68.1888
4434 68.1888
4435 68.1888
4436 68.1888
4437 68.1888
4438 68.1888
4439 68.1888
4440 68.1888
4441 68.1888
4442 68.1888
4443 68.1888
4444 68.1888
4445 68.1888
4446 68.1888
4447 68.1888
4448 68.1888
4449 68.1888
4450 68.1888
4451 68.1888
4452 68.1888
4453 68.1888
4454 68.1888
4455 68.1888
4456 68.1888
4457 68.1888
4458 68.1888
4459 68.1888
4460 68.1888
4461 68.1888
4462 68.1888
4463 68.1888
4464 68.1888
4465 68.1888
4466 68.1888
4467 68.1888
4468 68.1888
4469 68.1888
4470 68.1888
4471 68.1888
4472 68.1888
4473 68.1888
4474 68.1888
4475 68.1888
4476 68.1888
4477 68.1888
4478 68.1888
4479 68.1888
4480 68.1888
4481 68.1888
4482 68.1888
4483 68.1888
4484 68.1888
4485 68.1888
4486 68.1888
4487 68.1888
4488 68.1888
4489 68.1888
4490 68.1888
4491 68.1888
4492 68.1888
4493 68.1888
4494 68.1888
4495 68.1888
4496 68.1888
4497 68.1888
4498 68.1888
4499 68.1888
4500 68.1888
4501 68.1888
4502 68.1888
4503 68.1888
4504 68.1888
4505 68.1888
4506 68.1888
4507 68.1888
4508 68.1888
4509 68.1888
4510 68.1888
4511 68.1888
4512 68.1888
4513 68.1888
4514 68.1888
4515 68.1888
4516 68.1888
4517 68.1888
4518 68.1888
4519 68.1888
4520 68.1888
4521 68.1888
4522 68.1888
4523 68.1888
4524 68.1888
4525 68.1888
4526 68.1888
4527 68.1888
4528 68.1888
4529 68.1888
4530 68.1888
4531 68.1888
4532 68.1888
4533 68.1888
4534 68.1888
4535 68.1888
4536 68.1888
4537 68.1888
4538 68.1888
4539 68.1888
4540 68.1888
4541 68.1888
4542 68.1888
4543 68.1888
4544 68.1888
4545 68.1888
4546 68.1888
4547 68.1888
4548 68.1888
4549 68.1888
4550 68.1888
4551 68.1888
4552 68.1888
4553 68.1888
4554 68.1888
4555 68.1888
4556 68.1888
4557 68.1888
4558 68.1888
4559 68.1888
4560 68.1888
4561 68.1888
4562 68.1888
4563 68.1888
4564 68.1888
4565 68.1888
4566 68.1888
4567 68.1888
4568 68.1888
4569 68.1888
4570 68.1888
4571 68.1888
4572 68.1888
4573 68.1888
4574 68.1888
4575 68.1888
4576 68.1888
4577 68.1888
4578 68.1888
4579 68.1888
4580 68.1888
4581 68.1888
4582 68.1888
4583 68.1888
4584 68.1888
4585 68.1888
4586 68.1888
4587 68.1888
4588 68.1888
4589 68.1888
4590 68.1888
4591 68.1888
4592 68.1888
4593 68.1888
4594 68.1888
4595 68.1888
4596 68.1888
4597 68.1888
4598 68.1888
4599 68.1888
4600 68.1888
4601 68.1888
4602 68.1888
4603 68.1888
4604 68.1888
4605 68.1888
4606 68.1888
4607 68.1888
4608 68.1888
4609 68.1888
4610 68.1888
4611 68.1888
4612 68.1888
4613 68.1888
4614 68.1888
4615 68.1888
4616 68.1888
4617 68.1888
4618 68.1888
4619 68.1888
4620 68.1888
4621 68.1888
4622 68.1888
4623 68.1888
4624 68.1888
4625 68.1888
4626 68.1888
4627 68.1888
4628 68.1888
4629 68.1888
4630 68.1888
4631 68.1888
4632 68.1888
4633 68.1888
4634 68.1888
4635 68.1888
4636 68.1888
4637 68.1888
4638 68.1888
4639 68.1888
4640 68.1888
4641 68.1888
4642 68.1888
4643 68.1888
4644 68.1888
4645 68.1888
4646 68.1888
4647 68.1888
4648 68.1888
4649 68.1888
4650 68.1888
4651 68.1888
4652 68.0181
4653 68.0181
4654 68.0181
4655 68.0181
4656 68.0181
4657 68.0181
4658 68.0181
4659 68.0181
4660 68.0181
4661 68.0181
4662 68.0181
4663 68.0181
4664 68.0181
4665 68.0181
4666 68.0181
4667 68.0181
4668 68.0181
4669 68.0181
4670 68.0181
4671 68.0181
4672 67.883
4673 67.883
4674 67.883
4675 67.883
4676 67.883
4677 67.883
4678 67.883
4679 67.883
4680 67.883
4681 67.883
4682 67.883
4683 67.883
4684 67.883
4685 67.883
4686 67.883
4687 67.883
4688 67.883
4689 67.883
4690 67.883
4691 67.883
4692 67.883
4693 67.883
4694 67.883
4695 67.883
4696 67.883
4697 67.883
4698 67.883
4699 67.883
4700 67.883
4701 67.883
4702 67.883
4703 67.883
4704 67.883
4705 67.883
4706 67.883
4707 67.883
4708 67.883
4709 67.883
4710 67.883
4711 67.883
4712 67.883
4713 67.883
4714 67.883
4715 67.883
4716 67.883
4717 67.883
4718 67.883
4719 67.883
4720 67.883
4721 67.883
4722 67.883
4723 67.883
4724 67.883
4725 67.8348
4726 67.8348
4727 67.8348
4728 67.8348
4729 67.8348
4730 67.8348
4731 67.8348
4732 67.8348
4733 67.8348
4734 67.8348
4735 67.8348
4736 67.8348
4737 67.8348
4738 67.8348
4739 67.8348
4740 67.8348
4741 67.8348
4742 67.8348
4743 67.8348
4744 67.8348
4745 67.8348
4746 67.8348
4747 67.8348
4748 67.8348
4749 67.8348
4750 67.8348
4751 67.8348
4752 67.8348
4753 67.8348
4754 67.8348
4755 67.8348
4756 67.8348
4757 67.8348
4758 67.8348
4759 67.8348
4760 67.8348
4761 67.8348
4762 67.8348
4763 67.8348
4764 67.8348
4765 67.8348
4766 67.8348
4767 67.8348
4768 67.8348
4769 67.8348
4770 67.8348
4771 67.8348
4772 67.8348
4773 67.8348
4774 67.8348
4775 67.8348
4776 67.8348
4777 67.8348
4778 67.8348
4779 67.8348
4780 67.8348
4781 67.8348
4782 67.8348
4783 67.8348
4784 67.8348
4785 67.8348
4786 67.8348
4787 67.8348
4788 67.8348
4789 67.8348
4790 67.8348
4791 67.8348
4792 67.8348
4793 67.8348
4794 67.8348
4795 67.8348
4796 67.8348
4797 67.8348
4798 67.8348
4799 67.8348
4800 67.8348
4801 67.8348
4802 67.8348
4803 67.8348
4804 67.8348
4805 67.8348
4806 67.8348
4807 67.8348
4808 67.8348
4809 67.8348
4810 67.8348
4811 67.8348
4812 67.8348
4813 67.8348
4814 67.8348
4815 67.8348
4816 67.8348
4817 67.8348
4818 67.8348
4819 67.8348
4820 67.8348
4821 67.8348
4822 67.8348
4823 67.8348
4824 67.8348
4825 67.8348
4826 67.8348
4827 67.8348
4828 67.8348
4829 67.8348
4830 67.8348
4831 67.8348
4832 67.8348
4833 67.8348
4834 67.8348
4835 67.8348
4836 67.8348
4837 67.8348
4838 67.8348
4839 67.8348
4840 67.8348
4841 67.8348
4842 67.8348
4843 67.8348
4844 67.8348
4845 67.8348
4846 67.8348
4847 67.8348
4848 67.8348
4849 67.8348
4850 67.8348
4851 67.8348
4852 67.8348
4853 67.8348
4854 67.8348
4855 67.8348
4856 67.8348
4857 67.8348
4858 67.8348
4859 67.8348
4860 67.8348
4861 67.8348
4862 67.8348
4863 67.8348
4864 67.8348
4865 67.8348
4866 67.8348
4867 67.8348
4868 67.8348
4869 67.8348
4870 67.8348
4871 67.8348
4872 67.8348
4873 67.8348
4874 67.8348
4875 67.8348
4876 67.8348
4877 67.8348
4878 67.8348
4879 67.8348
4880 67.8348
4881 67.8348
4882 67.8348
4883 67.8348
4884 67.8348
4885 67.8348
4886 67.8348
4887 67.8348
4888 67.8348
4889 67.8348
4890 67.8348
4891 67.8348
4892 67.8348
4893 67.8348
4894 67.8348
4895 67.8348
4896 67.8348
4897 67.8348
4898 67.8348
4899 67.8348
4900 67.8348
4901 67.8348
4902 67.8348
4903 67.8348
4904 67.8348
4905 67.8348
4906 67.8348
4907 67.8348
4908 67.8348
4909 67.8348
4910 67.8348
4911 67.8348
4912 67.8348
4913 67.8348
4914 67.8348
4915 67.8348
4916 67.8348
4917 67.7767
4918 67.8348
4919 67.7767
4920 67.7767
4921 66.6302
4922 66.6302
4923 66.6302
4924 66.4719
4925 66.4719
4926 66.4719
4927 66.4719
4928 66.4719
4929 66.4719
4930 66.4719
4931 66.4719
4932 66.4719
4933 66.4719
4934 66.4719
4935 66.4719
4936 66.4719
4937 66.4719
4938 66.4719
4939 66.4719
4940 66.4719
4941 66.4719
4942 66.4719
4943 66.4719
4944 66.4719
4945 66.4719
4946 66.4719
4947 66.4719
4948 66.4719
4949 66.4719
4950 66.4719
4951 66.4719
4952 66.4719
4953 66.4719
4954 66.4719
4955 66.4719
4956 66.4719
4957 66.4719
4958 66.4719
4959 66.4719
4960 66.4719
4961 66.4719
4962 66.4719
4963 66.4719
4964 66.4719
4965 66.4719
4966 66.4719
4967 66.4719
4968 66.4719
4969 66.4719
4970 66.4719
4971 66.4719
4972 66.4719
4973 66.4719
4974 66.4719
4975 66.4719
4976 66.4719
4977 66.4719
4978 66.4719
4979 66.4719
4980 66.4719
4981 66.4719
4982 66.4719
4983 66.4719
4984 66.4719
4985 66.4719
4986 66.4719
4987 66.4719
4988 66.4719
4989 66.4719
4990 66.4719
4991 66.4719
4992 66.4719
4993 66.4719
4994 66.4719
4995 66.4719
4996 66.4719
4997 66.4719
4998 66.4719
4999 66.4719
5000 66.4719
5001 66.4719
5002 66.4719
5003 66.4719
5004 66.4719
5005 66.4719
5006 66.4719
5007 66.4719
5008 66.4719
5009 66.4719
5010 66.4719
5011 66.4719
5012 66.4719
5013 66.4719
5014 66.4719
5015 66.4719
5016 66.4719
5017 66.4719
5018 66.4719
5019 66.4719
5020 66.4719
5021 66.4719
5022 66.4719
5023 66.4719
5024 66.4719
5025 66.4719
5026 66.4719
5027 66.4719
5028 66.4719
5029 66.4719
5030 66.4719
5031 66.4719
5032 66.4719
5033 66.4719
5034 66.4719
5035 66.4719
5036 66.4719
5037 66.4719
5038 66.4719
5039 66.4719
5040 66.4719
5041 66.4719
5042 66.4719
5043 66.4719
5044 66.4719
5045 66.4719
5046 66.4719
5047 66.4719
5048 66.4719
5049 66.4719
5050 66.4719
5051 66.4719
5052 66.4719
5053 66.4719
5054 66.4719
5055 66.4719
5056 66.4719
5057 66.4719
5058 66.4719
5059 66.4719
5060 66.4719
5061 66.4719
5062 66.4719
5063 66.4719
5064 66.4719
5065 66.4719
5066 66.4719
5067 66.4719
5068 66.4719
5069 66.4719
5070 66.4719
5071 66.4719
5072 66.4719
5073 66.4719
5074 66.4719
5075 66.4719
5076 66.4719
5077 66.4719
5078 66.4719
5079 66.4719
5080 66.4719
5081 66.4719
5082 66.4719
5083 66.4719
5084 66.4719
5085 66.4719
5086 66.4719
5087 66.4719
5088 66.4719
5089 66.4719
5090 66.4719
5091 66.4719
5092 66.4719
5093 66.4719
5094 66.4719
5095 66.4719
5096 66.4719
5097 66.4719
5098 66.4719
5099 66.4719
5100 66.4719
5101 66.4719
5102 66.4719
5103 66.4719
5104 66.4719
5105 66.4719
5106 66.4719
5107 66.4719
5108 66.4719
5109 66.4719
5110 66.4719
5111 66.4719
5112 66.4719
5113 66.4719
5114 66.4719
5115 66.4719
5116 66.4719
5117 66.4719
5118 66.4719
5119 66.4719
5120 66.4719
5121 66.4719
5122 66.4719
5123 66.4719
5124 66.4719
5125 66.4719
5126 66.4719
5127 66.4719
5128 66.4719
5129 66.4719
5130 66.4719
5131 66.4719
5132 66.4719
5133 66.4719
5134 66.4719
5135 66.4719
5136 66.4719
5137 66.4719
5138 66.4719
5139 66.4719
5140 66.4719
5141 66.4719
5142 66.4719
5143 66.4719
5144 66.4719
5145 66.4719
5146 66.4719
5147 66.4719
5148 66.4719
5149 66.4719
5150 66.4719
5151 66.4719
5152 66.4719
5153 66.4719
5154 66.4719
5155 66.4719
5156 66.4719
5157 66.4719
5158 66.4719
5159 66.4719
5160 66.4719
5161 66.4719
5162 66.4719
5163 66.4719
5164 66.4719
5165 66.4719
5166 66.4719
5167 66.4719
5168 66.4719
5169 66.4719
5170 66.4719
5171 66.4719
5172 66.4719
5173 66.4719
5174 66.4719
5175 66.4719
5176 66.4719
5177 66.4719
5178 66.4719
5179 66.4719
5180 66.4719
5181 66.4719
5182 66.4719
5183 66.4719
5184 66.4719
5185 66.4719
5186 66.4719
5187 66.4719
5188 66.4719
5189 66.4719
5190 66.4719
5191 66.4719
5192 66.4719
5193 66.4719
5194 66.4719
5195 66.4719
5196 66.4719
5197 66.4719
5198 66.4719
5199 66.4719
5200 66.4719
5201 66.4719
5202 66.4719
5203 66.4719
5204 66.4719
5205 66.4719
5206 66.4719
5207 66.4719
5208 66.4719
5209 66.4719
5210 66.4719
5211 66.4719
5212 66.4719
5213 66.4719
5214 66.4719
5215 66.4719
5216 66.4719
5217 66.4719
5218 66.4719
5219 66.4719
5220 66.4719
5221 66.4719
5222 66.4719
5223 66.4719
5224 66.4719
5225 66.4719
5226 66.4719
5227 66.4719
5228 66.4719
5229 66.4719
5230 66.4719
5231 66.4719
5232 66.4719
5233 66.4719
5234 66.4719
5235 66.4719
5236 66.4719
5237 66.4719
5238 66.4719
5239 66.4719
5240 66.4719
5241 66.4719
5242 66.4719
5243 66.4719
5244 66.4719
5245 66.4719
5246 66.4719
5247 66.4719
5248 66.4719
5249 66.4719
5250 66.4719
5251 66.4719
5252 66.4719
5253 66.4719
5254 66.4719
5255 66.4719
5256 66.4719
5257 66.4719
5258 66.4719
5259 66.4719
5260 66.4719
5261 66.4719
5262 66.4719
5263 66.4719
5264 66.4719
5265 66.4719
5266 66.4719
5267 66.4719
5268 66.4719
5269 66.4719
5270 66.4719
5271 66.4719
5272 66.4719
5273 66.4719
5274 66.4719
5275 66.4719
5276 66.4719
5277 66.4719
5278 66.4719
5279 66.4719
5280 66.4719
5281 66.4719
5282 66.4719
5283 66.4719
5284 66.4719
5285 66.4719
5286 66.4719
5287 66.4719
5288 66.4719
5289 66.4719
5290 66.4719
5291 66.4719
5292 66.4719
5293 66.4719
5294 66.4719
5295 66.4719
5296 66.4719
5297 66.4719
5298 66.4719
5299 66.4719
5300 66.4719
5301 66.4719
5302 66.4719
5303 66.4719
5304 66.4719
5305 66.4719
5306 66.4719
5307 66.4719
5308 66.4719
5309 66.4719
5310 66.4719
5311 66.4719
5312 66.4719
5313 66.4719
5314 66.4719
5315 66.4719
5316 66.4719
5317 66.4719
5318 66.4719
5319 66.4719
5320 66.4719
5321 66.4719
5322 66.4719
5323 66.4719
5324 66.4719
5325 66.4719
5326 66.4719
5327 66.4719
5328 66.4719
5329 66.4719
5330 66.4719
5331 66.4719
5332 66.4719
5333 66.4719
5334 66.4719
5335 66.4719
5336 66.4719
5337 66.4719
5338 66.4719
5339 66.4719
5340 66.4719
5341 66.4719
5342 66.4719
5343 66.4719
5344 66.4719
5345 66.4719
5346 66.4719
5347 66.4719
5348 66.4719
5349 66.4719
5350 66.4719
5351 66.4719
5352 66.4719
5353 66.4719
5354 66.4719
5355 66.4719
5356 66.4719
5357 66.4719
5358 66.4719
5359 66.4719
5360 66.4719
5361 66.4719
5362 66.4719
5363 66.4719
5364 66.4719
5365 66.4719
5366 66.4719
5367 66.4719
5368 66.4719
5369 66.4719
5370 66.4719
5371 66.4719
5372 66.4719
5373 66.4719
5374 66.4719
5375 66.4719
5376 66.4719
5377 66.4719
5378 66.4719
5379 66.4719
5380 66.4719
5381 66.4719
5382 66.4719
5383 66.4719
5384 66.4719
5385 66.4719
5386 66.4719
5387 66.4719
5388 66.4719
5389 66.4719
5390 66.4719
5391 66.4719
5392 66.4719
5393 66.4719
5394 66.4719
5395 66.4719
5396 66.4719
5397 66.4719
5398 66.4719
5399 66.4719
5400 66.4719
5401 66.4719
5402 66.4719
5403 66.4719
5404 66.4719
5405 66.4719
5406 66.4719
5407 66.4719
5408 66.4719
5409 66.4719
5410 66.4719
5411 66.4719
5412 66.4719
5413 66.4719
5414 66.4719
5415 66.4719
5416 66.4719
5417 66.4719
5418 66.4719
5419 66.4719
5420 66.4719
5421 66.4719
5422 66.4719
5423 66.4719
5424 66.4719
5425 66.4719
5426 66.4719
5427 66.4719
5428 66.4719
5429 66.4719
5430 66.4719
5431 66.4719
5432 66.4719
5433 66.4719
5434 66.4719
5435 66.4719
5436 66.4719
5437 66.4719
5438 66.4719
5439 66.4719
5440 66.4719
5441 66.4719
5442 66.4719
5443 66.4719
5444 66.4719
5445 66.4719
5446 66.4719
5447 66.4719
5448 66.4719
5449 66.4719
5450 66.4719
5451 66.4719
5452 66.4719
5453 66.4719
5454 66.4719
5455 66.4719
5456 66.4719
5457 66.4719
5458 66.4719
5459 66.4719
5460 66.4719
5461 66.4719
5462 66.4719
5463 66.4719
5464 66.4719
5465 66.4719
5466 66.4719
5467 66.4719
5468 66.4719
5469 66.4719
5470 66.4719
5471 66.4719
5472 66.4719
5473 66.4719
5474 66.4719
5475 66.4719
5476 66.4719
5477 66.4719
5478 66.4719
5479 66.4719
5480 66.4719
5481 66.4719
5482 66.4719
5483 66.4719
5484 66.4719
5485 66.4719
5486 66.4719
5487 66.4719
5488 66.4719
5489 66.4719
5490 66.4719
5491 66.4719
5492 66.4719
5493 66.4719
5494 66.4719
5495 66.4719
5496 66.4719
5497 66.4719
5498 66.4719
5499 66.4719
5500 66.4719
5501 66.4719
5502 66.4719
5503 66.4719
5504 66.4719
5505 66.4719
5506 66.4719
5507 66.4719
5508 66.4719
5509 66.4719
5510 66.4719
5511 66.4719
5512 66.4719
5513 66.4719
5514 66.4719
5515 66.4719
5516 66.4719
5517 66.4719
5518 66.4719
5519 66.4719
5520 66.4719
5521 66.4719
5522 66.4719
5523 66.4719
5524 66.4719
5525 66.4719
5526 66.4719
5527 66.4719
5528 66.4719
5529 66.4719
5530 66.4719
5531 66.4719
5532 66.4719
5533 66.4719
5534 66.4719
5535 66.4719
5536 66.4719
5537 66.4719
5538 66.4719
5539 66.4719
5540 66.4719
5541 66.4719
5542 66.4719
5543 66.4719
5544 66.4719
5545 66.4719
5546 66.4719
5547 66.4719
5548 66.4719
5549 66.4719
5550 66.4719
5551 66.4719
5552 66.4719
5553 66.4719
5554 66.4719
5555 66.4719
5556 66.4719
5557 66.4719
5558 66.4719
5559 66.4719
5560 66.4719
5561 66.4719
5562 66.4719
5563 66.4719
5564 66.4719
5565 66.4719
5566 66.4719
5567 66.4719
5568 66.4719
5569 66.4719
5570 66.4719
5571 66.4719
5572 66.4719
5573 66.4719
5574 66.4719
5575 66.4719
5576 66.4719
5577 66.4719
5578 66.4719
5579 66.4719
5580 66.4719
5581 66.4719
5582 66.4719
5583 66.4719
5584 66.4719
5585 66.4719
5586 66.4719
5587 66.4719
5588 66.4719
5589 66.4719
5590 66.4719
5591 66.4719
5592 66.4719
5593 66.4719
5594 66.4719
5595 66.4719
5596 66.4719
5597 66.4719
5598 66.4719
5599 66.4719
5600 66.4719
5601 66.4719
5602 66.4719
5603 66.4719
5604 66.4719
5605 66.4719
5606 66.4719
5607 66.4719
5608 66.4719
5609 66.4719
5610 66.4719
5611 66.4719
5612 66.4719
5613 66.4719
5614 66.4719
5615 66.4719
5616 66.4719
5617 66.4719
5618 66.4719
5619 66.4719
5620 66.4719
5621 66.4719
5622 66.4719
5623 66.4719
5624 66.4719
5625 66.4719
5626 66.4719
5627 66.4719
5628 66.4719
5629 66.4719
5630 66.4719
5631 66.4719
5632 66.4719
5633 66.4719
5634 66.4719
5635 66.4719
5636 66.4719
5637 66.4719
5638 66.4719
5639 66.4719
5640 66.4719
5641 66.4719
5642 66.4719
5643 66.4719
5644 66.4719
5645 66.4719
5646 66.4719
5647 66.4719
5648 66.4719
5649 66.4719
5650 66.4719
5651 66.4719
5652 66.4719
5653 66.4719
5654 66.4719
5655 66.4719
5656 66.4719
5657 66.4719
5658 66.4719
5659 66.4719
5660 66.4719
5661 66.4719
5662 66.4719
5663 66.4719
5664 66.4719
5665 66.4719
5666 66.4719
5667 66.4719
5668 66.4719
5669 66.4719
5670 66.4719
5671 66.4719
5672 66.4719
5673 66.4719
5674 66.4719
5675 66.4719
5676 66.4719
5677 66.4719
5678 66.4719
5679 66.4719
5680 66.4719
5681 66.4719
5682 66.4719
5683 66.4719
5684 66.4719
5685 66.4719
5686 66.4719
5687 66.4719
5688 66.4719
5689 66.4719
5690 66.4719
5691 66.4719
5692 66.4719
5693 66.4719
5694 66.4719
5695 66.4719
5696 66.4719
5697 66.4719
5698 66.4719
5699 66.4719
5700 66.4719
5701 66.4719
5702 66.4719
5703 66.4719
5704 66.4719
5705 66.4719
5706 66.4719
5707 66.4719
5708 66.4719
5709 66.4719
5710 66.4719
5711 66.4719
5712 66.4719
5713 66.4719
5714 66.4719
5715 66.4719
5716 66.4719
5717 66.4719
5718 66.4719
5719 66.4719
5720 66.4719
5721 66.4719
5722 66.4719
5723 66.4719
5724 66.4719
5725 66.4719
5726 66.4719
5727 66.4719
5728 66.4719
5729 66.4719
5730 66.4719
5731 66.4719
5732 66.4719
5733 66.4719
5734 66.4719
5735 66.4719
5736 66.4719
5737 66.4719
5738 66.4719
5739 66.4719
5740 66.4719
5741 66.4719
5742 66.4719
5743 66.4719
5744 66.4719
5745 66.4719
5746 66.4719
5747 66.4719
5748 66.4719
5749 66.4719
5750 66.4719
5751 66.4719
5752 66.4719
5753 66.4719
5754 66.4719
5755 66.4719
5756 66.4719
5757 66.4719
5758 66.4719
5759 66.4719
5760 66.4719
5761 66.4719
5762 66.4719
5763 66.4719
5764 66.4719
5765 66.4719
5766 66.4719
5767 66.4719
5768 66.4719
5769 66.4719
5770 66.4719
5771 66.4719
5772 66.4719
5773 66.4719
5774 66.4719
5775 66.4719
5776 66.4719
5777 66.4719
5778 66.4719
5779 66.4719
5780 66.4719
5781 66.4719
5782 66.4719
5783 66.4719
5784 66.4719
5785 66.4719
5786 66.4719
5787 66.4719
5788 66.4719
5789 66.4719
5790 66.4719
5791 66.4719
5792 66.4719
5793 66.4719
5794 66.4719
5795 66.4719
5796 66.4719
5797 66.4719
5798 66.4719
5799 66.4719
5800 66.4719
5801 66.4719
5802 66.4719
5803 66.4719
5804 66.4719
5805 66.4719
5806 66.4719
5807 66.4719
5808 66.4719
5809 66.4719
5810 66.4719
5811 66.4719
5812 66.4719
5813 66.4719
5814 66.4719
5815 66.4719
5816 66.4719
5817 66.4719
5818 66.4719
5819 66.4719
5820 66.4719
5821 66.4719
5822 66.4719
5823 66.4719
5824 66.4719
5825 66.4719
5826 66.4719
5827 66.4719
5828 66.4719
5829 66.4719
5830 66.4719
5831 66.4719
5832 66.4719
5833 66.4719
5834 66.4719
5835 66.4719
5836 66.4719
5837 66.4719
5838 66.4719
5839 66.4719
5840 66.4719
5841 66.4719
5842 66.4719
5843 66.4719
5844 66.4719
5845 66.4719
5846 66.4719
5847 66.4719
5848 66.4719
5849 66.4719
5850 66.4719
5851 66.4719
5852 66.4719
5853 66.4719
5854 66.4719
5855 66.4719
5856 66.4719
5857 66.4719
5858 66.4719
5859 66.4719
5860 66.4719
5861 66.4719
5862 66.4719
5863 66.4719
5864 66.4719
5865 66.4719
5866 66.4719
5867 66.4719
5868 66.4719
5869 66.4719
5870 66.4719
5871 66.4719
5872 66.4719
5873 66.4719
5874 66.4719
5875 66.4719
5876 66.4719
5877 66.4719
5878 66.4719
5879 66.4719
5880 66.4719
5881 66.4719
5882 66.4719
5883 66.4719
5884 66.4719
5885 66.4719
5886 66.4719
5887 66.4719
5888 66.4719
5889 66.4719
5890 66.4719
5891 66.4719
5892 66.4719
5893 66.4719
5894 66.4719
5895 66.4719
5896 66.4719
5897 66.4719
5898 66.4719
5899 66.4719
5900 66.4719
5901 66.4719
5902 66.4719
5903 66.4719
5904 66.4719
5905 66.4719
5906 66.4719
5907 66.4719
5908 66.4719
5909 66.4719
5910 66.4719
5911 66.4719
5912 66.4719
5913 66.4719
5914 66.4719
5915 66.4719
5916 66.4719
5917 66.4719
5918 66.4719
5919 66.4719
5920 66.4719
5921 66.4719
5922 66.4719
5923 66.4719
5924 66.4719
5925 66.4719
5926 66.4719
5927 66.4719
5928 66.4719
5929 66.4719
5930 66.4719
5931 66.4719
5932 66.4719
5933 66.4719
5934 66.4719
5935 66.4719
5936 66.4719
5937 66.4719
5938 66.4719
5939 66.4719
5940 66.4719
5941 66.4719
5942 66.4719
5943 66.4719
5944 66.4719
5945 66.4719
5946 66.4719
5947 66.4719
5948 66.4719
5949 66.4719
5950 66.4719
5951 66.4719
5952 66.4719
5953 66.4719
5954 66.4719
5955 66.4719
5956 66.4719
5957 66.4719
5958 66.4719
5959 66.4719
5960 66.4719
5961 66.4719
5962 66.4719
5963 66.4719
5964 66.4719
5965 66.4719
5966 66.4719
5967 66.4719
5968 66.4719
5969 66.4719
5970 66.4719
5971 66.4719
5972 66.4719
5973 66.4719
5974 66.4719
5975 66.4719
5976 66.4719
5977 66.4719
5978 66.4719
5979 66.4719
5980 66.4719
5981 66.4719
5982 66.4719
5983 66.4719
5984 66.4719
5985 66.4719
5986 66.4719
5987 66.4719
5988 66.4719
5989 66.4719
5990 66.4719
5991 66.4719
5992 66.4719
5993 66.4719
5994 66.4719
5995 66.4719
5996 66.4719
5997 66.4719
5998 66.4719
5999 66.4719
6000 66.4719
