1 435.246
2 427.453
3 412.932
4 407.82
5 390.894
6 390.894
7 375.955
8 375.955
9 374.401
10 374.782
11 368.076
12 366.41
13 362.463
14 349.976
15 346.526
16 341.081
17 335.089
18 332.246
19 332.246
20 313.735
21 311.121
22 309.16
23 305.608
24 305.316
25 300.546
26 295.003
27 295.003
28 294.794
29 290.807
30 287.095
31 285.941
32 283.784
33 283.784
34 276.409
35 275.806
36 275.559
37 273.383
38 269.648
39 259.78
40 251.602
41 253.545
42 251.602
43 251.602
44 251.602
45 249.649
46 249.649
47 246.681
48 246.272
49 242.36
50 242.36
51 238.221
52 238.221
53 235.052
54 235.052
55 235.052
56 233.79
57 231.268
58 231.268
59 231.268
60 231.268
61 225.763
62 225.763
63 225.695
64 224.705
65 221.429
66 221.429
67 220.669
68 220.487
69 220.487
70 217.861
71 217.861
72 217.519
73 217.309
74 216.811
75 216.348
76 215.287
77 210.227
78 210.067
79 210.061
80 205.856
81 205.856
82 204.011
83 204.011
84 201.886
85 201.886
86 201.886
87 201.161
88 201.229
89 200.395
90 199.921
91 198.004
92 197.723
93 197.931
94 197.754
95 196.85
96 196.85
97 196.85
98 196.85
99 195.044
100 196.85
101 195.352
102 194.146
103 195.352
104 194.146
105 194.146
106 194.146
107 194.146
108 192.995
109 192.995
110 192.995
111 191.188
112 191.139
113 191.139
114 191.139
115 191.015
116 190.443
117 190.443
118 190.443
119 190.443
120 188.476
121 188.476
122 186.987
123 186.987
124 186.987
125 186.987
126 186.375
127 185.323
128 185.323
129 185.323
130 185.323
131 185.323
132 185.323
133 185.156
134 182.951
135 182.951
136 182.086
137 182.086
138 179.579
139 179.579
140 179.579
141 178.551
142 178.551
143 178.551
144 178.551
145 178.551
146 178.42
147 178.407
148 175.947
149 174.53
150 174.53
151 174.53
152 174.53
153 174.53
154 174.22
155 174.22
156 174.22
157 174.22
158 174.22
159 171.326
160 171.326
161 171.326
162 171.326
163 171.326
164 171.326
165 171.326
166 170.206
167 170.206
168 168.19
169 165.643
170 165.643
171 165.643
172 165.643
173 165.219
174 165.219
175 165.219
176 164.718
177 164.718
178 164.718
179 164.445
180 164.445
181 164.197
182 163.343
183 163.343
184 163.343
185 163.343
186 162.499
187 161.759
188 161.759
189 158.509
190 158.509
191 158.032
192 158.509
193 158.509
194 158.509
195 158.509
196 158.509
197 158.509
198 156.873
199 156.873
200 156.221
201 145.348
202 145.348
203 145.348
204 145.348
205 145.348
206 145.348
207 145.348
208 145.348
209 145.348
210 142.999
211 142.999
212 142.999
213 142.999
214 142.999
215 142.999
216 142.999
217 142.999
218 142.999
219 142.999
220 142.999
221 142.999
222 142.999
223 142.111
224 142.111
225 142.045
226 141.599
227 141.599
228 141.599
229 141.069
230 141.069
231 140.992
232 140.992
233 139.67
234 138.935
235 138.935
236 138.935
237 138.935
238 138.935
239 138.593
240 138.593
241 136.46
242 136.46
243 138.593
244 138.593
245 138.222
246 138.221
247 136.46
248 136.46
249 136.46
250 136.46
251 136.46
252 136.46
253 136.46
254 136.46
255 136.46
256 136.46
257 136.46
258 136.458
259 136.458
260 136.458
261 136.458
262 136.458
263 136.456
264 136.456
265 136.456
266 136.456
267 136.456
268 136.456
269 135.022
270 134.057
271 134.057
272 134.057
273 134.057
274 134.057
275 134.057
276 134.057
277 132.9
278 132.9
279 132.9
280 132.9
281 132.711
282 132.569
283 132.569
284 132.569
285 132.569
286 132.569
287 132.569
288 132.569
289 131.695
290 131.695
291 131.695
292 131.695
293 131.123
294 131.123
295 131.123
296 131.123
297 131.123
298 131.123
299 131.123
300 131.123
301 130.979
302 130.916
303 130.107
304 130.107
305 130.107
306 129.976
307 129.976
308 129.81
309 129.81
310 129.81
311 129.81
312 129.81
313 129.81
314 129.81
315 127.809
316 127.809
317 126.927
318 126.503
319 126.503
320 125.694
321 124.926
322 124.926
323 124.926
324 124.331
325 122.589
326 122.589
327 122.589
328 121.82
329 121.82
330 121.776
331 121.776
332 121.776
333 121.776
334 121.776
335 121.776
336 119.921
337 119.877
338 119.877
339 119.877
340 119.877
341 118.505
342 118.505
343 118.505
344 118.505
345 118.505
346 118.505
347 118.505
348 118.277
349 117.412
350 117.412
351 117.412
352 118.149
353 118.149
354 118.149
355 118.149
356 118.149
357 118.149
358 116.511
359 116.511
360 116.511
361 116.511
362 116.511
363 116.304
364 116.304
365 116.304
366 116.304
367 116.304
368 115.283
369 115.283
370 115.283
371 115.283
372 115.283
373 115.283
374 115.283
375 115.283
376 115.283
377 114.667
378 114.667
379 114.667
380 114.667
381 114.667
382 114.667
383 114.667
384 114.251
385 114.227
386 114.227
387 114.227
388 114.227
389 114.227
390 114.227
391 114.227
392 113.812
393 113.812
394 113.812
395 113.812
396 113.812
397 113.812
398 113.812
399 113.812
400 113.812
401 113.812
402 113.812
403 113.812
404 113.812
405 113.812
406 113.447
407 113.447
408 113.447
409 113.136
410 113.136
411 113.136
412 113.136
413 111.109
414 110.864
415 110.795
416 110.55
417 110.55
418 110.494
419 110.13
420 110.13
421 110.13
422 109.554
423 109.554
424 109.554
425 109.554
426 109.554
427 109.554
428 109.554
429 109.554
430 109.554
431 109.554
432 109.516
433 109.554
434 109.554
435 109.456
436 109.245
437 109.245
438 109.245
439 109.245
440 108.768
441 108.325
442 108.325
443 108.325
444 108.325
445 108.325
446 108.325
447 107.946
448 107.946
449 107.74
450 107.74
451 107.361
452 106.644
453 106.644
454 106.644
455 106.644
456 106.644
457 106.644
458 106.265
459 106.265
460 106.265
461 106.265
462 106.265
463 105.997
464 105.997
465 105.997
466 105.997
467 105.586
468 105.727
469 105.682
470 105.682
471 105.682
472 104.901
473 105.186
474 105.186
475 105.186
476 105.186
477 105.186
478 105.186
479 104.727
480 104.727
481 104.727
482 104.09
483 104.09
484 104.09
485 104.09
486 103.812
487 103.812
488 103.812
489 103.812
490 103.812
491 103.812
492 103.812
493 103.812
494 103.812
495 103.812
496 103.778
497 103.778
498 103.544
499 103.544
500 103.544
501 103.414
502 103.057
503 103.057
504 103.057
505 103.057
506 103.057
507 103.057
508 103.057
509 103.057
510 103.057
511 103.057
512 103.057
513 103.057
514 103.057
515 103.057
516 103.057
517 103.057
518 103.057
519 103.057
520 103.057
521 103.057
522 103.057
523 103.057
524 103.057
525 103.057
526 103.057
527 103.057
528 103.057
529 103.057
530 103.057
531 103.057
532 103.057
533 103.057
534 103.057
535 103.057
536 103.057
537 103.057
538 103.057
539 103.057
540 102.891
541 102.891
542 102.891
543 102.891
544 102.891
545 102.891
546 102.891
547 102.412
548 102.412
549 102.412
550 102.412
551 102.412
552 102.412
553 102.412
554 102.412
555 102.412
556 102.412
557 102.412
558 102.412
559 102.412
560 102.375
561 102.375
562 102.326
563 101.884
564 101.884
565 101.884
566 101.884
567 101.884
568 101.884
569 101.884
570 101.884
571 101.798
572 100.982
573 100.982
574 100.897
575 100.897
576 100.687
577 100.609
578 100.609
579 100.457
580 100.601
581 100.452
582 100.452
583 100.452
584 100.452
585 100.452
586 100.452
587 100.452
588 100.452
589 100.452
590 100.012
591 100.012
592 100.012
593 100.012
594 100.012
595 100.452
596 100.452
597 100.452
598 100.452
599 100.145
600 100.145
601 100.145
602 100.145
603 100.145
604 100.145
605 100.145
606 100.145
607 100.145
608 100.145
609 99.238
610 99.238
611 98.4233
612 98.4233
613 98.4233
614 98.4233
615 98.4233
616 98.4233
617 98.4233
618 98.4233
619 98.4233
620 98.4233
621 98.4233
622 98.4233
623 98.4233
624 98.4233
625 98.4233
626 98.2375
627 98.0121
628 98.0121
629 98.0121
630 98.0121
631 98.0121
632 97.8263
633 97.8263
634 97.8263
635 97.8263
636 97.1499
637 97.1499
638 96.7387
639 96.7387
640 96.7387
641 96.7387
642 96.7387
643 96.7387
644 96.612
645 96.612
646 96.612
647 96.612
648 96.612
649 96.1355
650 96.1355
651 96.1355
652 96.1355
653 96.1355
654 96.0088
655 96.0088
656 96.0088
657 96.0088
658 96.0088
659 96.0088
660 95.5055
661 95.5055
662 95.5055
663 95.5055
664 95.5055
665 95.5055
666 95.5055
667 95.5055
668 95.5055
669 95.5055
670 95.5055
671 95.5055
672 95.5055
673 95.5055
674 95.5055
675 95.5055
676 94.9918
677 94.9918
678 94.9918
679 94.9918
680 94.9918
681 94.9918
682 94.9918
683 94.9918
684 94.9918
685 94.9918
686 94.9918
687 94.9918
688 94.9918
689 94.9918
690 94.9918
691 94.9918
692 94.9918
693 94.9918
694 94.9918
695 94.9918
696 94.9918
697 94.8756
698 94.8756
699 94.8756
700 94.673
701 94.673
702 94.673
703 94.673
704 94.673
705 94.673
706 94.673
707 93.6863
708 93.6863
709 93.6863
710 93.6863
711 93.6863
712 93.6863
713 93.6863
714 93.6863
715 93.6863
716 93.6863
717 93.6863
718 93.6863
719 93.4529
720 93.4529
721 93.4529
722 93.4529
723 93.4529
724 93.4529
725 93.4529
726 93.139
727 93.139
728 93.139
729 93.139
730 93.139
731 93.139
732 93.139
733 93.139
734 93.139
735 93.139
736 92.9756
737 92.9756
738 92.9756
739 92.9756
740 92.9756
741 92.9756
742 92.9756
743 92.9756
744 92.9756
745 92.9756
746 92.7159
747 92.7159
748 92.7159
749 92.7159
750 92.7159
751 92.4179
752 92.4179
753 92.4179
754 92.4179
755 91.6429
756 91.6429
757 91.6429
758 91.6429
759 90.6899
760 91.6429
761 91.6429
762 91.6429
763 91.6429
764 91.6429
765 90.6899
766 90.6899
767 90.6899
768 90.6899
769 90.6899
770 90.6899
771 90.6899
772 90.6899
773 89.9044
774 89.9044
775 89.9044
776 89.9044
777 89.9044
778 89.9044
779 89.9044
780 89.8497
781 89.9044
782 89.9044
783 89.9044
784 89.9044
785 89.9044
786 89.9044
787 89.9044
788 89.9044
789 89.8829
790 89.6772
791 89.6772
792 89.6772
793 89.6204
794 89.6204
795 89.3931
796 89.3931
797 89.3931
798 88.9104
799 88.9104
800 88.6263
801 88.6263
802 88.6263
803 88.6263
804 87.8538
805 87.8538
806 87.8538
807 87.8538
808 87.5697
809 87.5697
810 87.5697
811 87.5697
812 87.5697
813 87.5697
814 87.5697
815 87.5697
816 87.5697
817 87.5697
818 87.5697
819 87.5697
820 87.5697
821 87.5697
822 87.5697
823 87.5697
824 87.5697
825 87.5697
826 87.5697
827 87.5697
828 87.5697
829 87.5697
830 87.5697
831 87.5697
832 87.5697
833 87.5697
834 87.5697
835 87.5697
836 87.5697
837 87.5697
838 86.9751
839 86.9751
840 86.9751
841 86.9751
842 86.9751
843 86.9751
844 86.9751
845 86.8214
846 86.8214
847 86.8214
848 86.8214
849 86.8214
850 86.8214
851 86.8214
852 86.8214
853 86.6188
854 86.6188
855 86.6188
856 86.6188
857 86.5641
858 86.5641
859 86.5641
860 86.5641
861 86.5641
862 86.5641
863 86.5641
864 85.3535
865 85.3535
866 85.3535
867 85.3535
868 85.2988
869 85.3535
870 85.3535
871 85.3535
872 85.3535
873 85.3535
874 85.3535
875 85.2988
876 85.2988
877 85.2988
878 85.2988
879 85.2988
880 85.1633
881 85.1633
882 85.1633
883 85.1633
884 85.1633
885 85.1633
886 85.1633
887 85.1633
888 85.1633
889 85.1633
890 85.1633
891 85.1633
892 85.1633
893 85.0343
894 85.0343
895 85.0343
896 85.0343
897 85.0343
898 85.0343
899 85.0343
900 85.0343
901 85.0343
902 85.0343
903 85.0343
904 85.0343
905 85.0343
906 85.0343
907 84.951
908 84.9559
909 84.951
910 84.4243
911 84.4243
912 84.4243
913 84.4243
914 84.0597
915 84.0597
916 84.0597
917 84.0597
918 84.0597
919 84.0597
920 84.0597
921 83.0856
922 82.7069
923 82.7069
924 82.7069
925 82.7069
926 82.7069
927 82.2455
928 82.7069
929 82.7069
930 82.7069
931 82.7069
932 82.7069
933 82.7069
934 82.646
935 82.646
936 82.646
937 82.646
938 82.646
939 82.646
940 82.646
941 82.2455
942 82.2455
943 82.2455
944 82.2455
945 82.2455
946 82.2455
947 82.2455
948 82.2455
949 82.2455
950 82.2455
951 82.2455
952 82.2455
953 82.2455
954 82.2455
955 82.2455
956 82.2455
957 82.2455
958 82.2455
959 82.2455
960 82.2455
961 82.2455
962 82.2455
963 82.2455
964 82.2455
965 82.2455
966 82.2455
967 82.2455
968 82.2455
969 82.2455
970 82.2455
971 82.2455
972 82.2455
973 82.2455
974 81.8392
975 81.8392
976 81.8392
977 81.8392
978 81.8392
979 81.8392
980 81.8392
981 81.8392
982 81.8392
983 81.8392
984 81.8392
985 81.8392
986 81.8392
987 81.8392
988 81.8392
989 81.8392
990 81.8392
991 81.485
992 81.485
993 81.485
994 81.485
995 81.485
996 81.4202
997 81.4202
998 81.4202
999 81.4202
1000 81.4202
1001 81.4202
1002 81.4202
1003 81.4202
1004 81.4202
1005 81.4202
1006 81.4202
1007 81.4202
1008 81.4202
1009 81.4202
1010 81.4202
1011 81.4202
1012 81.4202
1013 81.4202
1014 81.4202
1015 81.4202
1016 81.4202
1017 81.4202
1018 81.4202
1019 81.4202
1020 81.4202
1021 81.4202
1022 81.4202
1023 81.4202
1024 81.4202
1025 81.4202
1026 81.4202
1027 81.4202
1028 81.4202
1029 81.4202
1030 81.4202
1031 81.4202
1032 81.4202
1033 81.4202
1034 81.4202
1035 81.4202
1036 81.4202
1037 81.4202
1038 81.4202
1039 81.4202
1040 80.731
1041 80.731
1042 80.731
1043 80.731
1044 80.731
1045 80.731
1046 80.731
1047 80.731
1048 80.731
1049 80.731
1050 80.731
1051 80.731
1052 80.731
1053 80.731
1054 80.731
1055 80.731
1056 80.731
1057 80.731
1058 80.731
1059 80.731
1060 80.731
1061 80.7095
1062 80.7095
1063 80.7095
1064 80.7095
1065 80.7095
1066 80.4345
1067 80.413
1068 80.413
1069 80.413
1070 80.413
1071 80.413
1072 80.413
1073 80.3961
1074 80.0996
1075 80.0996
1076 80.0996
1077 80.0996
1078 80.0996
1079 80.0996
1080 80.0562
1081 80.0562
1082 80.0562
1083 80.0562
1084 80.0562
1085 80.0562
1086 80.0562
1087 80.0562
1088 80.0562
1089 80.0562
1090 79.9425
1091 79.9425
1092 79.9425
1093 79.9425
1094 79.9425
1095 79.9425
1096 79.9425
1097 79.9425
1098 79.3669
1099 79.9425
1100 79.9425
1101 79.9425
1102 79.9425
1103 79.7483
1104 79.7483
1105 79.7483
1106 79.7483
1107 79.7483
1108 79.7483
1109 79.7483
1110 79.7483
1111 79.7483
1112 79.7483
1113 79.7483
1114 79.7483
1115 79.7483
1116 79.7483
1117 79.7483
1118 79.7483
1119 79.3587
1120 79.3587
1121 79.3587
1122 79.3587
1123 79.3587
1124 79.3587
1125 79.3587
1126 79.1941
1127 79.3587
1128 79.3587
1129 79.3587
1130 79.3587
1131 79.3587
1132 79.3587
1133 79.3587
1134 79.3587
1135 79.3587
1136 79.3587
1137 79.3587
1138 79.3587
1139 79.3587
1140 79.3587
1141 79.3587
1142 79.3587
1143 79.3587
1144 79.3587
1145 79.3587
1146 79.3587
1147 79.2121
1148 79.2121
1149 79.2121
1150 79.2121
1151 79.2121
1152 78.6908
1153 78.6908
1154 78.1299
1155 78.1299
1156 78.1299
1157 78.1299
1158 78.1299
1159 78.1299
1160 78.1299
1161 78.1299
1162 78.1299
1163 78.1299
1164 78.1299
1165 78.1299
1166 78.1299
1167 78.1299
1168 78.1299
1169 78.1299
1170 78.1299
1171 78.1299
1172 78.1299
1173 78.1299
1174 78.1299
1175 78.1299
1176 78.1299
1177 78.1299
1178 78.1299
1179 78.1299
1180 78.1299
1181 78.1299
1182 78.1299
1183 78.1299
1184 78.1299
1185 78.1299
1186 78.1299
1187 78.1299
1188 78.1299
1189 78.1299
1190 78.1299
1191 78.1299
1192 78.1299
1193 78.1299
1194 78.1299
1195 78.1299
1196 78.1299
1197 78.1299
1198 78.1299
1199 78.1299
1200 78.1299
1201 78.1299
1202 78.1299
1203 78.1299
1204 78.1299
1205 78.1299
1206 78.1299
1207 78.1299
1208 78.1299
1209 77.7227
1210 77.7227
1211 77.7227
1212 77.7227
1213 77.7227
1214 77.7227
1215 77.7227
1216 77.7227
1217 77.7227
1218 77.7227
1219 77.7227
1220 77.7227
1221 77.7227
1222 77.7227
1223 77.7227
1224 77.7227
1225 77.7227
1226 77.3839
1227 77.3839
1228 77.3839
1229 77.3839
1230 77.3839
1231 77.3839
1232 77.3839
1233 77.3839
1234 77.3839
1235 77.3839
1236 77.3839
1237 77.3839
1238 77.3839
1239 77.3839
1240 77.3839
1241 77.3839
1242 77.3839
1243 76.8263
1244 76.8263
1245 76.8263
1246 76.6542
1247 76.6542
1248 76.6542
1249 76.6542
1250 76.6542
1251 76.6542
1252 76.6542
1253 76.6542
1254 76.6542
1255 76.6542
1256 76.6542
1257 76.6542
1258 76.6542
1259 76.6542
1260 76.6542
1261 76.6542
1262 76.6542
1263 76.6542
1264 76.6542
1265 76.4833
1266 76.4833
1267 76.4833
1268 76.4833
1269 76.4833
1270 76.4833
1271 76.4833
1272 76.4833
1273 76.4833
1274 76.4833
1275 76.4833
1276 76.4833
1277 76.4833
1278 76.4833
1279 76.4833
1280 76.4833
1281 76.4833
1282 76.4833
1283 76.4833
1284 76.4833
1285 76.3323
1286 76.3323
1287 76.3323
1288 76.3323
1289 76.3323
1290 76.3323
1291 76.3323
1292 76.3323
1293 76.3323
1294 76.3323
1295 76.3323
1296 76.3323
1297 76.3323
1298 76.3323
1299 76.3323
1300 76.3323
1301 76.3323
1302 76.3323
1303 76.3323
1304 76.3323
1305 76.3323
1306 76.3323
1307 76.3323
1308 76.3323
1309 76.3323
1310 76.3323
1311 76.3323
1312 76.3323
1313 76.3323
1314 76.3323
1315 76.3323
1316 76.3323
1317 76.3323
1318 76.3323
1319 76.3323
1320 76.3323
1321 76.3323
1322 76.3323
1323 76.3323
1324 76.3323
1325 76.3323
1326 76.3323
1327 76.3323
1328 76.3323
1329 76.3323
1330 76.3323
1331 76.3323
1332 76.3323
1333 76.3323
1334 76.3323
1335 76.3323
1336 76.3323
1337 76.3323
1338 76.3323
1339 76.3323
1340 76.3323
1341 76.3323
1342 76.3323
1343 76.3323
1344 76.3323
1345 76.3323
1346 76.3323
1347 76.3323
1348 76.3323
1349 76.3323
1350 76.3323
1351 76.3323
1352 76.3323
1353 76.3323
1354 76.3323
1355 76.3323
1356 76.3323
1357 76.3323
1358 76.3323
1359 76.3323
1360 76.3323
1361 76.3323
1362 76.3323
1363 76.3323
1364 76.3323
1365 76.3323
1366 76.3323
1367 76.2587
1368 76.2587
1369 76.2587
1370 76.2587
1371 76.2587
1372 76.2587
1373 76.2587
1374 76.2587
1375 76.2587
1376 76.2587
1377 76.2587
1378 76.2587
1379 76.2587
1380 76.2587
1381 76.2587
1382 76.2587
1383 76.2587
1384 76.2587
1385 76.2587
1386 76.2587
1387 76.2587
1388 76.2587
1389 75.8524
1390 75.8524
1391 75.8524
1392 75.8524
1393 75.8524
1394 75.8524
1395 75.8524
1396 75.8524
1397 75.8524
1398 75.8524
1399 75.8524
1400 75.8524
1401 75.8524
1402 75.8524
1403 75.8524
1404 75.8524
1405 75.8524
1406 75.8524
1407 75.8524
1408 75.8524
1409 75.8524
1410 75.22
1411 75.22
1412 75.22
1413 75.22
1414 75.22
1415 75.22
1416 75.22
1417 75.22
1418 75.22
1419 75.22
1420 75.22
1421 75.22
1422 75.22
1423 75.22
1424 75.22
1425 75.22
1426 75.22
1427 75.22
1428 75.22
1429 75.22
1430 75.22
1431 75.22
1432 75.22
1433 75.22
1434 75.22
1435 75.22
1436 75.22
1437 75.22
1438 75.22
1439 75.22
1440 75.22
1441 75.22
1442 75.22
1443 75.22
1444 75.22
1445 75.22
1446 75.22
1447 75.22
1448 75.22
1449 75.22
1450 75.22
1451 75.22
1452 75.22
1453 75.22
1454 75.22
1455 75.22
1456 75.22
1457 75.22
1458 75.22
1459 75.22
1460 75.22
1461 75.22
1462 75.22
1463 75.22
1464 75.22
1465 75.22
1466 75.22
1467 75.22
1468 75.22
1469 75.2103
1470 75.2103
1471 75.2103
1472 75.2103
1473 75.2103
1474 75.2103
1475 75.2103
1476 75.2103
1477 75.2103
1478 75.2103
1479 75.2103
1480 75.2103
1481 75.2103
1482 75.2103
1483 75.2103
1484 75.2103
1485 75.2103
1486 75.2103
1487 75.2103
1488 75.2103
1489 75.2103
1490 75.2103
1491 75.2103
1492 75.2103
1493 75.2103
1494 75.2103
1495 75.2103
1496 75.2103
1497 75.2103
1498 75.2103
1499 75.2103
1500 75.2103
1501 75.2103
1502 75.2103
1503 75.2103
1504 75.2103
1505 75.2103
1506 75.2103
1507 75.2103
1508 75.2103
1509 75.2103
1510 75.2103
1511 75.2103
1512 75.2103
1513 75.2103
1514 75.2103
1515 75.2103
1516 75.2103
1517 75.2103
1518 75.2103
1519 75.2103
1520 75.2103
1521 75.2103
1522 75.2103
1523 75.2103
1524 75.2103
1525 75.2103
1526 75.2103
1527 75.2103
1528 75.2103
1529 75.2103
1530 75.2103
1531 75.2103
1532 75.2103
1533 75.2103
1534 75.2103
1535 75.2103
1536 75.2103
1537 75.2103
1538 75.2103
1539 75.2103
1540 75.2103
1541 75.2103
1542 75.2103
1543 75.2103
1544 74.9724
1545 74.9724
1546 74.9724
1547 74.9724
1548 74.9724
1549 74.9199
1550 74.9199
1551 74.9199
1552 74.9199
1553 74.9199
1554 74.9199
1555 74.9199
1556 74.9199
1557 74.9199
1558 74.9199
1559 74.9199
1560 74.9199
1561 74.9199
1562 74.9199
1563 74.9199
1564 74.9199
1565 74.9199
1566 74.9199
1567 74.9199
1568 74.9199
1569 74.9199
1570 74.9199
1571 74.9199
1572 74.9199
1573 74.7496
1574 74.7496
1575 74.7496
1576 74.7496
1577 74.7496
1578 74.7496
1579 74.7496
1580 74.7496
1581 74.7496
1582 74.7496
1583 74.7496
1584 74.7496
1585 74.7496
1586 74.7496
1587 74.7496
1588 74.7496
1589 74.7496
1590 74.7496
1591 74.7496
1592 74.7496
1593 74.7496
1594 74.7496
1595 74.7496
1596 74.7496
1597 74.7496
1598 74.7496
1599 74.7496
1600 74.7496
1601 74.7496
1602 74.7496
1603 74.7496
1604 74.7496
1605 74.7496
1606 74.7496
1607 74.7496
1608 74.7496
1609 74.7496
1610 74.7496
1611 74.7496
1612 74.7496
1613 74.7496
1614 74.7496
1615 74.7496
1616 74.7496
1617 74.7496
1618 74.7496
1619 74.7496
1620 74.7496
1621 74.7496
1622 74.7496
1623 74.0037
1624 74.0037
1625 74.0037
1626 74.0037
1627 74.0037
1628 74.0037
1629 74.0037
1630 74.0037
1631 74.0037
1632 74.0037
1633 74.0037
1634 74.0037
1635 74.0037
1636 74.0037
1637 73.9781
1638 73.9781
1639 73.9781
1640 73.9781
1641 73.9781
1642 73.9781
1643 73.9781
1644 73.9781
1645 73.9781
1646 73.9781
1647 73.9781
1648 73.9781
1649 73.9781
1650 73.9781
1651 73.9781
1652 73.9781
1653 73.9781
1654 73.9781
1655 73.9781
1656 73.9781
1657 73.9781
1658 73.9781
1659 73.9781
1660 73.9781
1661 73.9781
1662 73.9781
1663 73.9781
1664 73.9781
1665 73.9781
1666 73.9781
1667 73.9781
1668 73.9781
1669 73.9781
1670 73.9781
1671 73.9781
1672 73.9781
1673 73.9781
1674 73.9781
1675 73.9781
1676 73.9781
1677 73.9781
1678 73.9781
1679 73.9781
1680 73.9781
1681 73.9781
1682 73.9781
1683 73.8804
1684 73.8804
1685 73.8804
1686 73.8804
1687 73.8804
1688 73.8804
1689 73.8804
1690 73.8804
1691 73.8804
1692 73.8804
1693 73.8804
1694 73.8804
1695 73.8804
1696 73.8804
1697 73.8804
1698 73.8804
1699 73.8804
1700 73.8804
1701 73.8804
1702 73.8804
1703 73.8804
1704 73.8804
1705 73.8804
1706 73.8804
1707 73.8804
1708 73.8804
1709 73.8804
1710 73.8804
1711 73.8804
1712 73.8804
1713 73.8804
1714 73.8804
1715 73.8804
1716 73.8804
1717 73.8804
1718 73.8804
1719 73.8804
1720 73.8804
1721 73.8804
1722 73.8804
1723 73.8804
1724 73.8804
1725 73.8804
1726 73.8804
1727 73.8804
1728 73.8804
1729 73.8804
1730 73.8804
1731 73.8804
1732 73.8804
1733 73.8804
1734 73.8804
1735 73.8804
1736 73.8804
1737 73.8804
1738 73.8804
1739 73.8804
1740 73.8804
1741 73.8804
1742 73.8804
1743 73.8804
1744 73.8804
1745 73.8804
1746 73.8804
1747 73.8804
1748 73.8804
1749 73.8804
1750 73.8804
1751 73.8804
1752 73.8804
1753 73.8804
1754 73.8804
1755 73.8804
1756 73.8804
1757 73.8804
1758 73.8804
1759 73.8804
1760 73.8804
1761 73.8804
1762 73.8804
1763 73.8804
1764 73.8804
1765 73.8804
1766 73.8804
1767 73.8804
1768 73.8804
1769 73.8804
1770 73.8804
1771 73.8804
1772 73.8804
1773 73.8804
1774 73.8804
1775 73.8804
1776 73.8804
1777 73.8804
1778 73.8804
1779 73.8804
1780 73.8804
1781 73.8804
1782 73.8804
1783 73.8804
1784 73.8804
1785 73.8804
1786 73.8804
1787 73.8804
1788 73.8804
1789 73.8804
1790 73.8804
1791 73.8804
1792 73.8804
1793 73.8804
1794 73.8804
1795 73.8804
1796 73.8804
1797 73.8804
1798 73.8804
1799 73.8804
1800 73.8804
1801 73.8804
1802 73.8804
1803 73.8804
1804 73.8804
1805 73.8804
1806 73.8804
1807 73.8804
1808 73.8804
1809 73.8804
1810 73.8804
1811 73.8804
1812 73.8804
1813 73.8804
1814 73.8804
1815 73.8804
1816 73.8804
1817 73.8804
1818 73.8804
1819 73.8804
1820 73.8804
1821 73.8804
1822 73.8804
1823 73.8804
1824 73.8804
1825 73.8804
1826 73.8804
1827 73.8804
1828 73.8804
1829 73.8804
1830 73.8804
1831 73.8804
1832 73.8804
1833 73.8804
1834 73.8804
1835 73.8804
1836 73.8804
1837 73.8804
1838 73.8804
1839 73.8804
1840 73.8804
1841 73.8804
1842 73.8804
1843 73.8804
1844 73.8804
1845 73.8804
1846 73.8804
1847 73.8804
1848 73.8804
1849 73.8804
1850 73.8804
1851 73.8804
1852 73.8804
1853 73.8804
1854 73.8804
1855 73.8804
1856 73.8804
1857 73.8804
1858 73.8804
1859 73.8804
1860 73.8804
1861 73.8804
1862 73.8804
1863 73.8804
1864 73.8804
1865 73.8804
1866 73.8804
1867 73.8804
1868 73.8804
1869 73.8804
1870 73.8804
1871 73.8804
1872 73.8804
1873 73.8804
1874 73.8804
1875 73.8804
1876 73.8804
1877 73.8804
1878 73.8804
1879 73.8804
1880 73.8804
1881 73.8804
1882 73.8804
1883 73.8804
1884 73.8804
1885 73.8804
1886 73.8804
1887 73.8804
1888 73.8804
1889 73.8804
1890 73.8804
1891 73.8804
1892 73.8804
1893 73.8804
1894 73.8804
1895 73.8804
1896 73.8804
1897 73.8804
1898 73.8804
1899 73.8804
1900 73.8804
1901 73.8804
1902 73.8804
1903 73.8804
1904 73.8804
1905 73.8804
1906 73.8804
1907 73.8804
1908 73.8804
1909 73.8804
1910 73.8804
1911 73.8804
1912 73.8804
1913 73.8804
1914 73.8804
1915 73.8804
1916 73.8804
1917 73.8804
1918 73.8804
1919 73.8804
1920 73.8804
1921 73.8804
1922 73.8804
1923 73.8804
1924 73.8804
1925 73.8804
1926 73.8804
1927 73.8804
1928 73.8804
1929 73.8804
1930 73.8804
1931 73.8804
1932 73.8804
1933 73.8804
1934 73.8804
1935 73.8804
1936 73.8804
1937 73.8804
1938 73.8804
1939 73.8804
1940 73.8804
1941 73.8804
1942 73.8804
1943 73.8804
1944 73.8804
1945 73.8804
1946 73.8804
1947 73.8804
1948 73.8804
1949 73.8804
1950 73.8804
1951 73.8804
1952 73.8804
1953 73.8804
1954 73.8804
1955 73.8804
1956 73.8804
1957 73.8804
1958 73.8804
1959 73.8804
1960 73.8804
1961 73.8804
1962 73.8804
1963 73.8804
1964 73.8804
1965 73.8804
1966 73.8804
1967 73.8804
1968 73.8804
1969 73.8804
1970 73.8804
1971 73.8804
1972 73.8804
1973 73.8804
1974 73.8804
1975 73.8804
1976 73.8804
1977 73.8804
1978 73.8804
1979 73.8804
1980 73.8804
1981 73.8804
1982 73.8804
1983 73.8804
1984 73.8804
1985 73.8804
1986 73.8804
1987 73.8804
1988 73.8804
1989 73.8804
1990 73.8804
1991 73.8804
1992 73.8804
1993 73.8804
1994 73.8804
1995 73.8804
1996 73.8804
1997 73.8804
1998 73.8804
1999 73.8804
2000 73.8804
2001 73.8804
2002 73.8804
2003 73.8804
2004 73.8804
2005 73.8804
2006 73.8804
2007 73.8804
2008 73.8804
2009 73.8804
2010 73.8804
2011 73.8804
2012 73.8804
2013 73.8804
2014 73.8804
2015 73.8804
2016 73.8804
2017 73.8804
2018 73.8804
2019 73.8416
2020 73.8416
2021 73.8416
2022 73.8416
2023 73.8416
2024 73.8416
2025 73.8416
2026 73.8416
2027 73.8416
2028 73.8416
2029 73.8416
2030 73.8416
2031 73.8416
2032 73.8416
2033 73.8416
2034 73.8416
2035 73.8416
2036 73.8416
2037 73.8416
2038 73.8416
2039 73.8416
2040 73.8416
2041 73.8416
2042 73.8416
2043 73.8416
2044 73.8416
2045 73.8416
2046 73.8416
2047 73.8416
2048 73.8416
2049 73.8416
2050 73.8416
2051 73.8416
2052 73.8416
2053 73.8416
2054 73.8416
2055 73.8416
2056 73.8416
2057 73.8416
2058 73.8416
2059 73.8416
2060 73.8416
2061 73.8416
2062 73.8416
2063 73.8416
2064 73.8416
2065 73.8416
2066 73.8416
2067 73.8416
2068 73.8416
2069 73.8416
2070 73.8416
2071 73.8416
2072 73.8416
2073 73.8416
2074 73.8416
2075 73.8416
2076 73.8416
2077 73.8416
2078 73.8416
2079 73.8416
2080 73.8416
2081 73.8416
2082 73.8416
2083 73.8416
2084 73.8416
2085 73.8416
2086 73.8416
2087 73.8416
2088 73.8416
2089 73.8416
2090 73.8416
2091 73.8416
2092 73.8416
2093 73.8416
2094 73.8416
2095 73.8416
2096 73.8416
2097 73.8416
2098 73.8416
2099 73.8416
2100 73.8416
2101 73.8416
2102 73.8416
2103 73.8416
2104 73.8416
2105 73.8416
2106 73.8416
2107 73.8416
2108 73.8416
2109 73.8416
2110 73.8416
2111 73.8416
2112 73.4889
2113 73.4889
2114 73.4889
2115 73.4889
2116 73.4889
2117 73.4889
2118 73.4889
2119 73.4889
2120 73.4889
2121 73.4889
2122 73.4889
2123 73.4889
2124 73.4889
2125 73.4889
2126 73.4889
2127 73.4889
2128 73.4889
2129 73.4889
2130 73.4889
2131 73.4889
2132 73.4889
2133 73.4889
2134 73.4889
2135 73.4889
2136 73.4889
2137 73.4889
2138 73.4889
2139 73.4889
2140 73.4889
2141 73.4889
2142 73.4889
2143 73.4889
2144 73.4889
2145 73.4889
2146 73.4889
2147 73.4889
2148 73.4889
2149 73.4889
2150 73.4889
2151 73.4889
2152 73.4889
2153 73.4889
2154 73.4889
2155 73.4889
2156 73.4889
2157 73.4889
2158 73.4889
2159 73.4889
2160 73.4889
2161 73.4889
2162 73.4889
2163 73.4889
2164 73.4889
2165 73.4889
2166 73.4889
2167 73.4889
2168 73.4889
2169 73.4889
2170 73.4889
2171 73.4889
2172 73.4889
2173 73.4889
2174 73.4889
2175 73.4889
2176 73.4889
2177 73.4889
2178 73.4889
2179 73.4889
2180 73.4889
2181 73.4889
2182 73.4889
2183 73.4889
2184 73.4889
2185 73.4889
2186 73.4889
2187 73.4889
2188 73.4889
2189 73.4889
2190 73.4889
2191 73.4889
2192 73.4889
2193 73.4889
2194 73.4889
2195 73.4889
2196 73.4889
2197 73.4889
2198 73.4889
2199 73.4889
2200 73.4889
2201 73.4889
2202 73.4889
2203 73.4889
2204 73.4889
2205 73.4889
2206 73.4889
2207 73.4889
2208 73.4889
2209 73.4889
2210 73.4889
2211 73.4889
2212 73.4889
2213 73.4889
2214 73.4889
2215 73.4889
2216 73.4889
2217 73.4889
2218 73.4889
2219 73.4889
2220 73.4889
2221 73.4889
2222 73.4889
2223 73.4889
2224 73.4889
2225 73.4889
2226 73.4889
2227 73.4889
2228 73.4889
2229 73.4889
2230 73.4889
2231 73.4889
2232 73.4889
2233 73.4889
2234 73.4889
2235 73.4889
2236 73.4889
2237 73.4889
2238 73.4889
2239 73.4889
2240 73.4889
2241 73.4889
2242 73.4889
2243 73.4889
2244 73.4889
2245 73.4889
2246 73.4889
2247 73.4889
2248 73.4889
2249 73.4889
2250 73.4889
2251 73.4889
2252 73.4889
2253 73.4889
2254 73.4889
2255 73.4889
2256 73.4889
2257 73.4889
2258 73.4889
2259 73.4889
2260 73.4889
2261 73.4889
2262 73.4889
2263 73.4889
2264 73.4889
2265 73.4889
2266 73.4889
2267 73.4889
2268 73.4889
2269 73.4889
2270 73.4889
2271 73.4889
2272 73.4889
2273 73.4889
2274 73.4889
2275 73.4889
2276 73.4889
2277 73.4889
2278 73.4889
2279 73.4889
2280 73.4889
2281 73.4889
2282 73.4889
2283 73.4889
2284 73.4889
2285 73.4889
2286 73.4889
2287 73.4889
2288 73.4889
2289 73.4889
2290 73.4889
2291 73.4889
2292 73.4889
2293 73.4889
2294 73.4889
2295 73.4889
2296 73.4889
2297 73.4889
2298 73.4889
2299 73.4889
2300 73.4889
2301 73.4889
2302 73.4889
2303 73.4889
2304 73.4889
2305 73.4889
2306 73.4889
2307 73.4889
2308 73.4889
2309 73.4889
2310 73.4889
2311 73.4889
2312 73.4889
2313 73.4889
2314 73.4889
2315 73.4889
2316 73.4889
2317 73.4889
2318 73.4889
2319 73.4889
2320 73.4889
2321 73.4889
2322 73.4889
2323 73.4889
2324 73.4889
2325 73.4889
2326 73.4889
2327 73.4889
2328 73.4889
2329 73.4889
2330 73.4889
2331 73.4889
2332 73.4889
2333 73.4889
2334 73.4889
2335 73.4889
2336 73.4889
2337 73.4889
2338 73.4889
2339 73.4889
2340 73.4889
2341 73.4889
2342 73.4889
2343 73.4889
2344 73.4889
2345 73.4889
2346 73.4889
2347 73.4889
2348 73.4889
2349 73.4889
2350 73.4889
2351 73.4889
2352 73.4889
2353 73.4889
2354 73.4889
2355 73.4889
2356 73.4889
2357 73.4889
2358 73.4889
2359 73.4889
2360 73.4889
2361 73.4889
2362 73.4889
2363 73.4889
2364 73.4889
2365 73.4889
2366 73.4889
2367 73.4889
2368 73.4889
2369 73.4889
2370 73.4889
2371 73.4889
2372 73.4889
2373 73.4889
2374 73.4889
2375 73.4889
2376 73.4889
2377 73.4889
2378 73.4889
2379 73.4889
2380 73.4889
2381 73.1724
2382 73.1724
2383 73.1724
2384 73.1724
2385 73.1724
2386 73.1724
2387 73.1724
2388 73.1724
2389 73.1724
2390 73.1724
2391 73.1724
2392 73.1724
2393 73.1724
2394 73.1724
2395 73.1724
2396 73.1724
2397 73.1724
2398 73.018
2399 73.018
2400 73.018
2401 73.018
2402 73.018
2403 73.018
2404 73.018
2405 73.018
2406 73.018
2407 73.018
2408 73.018
2409 73.018
2410 73.018
2411 73.018
2412 73.018
2413 73.018
2414 73.018
2415 73.018
2416 73.018
2417 73.018
2418 73.018
2419 73.018
2420 73.018
2421 73.018
2422 73.018
2423 73.018
2424 73.018
2425 73.018
2426 73.018
2427 73.018
2428 73.018
2429 73.018
2430 73.018
2431 73.018
2432 73.018
2433 73.018
2434 73.018
2435 73.018
2436 73.018
2437 73.018
2438 73.018
2439 73.018
2440 73.018
2441 73.018
2442 73.018
2443 73.018
2444 73.018
2445 73.018
2446 73.018
2447 73.018
2448 73.018
2449 73.018
2450 73.018
2451 73.018
2452 73.018
2453 73.018
2454 73.018
2455 73.018
2456 73.018
2457 73.018
2458 73.018
2459 73.018
2460 73.018
2461 73.018
2462 73.018
2463 73.018
2464 73.018
2465 73.018
2466 73.018
2467 73.018
2468 73.018
2469 73.018
2470 73.018
2471 73.018
2472 73.018
2473 73.018
2474 73.018
2475 73.018
2476 73.018
2477 73.018
2478 73.018
2479 73.018
2480 73.018
2481 73.018
2482 73.018
2483 73.018
2484 73.018
2485 73.018
2486 73.018
2487 73.018
2488 73.018
2489 73.018
2490 73.018
2491 73.018
2492 73.018
2493 73.018
2494 73.018
2495 73.018
2496 73.018
2497 73.018
2498 73.018
2499 73.018
2500 73.018
2501 73.018
2502 73.018
2503 73.018
2504 73.018
2505 73.018
2506 73.018
2507 73.018
2508 73.018
2509 73.018
2510 73.018
2511 73.018
2512 73.018
2513 73.018
2514 73.018
2515 73.018
2516 73.018
2517 73.018
2518 73.018
2519 73.018
2520 73.018
2521 73.018
2522 73.018
2523 73.018
2524 73.018
2525 73.018
2526 73.018
2527 73.018
2528 73.018
2529 73.018
2530 73.018
2531 73.018
2532 73.018
2533 73.018
2534 73.018
2535 73.018
2536 73.018
2537 73.018
2538 73.018
2539 73.018
2540 73.018
2541 73.018
2542 73.018
2543 73.018
2544 73.018
2545 73.018
2546 73.018
2547 73.018
2548 73.018
2549 73.018
2550 73.018
2551 73.018
2552 73.018
2553 73.018
2554 73.018
2555 73.018
2556 73.018
2557 73.018
2558 73.018
2559 73.018
2560 73.018
2561 73.018
2562 73.018
2563 73.018
2564 73.018
2565 73.018
2566 73.018
2567 73.018
2568 73.018
2569 73.018
2570 73.018
2571 73.018
2572 73.018
2573 73.018
2574 73.018
2575 73.018
2576 73.018
2577 73.018
2578 73.018
2579 73.018
2580 73.018
2581 73.018
2582 73.018
2583 73.018
2584 73.018
2585 73.018
2586 73.018
2587 73.018
2588 73.018
2589 73.018
2590 73.018
2591 73.018
2592 73.018
2593 73.018
2594 73.018
2595 73.018
2596 73.018
2597 73.018
2598 73.018
2599 73.018
2600 73.018
2601 73.018
2602 73.018
2603 73.018
2604 73.018
2605 73.018
2606 73.018
2607 73.018
2608 73.018
2609 73.018
2610 73.018
2611 73.018
2612 73.018
2613 73.018
2614 73.018
2615 73.018
2616 73.018
2617 73.018
2618 73.018
2619 73.018
2620 72.5657
2621 72.5657
2622 72.5657
2623 72.5657
2624 72.5657
2625 72.5657
2626 72.5657
2627 72.5657
2628 72.5657
2629 72.5657
2630 72.5657
2631 72.5657
2632 72.5657
2633 72.5657
2634 72.5657
2635 72.5657
2636 72.5657
2637 72.5657
2638 72.5657
2639 72.5657
2640 72.5657
2641 68.0775
2642 68.0775
2643 68.0775
2644 68.0775
2645 68.0775
2646 68.0775
2647 68.0775
2648 68.0775
2649 68.0775
2650 67.9192
2651 67.9192
2652 67.9192
2653 67.9192
2654 67.9192
2655 67.9192
2656 67.9192
2657 67.9192
2658 67.9192
2659 67.9192
2660 67.9192
2661 67.9192
2662 67.9192
2663 67.9192
2664 67.9192
2665 67.9192
2666 67.9192
2667 67.9192
2668 67.9192
2669 67.9192
2670 67.9192
2671 67.9192
2672 67.9192
2673 67.9192
2674 67.9192
2675 67.9192
2676 67.9192
2677 67.9192
2678 67.9192
2679 67.9192
2680 67.9192
2681 67.9192
2682 67.9192
2683 67.9192
2684 67.9192
2685 67.9192
2686 67.9192
2687 67.9192
2688 67.9192
2689 67.9192
2690 67.9192
2691 67.9192
2692 67.9192
2693 67.9192
2694 67.9192
2695 67.9192
2696 67.9192
2697 67.9192
2698 67.9192
2699 67.9192
2700 67.9192
2701 67.9192
2702 67.9192
2703 67.9192
2704 67.9192
2705 67.9192
2706 67.9192
2707 67.9192
2708 67.9192
2709 67.9192
2710 67.9192
2711 67.9192
2712 67.9192
2713 67.9192
2714 67.9192
2715 67.9192
2716 67.9192
2717 67.9192
2718 67.9192
2719 67.9192
2720 67.9192
2721 67.9192
2722 67.9192
2723 67.9192
2724 67.9192
2725 67.9192
2726 67.9192
2727 67.9192
2728 67.9192
2729 67.9192
2730 67.9192
2731 67.9192
2732 67.9192
2733 67.9192
2734 67.9192
2735 67.9192
2736 67.9192
2737 67.9192
2738 67.9192
2739 67.9192
2740 67.9192
2741 67.9192
2742 67.9192
2743 67.9192
2744 67.9192
2745 67.9192
2746 67.9192
2747 67.9192
2748 67.9192
2749 67.9192
2750 67.9192
2751 67.9192
2752 67.9192
2753 67.9192
2754 67.9192
2755 67.9192
2756 67.9192
2757 67.9192
2758 67.9192
2759 67.9192
2760 67.9192
2761 67.9192
2762 67.9192
2763 67.9192
2764 67.9192
2765 67.9192
2766 67.9192
2767 67.9192
2768 67.9192
2769 67.9192
2770 67.9192
2771 67.9192
2772 67.9192
2773 67.9192
2774 67.9192
2775 67.9192
2776 67.9192
2777 67.9192
2778 67.9192
2779 67.9192
2780 67.9192
2781 67.9192
2782 67.9192
2783 67.9192
2784 67.9192
2785 67.9192
2786 67.9192
2787 67.9192
2788 67.9192
2789 67.9192
2790 67.9192
2791 67.9192
2792 67.9192
2793 67.9192
2794 67.9192
2795 67.9192
2796 67.9192
2797 67.9192
2798 67.9192
2799 67.9192
2800 67.9192
2801 67.9192
2802 67.9192
2803 67.9192
2804 67.9192
2805 67.9192
2806 67.9192
2807 67.9192
2808 67.9192
2809 67.9192
2810 67.9192
2811 67.9192
2812 67.9192
2813 67.9192
2814 67.9192
2815 67.9192
2816 67.9192
2817 67.9192
2818 67.9192
2819 67.9192
2820 67.9192
2821 67.9192
2822 67.9192
2823 67.9192
2824 67.9192
2825 67.9192
2826 67.9192
2827 67.9192
2828 67.9192
2829 67.9192
2830 67.9192
2831 67.9192
2832 67.9192
2833 67.9192
2834 67.9192
2835 67.9192
2836 67.9192
2837 67.9192
2838 67.9192
2839 67.9192
2840 67.9192
2841 67.9192
2842 67.9192
2843 67.9192
2844 67.9192
2845 67.9192
2846 67.9192
2847 67.9192
2848 67.9192
2849 67.9192
2850 67.9192
2851 67.9192
2852 67.9192
2853 67.9192
2854 67.9192
2855 67.9192
2856 67.9192
2857 67.9192
2858 67.9192
2859 67.9192
2860 67.9192
2861 67.9192
2862 67.9192
2863 67.9192
2864 67.9192
2865 67.9192
2866 67.9192
2867 67.9192
2868 67.9192
2869 67.9192
2870 67.9192
2871 67.9192
2872 67.9192
2873 67.7494
2874 67.7494
2875 67.7494
2876 67.7494
2877 67.7494
2878 67.7494
2879 67.7494
2880 67.7494
2881 67.7494
2882 67.7494
2883 67.7494
2884 67.7494
2885 67.7494
2886 67.7494
2887 67.7494
2888 67.7494
2889 67.7494
2890 67.7494
2891 67.7494
2892 67.7494
2893 67.7494
2894 67.7494
2895 67.7494
2896 67.7494
2897 67.7494
2898 67.7494
2899 67.7494
2900 67.7494
2901 67.7494
2902 67.7494
2903 67.7494
2904 67.7494
2905 67.7494
2906 67.7494
2907 67.7494
2908 67.7494
2909 67.7494
2910 67.7494
2911 67.7494
2912 67.7494
2913 67.7494
2914 67.7494
2915 67.7494
2916 67.7494
2917 67.7494
2918 67.7494
2919 67.7494
2920 67.7494
2921 67.7494
2922 67.7494
2923 67.7494
2924 67.7494
2925 67.7494
2926 67.7494
2927 67.7494
2928 67.7494
2929 67.7494
2930 67.7494
2931 67.7494
2932 67.7494
2933 67.7494
2934 67.7494
2935 67.7494
2936 67.7494
2937 67.7494
2938 67.7494
2939 67.7494
2940 67.7494
2941 67.7494
2942 67.7494
2943 67.7494
2944 67.7494
2945 67.7494
2946 67.7494
2947 67.7494
2948 67.7494
2949 67.7494
2950 67.7494
2951 67.7494
2952 67.7494
2953 67.7494
2954 67.7494
2955 67.7494
2956 67.7494
2957 67.7494
2958 67.7494
2959 67.7494
2960 67.7494
2961 67.7494
2962 67.7494
2963 67.7494
2964 67.7494
2965 67.7494
2966 67.7494
2967 67.7494
2968 67.7494
2969 67.7494
2970 67.7494
2971 67.7494
2972 67.7494
2973 67.7494
2974 67.7494
2975 67.7494
2976 67.7494
2977 67.7494
2978 67.7494
2979 67.7494
2980 67.7494
2981 67.7494
2982 67.7494
2983 67.7494
2984 67.7494
2985 67.7494
2986 67.7494
2987 67.7494
2988 67.7494
2989 67.7494
2990 67.7494
2991 67.7494
2992 67.7494
2993 67.7494
2994 67.7494
2995 67.7494
2996 67.7494
2997 67.7494
2998 67.7494
2999 67.7494
3000 67.7494
3001 67.7494
3002 67.7494
3003 67.7494
3004 67.7494
3005 67.7494
3006 67.7494
3007 67.7494
3008 67.7494
3009 67.7494
3010 67.7494
3011 67.7494
3012 67.7494
3013 67.7494
3014 67.7494
3015 67.7494
3016 67.7494
3017 67.7494
3018 67.7494
3019 67.7494
3020 67.7494
3021 67.7494
3022 67.7494
3023 67.7494
3024 67.7494
3025 67.7494
3026 67.7494
3027 67.7494
3028 67.7494
3029 67.7494
3030 67.7494
3031 67.7494
3032 67.7494
3033 67.7494
3034 67.7494
3035 67.7494
3036 67.7494
3037 67.7494
3038 67.7494
3039 67.7494
3040 67.7494
3041 67.7494
3042 67.7494
3043 67.7494
3044 67.7494
3045 67.7494
3046 67.7494
3047 67.7494
3048 67.7494
3049 67.7494
3050 67.7494
3051 67.7494
3052 67.7494
3053 67.7494
3054 67.7494
3055 67.7494
3056 67.7494
3057 67.7494
3058 67.7494
3059 67.7494
3060 67.7494
3061 67.7494
3062 67.7494
3063 67.7494
3064 67.7494
3065 67.7494
3066 67.7494
3067 67.7494
3068 67.7494
3069 67.7494
3070 67.7494
3071 67.7494
3072 67.7494
3073 67.7494
3074 67.7494
3075 67.7494
3076 67.7494
3077 67.7494
3078 67.7494
3079 67.7494
3080 67.7494
3081 67.7494
3082 67.7494
3083 67.7494
3084 67.7494
3085 67.7494
3086 67.7494
3087 67.7494
3088 67.7494
3089 67.7494
3090 67.7494
3091 67.7494
3092 67.7494
3093 67.7494
3094 67.7494
3095 67.7494
3096 67.7494
3097 67.7494
3098 67.7494
3099 67.7494
3100 67.7494
3101 67.7494
3102 67.7494
3103 67.7494
3104 67.7494
3105 67.7494
3106 67.7494
3107 67.7494
3108 67.7494
3109 67.7494
3110 67.7494
3111 67.7494
3112 67.7494
3113 67.7494
3114 67.7494
3115 67.7494
3116 67.7494
3117 67.7494
3118 67.7494
3119 67.7494
3120 67.7494
3121 67.7494
3122 67.7494
3123 67.7494
3124 67.7494
3125 67.7494
3126 67.7494
3127 67.7494
3128 67.7494
3129 67.7494
3130 67.7494
3131 67.7494
3132 67.1317
3133 67.1317
3134 67.1317
3135 67.1317
3136 67.1317
3137 67.1317
3138 67.1317
3139 67.1317
3140 67.1317
3141 67.1317
3142 67.1317
3143 67.1317
3144 67.1317
3145 67.1317
3146 67.1317
3147 67.1317
3148 67.1317
3149 67.1317
3150 67.1317
3151 67.1317
3152 67.1317
3153 67.1317
3154 67.1317
3155 67.1317
3156 67.1317
3157 67.1317
3158 67.1317
3159 67.1317
3160 67.1317
3161 67.1317
3162 67.1317
3163 67.1317
3164 66.3589
3165 66.3589
3166 66.3589
3167 66.3589
3168 66.3589
3169 66.3589
3170 66.3589
3171 66.3589
3172 66.3589
3173 66.3589
3174 66.3589
3175 66.3589
3176 66.3589
3177 66.3589
3178 66.3589
3179 66.3589
3180 66.3589
3181 66.3589
3182 66.3589
3183 66.3589
3184 66.3589
3185 66.3589
3186 66.3589
3187 66.3589
3188 66.3589
3189 66.3589
3190 66.3589
3191 66.3589
3192 66.3589
3193 66.3589
3194 66.3589
3195 66.3589
3196 66.3589
3197 66.3589
3198 66.3589
3199 66.3589
3200 66.3589
3201 66.3589
3202 66.3589
3203 66.3589
3204 66.3589
3205 66.3589
3206 66.3589
3207 66.3589
3208 66.3589
3209 66.3589
3210 66.3589
3211 66.3589
3212 66.3589
3213 66.3589
3214 66.3589
3215 66.3589
3216 66.3589
3217 66.3589
3218 66.3589
3219 66.3589
3220 66.3589
3221 66.3589
3222 66.3589
3223 66.3589
3224 66.3589
3225 66.3589
3226 66.3589
3227 66.3589
3228 66.3589
3229 66.3589
3230 66.3589
3231 66.3589
3232 66.3589
3233 66.3589
3234 66.3589
3235 66.3589
3236 66.3589
3237 66.3589
3238 66.3589
3239 66.3589
3240 66.3589
3241 66.3589
3242 66.3589
3243 66.3589
3244 66.3589
3245 66.3589
3246 66.3589
3247 66.3589
3248 66.3589
3249 66.3589
3250 66.3589
3251 66.3589
3252 66.3589
3253 66.3589
3254 66.3589
3255 66.3589
3256 66.3589
3257 66.3589
3258 66.3589
3259 66.3589
3260 66.3589
3261 66.3589
3262 66.3589
3263 66.3589
3264 66.3589
3265 66.3589
3266 66.3589
3267 66.3589
3268 66.3589
3269 66.3589
3270 66.3589
3271 66.3589
3272 66.3589
3273 66.3589
3274 66.3589
3275 66.3589
3276 66.3589
3277 66.3589
3278 66.3589
3279 66.3589
3280 66.3589
3281 66.3589
3282 66.3589
3283 66.3589
3284 66.3589
3285 66.3589
3286 66.3589
3287 66.3589
3288 66.3589
3289 66.3589
3290 66.3589
3291 66.3589
3292 66.3589
3293 66.3589
3294 66.3589
3295 66.3589
3296 66.3589
3297 66.3589
3298 66.3589
3299 66.3589
3300 66.3589
3301 66.3589
3302 66.3589
3303 66.3589
3304 66.3589
3305 66.3589
3306 66.3589
3307 66.3589
3308 66.3589
3309 66.3589
3310 66.3589
3311 66.3589
3312 66.3589
3313 66.3589
3314 66.3589
3315 66.3589
3316 66.3589
3317 66.3589
3318 66.3589
3319 66.3589
3320 66.3589
3321 66.3589
3322 66.3589
3323 66.3589
3324 66.3589
3325 66.3589
3326 66.3589
3327 66.3589
3328 66.3589
3329 66.3589
3330 66.3589
3331 66.3589
3332 66.3589
3333 66.3589
3334 66.3589
3335 66.3589
3336 66.3589
3337 66.3589
3338 66.3589
3339 66.3589
3340 66.3589
3341 66.3589
3342 66.3589
3343 66.3589
3344 66.3589
3345 66.3589
3346 66.3589
3347 66.3589
3348 66.3589
3349 66.3589
3350 66.3589
3351 66.3589
3352 66.3589
3353 66.3589
3354 66.3589
3355 66.3589
3356 66.3589
3357 66.3589
3358 66.3589
3359 66.3589
3360 66.3589
3361 66.3589
3362 66.3589
3363 66.3589
3364 66.3589
3365 66.3589
3366 66.3589
3367 66.3589
3368 66.3589
3369 66.3589
3370 66.3589
3371 66.3589
3372 66.3589
3373 66.3589
3374 66.3589
3375 66.3589
3376 66.3589
3377 66.3589
3378 66.3589
3379 66.3589
3380 66.3589
3381 66.3589
3382 66.3589
3383 66.3589
3384 66.3589
3385 66.3589
3386 66.3589
3387 66.3589
3388 66.3589
3389 66.3589
3390 66.3589
3391 66.3589
3392 66.3589
3393 66.3589
3394 66.3589
3395 66.3589
3396 66.3589
3397 66.3589
3398 66.3589
3399 66.3589
3400 66.3589
3401 66.3589
3402 66.3589
3403 66.3589
3404 66.3589
3405 66.3589
3406 66.3589
3407 66.3589
3408 66.3589
3409 66.3589
3410 66.3589
3411 66.3589
3412 66.3589
3413 66.3589
3414 66.3589
3415 66.3589
3416 66.3589
3417 66.3589
3418 66.3589
3419 66.3589
3420 66.3589
3421 66.3589
3422 66.3589
3423 66.3589
3424 66.3589
3425 66.3589
3426 66.3589
3427 66.3589
3428 66.3589
3429 66.3589
3430 66.3589
3431 66.3589
3432 66.3589
3433 66.3589
3434 66.3589
3435 66.3589
3436 66.3589
3437 66.3589
3438 66.3589
3439 66.3589
3440 66.3589
3441 66.3589
3442 66.3589
3443 66.3589
3444 66.3589
3445 66.3589
3446 66.3589
3447 66.3589
3448 66.3589
3449 66.3589
3450 66.3589
3451 66.3589
3452 66.3589
3453 66.3589
3454 66.3589
3455 66.3589
3456 66.3589
3457 66.3589
3458 66.3589
3459 66.3589
3460 66.3589
3461 66.3589
3462 66.3589
3463 66.3589
3464 66.3589
3465 66.3589
3466 66.3589
3467 66.3589
3468 66.3589
3469 66.3589
3470 66.3589
3471 66.3589
3472 66.3589
3473 66.3589
3474 66.3589
3475 66.3589
3476 66.3589
3477 66.3589
3478 66.3589
3479 66.3589
3480 66.3589
3481 66.3589
3482 66.3589
3483 66.3589
3484 66.3589
3485 66.3589
3486 66.3589
3487 66.3589
3488 66.3589
3489 66.3589
3490 66.3589
3491 66.3589
3492 66.3589
3493 66.3589
3494 66.3589
3495 66.3589
3496 66.3589
3497 66.3589
3498 66.3589
3499 66.3589
3500 66.3589
3501 66.3589
3502 66.3589
3503 66.3589
3504 66.3589
3505 66.3589
3506 66.3589
3507 66.3589
3508 66.3589
3509 66.3589
3510 66.3589
3511 66.3589
3512 66.3589
3513 66.3589
3514 66.3589
3515 66.3589
3516 66.3589
3517 66.3589
3518 66.3589
3519 66.3589
3520 66.3589
3521 66.3589
3522 66.3589
3523 66.3589
3524 66.3589
3525 66.3589
3526 66.3589
3527 66.3589
3528 66.3589
3529 66.3589
3530 66.3589
3531 66.3589
3532 66.3589
3533 66.3589
3534 66.3589
3535 66.3589
3536 66.3589
3537 66.3589
3538 66.3589
3539 66.3589
3540 66.3589
3541 66.3589
3542 66.3589
3543 66.3589
3544 66.3589
3545 66.3589
3546 66.3589
3547 66.3589
3548 66.3589
3549 66.3589
3550 66.3589
3551 66.3589
3552 66.3589
3553 66.3589
3554 66.3589
3555 66.3589
3556 66.3589
3557 66.3589
3558 66.3589
3559 66.3589
3560 66.3589
3561 66.3589
3562 66.3589
3563 66.3589
3564 66.3589
3565 66.3589
3566 66.3589
3567 66.3589
3568 66.3589
3569 66.3589
3570 66.3589
3571 66.3589
3572 66.3589
3573 66.3589
3574 66.3589
3575 66.3589
3576 66.3589
3577 66.3589
3578 66.3589
3579 66.3589
3580 66.3589
3581 66.3589
3582 66.3589
3583 66.3589
3584 66.3589
3585 66.3589
3586 66.3589
3587 66.3589
3588 66.3589
3589 66.3589
3590 66.3589
3591 66.3589
3592 66.3589
3593 66.3589
3594 66.3589
3595 66.3589
3596 66.3589
3597 66.3589
3598 66.3589
3599 66.3589
3600 66.3589
3601 66.3589
3602 66.3589
3603 66.3589
3604 66.3589
3605 66.3589
3606 66.3589
3607 66.3589
3608 66.3589
3609 66.3589
3610 66.3589
3611 66.3589
3612 66.3589
3613 66.3589
3614 66.3589
3615 66.3589
3616 66.3589
3617 66.3589
3618 66.3589
3619 66.3589
3620 66.3589
3621 66.3589
3622 66.3589
3623 66.3589
3624 66.3589
3625 66.3589
3626 66.3589
3627 66.3589
3628 66.3589
3629 66.3589
3630 66.3589
3631 66.3589
3632 66.3589
3633 66.3589
3634 66.3589
3635 66.3589
3636 66.3589
3637 66.3589
3638 66.3589
3639 66.3589
3640 66.3589
3641 66.3589
3642 66.3589
3643 66.3589
3644 66.3589
3645 66.3589
3646 66.3589
3647 66.3589
3648 66.3589
3649 66.3589
3650 66.3589
3651 66.3589
3652 66.3589
3653 66.3589
3654 66.3589
3655 66.3589
3656 66.3589
3657 66.3589
3658 66.3589
3659 66.3589
3660 66.3589
3661 66.3589
3662 66.3589
3663 66.3589
3664 66.3589
3665 66.3589
3666 66.3589
3667 66.3589
3668 66.3589
3669 66.3589
3670 66.3589
3671 66.3589
3672 66.3589
3673 66.3589
3674 66.3589
3675 66.3589
3676 66.3589
3677 66.3589
3678 66.3589
3679 66.3589
3680 66.3589
3681 66.3589
3682 66.3589
3683 66.3589
3684 66.3589
3685 66.3589
3686 66.3589
3687 66.3589
3688 66.3589
3689 66.3589
3690 66.3589
3691 66.3589
3692 66.3589
3693 66.3589
3694 66.3589
3695 66.3589
3696 66.3589
3697 66.3589
3698 66.3589
3699 66.3589
3700 66.3589
3701 66.3589
3702 66.3589
3703 66.3589
3704 66.3589
3705 66.3589
3706 66.3589
3707 66.3589
3708 66.3589
3709 66.3589
3710 66.3589
3711 66.3589
3712 66.3589
3713 66.3589
3714 66.3589
3715 66.3589
3716 66.3589
3717 66.3589
3718 66.3589
3719 66.3589
3720 66.3589
3721 66.3589
3722 66.3589
3723 66.3589
3724 66.3589
3725 66.3589
3726 66.3589
3727 66.3589
3728 66.3589
3729 66.3589
3730 66.3589
3731 66.3589
3732 66.3589
3733 66.3589
3734 66.3589
3735 66.3589
3736 66.3589
3737 66.3589
3738 66.3589
3739 66.3589
3740 66.3589
3741 66.3589
3742 66.3589
3743 66.3589
3744 66.3589
3745 66.3589
3746 66.3589
3747 66.3589
3748 66.3589
3749 66.3589
3750 66.3589
3751 66.3589
3752 66.3589
3753 66.3589
3754 66.3589
3755 66.3589
3756 66.3589
3757 66.3589
3758 66.3589
3759 66.3589
3760 66.3589
3761 66.3589
3762 66.3589
3763 66.3589
3764 66.3589
3765 66.3589
3766 66.3589
3767 66.3589
3768 66.3589
3769 66.3589
3770 66.3589
3771 66.3589
3772 66.3589
3773 66.3589
3774 66.3589
3775 66.3589
3776 66.3589
3777 66.3589
3778 66.3589
3779 66.3589
3780 66.3589
3781 66.3589
3782 66.3589
3783 66.3589
3784 66.3589
3785 66.3589
3786 66.3589
3787 66.3589
3788 66.3589
3789 66.3589
3790 66.3589
3791 66.3589
3792 66.3589
3793 66.3589
3794 66.3589
3795 66.3589
3796 66.3589
3797 66.3589
3798 66.3589
3799 66.3589
3800 66.3589
3801 66.3589
3802 66.3589
3803 66.3589
3804 66.3589
3805 66.3589
3806 66.3589
3807 66.3589
3808 66.3589
3809 66.3589
3810 66.3589
3811 66.3589
3812 66.3589
3813 66.3589
3814 66.3589
3815 66.3589
3816 66.3589
3817 66.3589
3818 66.3589
3819 66.3589
3820 66.3589
3821 66.3589
3822 66.3589
3823 66.3589
3824 66.3589
3825 66.3589
3826 66.3589
3827 66.3589
3828 66.3589
3829 66.3589
3830 66.3589
3831 66.3589
3832 66.3589
3833 66.3589
3834 66.3589
3835 66.3589
3836 66.3589
3837 66.3589
3838 66.3589
3839 66.3589
3840 66.3589
3841 66.3589
3842 66.3589
3843 66.3589
3844 66.3589
3845 66.3589
3846 66.3589
3847 66.3589
3848 66.3589
3849 66.3589
3850 66.3589
3851 66.3589
3852 66.3589
3853 66.3589
3854 66.3589
3855 66.3589
3856 66.3589
3857 66.3589
3858 66.3589
3859 66.3589
3860 66.3589
3861 66.3589
3862 66.3589
3863 66.3589
3864 66.3589
3865 66.3589
3866 66.3589
3867 66.3589
3868 66.3589
3869 66.3589
3870 66.3589
3871 66.3589
3872 66.3589
3873 66.3589
3874 66.3589
3875 66.3589
3876 66.3589
3877 66.3589
3878 66.3589
3879 66.3589
3880 66.3589
3881 66.3589
3882 66.3589
3883 66.3589
3884 66.3589
3885 66.3589
3886 66.3589
3887 66.3589
3888 66.3589
3889 66.3589
3890 66.3589
3891 66.3589
3892 66.3589
3893 66.3589
3894 66.3589
3895 66.3589
3896 66.3589
3897 66.3589
3898 66.3589
3899 66.3589
3900 66.3589
3901 66.3589
3902 66.3589
3903 66.3589
3904 66.3589
3905 66.3589
3906 66.3589
3907 66.3589
3908 66.3589
3909 66.3589
3910 66.3589
3911 66.3589
3912 66.3589
3913 66.3589
3914 66.3589
3915 66.3589
3916 66.3589
3917 66.3589
3918 66.3589
3919 66.3589
3920 66.3589
3921 66.3589
3922 66.3589
3923 66.3589
3924 66.3589
3925 66.3589
3926 66.3589
3927 66.3589
3928 66.3589
3929 66.3589
3930 66.3589
3931 66.3589
3932 66.3589
3933 66.3589
3934 66.3589
3935 66.3589
3936 66.3589
3937 66.3589
3938 66.3589
3939 66.3589
3940 66.3589
3941 66.3589
3942 66.3589
3943 66.3589
3944 66.3589
3945 66.3589
3946 66.3589
3947 66.3589
3948 66.3589
3949 66.3589
3950 66.3589
3951 66.3589
3952 66.3589
3953 66.3589
3954 66.3589
3955 66.3589
3956 66.3589
3957 66.3589
3958 66.3589
3959 66.3589
3960 66.3589
3961 66.3589
3962 66.3589
3963 66.3589
3964 66.3589
3965 66.3589
3966 66.3589
3967 66.3589
3968 66.3589
3969 66.3589
3970 66.3589
3971 66.3589
3972 66.3589
3973 66.3589
3974 66.3589
3975 66.3589
3976 66.3589
3977 66.3589
3978 66.3589
3979 66.3589
3980 66.3589
3981 66.3589
3982 66.3589
3983 66.3589
3984 66.3589
3985 66.3589
3986 66.3589
3987 66.3589
3988 66.3589
3989 66.3589
3990 66.3589
3991 66.3589
3992 66.3589
3993 66.3589
3994 66.3589
3995 66.3589
3996 66.3589
3997 66.3589
3998 66.3589
3999 66.3589
4000 66.3589
4001 66.3589
4002 66.3589
4003 66.3589
4004 66.3589
4005 66.3589
4006 66.3589
4007 66.3589
4008 66.3589
4009 66.3589
4010 66.3589
4011 66.3589
4012 66.3589
4013 66.3589
4014 66.3589
4015 66.3589
4016 66.3589
4017 66.3589
4018 66.3589
4019 66.3589
4020 66.3589
4021 66.3589
4022 66.3589
4023 66.3589
4024 66.3589
4025 66.3589
4026 66.3589
4027 66.3589
4028 66.3589
4029 66.3589
4030 66.3589
4031 66.3589
4032 66.3589
4033 66.3589
4034 66.3589
4035 66.3589
4036 66.3589
4037 66.3589
4038 66.3589
4039 66.3589
4040 66.3589
4041 66.3589
4042 66.3589
4043 66.3589
4044 66.3589
4045 66.3589
4046 66.3589
4047 66.3589
4048 66.3589
4049 66.3589
4050 66.3589
4051 66.3589
4052 66.3589
4053 66.3589
4054 66.3589
4055 66.3589
4056 66.3589
4057 66.3589
4058 66.3589
4059 66.3589
4060 66.3589
4061 66.3589
4062 66.3589
4063 66.3589
4064 66.3589
4065 66.3589
4066 66.3589
4067 66.3589
4068 66.3589
4069 66.3589
4070 66.3589
4071 66.3589
4072 66.3589
4073 66.3589
4074 66.3589
4075 66.3589
4076 66.3589
4077 66.3589
4078 66.3589
4079 66.3589
4080 66.3589
4081 66.3589
4082 66.3589
4083 66.3589
4084 66.3589
4085 66.3589
4086 66.3589
4087 66.3589
4088 66.3589
4089 66.3589
4090 66.3589
4091 66.3589
4092 66.3589
4093 66.3589
4094 66.3589
4095 66.3589
4096 66.3589
4097 66.3589
4098 66.3589
4099 66.3589
4100 66.3589
4101 66.3589
4102 66.3589
4103 66.3589
4104 66.3589
4105 66.3589
4106 66.3589
4107 66.3589
4108 66.3589
4109 66.3589
4110 66.3589
4111 66.3589
4112 66.3589
4113 66.3589
4114 66.3589
4115 66.3589
4116 66.3589
4117 66.3589
4118 66.3589
4119 66.3589
4120 66.3589
4121 66.3589
4122 66.3589
4123 66.3589
4124 66.3589
4125 66.3589
4126 66.3589
4127 66.3589
4128 66.3589
4129 66.3589
4130 66.3589
4131 66.3589
4132 66.3589
4133 66.3589
4134 66.3589
4135 66.3589
4136 66.3589
4137 66.3589
4138 66.3589
4139 66.3589
4140 66.3589
4141 66.3589
4142 66.3589
4143 66.3589
4144 66.3589
4145 66.3589
4146 66.3589
4147 66.3589
4148 66.3589
4149 66.3589
4150 66.3589
4151 66.3589
4152 66.3589
4153 66.3589
4154 66.3589
4155 66.3589
4156 66.3589
4157 66.3589
4158 66.3589
4159 66.3589
4160 66.3589
4161 66.3589
4162 66.3589
4163 66.3589
4164 66.3589
4165 66.3589
4166 66.3589
4167 66.3589
4168 66.3589
4169 66.3589
4170 66.3589
4171 66.3589
4172 66.3589
4173 66.3589
4174 66.3589
4175 66.3589
4176 66.3589
4177 66.3589
4178 66.3589
4179 66.3589
4180 66.3589
4181 66.3589
4182 66.3589
4183 66.3589
4184 66.3589
4185 66.3589
4186 66.3589
4187 66.3589
4188 66.3589
4189 66.3589
4190 66.3589
4191 66.3589
4192 66.3589
4193 66.3589
4194 66.3589
4195 66.3589
4196 66.3589
4197 66.3589
4198 66.3589
4199 66.3589
4200 66.3589
4201 66.3589
4202 66.3589
4203 66.3589
4204 66.3589
4205 66.3589
4206 66.3589
4207 66.3589
4208 66.3589
4209 66.3589
4210 66.3589
4211 66.3589
4212 66.3589
4213 66.3589
4214 66.3589
4215 66.3589
4216 66.3589
4217 66.3589
4218 66.3589
4219 66.3589
4220 66.3589
4221 66.3589
4222 66.3589
4223 66.3589
4224 66.3589
4225 66.3589
4226 66.3589
4227 66.3589
4228 66.3589
4229 66.3589
4230 66.3589
4231 66.3589
4232 66.3589
4233 66.3589
4234 66.3589
4235 66.3589
4236 66.3589
4237 66.3589
4238 66.3589
4239 66.3589
4240 66.3589
4241 66.3589
4242 66.3589
4243 66.3589
4244 66.3589
4245 66.3589
4246 66.3589
4247 66.3589
4248 66.3589
4249 66.3589
4250 66.3589
4251 66.3589
4252 66.3589
4253 66.3589
4254 66.3589
4255 66.3589
4256 66.3589
4257 66.3589
4258 66.3589
4259 66.3589
4260 66.3589
4261 66.3589
4262 66.3589
4263 66.3589
4264 66.3589
4265 66.3589
4266 66.3589
4267 66.3589
4268 66.3589
4269 66.3589
4270 66.3589
4271 66.3589
4272 66.3589
4273 66.3589
4274 66.3589
4275 66.3589
4276 66.3589
4277 66.3589
4278 66.3589
4279 66.3589
4280 66.3589
4281 66.3589
4282 66.3589
4283 66.3589
4284 66.3589
4285 66.3589
4286 66.3589
4287 66.3589
4288 66.3589
4289 66.3589
4290 66.3589
4291 66.3589
4292 66.3589
4293 66.3589
4294 66.3589
4295 66.3589
4296 66.3589
4297 66.3589
4298 66.3589
4299 66.3589
4300 66.3589
4301 66.3589
4302 66.3589
4303 66.3589
4304 66.3589
4305 66.3589
4306 66.3589
4307 66.3589
4308 66.3589
4309 66.3589
4310 66.3589
4311 66.3589
4312 66.3589
4313 66.3589
4314 66.3589
4315 66.3589
4316 66.3589
4317 66.3589
4318 66.3589
4319 66.3589
4320 66.3589
4321 66.3589
4322 66.3589
4323 66.3589
4324 66.3589
4325 66.3589
4326 66.3589
4327 66.3589
4328 66.3589
4329 66.3589
4330 66.3589
4331 66.3589
4332 66.3589
4333 66.3589
4334 66.3589
4335 66.3589
4336 66.3589
4337 66.3589
4338 66.3589
4339 66.3589
4340 66.3589
4341 66.3589
4342 66.3589
4343 66.3589
4344 66.3589
4345 66.3589
4346 66.3589
4347 66.3589
4348 66.3589
4349 66.3589
4350 66.3589
4351 66.3589
4352 66.3589
4353 66.3589
4354 66.3589
4355 66.3589
4356 66.3589
4357 66.3589
4358 66.3589
4359 66.3589
4360 66.3589
4361 66.3589
4362 66.3589
4363 66.3589
4364 66.3589
4365 66.3589
4366 66.3589
4367 66.3589
4368 66.3589
4369 66.3589
4370 66.3589
4371 66.3589
4372 66.3589
4373 66.3589
4374 66.3589
4375 66.3589
4376 66.3589
4377 66.3589
4378 66.3589
4379 66.3589
4380 66.3589
4381 66.3589
4382 66.3589
4383 66.3589
4384 66.3589
4385 66.3589
4386 66.3589
4387 66.3589
4388 66.3589
4389 66.3589
4390 66.3589
4391 66.3589
4392 66.3589
4393 66.3589
4394 66.3589
4395 66.3589
4396 66.3589
4397 66.3589
4398 66.3589
4399 66.3589
4400 66.3589
4401 66.3589
4402 66.3589
4403 66.3589
4404 66.3589
4405 66.3589
4406 66.3589
4407 66.3589
4408 66.3589
4409 66.3589
4410 66.3589
4411 66.3589
4412 66.3589
4413 66.3589
4414 66.3589
4415 66.3589
4416 66.3589
4417 66.3589
4418 66.3589
4419 66.3589
4420 66.3589
4421 66.3589
4422 66.3589
4423 66.3589
4424 66.3589
4425 66.3589
4426 66.3589
4427 66.3589
4428 66.3589
4429 66.3589
4430 66.3589
4431 66.3589
4432 66.3589
4433 66.3589
4434 66.3589
4435 66.3589
4436 66.3589
4437 66.3589
4438 66.3589
4439 66.3589
4440 66.3589
4441 66.3589
4442 66.3589
4443 66.3589
4444 66.3589
4445 66.3589
4446 66.3589
4447 66.3589
4448 66.3589
4449 66.3589
4450 66.3589
4451 66.3589
4452 66.3589
4453 66.3589
4454 66.3589
4455 66.3589
4456 66.3589
4457 66.3589
4458 66.3589
4459 66.3589
4460 66.3589
4461 66.3589
4462 66.3589
4463 66.3589
4464 66.3589
4465 66.3589
4466 66.3589
4467 66.3589
4468 66.3589
4469 66.3589
4470 66.3589
4471 66.3589
4472 66.3589
4473 66.3589
4474 66.3589
4475 66.3589
4476 66.3589
4477 66.3589
4478 66.3589
4479 66.3589
4480 66.3589
4481 66.3589
4482 66.3589
4483 66.3589
4484 66.3589
4485 66.3589
4486 66.3589
4487 66.3589
4488 66.3589
4489 66.3589
4490 66.3589
4491 66.3589
4492 66.3589
4493 66.3589
4494 66.3589
4495 66.3589
4496 66.3589
4497 66.3589
4498 66.3589
4499 66.3589
4500 66.3589
4501 66.3589
4502 66.3589
4503 66.3589
4504 66.3589
4505 66.3589
4506 66.3589
4507 66.3589
4508 66.3589
4509 66.3589
4510 66.3589
4511 66.3589
4512 66.3589
4513 66.3589
4514 66.3589
4515 66.3589
4516 66.3589
4517 66.3589
4518 66.3589
4519 66.3589
4520 66.3589
4521 66.3589
4522 66.3589
4523 66.3589
4524 66.3589
4525 66.3589
4526 66.3589
4527 66.3589
4528 66.3589
4529 66.3589
4530 66.3589
4531 66.3589
4532 66.3589
4533 66.3589
4534 66.3589
4535 66.3589
4536 66.3589
4537 66.3589
4538 66.3589
4539 66.3589
4540 66.3589
4541 66.3589
4542 66.3589
4543 66.3589
4544 66.3589
4545 66.3589
4546 66.3589
4547 66.3589
4548 66.3589
4549 66.3589
4550 66.3589
4551 66.3589
4552 66.3589
4553 66.3589
4554 66.3589
4555 66.3589
4556 66.3589
4557 66.3589
4558 66.3589
4559 66.3589
4560 66.3589
4561 66.3589
4562 66.3589
4563 66.3589
4564 66.3589
4565 66.3589
4566 66.3589
4567 66.3589
4568 66.3589
4569 66.3589
4570 66.3589
4571 66.3589
4572 66.3589
4573 66.3589
4574 66.3589
4575 66.3589
4576 66.3589
4577 66.3589
4578 66.3589
4579 66.3589
4580 66.3589
4581 66.3589
4582 66.3589
4583 66.3589
4584 66.3589
4585 66.3589
4586 66.3589
4587 66.3589
4588 66.3589
4589 66.3589
4590 66.3589
4591 66.3589
4592 66.3589
4593 66.3589
4594 66.3589
4595 66.3589
4596 66.3589
4597 66.3589
4598 66.3589
4599 66.3589
4600 66.3589
4601 66.3589
4602 66.3589
4603 66.3589
4604 66.3589
4605 66.3589
4606 66.3589
4607 66.3589
4608 66.3589
4609 66.3589
4610 66.3589
4611 66.3589
4612 66.3589
4613 66.3589
4614 66.3589
4615 66.3589
4616 66.3589
4617 66.3589
4618 66.3589
4619 66.3589
4620 66.3589
4621 66.3589
4622 66.3589
4623 66.3589
4624 66.3589
4625 66.3589
4626 66.3589
4627 66.3589
4628 66.3589
4629 66.3589
4630 66.3589
4631 66.3589
4632 66.3589
4633 66.3589
4634 66.3589
4635 66.3589
4636 66.3589
4637 66.3589
4638 66.3589
4639 66.3589
4640 66.3589
4641 66.3589
4642 66.3589
4643 66.3589
4644 66.3589
4645 66.3589
4646 66.3589
4647 66.3589
4648 66.3589
4649 66.3589
4650 66.3589
4651 66.3589
4652 66.3589
4653 66.3589
4654 66.3589
4655 66.3589
4656 66.3589
4657 66.3589
4658 66.3589
4659 66.3589
4660 66.3589
4661 66.3589
4662 66.3589
4663 66.3589
4664 66.3589
4665 66.3589
4666 66.3589
4667 66.3589
4668 66.3589
4669 66.3589
4670 66.3589
4671 66.3589
4672 66.3589
4673 66.3589
4674 66.3589
4675 66.3589
4676 66.3589
4677 66.3589
4678 66.3589
4679 66.3589
4680 66.3589
4681 66.3589
4682 66.3589
4683 66.3589
4684 66.3589
4685 66.3589
4686 66.3589
4687 66.3589
4688 66.3589
4689 66.3589
4690 66.3589
4691 66.3589
4692 66.3589
4693 66.3589
4694 66.3589
4695 66.3589
4696 66.3589
4697 66.3589
4698 66.3589
4699 66.3589
4700 66.3589
4701 66.3589
4702 66.3589
4703 66.2418
4704 66.2418
4705 66.2418
4706 66.2418
4707 66.2418
4708 66.2418
4709 66.2418
4710 66.2418
4711 66.2418
4712 66.2418
4713 66.2418
4714 66.2418
4715 66.2418
4716 66.2418
4717 66.2418
4718 66.2418
4719 66.2418
4720 66.2418
4721 66.2418
4722 66.2418
4723 66.2418
4724 66.2418
4725 66.2418
4726 66.2418
4727 66.2418
4728 66.2418
4729 66.2418
4730 66.2418
4731 66.2418
4732 66.2418
4733 66.2418
4734 66.2418
4735 66.2418
4736 66.2418
4737 66.2418
4738 66.2418
4739 66.2418
4740 66.2418
4741 66.2418
4742 66.2418
4743 66.2418
4744 66.2418
4745 66.2418
4746 66.2418
4747 66.2418
4748 66.2418
4749 66.2418
4750 66.2418
4751 66.2418
4752 66.2418
4753 66.2418
4754 66.2418
4755 66.2418
4756 66.2418
4757 66.2418
4758 66.2418
4759 66.2418
4760 66.2418
4761 66.2418
4762 66.2418
4763 66.2418
4764 66.2418
4765 66.2418
4766 66.2418
4767 66.2418
4768 66.2418
4769 66.2418
4770 66.2418
4771 66.2418
4772 66.2418
4773 66.2418
4774 66.2418
4775 66.2418
4776 66.2418
4777 66.2418
4778 66.2418
4779 66.2418
4780 66.2418
4781 66.2418
4782 66.2418
4783 66.2418
4784 66.2418
4785 66.2418
4786 66.2418
4787 66.2418
4788 66.2418
4789 66.2418
4790 66.2418
4791 66.2418
4792 66.2418
4793 66.2418
4794 66.2418
4795 66.2418
4796 66.2418
4797 66.2418
4798 66.2418
4799 66.2418
4800 66.2418
4801 66.2418
4802 66.2418
4803 66.2418
4804 66.2418
4805 66.2418
4806 66.2418
4807 66.2418
4808 66.2418
4809 66.2418
4810 66.2418
4811 66.2418
4812 66.2418
4813 66.2418
4814 66.2418
4815 66.2418
4816 66.2418
4817 66.2418
4818 66.2418
4819 66.2418
4820 66.2418
4821 66.2418
4822 66.2418
4823 66.2418
4824 66.2418
4825 66.2418
4826 66.2418
4827 66.2418
4828 66.2418
4829 66.2418
4830 66.2418
4831 66.2418
4832 66.2418
4833 66.2418
4834 66.2418
4835 66.2418
4836 66.2418
4837 66.2418
4838 66.2418
4839 66.2418
4840 66.2418
4841 66.2418
4842 66.2418
4843 66.2418
4844 66.2418
4845 66.2418
4846 66.2418
4847 66.2418
4848 66.2418
4849 66.2418
4850 66.2418
4851 66.2418
4852 66.2418
4853 66.2418
4854 66.2418
4855 66.2418
4856 66.2418
4857 66.2418
4858 66.2418
4859 66.2418
4860 66.2418
4861 66.2418
4862 66.2418
4863 66.2418
4864 66.2418
4865 66.2418
4866 66.2418
4867 66.2418
4868 66.2418
4869 66.2418
4870 66.2418
4871 66.2418
4872 66.2418
4873 66.2418
4874 66.2418
4875 66.2418
4876 66.2418
4877 66.2418
4878 66.2418
4879 66.2418
4880 66.2418
4881 66.2418
4882 66.2418
4883 66.2418
4884 66.2418
4885 66.2418
4886 66.2418
4887 66.2418
4888 66.2418
4889 66.2418
4890 66.2418
4891 66.2418
4892 66.2418
4893 66.2418
4894 66.2418
4895 66.2418
4896 66.2418
4897 66.2418
4898 66.2418
4899 66.2418
4900 66.2418
4901 66.2418
4902 66.2418
4903 66.2418
4904 66.2418
4905 66.2418
4906 66.2418
4907 66.2418
4908 66.2418
4909 66.2418
4910 66.2418
4911 66.2418
4912 66.2418
4913 66.2418
4914 66.2418
4915 66.2418
4916 66.2418
4917 66.2418
4918 66.2418
4919 66.2418
4920 66.2418
4921 66.2418
4922 66.2418
4923 66.2418
4924 66.2418
4925 66.2418
4926 66.2418
4927 66.2418
4928 66.2418
4929 66.2418
4930 66.2418
4931 66.2418
4932 66.2418
4933 66.2418
4934 66.2418
4935 66.2418
4936 66.2418
4937 66.2418
4938 66.2418
4939 66.2418
4940 66.2418
4941 66.2418
4942 66.2418
4943 66.2418
4944 66.2418
4945 66.2418
4946 66.2418
4947 66.2418
4948 66.2418
4949 66.2418
4950 66.2418
4951 66.2418
4952 66.2418
4953 66.2418
4954 66.2418
4955 66.2418
4956 66.2418
4957 66.2418
4958 66.2418
4959 66.2418
4960 66.2418
4961 66.2418
4962 66.2418
4963 66.2418
4964 66.2418
4965 66.2418
4966 66.2418
4967 66.2418
4968 66.2418
4969 66.2418
4970 66.2418
4971 66.2418
4972 66.2418
4973 66.2418
4974 66.2418
4975 66.2418
4976 66.2418
4977 66.2418
4978 66.2418
4979 66.2418
4980 66.2418
4981 66.2418
4982 66.2418
4983 66.2418
4984 66.2418
4985 66.2418
4986 66.2418
4987 66.2418
4988 66.2418
4989 66.2418
4990 66.2418
4991 66.2418
4992 66.2418
4993 66.2418
4994 66.2418
4995 66.2418
4996 66.2418
4997 66.2418
4998 66.2418
4999 66.2418
5000 66.2418
5001 66.2418
5002 66.2418
5003 66.2418
5004 66.2418
5005 66.2418
5006 66.2418
5007 66.2418
5008 66.2418
5009 66.2418
5010 66.2418
5011 66.2418
5012 66.2418
5013 66.2418
5014 66.2418
5015 66.2418
5016 66.2418
5017 66.2418
5018 66.2418
5019 66.2418
5020 66.2418
5021 66.2418
5022 66.2418
5023 66.2418
5024 66.2418
5025 66.2418
5026 66.2418
5027 66.2418
5028 66.2418
5029 66.2418
5030 66.2418
5031 66.2418
5032 66.2418
5033 66.2418
5034 66.2418
5035 66.2418
5036 66.2418
5037 66.2418
5038 66.2418
5039 66.2418
5040 66.2418
5041 66.2418
5042 66.2418
5043 66.2418
5044 66.2418
5045 66.2418
5046 66.2418
5047 66.2418
5048 66.2418
5049 66.2418
5050 66.2418
5051 66.2418
5052 66.2418
5053 66.2418
5054 66.2418
5055 66.2418
5056 66.2418
5057 66.2418
5058 66.2418
5059 66.2418
5060 66.2418
5061 66.2418
5062 66.2418
5063 66.2418
5064 66.2418
5065 66.2418
5066 66.2418
5067 66.2418
5068 66.2418
5069 66.2418
5070 66.2418
5071 66.2418
5072 66.2418
5073 66.2418
5074 66.2418
5075 66.2418
5076 66.2418
5077 66.2418
5078 66.2418
5079 66.2418
5080 66.2418
5081 66.2418
5082 66.2418
5083 66.2418
5084 66.2418
5085 66.2418
5086 66.2418
5087 66.2418
5088 66.2418
5089 66.2418
5090 66.2418
5091 66.2418
5092 66.2418
5093 66.2418
5094 66.2418
5095 66.2418
5096 66.2418
5097 66.2418
5098 66.2418
5099 66.2418
5100 66.2418
5101 66.2418
5102 66.2418
5103 66.2418
5104 66.2418
5105 66.2418
5106 66.2418
5107 66.2418
5108 66.2418
5109 66.2418
5110 66.2418
5111 66.2418
5112 66.2418
5113 66.2418
5114 66.2418
5115 66.2418
5116 66.2418
5117 66.2418
5118 66.2418
5119 66.2418
5120 66.2418
5121 66.2418
5122 66.2418
5123 66.2418
5124 66.2418
5125 66.2418
5126 66.2418
5127 66.2418
5128 66.2418
5129 66.2418
5130 66.2418
5131 66.2418
5132 66.2418
5133 66.2418
5134 66.2418
5135 66.2418
5136 66.2418
5137 66.2418
5138 66.2418
5139 66.2418
5140 66.2418
5141 66.2418
5142 66.2418
5143 66.2418
5144 66.2418
5145 66.2418
5146 66.2418
5147 66.2418
5148 66.2418
5149 66.2418
5150 66.2418
5151 66.2418
5152 66.2418
5153 66.2418
5154 66.2418
5155 66.2418
5156 66.2418
5157 66.2418
5158 66.2418
5159 66.2418
5160 66.2418
5161 66.2418
5162 66.2418
5163 66.2418
5164 66.2418
5165 66.2418
5166 66.2418
5167 66.2418
5168 66.2418
5169 66.2418
5170 66.2418
5171 66.2418
5172 66.2418
5173 66.2418
5174 66.2418
5175 66.2418
5176 66.2418
5177 66.2418
5178 66.2418
5179 66.2418
5180 66.2418
5181 66.2418
5182 66.2418
5183 66.2418
5184 66.2418
5185 66.2418
5186 66.2418
5187 66.2418
5188 66.2418
5189 66.2418
5190 66.2418
5191 66.2418
5192 66.2418
5193 66.2418
5194 66.2418
5195 66.2418
5196 66.2418
5197 66.2418
5198 66.2418
5199 66.2418
5200 66.2418
5201 66.2418
5202 66.2418
5203 66.2418
5204 66.2418
5205 66.2418
5206 66.2418
5207 66.2418
5208 66.2418
5209 66.2418
5210 66.2418
5211 66.2418
5212 66.2418
5213 66.2418
5214 66.2418
5215 66.2418
5216 66.2418
5217 66.2418
5218 66.2418
5219 66.2418
5220 66.2418
5221 66.2418
5222 66.2418
5223 66.2418
5224 66.2418
5225 66.2418
5226 66.2418
5227 66.2418
5228 66.2418
5229 66.2418
5230 66.2418
5231 66.2418
5232 66.2418
5233 66.2418
5234 66.2418
5235 66.2418
5236 66.2418
5237 66.2418
5238 66.2418
5239 66.2418
5240 66.2418
5241 66.2418
5242 66.2418
5243 66.2418
5244 66.2418
5245 66.2418
5246 66.2418
5247 66.2418
5248 66.2418
5249 66.2418
5250 66.2418
5251 66.2418
5252 66.2418
5253 66.2418
5254 66.2418
5255 66.2418
5256 66.2418
5257 66.2418
5258 66.2418
5259 66.2418
5260 66.2418
5261 66.2418
5262 66.2418
5263 66.2418
5264 66.2418
5265 66.2418
5266 66.2418
5267 66.2418
5268 66.2418
5269 66.2418
5270 66.2418
5271 66.2418
5272 66.2418
5273 66.2418
5274 66.2418
5275 66.2418
5276 66.2418
5277 66.2418
5278 66.2418
5279 66.2418
5280 66.2418
5281 66.2418
5282 66.2418
5283 66.2418
5284 66.2418
5285 66.2418
5286 66.2418
5287 66.2418
5288 66.2418
5289 66.2418
5290 66.2418
5291 66.2418
5292 66.2418
5293 66.2418
5294 66.2418
5295 66.2418
5296 66.2418
5297 66.2418
5298 66.2418
5299 66.2418
5300 66.2418
5301 66.2418
5302 66.2418
5303 66.2418
5304 66.2418
5305 66.2418
5306 66.2418
5307 66.2418
5308 66.2418
5309 66.2418
5310 66.2418
5311 66.2418
5312 66.2418
5313 66.2418
5314 66.2418
5315 66.2418
5316 66.2418
5317 66.2418
5318 66.2418
5319 66.2418
5320 66.2418
5321 66.2418
5322 66.2418
5323 66.2418
5324 66.2418
5325 66.2418
5326 66.2418
5327 66.2418
5328 66.2418
5329 66.2418
5330 66.2418
5331 66.2418
5332 66.2418
5333 66.2418
5334 66.2418
5335 66.2418
5336 66.2418
5337 66.2418
5338 66.2418
5339 66.2418
5340 66.2418
5341 66.2418
5342 66.2418
5343 66.2418
5344 66.2418
5345 66.2418
5346 66.2418
5347 66.2418
5348 66.2418
5349 66.2418
5350 66.2418
5351 66.2418
5352 66.2418
5353 66.2418
5354 66.2418
5355 66.2418
5356 66.2418
5357 66.2418
5358 66.2418
5359 66.2418
5360 66.2418
5361 66.2418
5362 66.2418
5363 66.2418
5364 66.2418
5365 66.2418
5366 66.2418
5367 66.2418
5368 66.2418
5369 66.2418
5370 66.2418
5371 66.2418
5372 66.2418
5373 66.2418
5374 66.2418
5375 66.2418
5376 66.2418
5377 66.2418
5378 66.2418
5379 66.2418
5380 66.2418
5381 66.2418
5382 66.2418
5383 66.2418
5384 66.2418
5385 66.2418
5386 66.2418
5387 66.2418
5388 66.2418
5389 66.2418
5390 66.2418
5391 66.2418
5392 66.2418
5393 66.2418
5394 66.2418
5395 66.2418
5396 66.2418
5397 66.2418
5398 66.2418
5399 66.2418
5400 66.2418
5401 66.2418
5402 66.2418
5403 66.2418
5404 66.2418
5405 66.2418
5406 66.2418
5407 66.2418
5408 66.2418
5409 66.2418
5410 66.2418
5411 66.2418
5412 66.2418
5413 66.2418
5414 66.2418
5415 66.2418
5416 66.2418
5417 66.2418
5418 66.2418
5419 66.2418
5420 66.2418
5421 66.2418
5422 66.2418
5423 66.2418
5424 66.2418
5425 66.2418
5426 66.2418
5427 66.2418
5428 66.2418
5429 66.2418
5430 66.2418
5431 66.2418
5432 66.2418
5433 66.2418
5434 66.2418
5435 66.2418
5436 66.2418
5437 66.2418
5438 66.2418
5439 66.2418
5440 66.2418
5441 66.2418
5442 66.2418
5443 66.2418
5444 66.2418
5445 66.2418
5446 66.2418
5447 66.2418
5448 66.2418
5449 66.2418
5450 66.2418
5451 66.2418
5452 66.2418
5453 66.2418
5454 66.2418
5455 66.2418
5456 66.2418
5457 66.2418
5458 66.2418
5459 66.2418
5460 66.2418
5461 66.2418
5462 66.2418
5463 66.2418
5464 66.2418
5465 66.2418
5466 66.2418
5467 66.2418
5468 66.2418
5469 66.2418
5470 66.2418
5471 66.2418
5472 66.2418
5473 66.2418
5474 66.2418
5475 66.2418
5476 66.2418
5477 66.2418
5478 66.2418
5479 66.2418
5480 66.2418
5481 66.2418
5482 66.2418
5483 66.2418
5484 66.2418
5485 66.2418
5486 66.2418
5487 66.2418
5488 66.2418
5489 66.2418
5490 66.2418
5491 66.2418
5492 66.2418
5493 66.2418
5494 66.2418
5495 66.2418
5496 66.2418
5497 66.2418
5498 66.2418
5499 66.2418
5500 66.2418
5501 66.2418
5502 66.2418
5503 66.2418
5504 66.2418
5505 66.2418
5506 66.2418
5507 66.2418
5508 66.2418
5509 66.2418
5510 66.2418
5511 66.2418
5512 66.2418
5513 66.2418
5514 66.2418
5515 66.2418
5516 66.2418
5517 66.2418
5518 66.2418
5519 66.2418
5520 66.2418
5521 66.2418
5522 66.2418
5523 66.2418
5524 66.2418
5525 66.2418
5526 66.2418
5527 66.2418
5528 66.2418
5529 66.2418
5530 66.2418
5531 66.2418
5532 66.2418
5533 66.2418
5534 66.2418
5535 66.2418
5536 66.2418
5537 66.2418
5538 66.2418
5539 66.2418
5540 66.2418
5541 66.2418
5542 66.2418
5543 66.2418
5544 66.2418
5545 66.2418
5546 66.2418
5547 66.2418
5548 66.2418
5549 66.2418
5550 66.2418
5551 66.2418
5552 66.2418
5553 66.2418
5554 66.2418
5555 66.2418
5556 66.2418
5557 66.2418
5558 66.2418
5559 66.2418
5560 66.2418
5561 66.2418
5562 66.2418
5563 66.2418
5564 66.2418
5565 66.2418
5566 66.2418
5567 66.2418
5568 66.2418
5569 66.2418
5570 66.2418
5571 66.2418
5572 66.2418
5573 66.2418
5574 66.2418
5575 66.2418
5576 66.2418
5577 66.2418
5578 66.2418
5579 66.2418
5580 66.2418
5581 66.2418
5582 66.2418
5583 66.2418
5584 66.2418
5585 66.2418
5586 66.2418
5587 66.2418
5588 66.2418
5589 66.2418
5590 66.2418
5591 66.2418
5592 66.2418
5593 66.2418
5594 66.2418
5595 66.2418
5596 66.2418
5597 66.2418
5598 66.2418
5599 66.2418
5600 66.2418
5601 66.2418
5602 66.2418
5603 66.2418
5604 66.2418
5605 66.2418
5606 66.2418
5607 66.2418
5608 66.2418
5609 66.2418
5610 66.2418
5611 66.2418
5612 66.2418
5613 66.2418
5614 66.2418
5615 66.2418
5616 66.2418
5617 66.2418
5618 66.2418
5619 66.2418
5620 66.2418
5621 66.2418
5622 66.2418
5623 66.2418
5624 66.2418
5625 66.2418
5626 66.2418
5627 66.2418
5628 66.2418
5629 66.2418
5630 66.2418
5631 66.2418
5632 66.2418
5633 66.2418
5634 66.2418
5635 66.2418
5636 66.2418
5637 66.2418
5638 66.2418
5639 66.2418
5640 66.2418
5641 66.2418
5642 66.2418
5643 66.2418
5644 66.2418
5645 66.2418
5646 66.2418
5647 66.2418
5648 66.2418
5649 66.2418
5650 66.2418
5651 66.2418
5652 66.2418
5653 66.2418
5654 66.2418
5655 66.2418
5656 66.2418
5657 66.2418
5658 66.2418
5659 66.2418
5660 66.2418
5661 66.2418
5662 66.2418
5663 66.2418
5664 66.2418
5665 66.2418
5666 66.2418
5667 66.2418
5668 66.2418
5669 66.2418
5670 66.2418
5671 66.2418
5672 66.2418
5673 66.2418
5674 66.2418
5675 66.2418
5676 66.2418
5677 66.2418
5678 66.2418
5679 66.2418
5680 66.2418
5681 66.2418
5682 66.2418
5683 66.2418
5684 66.2418
5685 66.2418
5686 66.2418
5687 66.2418
5688 66.2418
5689 66.2418
5690 66.2418
5691 66.2418
5692 66.2418
5693 66.2418
5694 66.2418
5695 66.2418
5696 66.2418
5697 66.2418
5698 66.2418
5699 66.2418
5700 66.2418
5701 66.2418
5702 66.2418
5703 66.2418
5704 66.2418
5705 66.2418
5706 66.2418
5707 66.2418
5708 66.2418
5709 66.2418
5710 66.2418
5711 66.2418
5712 66.2418
5713 66.2418
5714 66.2418
5715 66.2418
5716 66.2418
5717 66.2418
5718 66.2418
5719 66.2418
5720 66.2418
5721 66.2418
5722 66.2418
5723 66.2418
5724 66.2418
5725 66.2418
5726 66.2418
5727 66.2418
5728 66.2418
5729 66.2418
5730 66.2418
5731 66.2418
5732 66.2418
5733 66.2418
5734 66.2418
5735 66.2418
5736 66.2418
5737 66.2418
5738 66.2418
5739 66.2418
5740 66.2418
5741 66.2418
5742 66.2418
5743 66.2418
5744 66.2418
5745 66.2418
5746 66.2418
5747 66.2418
5748 66.2418
5749 66.2418
5750 66.2418
5751 66.2418
5752 66.2418
5753 66.2418
5754 66.2418
5755 66.2418
5756 66.2418
5757 66.2418
5758 66.2418
5759 66.2418
5760 66.2418
5761 66.2418
5762 66.2418
5763 66.2418
5764 66.2418
5765 66.2418
5766 66.2418
5767 66.2418
5768 66.2418
5769 66.2418
5770 66.2418
5771 66.2418
5772 66.2418
5773 66.2418
5774 66.2418
5775 66.2418
5776 66.2418
5777 66.2418
5778 66.2418
5779 66.2418
5780 66.2418
5781 66.2418
5782 66.2418
5783 66.2418
5784 66.2418
5785 66.2418
5786 66.2418
5787 66.2418
5788 66.2418
5789 66.2418
5790 66.2418
5791 66.2418
5792 66.2418
5793 66.2418
5794 66.2418
5795 66.2418
5796 66.2418
5797 66.2418
5798 66.2418
5799 66.2418
5800 66.2418
5801 66.2418
5802 66.2418
5803 66.2418
5804 66.2418
5805 66.2418
5806 66.2418
5807 66.2418
5808 66.2418
5809 66.2418
5810 66.2418
5811 66.2418
5812 66.2418
5813 66.2418
5814 66.2418
5815 66.2418
5816 66.2418
5817 66.2418
5818 66.2418
5819 66.2418
5820 66.2418
5821 66.2418
5822 66.2418
5823 66.2418
5824 66.2418
5825 66.2418
5826 66.2418
5827 66.2418
5828 66.2418
5829 66.2418
5830 66.2418
5831 66.2418
5832 66.2418
5833 66.2418
5834 66.2418
5835 66.2418
5836 66.2418
5837 66.2418
5838 66.2418
5839 66.2418
5840 66.2418
5841 66.2418
5842 66.2418
5843 66.2418
5844 66.2418
5845 66.2418
5846 66.2418
5847 66.2418
5848 66.2418
5849 66.2418
5850 66.2418
5851 66.2418
5852 66.2418
5853 66.2418
5854 66.2418
5855 66.2418
5856 66.2418
5857 66.2418
5858 66.2418
5859 66.2418
5860 66.2418
5861 66.2418
5862 66.2418
5863 66.2418
5864 66.2418
5865 66.2418
5866 66.2418
5867 66.2418
5868 66.2418
5869 66.2418
5870 66.2418
5871 66.2418
5872 66.2418
5873 66.2418
5874 66.2418
5875 66.2418
5876 66.2418
5877 66.2418
5878 66.2418
5879 66.2418
5880 66.2418
5881 66.2418
5882 66.2418
5883 66.2418
5884 66.2418
5885 66.2418
5886 66.2418
5887 66.2418
5888 66.2418
5889 66.2418
5890 66.2418
5891 66.2418
5892 66.2418
5893 66.2418
5894 66.2418
5895 66.2418
5896 66.2418
5897 66.2418
5898 66.2418
5899 66.2418
5900 66.2418
5901 66.2418
5902 66.2418
5903 66.2418
5904 66.2418
5905 66.2418
5906 66.2418
5907 66.2418
5908 66.2418
5909 66.2418
5910 66.2418
5911 66.2418
5912 66.2418
5913 66.2418
5914 66.2418
5915 66.2418
5916 66.2418
5917 66.2418
5918 66.2418
5919 66.2418
5920 66.2418
5921 66.2418
5922 66.2418
5923 66.2418
5924 66.2418
5925 66.2418
5926 66.2418
5927 66.2418
5928 66.2418
5929 66.2418
5930 66.2418
5931 66.2418
5932 66.2418
5933 66.2418
5934 66.2418
5935 66.2418
5936 66.2418
5937 66.2418
5938 66.2418
5939 66.2418
5940 66.2418
5941 66.2418
5942 66.2418
5943 66.2418
5944 66.2418
5945 66.2418
5946 66.2418
5947 66.2418
5948 66.2418
5949 66.2418
5950 66.2418
5951 66.2418
5952 66.2418
5953 66.2418
5954 66.2418
5955 66.2418
5956 66.2418
5957 66.2418
5958 66.2418
5959 66.2418
5960 66.2418
5961 66.2418
5962 66.2418
5963 66.2418
5964 66.2418
5965 66.2418
5966 66.2418
5967 66.2418
5968 66.2418
5969 66.2418
5970 66.2418
5971 66.2418
5972 66.2418
5973 66.2418
5974 66.2418
5975 66.2418
5976 66.2418
5977 66.2418
5978 66.2418
5979 66.2418
5980 66.2418
5981 66.2418
5982 66.2418
5983 66.2418
5984 66.2418
5985 66.2418
5986 66.2418
5987 66.2418
5988 66.2418
5989 66.2418
5990 66.2418
5991 66.2418
5992 66.2418
5993 66.2418
5994 66.2418
5995 66.2418
5996 66.2418
5997 66.2418
5998 66.2418
5999 66.2418
6000 66.2418
