1 428.136
2 415.752
3 408.175
4 403.621
5 385.757
6 385.757
7 383.923
8 379.19
9 371.703
10 367.156
11 359.455
12 354.61
13 338.207
14 337.729
15 334.211
16 329.134
17 329.134
18 329.134
19 321.917
20 321.146
21 321.146
22 309.921
23 308.702
24 303.187
25 303.187
26 303.187
27 295.262
28 295.141
29 292.802
30 291.795
31 287.358
32 284.961
33 284.961
34 284.961
35 283.241
36 283.241
37 279.55
38 279.55
39 275.758
40 275.758
41 272.754
42 271.483
43 271.022
44 269.591
45 268.186
46 260.546
47 250.79
48 250.79
49 250.79
50 245.369
51 243.739
52 243.739
53 243.695
54 243.695
55 240.355
56 239.129
57 231.457
58 231.457
59 231.412
60 228.925
61 228.904
62 228.904
63 228.778
64 227.293
65 221.617
66 221.617
67 221.617
68 223.052
69 222.318
70 220.478
71 218.546
72 217.574
73 217.574
74 216.163
75 216.163
76 214.852
77 214.373
78 214.029
79 213.915
80 213.099
81 213.099
82 209.401
83 209.401
84 208.09
85 207.164
86 203.84
87 203.84
88 201.997
89 201.997
90 201.997
91 201.997
92 201.624
93 197.335
94 197.335
95 195.914
96 195.914
97 195.914
98 192.964
99 192.673
100 192.673
101 192.673
102 192.673
103 192.673
104 190.946
105 187.084
106 187.084
107 187.084
108 187.084
109 187.084
110 186.782
111 184.43
112 184.43
113 184.43
114 184.43
115 184.43
116 184.43
117 184.4
118 183.788
119 182.522
120 182.522
121 182.051
122 182.051
123 181.616
124 176.969
125 176.969
126 176.969
127 176.634
128 174.591
129 174.591
130 174.591
131 174.591
132 174.591
133 174.591
134 172.343
135 172.343
136 172.315
137 172.315
138 172.315
139 171.732
140 171.349
141 171.349
142 168.065
143 168.065
144 168.065
145 168.065
146 166.945
147 166.945
148 166.945
149 164.059
150 164.059
151 163.974
152 163.735
153 162.983
154 162.983
155 162.983
156 162.983
157 162.983
158 159.992
159 159.992
160 159.992
161 156.914
162 156.914
163 156.914
164 156.914
165 155.96
166 155.96
167 155.96
168 155.96
169 155.96
170 155.96
171 155.96
172 154.982
173 152.898
174 152.898
175 152.898
176 152.898
177 152.898
178 152.898
179 152.475
180 152.475
181 150.675
182 150.675
183 150.675
184 150.252
185 150.252
186 150.252
187 149.349
188 149.349
189 148.425
190 148.425
191 148.425
192 148.425
193 148.425
194 147.708
195 147.708
196 146.66
197 146.66
198 146.66
199 146.66
200 146.66
201 145.846
202 145.149
203 145.093
204 145.093
205 145.093
206 144.023
207 143.275
208 143.275
209 141.807
210 141.633
211 141.633
212 141.633
213 141.144
214 139.502
215 141.633
216 141.633
217 141.633
218 140.024
219 140.024
220 139.85
221 139.85
222 139.579
223 139.579
224 138.376
225 138.376
226 139.139
227 139.139
228 139.139
229 139.139
230 139.139
231 137.97
232 137.97
233 137.97
234 137.915
235 137.915
236 137.677
237 137.677
238 137.677
239 136.339
240 135.165
241 135.165
242 136.339
243 135.736
244 135.736
245 135.736
246 135.736
247 135.736
248 134.375
249 134.375
250 134.375
251 133.948
252 133.948
253 133.926
254 133.551
255 132.617
256 132.592
257 131.965
258 131.059
259 130.111
260 130.111
261 130.111
262 130.111
263 130.111
264 130.111
265 129.386
266 129.386
267 129.386
268 129.386
269 129.386
270 129.386
271 129.182
272 128.902
273 128.902
274 128.902
275 127.6
276 127.04
277 127.04
278 125.653
279 125.653
280 125.653
281 125.653
282 123.867
283 123.825
284 122.708
285 122.708
286 122.708
287 122.708
288 122.708
289 122.708
290 122.708
291 122.708
292 122.708
293 122.21
294 122.21
295 121.955
296 121.955
297 121.955
298 121.955
299 121.955
300 121.955
301 121.748
302 121.684
303 120.599
304 120.599
305 120.599
306 120.534
307 120.599
308 120.599
309 120.599
310 120.599
311 119.613
312 119.613
313 119.613
314 119.613
315 119.613
316 119.613
317 119.613
318 119.529
319 119.529
320 119.136
321 119.136
322 119.136
323 119.136
324 119.006
325 119.136
326 119.136
327 119.136
328 119.014
329 119.014
330 119.014
331 119.014
332 119.014
333 119.014
334 119.014
335 119.014
336 118.46
337 118.46
338 118.447
339 118.443
340 118.443
341 117.364
342 117.364
343 117.364
344 117.364
345 117.364
346 117.364
347 117.364
348 117.364
349 117.364
350 117.364
351 117.142
352 117.142
353 117.142
354 117.142
355 116.428
356 116.428
357 116.428
358 116.428
359 115.956
360 115.956
361 115.956
362 115.956
363 115.956
364 115.956
365 115.956
366 115.956
367 115.768
368 115.768
369 115.768
370 115.768
371 115.768
372 115.719
373 115.694
374 115.694
375 115.694
376 115.506
377 115.506
378 115.506
379 115.506
380 115.506
381 115.506
382 115.506
383 114.267
384 114.267
385 114.267
386 114.267
387 114.267
388 114.267
389 114.267
390 114.267
391 114.267
392 114.267
393 114.267
394 114.16
395 112.861
396 112.861
397 112.11
398 112.11
399 110.93
400 110.93
401 110.93
402 110.93
403 110.726
404 110.726
405 110.726
406 110.726
407 110.726
408 110.726
409 110.726
410 110.726
411 110.694
412 110.251
413 110.251
414 110.251
415 110.251
416 110.251
417 110.251
418 110.251
419 110.251
420 110.251
421 109.801
422 109.801
423 109.801
424 109.801
425 109.801
426 109.801
427 109.801
428 109.801
429 109.801
430 108.742
431 108.742
432 108.742
433 108.45
434 108.45
435 108.45
436 108.45
437 108.45
438 108.45
439 108.45
440 108.45
441 108.45
442 108.45
443 108.45
444 108.45
445 108.45
446 108.45
447 107.825
448 108.45
449 107.527
450 107.527
451 107.527
452 107.527
453 107.527
454 107.527
455 107.527
456 107.527
457 107.527
458 107.527
459 107.527
460 107.297
461 107.297
462 107.297
463 107.297
464 107.297
465 107.297
466 107.297
467 107.297
468 107.297
469 107.297
470 107.297
471 107.297
472 107.297
473 107.297
474 107.297
475 107.297
476 106.801
477 106.801
478 106.801
479 104.202
480 104.202
481 104.202
482 104.119
483 104.119
484 104.119
485 104.119
486 104.119
487 104.119
488 104.119
489 104.119
490 104.119
491 103.793
492 103.793
493 103.776
494 103.743
495 103.281
496 102.636
497 102.636
498 102.494
499 102.267
500 102.267
501 102.267
502 102.267
503 102.267
504 101.672
505 101.672
506 101.672
507 101.672
508 101.672
509 101.639
510 99.6262
511 99.6262
512 99.6262
513 99.6262
514 99.6262
515 99.2627
516 99.2627
517 99.2627
518 99.2627
519 99.2627
520 99.2627
521 99.2627
522 98.9162
523 98.4994
524 98.4994
525 98.4994
526 98.4994
527 98.4994
528 97.9932
529 98.4994
530 98.1528
531 98.1528
532 98.1528
533 98.1528
534 98.1528
535 97.8645
536 97.8645
537 97.8645
538 97.8645
539 97.8645
540 97.8645
541 97.8645
542 97.8645
543 97.8645
544 97.8645
545 97.8645
546 97.8645
547 97.3631
548 97.3631
549 97.3631
550 97.3631
551 97.3631
552 97.3631
553 97.3631
554 97.3631
555 97.2585
556 97.2585
557 95.9328
558 95.9328
559 95.9328
560 95.9328
561 95.5774
562 95.5774
563 95.5774
564 95.5774
565 95.5774
566 94.4795
567 95.318
568 93.0492
569 93.0492
570 92.6938
571 92.6938
572 92.6938
573 92.6938
574 92.6938
575 92.6938
576 92.6938
577 92.6938
578 92.6938
579 92.6938
580 92.6938
581 92.4309
582 92.4309
583 92.4309
584 92.4309
585 92.4309
586 92.4309
587 92.4309
588 92.4309
589 92.4309
590 92.4309
591 92.4309
592 92.4309
593 92.4309
594 92.4309
595 92.4309
596 92.4309
597 92.4309
598 92.4309
599 92.4309
600 92.4309
601 92.4309
602 92.4309
603 92.4309
604 92.4309
605 91.4786
606 91.4786
607 91.4786
608 91.4786
609 91.4786
610 90.8258
611 90.8258
612 90.8258
613 90.8258
614 90.8258
615 90.8258
616 90.8258
617 90.8258
618 90.8258
619 90.8258
620 90.8258
621 90.8258
622 90.8258
623 90.8258
624 90.8258
625 90.8258
626 90.7212
627 90.7212
628 90.7212
629 90.7212
630 90.2997
631 90.2997
632 90.2997
633 90.2997
634 90.2997
635 90.2997
636 90.2997
637 90.2997
638 90.2997
639 90.2997
640 90.2997
641 90.2997
642 90.2997
643 90.2997
644 90.2997
645 90.2997
646 90.2997
647 89.773
648 89.773
649 89.773
650 89.773
651 89.773
652 89.773
653 89.773
654 89.773
655 89.773
656 89.773
657 89.127
658 89.127
659 89.0696
660 89.0696
661 88.5757
662 88.5757
663 88.5757
664 88.5757
665 88.2145
666 88.2145
667 88.2145
668 88.2145
669 88.1572
670 88.2145
671 88.2145
672 88.2145
673 88.2145
674 88.2145
675 88.2145
676 88.2145
677 88.2145
678 88.1878
679 88.1878
680 88.1878
681 88.1878
682 88.1878
683 88.1878
684 88.1878
685 88.1878
686 88.1878
687 88.1878
688 88.1878
689 88.1878
690 88.1878
691 88.1878
692 88.1878
693 88.1878
694 88.1878
695 88.1878
696 88.1878
697 88.1878
698 88.1878
699 88.1878
700 88.1878
701 88.1878
702 88.1878
703 88.1878
704 88.1878
705 88.1878
706 88.1878
707 88.1878
708 88.1878
709 88.1878
710 88.1878
711 88.1878
712 88.1878
713 88.1878
714 88.1878
715 88.1878
716 88.1878
717 88.1878
718 88.1878
719 88.1878
720 87.7903
721 87.7903
722 87.7903
723 87.7903
724 87.7903
725 87.7903
726 87.7903
727 87.7903
728 87.7903
729 87.7903
730 87.4285
731 87.4285
732 87.4285
733 87.4285
734 87.4285
735 87.4285
736 87.4285
737 87.4285
738 87.4285
739 87.4285
740 87.4285
741 87.4285
742 87.4285
743 87.4285
744 87.4285
745 87.4285
746 87.4285
747 87.4285
748 87.4285
749 87.4285
750 87.4285
751 87.4285
752 87.4285
753 87.4285
754 87.4285
755 87.4285
756 87.4285
757 87.4285
758 87.4285
759 87.4285
760 87.4285
761 87.4285
762 87.4285
763 87.4285
764 87.4285
765 87.4285
766 87.4285
767 86.6469
768 86.6469
769 86.6469
770 86.6469
771 86.6469
772 86.6469
773 86.5984
774 86.6469
775 86.6469
776 86.6469
777 86.6469
778 86.6469
779 86.6469
780 86.6469
781 86.6469
782 86.6469
783 86.6469
784 86.6469
785 86.6469
786 86.6469
787 86.6469
788 86.6469
789 86.6469
790 86.6469
791 86.6469
792 86.6469
793 86.6469
794 86.6469
795 86.6469
796 86.6469
797 86.6469
798 86.6469
799 86.6469
800 86.6469
801 86.6469
802 86.6469
803 85.7924
804 85.7924
805 85.7924
806 85.7924
807 85.7924
808 85.7924
809 85.7924
810 85.7924
811 85.7924
812 85.7924
813 85.7924
814 85.7924
815 85.1546
816 85.1546
817 85.1546
818 85.1546
819 85.1546
820 85.1546
821 84.6773
822 84.6773
823 84.6773
824 84.6773
825 84.5167
826 84.5167
827 84.5167
828 84.5167
829 84.0719
830 84.0719
831 84.0719
832 84.0719
833 84.0719
834 84.0719
835 83.9594
836 83.9594
837 83.9594
838 83.9594
839 83.5274
840 83.5274
841 83.447
842 83.447
843 83.447
844 83.447
845 83.447
846 83.447
847 83.447
848 83.447
849 83.0816
850 83.0816
851 83.0816
852 82.6496
853 82.6496
854 82.6496
855 82.6496
856 82.1989
857 82.6496
858 82.6496
859 82.6496
860 82.6496
861 82.6496
862 82.6496
863 82.6496
864 82.6496
865 82.6496
866 82.6496
867 82.6496
868 82.6496
869 82.6496
870 82.6496
871 82.6496
872 82.6496
873 82.6496
874 82.4538
875 82.4538
876 82.6496
877 82.6496
878 82.6496
879 82.6496
880 82.6496
881 82.6496
882 82.6496
883 82.6496
884 82.6496
885 82.6496
886 82.6496
887 82.0509
888 82.0509
889 82.0509
890 82.0509
891 82.0509
892 82.0509
893 82.0509
894 82.0509
895 82.0509
896 82.0509
897 82.0509
898 82.0509
899 81.8255
900 81.8255
901 81.8255
902 81.8255
903 81.8255
904 81.8255
905 81.8255
906 81.5926
907 81.5926
908 81.5926
909 81.5926
910 81.5926
911 81.5926
912 81.5926
913 81.207
914 80.9741
915 81.207
916 81.207
917 81.207
918 81.207
919 81.207
920 80.9741
921 80.9741
922 81.207
923 80.9741
924 80.9741
925 80.9741
926 80.9741
927 80.9741
928 80.9741
929 80.9741
930 80.9741
931 80.9741
932 80.9741
933 80.9741
934 80.9741
935 80.9741
936 80.9741
937 80.9741
938 80.9741
939 80.9741
940 80.9741
941 80.9741
942 80.9741
943 80.9741
944 80.9741
945 80.9741
946 80.6494
947 80.6494
948 80.6494
949 80.6494
950 80.3959
951 80.3146
952 80.3959
953 80.3959
954 80.3146
955 80.3146
956 79.6086
957 79.6086
958 79.6086
959 79.6086
960 79.6086
961 79.6086
962 79.6086
963 79.6086
964 79.6086
965 79.6086
966 79.6086
967 79.6086
968 79.5512
969 79.6086
970 79.5512
971 79.2737
972 79.2737
973 79.2737
974 79.2164
975 79.2164
976 79.2164
977 79.2164
978 79.2164
979 79.2164
980 79.2164
981 79.2164
982 79.2164
983 79.2164
984 79.2164
985 79.2164
986 78.8297
987 78.8297
988 78.8297
989 78.8297
990 78.8297
991 78.8297
992 78.8297
993 78.8297
994 78.8297
995 78.8297
996 78.8297
997 78.8297
998 78.8297
999 78.8297
1000 78.8297
1001 78.8297
1002 78.8297
1003 78.8297
1004 78.8297
1005 78.8297
1006 78.8297
1007 78.8297
1008 78.8297
1009 78.8297
1010 78.8297
1011 78.8297
1012 78.8297
1013 78.8297
1014 78.8297
1015 78.8297
1016 78.8297
1017 78.8297
1018 78.8297
1019 78.8297
1020 78.8297
1021 78.8297
1022 78.8297
1023 78.8297
1024 78.8297
1025 78.8297
1026 78.8297
1027 78.8297
1028 78.8297
1029 78.5189
1030 78.5189
1031 78.5189
1032 78.5189
1033 78.5189
1034 78.5189
1035 78.5189
1036 78.5189
1037 78.5189
1038 78.5189
1039 78.5189
1040 78.5189
1041 78.5189
1042 78.5189
1043 78.5189
1044 77.8483
1045 77.8483
1046 77.8483
1047 77.8483
1048 77.6476
1049 77.6476
1050 77.6476
1051 77.6476
1052 77.6476
1053 77.6476
1054 77.6476
1055 77.6476
1056 77.6476
1057 77.6476
1058 77.6476
1059 77.6476
1060 77.6476
1061 77.6476
1062 77.6476
1063 77.6476
1064 77.6476
1065 77.6476
1066 77.6476
1067 77.6476
1068 77.6476
1069 77.6476
1070 77.6476
1071 77.6476
1072 77.6476
1073 77.6476
1074 77.6476
1075 77.6476
1076 77.6476
1077 77.6476
1078 77.6476
1079 77.6476
1080 77.6476
1081 77.4256
1082 77.4256
1083 77.4256
1084 77.0655
1085 77.4256
1086 76.8435
1087 76.8435
1088 76.8435
1089 76.8435
1090 76.8435
1091 76.2406
1092 76.2406
1093 76.2406
1094 76.2406
1095 76.2406
1096 76.2406
1097 76.2406
1098 76.2406
1099 75.5523
1100 75.5523
1101 75.5523
1102 75.4408
1103 75.4408
1104 75.4408
1105 75.4408
1106 75.4408
1107 75.4408
1108 75.4408
1109 75.4408
1110 75.4408
1111 75.4408
1112 75.4408
1113 75.4408
1114 75.4408
1115 75.4408
1116 75.4408
1117 75.4408
1118 75.4408
1119 75.4408
1120 75.4408
1121 75.4408
1122 75.4408
1123 75.4408
1124 75.4408
1125 75.4408
1126 75.4408
1127 75.4408
1128 75.4408
1129 75.4408
1130 75.4408
1131 75.4408
1132 75.4408
1133 75.4408
1134 75.4408
1135 75.4408
1136 75.4408
1137 75.4408
1138 75.4408
1139 75.4408
1140 75.4408
1141 75.4408
1142 75.4408
1143 75.4408
1144 75.4408
1145 75.4408
1146 75.4408
1147 75.4408
1148 75.4408
1149 75.4408
1150 75.4408
1151 75.4408
1152 75.4408
1153 75.4408
1154 75.4408
1155 75.4408
1156 75.4408
1157 75.4408
1158 75.4408
1159 75.4408
1160 75.4408
1161 75.4408
1162 75.4408
1163 75.4408
1164 75.4408
1165 75.4408
1166 75.4408
1167 75.4408
1168 75.4408
1169 75.4408
1170 75.4408
1171 75.4408
1172 75.4408
1173 75.4408
1174 75.4408
1175 75.4408
1176 75.4408
1177 75.4408
1178 75.4408
1179 75.4408
1180 75.4408
1181 75.4408
1182 75.4408
1183 75.4408
1184 75.4408
1185 75.4408
1186 75.4408
1187 75.4408
1188 75.4408
1189 75.438
1190 75.4408
1191 75.4408
1192 75.4408
1193 75.4408
1194 75.4408
1195 75.4408
1196 75.4408
1197 74.9702
1198 74.9702
1199 74.9702
1200 74.9702
1201 74.9702
1202 74.9702
1203 74.9702
1204 74.9702
1205 74.9702
1206 74.9702
1207 74.9702
1208 74.9702
1209 74.9702
1210 74.9702
1211 74.7184
1212 74.7184
1213 74.7184
1214 74.7184
1215 74.7184
1216 74.7184
1217 74.7184
1218 74.7184
1219 74.7184
1220 74.7184
1221 74.7184
1222 74.7184
1223 74.7184
1224 74.7184
1225 74.7184
1226 74.7184
1227 74.7184
1228 74.7184
1229 74.7184
1230 74.7184
1231 74.7184
1232 74.7184
1233 74.7184
1234 74.7184
1235 74.7184
1236 74.7184
1237 74.7184
1238 74.7184
1239 74.7184
1240 74.7184
1241 74.7184
1242 74.7184
1243 74.7184
1244 74.7184
1245 74.7184
1246 74.7184
1247 74.7184
1248 74.7184
1249 74.7184
1250 74.7184
1251 74.7184
1252 74.7184
1253 74.7184
1254 74.7184
1255 74.7184
1256 74.7184
1257 74.7184
1258 74.7184
1259 74.7184
1260 74.7184
1261 74.7184
1262 74.7184
1263 74.7184
1264 74.7184
1265 74.7184
1266 74.7184
1267 74.7184
1268 74.7184
1269 74.7184
1270 74.7184
1271 74.7184
1272 74.7184
1273 74.7184
1274 74.7184
1275 74.7184
1276 74.7184
1277 74.7184
1278 74.1797
1279 74.7184
1280 74.7184
1281 74.5344
1282 74.7184
1283 74.7184
1284 74.7184
1285 74.7184
1286 74.7184
1287 74.7184
1288 74.7184
1289 74.7184
1290 74.7184
1291 74.7184
1292 74.7184
1293 74.7184
1294 74.7184
1295 74.252
1296 74.252
1297 74.252
1298 74.252
1299 74.252
1300 74.252
1301 74.252
1302 74.252
1303 74.252
1304 74.252
1305 74.252
1306 74.252
1307 74.252
1308 74.252
1309 74.252
1310 74.252
1311 74.252
1312 74.252
1313 74.252
1314 74.252
1315 74.252
1316 74.252
1317 74.252
1318 74.252
1319 74.252
1320 74.252
1321 74.252
1322 74.252
1323 74.252
1324 74.252
1325 74.252
1326 74.252
1327 74.252
1328 74.252
1329 74.252
1330 74.252
1331 74.252
1332 74.252
1333 74.252
1334 74.252
1335 74.252
1336 74.252
1337 74.252
1338 74.252
1339 74.252
1340 74.252
1341 74.252
1342 74.252
1343 74.252
1344 74.252
1345 74.252
1346 74.252
1347 74.252
1348 74.252
1349 74.252
1350 74.252
1351 74.252
1352 74.252
1353 74.252
1354 74.252
1355 74.252
1356 74.252
1357 74.252
1358 74.252
1359 74.252
1360 74.252
1361 74.252
1362 74.252
1363 74.252
1364 73.7741
1365 73.7741
1366 73.7741
1367 73.7639
1368 73.7639
1369 73.6027
1370 73.6027
1371 73.6027
1372 73.5925
1373 73.5925
1374 73.5925
1375 73.5925
1376 73.5925
1377 73.5925
1378 73.5925
1379 73.5925
1380 73.228
1381 73.228
1382 73.228
1383 73.228
1384 73.228
1385 73.228
1386 73.228
1387 73.228
1388 73.228
1389 73.228
1390 73.228
1391 73.228
1392 73.228
1393 73.228
1394 73.0355
1395 73.0355
1396 73.0355
1397 73.0355
1398 73.0355
1399 73.0355
1400 73.0355
1401 73.0355
1402 73.0355
1403 73.03
1404 73.03
1405 73.03
1406 73.03
1407 73.03
1408 73.03
1409 73.03
1410 73.03
1411 73.03
1412 73.03
1413 73.03
1414 73.03
1415 73.03
1416 73.03
1417 73.03
1418 73.03
1419 73.03
1420 73.03
1421 73.03
1422 72.7934
1423 72.7934
1424 72.7934
1425 72.7934
1426 72.7934
1427 72.7934
1428 72.7934
1429 72.7934
1430 72.7934
1431 72.7934
1432 72.7934
1433 72.7934
1434 72.7934
1435 72.7934
1436 72.7934
1437 72.7934
1438 72.7934
1439 72.7934
1440 72.7934
1441 72.7934
1442 72.7934
1443 72.7934
1444 72.7934
1445 72.7934
1446 72.7934
1447 72.7934
1448 72.7934
1449 72.7934
1450 72.7934
1451 72.7934
1452 72.7934
1453 72.7934
1454 72.7934
1455 72.7934
1456 72.7934
1457 72.7934
1458 72.7934
1459 72.7934
1460 72.7567
1461 72.7567
1462 72.7567
1463 72.7567
1464 72.7567
1465 72.7567
1466 72.7567
1467 72.7567
1468 72.7567
1469 72.7567
1470 72.7567
1471 72.7567
1472 72.7567
1473 72.7567
1474 72.7567
1475 72.7567
1476 72.7567
1477 72.7567
1478 72.7567
1479 72.7567
1480 72.7567
1481 72.7567
1482 72.7567
1483 72.7567
1484 72.7567
1485 72.7567
1486 72.7567
1487 72.7567
1488 72.7567
1489 72.7567
1490 72.7567
1491 72.7567
1492 72.7567
1493 72.7567
1494 72.7567
1495 72.7567
1496 72.7567
1497 72.7567
1498 72.7567
1499 72.7567
1500 72.7567
1501 72.7567
1502 72.7567
1503 72.7567
1504 72.7567
1505 72.7567
1506 72.7567
1507 72.7567
1508 72.7567
1509 72.7567
1510 72.7567
1511 72.7567
1512 72.7567
1513 72.7567
1514 72.7567
1515 72.7567
1516 72.6662
1517 72.6662
1518 72.6662
1519 72.6662
1520 72.6662
1521 72.6662
1522 72.6662
1523 72.6662
1524 72.6662
1525 72.6662
1526 72.6662
1527 72.6662
1528 72.6662
1529 72.6662
1530 72.6662
1531 72.6662
1532 72.6662
1533 72.6662
1534 72.6662
1535 72.6662
1536 72.6662
1537 72.6662
1538 72.6662
1539 72.6662
1540 72.6662
1541 72.6662
1542 72.6662
1543 72.6662
1544 72.6662
1545 72.6662
1546 72.6662
1547 72.6662
1548 72.6662
1549 72.6662
1550 72.6662
1551 72.6662
1552 72.6662
1553 72.6662
1554 72.6662
1555 72.6662
1556 72.6662
1557 72.6662
1558 72.6662
1559 72.6662
1560 72.6662
1561 72.6662
1562 72.6662
1563 72.6662
1564 72.6662
1565 72.6662
1566 72.6662
1567 72.6662
1568 72.6662
1569 72.6662
1570 72.6662
1571 72.6662
1572 72.6662
1573 72.6662
1574 72.6662
1575 72.6662
1576 72.6662
1577 72.6662
1578 72.6662
1579 72.6662
1580 72.6662
1581 72.6662
1582 72.6662
1583 72.6662
1584 72.6662
1585 72.6662
1586 72.6662
1587 72.6662
1588 72.6662
1589 72.6662
1590 72.6662
1591 72.5905
1592 72.5905
1593 72.5905
1594 72.5905
1595 72.5905
1596 72.5905
1597 72.5905
1598 72.5905
1599 72.5905
1600 72.5905
1601 72.5905
1602 72.5905
1603 72.5905
1604 72.5905
1605 72.5905
1606 72.5905
1607 72.5905
1608 72.5905
1609 72.5905
1610 72.5905
1611 72.5905
1612 72.5905
1613 72.5905
1614 72.5905
1615 72.5905
1616 72.5905
1617 72.5905
1618 72.5905
1619 72.5905
1620 72.5905
1621 72.5905
1622 72.5905
1623 72.5905
1624 72.5905
1625 72.5905
1626 72.5905
1627 72.5905
1628 72.5905
1629 72.5905
1630 71.8908
1631 71.8908
1632 71.8908
1633 71.8908
1634 71.8908
1635 71.8908
1636 71.8908
1637 71.8908
1638 71.8908
1639 71.8908
1640 71.8908
1641 71.8908
1642 71.8908
1643 71.8908
1644 71.8908
1645 71.4155
1646 71.4155
1647 71.4155
1648 71.4155
1649 71.4155
1650 71.4155
1651 71.4155
1652 71.4155
1653 71.4155
1654 71.4155
1655 71.4155
1656 71.4155
1657 71.4155
1658 71.4155
1659 71.4155
1660 71.4155
1661 71.4155
1662 71.4155
1663 71.4155
1664 71.4155
1665 71.4155
1666 71.4155
1667 71.4155
1668 71.4155
1669 71.4155
1670 71.4155
1671 71.4155
1672 71.4155
1673 71.4155
1674 71.4155
1675 71.4155
1676 71.4155
1677 71.4155
1678 71.4155
1679 71.4155
1680 71.4155
1681 71.4155
1682 71.4155
1683 71.4155
1684 71.4155
1685 71.4155
1686 71.4155
1687 71.4155
1688 71.3292
1689 71.3292
1690 71.3292
1691 71.3292
1692 71.3292
1693 71.3292
1694 71.3292
1695 71.3292
1696 71.3292
1697 71.3292
1698 71.3292
1699 71.3292
1700 71.3292
1701 71.3292
1702 71.3292
1703 71.3292
1704 71.3292
1705 71.3292
1706 71.3292
1707 71.3292
1708 71.3292
1709 71.3292
1710 71.3292
1711 71.3292
1712 71.3292
1713 71.3292
1714 71.3292
1715 71.3292
1716 70.955
1717 70.955
1718 70.955
1719 70.955
1720 70.955
1721 70.955
1722 70.955
1723 70.955
1724 70.955
1725 70.955
1726 70.955
1727 70.955
1728 70.955
1729 70.955
1730 70.955
1731 70.955
1732 70.955
1733 70.955
1734 70.955
1735 70.955
1736 70.955
1737 70.955
1738 70.955
1739 70.955
1740 70.955
1741 70.955
1742 70.955
1743 70.955
1744 70.955
1745 70.955
1746 70.955
1747 70.955
1748 70.955
1749 70.955
1750 70.955
1751 70.955
1752 70.955
1753 70.955
1754 70.8932
1755 70.8932
1756 70.8932
1757 70.8932
1758 70.8932
1759 70.8932
1760 70.8932
1761 70.8932
1762 70.8932
1763 70.8379
1764 70.7499
1765 70.7499
1766 70.7499
1767 70.7499
1768 70.7499
1769 70.7499
1770 70.7499
1771 70.7499
1772 70.7499
1773 70.7499
1774 70.7499
1775 70.7499
1776 70.7499
1777 70.7499
1778 70.7499
1779 70.7499
1780 70.7499
1781 70.7499
1782 70.7499
1783 70.7499
1784 70.7499
1785 70.7499
1786 70.7499
1787 70.7499
1788 70.7499
1789 70.7499
1790 70.7499
1791 70.7499
1792 70.7499
1793 70.7499
1794 70.7499
1795 70.7499
1796 70.7499
1797 70.7499
1798 70.7499
1799 70.7499
1800 70.7499
1801 70.7499
1802 70.7499
1803 70.7499
1804 70.7499
1805 70.7499
1806 70.7499
1807 70.7499
1808 70.7499
1809 70.7499
1810 70.7499
1811 70.6577
1812 70.6577
1813 70.6577
1814 70.6577
1815 70.6577
1816 70.6577
1817 70.6577
1818 70.6577
1819 70.6577
1820 70.6577
1821 70.6577
1822 70.6577
1823 70.6577
1824 70.6577
1825 70.6577
1826 70.6577
1827 70.6577
1828 70.6577
1829 70.6577
1830 70.6577
1831 70.6577
1832 70.6577
1833 70.6577
1834 70.6577
1835 70.6577
1836 70.6577
1837 70.6577
1838 70.6577
1839 70.6577
1840 70.6577
1841 70.6577
1842 70.6577
1843 70.6577
1844 70.6577
1845 70.6577
1846 70.6577
1847 70.6577
1848 70.6577
1849 70.6577
1850 70.6577
1851 70.6577
1852 70.6577
1853 70.6577
1854 70.6577
1855 70.6577
1856 70.6577
1857 70.6577
1858 70.6577
1859 70.6577
1860 70.6577
1861 70.6577
1862 70.6577
1863 70.6577
1864 70.6577
1865 70.6577
1866 70.6577
1867 70.6577
1868 70.6577
1869 70.6577
1870 70.6577
1871 70.6577
1872 70.6577
1873 70.6577
1874 70.6577
1875 70.6577
1876 70.6577
1877 70.6577
1878 70.6577
1879 70.6577
1880 70.6577
1881 70.6577
1882 70.6577
1883 70.6577
1884 70.6577
1885 70.6577
1886 70.6577
1887 70.6577
1888 70.6577
1889 70.6577
1890 70.6577
1891 70.6577
1892 70.6577
1893 70.6577
1894 70.5602
1895 70.5602
1896 70.5602
1897 70.0098
1898 70.0098
1899 70.0098
1900 70.0098
1901 70.0098
1902 70.0098
1903 70.0098
1904 70.0098
1905 70.0098
1906 70.0098
1907 70.0098
1908 70.0098
1909 70.0098
1910 70.0098
1911 70.0098
1912 70.0098
1913 70.0098
1914 70.0098
1915 70.0098
1916 70.0098
1917 70.0098
1918 70.0098
1919 70.0098
1920 70.0098
1921 70.0098
1922 70.0098
1923 70.0098
1924 70.0098
1925 70.0098
1926 70.0098
1927 70.0098
1928 70.0098
1929 69.8195
1930 69.8195
1931 69.8195
1932 69.8195
1933 69.8195
1934 69.8195
1935 69.8195
1936 69.8195
1937 69.8195
1938 69.8195
1939 69.8195
1940 69.8195
1941 69.8195
1942 69.8195
1943 69.8195
1944 69.8195
1945 69.8195
1946 69.8195
1947 69.8195
1948 69.8195
1949 69.8195
1950 69.8195
1951 69.8195
1952 69.8195
1953 69.8195
1954 69.8195
1955 69.8195
1956 69.8195
1957 69.8195
1958 69.8195
1959 69.8195
1960 69.8195
1961 69.8195
1962 69.8195
1963 69.8195
1964 69.8195
1965 69.8195
1966 69.8195
1967 69.8195
1968 69.8195
1969 69.8195
1970 69.8195
1971 69.8195
1972 69.8195
1973 69.8195
1974 69.8195
1975 69.8195
1976 69.8195
1977 69.8195
1978 69.8195
1979 69.8195
1980 69.8195
1981 69.8195
1982 69.8195
1983 69.8195
1984 69.8195
1985 69.8195
1986 69.8195
1987 69.8195
1988 69.8195
1989 69.8195
1990 69.8195
1991 69.8195
1992 69.8195
1993 69.8195
1994 69.8195
1995 69.8195
1996 69.8195
1997 69.8195
1998 69.8195
1999 69.8195
2000 69.8195
2001 69.8195
2002 69.8195
2003 69.8195
2004 69.8195
2005 69.8195
2006 69.8195
2007 69.8195
2008 69.8195
2009 69.8195
2010 69.8195
2011 69.8195
2012 69.8195
2013 69.8195
2014 69.8195
2015 69.8195
2016 69.8195
2017 69.8195
2018 69.8195
2019 69.8195
2020 69.8195
2021 69.8195
2022 69.8195
2023 69.8195
2024 69.8195
2025 69.8195
2026 69.8195
2027 69.8195
2028 69.8195
2029 69.8195
2030 69.8195
2031 69.8195
2032 69.8195
2033 69.8195
2034 69.8195
2035 69.8195
2036 69.8195
2037 69.8195
2038 69.8195
2039 69.8195
2040 69.8195
2041 69.8195
2042 69.8195
2043 69.8195
2044 69.8195
2045 69.8195
2046 69.8195
2047 69.8195
2048 69.8195
2049 69.8195
2050 69.8195
2051 69.8195
2052 69.8195
2053 69.8195
2054 69.8195
2055 69.8195
2056 69.8195
2057 69.8195
2058 69.8195
2059 69.8195
2060 69.8195
2061 69.8195
2062 69.8195
2063 69.8195
2064 69.8195
2065 69.8195
2066 69.8195
2067 69.8195
2068 69.8195
2069 69.8195
2070 69.8195
2071 69.8195
2072 69.8195
2073 69.8195
2074 69.8195
2075 69.8195
2076 69.8195
2077 69.8195
2078 69.8195
2079 69.8195
2080 69.8195
2081 69.8195
2082 69.8195
2083 69.8195
2084 69.8195
2085 69.8195
2086 69.8195
2087 69.8195
2088 69.8195
2089 69.8195
2090 69.8195
2091 69.8195
2092 69.8195
2093 69.8195
2094 69.8195
2095 69.8195
2096 69.8195
2097 69.8195
2098 69.8195
2099 69.8195
2100 69.8195
2101 69.8195
2102 69.8195
2103 69.8195
2104 69.8195
2105 69.8195
2106 69.8195
2107 69.8195
2108 69.8195
2109 69.8195
2110 69.8195
2111 69.8195
2112 69.8195
2113 69.8195
2114 69.8195
2115 69.8195
2116 69.8195
2117 69.8195
2118 69.8195
2119 69.8195
2120 69.8195
2121 69.8195
2122 69.8195
2123 69.8195
2124 69.8195
2125 69.8195
2126 69.8195
2127 69.8195
2128 69.8195
2129 69.8195
2130 69.8195
2131 69.8195
2132 69.8195
2133 69.8195
2134 69.8195
2135 69.8195
2136 69.8195
2137 69.8195
2138 69.8195
2139 69.8195
2140 69.8195
2141 69.8195
2142 69.8195
2143 69.8195
2144 69.8195
2145 69.8195
2146 69.8195
2147 69.8195
2148 69.8195
2149 69.8195
2150 69.8195
2151 69.8195
2152 69.8195
2153 69.8195
2154 69.8195
2155 69.8195
2156 69.8195
2157 69.8195
2158 69.8195
2159 69.8195
2160 69.8195
2161 69.8195
2162 69.8195
2163 69.8195
2164 69.8195
2165 69.1264
2166 69.8195
2167 69.8195
2168 69.8195
2169 69.8195
2170 69.8195
2171 69.8195
2172 69.8195
2173 69.8195
2174 69.8195
2175 69.8195
2176 69.8195
2177 69.8195
2178 69.8195
2179 69.8195
2180 69.8195
2181 69.8195
2182 69.8195
2183 69.8195
2184 69.8195
2185 69.8195
2186 69.8195
2187 69.8195
2188 69.8195
2189 69.8195
2190 69.8195
2191 69.8195
2192 69.8195
2193 69.8195
2194 69.8195
2195 69.8195
2196 69.8195
2197 69.8195
2198 69.8195
2199 69.8195
2200 69.8195
2201 69.8195
2202 69.8195
2203 69.8195
2204 69.8195
2205 69.8195
2206 69.8195
2207 69.8195
2208 69.8195
2209 69.8195
2210 69.8195
2211 69.8195
2212 69.8195
2213 69.8195
2214 69.8195
2215 69.8195
2216 69.8195
2217 69.8195
2218 69.8195
2219 69.8195
2220 69.8195
2221 69.8195
2222 69.8195
2223 69.8195
2224 69.8195
2225 69.8195
2226 69.8195
2227 69.8195
2228 69.8195
2229 69.8195
2230 69.8195
2231 69.8195
2232 69.8195
2233 69.8195
2234 69.8195
2235 69.8195
2236 69.8195
2237 69.8195
2238 69.8195
2239 69.8195
2240 69.8195
2241 69.8195
2242 69.8195
2243 69.8195
2244 69.6945
2245 69.8195
2246 69.8195
2247 69.8195
2248 69.8195
2249 69.8195
2250 69.8195
2251 69.8195
2252 69.8195
2253 69.8195
2254 69.8195
2255 69.8195
2256 69.8195
2257 69.8195
2258 69.8195
2259 69.8195
2260 69.8195
2261 69.8195
2262 69.8195
2263 69.8195
2264 69.8195
2265 69.8195
2266 69.8195
2267 69.8195
2268 69.8195
2269 69.8195
2270 69.8195
2271 69.8195
2272 69.8195
2273 69.8195
2274 69.8195
2275 69.8195
2276 69.8195
2277 69.8195
2278 69.8195
2279 69.8195
2280 69.8195
2281 69.8195
2282 69.8195
2283 69.8195
2284 69.8195
2285 69.8195
2286 69.8195
2287 69.8195
2288 69.8195
2289 69.8195
2290 69.8195
2291 69.8195
2292 69.8195
2293 69.8195
2294 69.8195
2295 69.8195
2296 69.8195
2297 69.8195
2298 69.8195
2299 69.8195
2300 69.8195
2301 69.8195
2302 69.8195
2303 69.8195
2304 69.8195
2305 69.8195
2306 69.8195
2307 69.8195
2308 69.8195
2309 69.8195
2310 69.8195
2311 69.8195
2312 69.8195
2313 69.8195
2314 69.8195
2315 69.8195
2316 69.8195
2317 69.8195
2318 69.8195
2319 69.8195
2320 69.8195
2321 69.8195
2322 69.8195
2323 69.8195
2324 69.8195
2325 69.8195
2326 69.8195
2327 69.8195
2328 69.8195
2329 69.8195
2330 69.8195
2331 69.8195
2332 69.8195
2333 69.7432
2334 69.7432
2335 69.7432
2336 69.7432
2337 69.7432
2338 69.7432
2339 69.7432
2340 69.7432
2341 69.7432
2342 69.7432
2343 69.7432
2344 69.7432
2345 69.7432
2346 69.7432
2347 69.7432
2348 69.7432
2349 69.7432
2350 69.7432
2351 69.7432
2352 69.7432
2353 69.7432
2354 69.7432
2355 69.7432
2356 69.7432
2357 69.7432
2358 69.7432
2359 69.7432
2360 69.7432
2361 69.7432
2362 69.7432
2363 69.7432
2364 69.7432
2365 69.7432
2366 69.7432
2367 69.7432
2368 69.7432
2369 69.7432
2370 69.7432
2371 69.7432
2372 69.7432
2373 69.7432
2374 69.7432
2375 69.7432
2376 69.7432
2377 69.7432
2378 69.7432
2379 69.7432
2380 69.7432
2381 69.7432
2382 69.551
2383 69.7432
2384 69.7432
2385 69.7432
2386 69.7432
2387 69.7432
2388 69.7432
2389 69.7432
2390 69.7432
2391 69.7432
2392 69.7432
2393 69.7432
2394 69.7432
2395 69.7432
2396 69.7432
2397 69.7432
2398 69.7432
2399 69.7432
2400 69.7432
2401 69.7432
2402 69.7432
2403 69.7432
2404 69.7432
2405 69.7432
2406 69.7432
2407 69.7432
2408 69.7432
2409 69.7432
2410 69.7432
2411 69.7432
2412 69.7432
2413 69.7432
2414 69.7432
2415 69.7432
2416 69.7432
2417 69.7432
2418 69.7432
2419 69.7432
2420 69.7432
2421 69.7432
2422 69.7432
2423 69.7432
2424 69.7432
2425 69.7432
2426 69.7432
2427 69.7432
2428 69.7432
2429 69.7432
2430 69.7432
2431 69.7432
2432 69.7432
2433 69.7432
2434 69.7432
2435 69.7432
2436 69.6717
2437 69.6717
2438 69.6717
2439 69.6717
2440 69.6717
2441 69.6717
2442 69.6717
2443 69.6717
2444 69.6717
2445 69.6717
2446 69.6717
2447 69.6717
2448 69.6717
2449 69.6717
2450 69.6717
2451 69.6717
2452 69.6717
2453 69.6717
2454 69.6717
2455 69.5905
2456 69.5905
2457 69.5905
2458 69.5905
2459 69.5905
2460 69.5905
2461 69.5905
2462 69.5905
2463 69.5905
2464 69.5905
2465 69.5905
2466 69.5905
2467 69.5905
2468 69.5905
2469 69.5905
2470 69.5905
2471 69.5905
2472 69.5905
2473 69.5905
2474 69.5905
2475 69.5905
2476 69.5905
2477 69.5905
2478 69.5905
2479 69.5905
2480 69.5905
2481 69.5905
2482 69.5905
2483 69.5905
2484 69.5905
2485 69.5905
2486 69.5905
2487 69.5905
2488 69.5905
2489 69.5905
2490 69.5905
2491 69.5905
2492 69.5905
2493 69.5905
2494 69.5905
2495 69.5905
2496 69.5905
2497 69.5905
2498 69.5905
2499 69.5905
2500 69.5905
2501 69.5905
2502 69.5905
2503 69.5905
2504 69.5905
2505 69.5905
2506 69.5905
2507 69.5905
2508 69.5905
2509 69.5905
2510 69.5905
2511 69.5905
2512 69.5905
2513 69.5905
2514 69.5905
2515 69.5905
2516 69.5905
2517 69.5905
2518 69.5905
2519 69.5905
2520 69.5905
2521 69.5905
2522 69.5905
2523 69.5905
2524 69.5905
2525 69.5905
2526 69.5905
2527 69.5905
2528 69.5905
2529 69.5905
2530 69.5905
2531 69.5905
2532 69.5905
2533 69.5905
2534 69.5905
2535 69.5905
2536 69.5905
2537 69.5905
2538 69.5905
2539 69.5905
2540 69.5905
2541 69.5905
2542 69.5905
2543 69.5905
2544 69.5905
2545 69.5905
2546 69.5905
2547 69.5905
2548 69.5905
2549 69.5905
2550 69.5905
2551 69.5905
2552 69.5905
2553 69.5905
2554 69.5905
2555 69.5905
2556 69.5905
2557 69.5905
2558 69.5905
2559 69.5905
2560 69.5905
2561 69.2458
2562 69.2458
2563 69.2458
2564 69.2458
2565 69.2458
2566 69.2458
2567 69.2458
2568 69.2458
2569 69.2458
2570 69.2458
2571 69.2458
2572 69.2458
2573 69.2458
2574 69.2458
2575 69.2458
2576 69.2458
2577 69.2458
2578 69.2458
2579 69.2458
2580 69.2458
2581 69.2458
2582 69.2458
2583 69.2458
2584 69.2458
2585 69.2458
2586 69.2458
2587 69.2458
2588 69.2458
2589 69.2458
2590 69.2458
2591 69.2458
2592 69.2458
2593 69.2458
2594 69.2458
2595 69.2458
2596 69.2458
2597 69.2458
2598 69.2458
2599 69.2458
2600 69.2458
2601 69.2458
2602 69.2458
2603 69.2458
2604 69.2458
2605 69.2458
2606 69.2458
2607 69.2458
2608 69.2458
2609 69.2458
2610 69.2458
2611 69.2458
2612 69.2458
2613 69.2458
2614 69.2458
2615 69.2458
2616 69.2458
2617 69.2458
2618 69.2458
2619 69.2458
2620 69.2458
2621 69.2458
2622 69.2458
2623 69.2458
2624 69.2458
2625 69.2458
2626 69.2458
2627 69.2458
2628 69.2458
2629 69.2458
2630 69.2458
2631 69.2458
2632 69.2458
2633 69.2458
2634 69.2458
2635 69.2458
2636 69.2458
2637 69.2458
2638 69.2458
2639 69.2458
2640 69.2458
2641 69.2458
2642 69.2458
2643 69.2458
2644 69.2458
2645 69.2458
2646 69.2458
2647 69.2458
2648 69.2458
2649 69.2458
2650 69.2458
2651 69.2458
2652 69.2458
2653 69.2458
2654 69.2458
2655 69.2458
2656 69.2458
2657 69.2458
2658 69.2458
2659 69.2458
2660 69.2458
2661 69.2458
2662 69.2458
2663 69.2458
2664 69.2458
2665 69.2458
2666 69.2458
2667 69.2458
2668 69.2458
2669 69.2458
2670 69.2458
2671 69.2458
2672 69.2458
2673 69.2458
2674 69.2458
2675 69.2458
2676 69.2458
2677 69.2458
2678 69.2458
2679 69.2458
2680 69.2458
2681 69.2458
2682 69.2458
2683 69.2458
2684 69.2458
2685 69.2458
2686 69.2458
2687 69.2458
2688 68.7828
2689 68.7828
2690 68.7828
2691 68.7828
2692 68.7828
2693 68.7828
2694 68.7828
2695 68.7828
2696 68.7828
2697 68.7828
2698 68.7828
2699 68.7828
2700 68.7828
2701 68.7828
2702 68.7828
2703 68.7828
2704 68.7828
2705 68.7828
2706 68.7828
2707 68.7828
2708 68.7828
2709 68.7828
2710 68.7828
2711 68.7828
2712 68.7828
2713 68.7828
2714 68.7828
2715 68.7828
2716 68.7828
2717 68.7828
2718 68.7828
2719 68.7828
2720 68.7828
2721 68.7828
2722 68.7828
2723 68.7828
2724 68.7828
2725 68.7828
2726 68.7828
2727 68.7828
2728 68.7828
2729 68.7828
2730 68.7828
2731 68.7828
2732 68.7828
2733 68.7828
2734 68.7828
2735 68.7828
2736 68.7828
2737 68.7828
2738 68.7828
2739 68.7828
2740 68.7828
2741 68.7828
2742 68.7828
2743 68.446
2744 68.446
2745 68.446
2746 68.446
2747 68.446
2748 68.446
2749 68.446
2750 68.446
2751 68.446
2752 68.446
2753 68.446
2754 68.446
2755 68.446
2756 68.446
2757 68.446
2758 68.446
2759 68.446
2760 68.446
2761 68.446
2762 68.446
2763 68.446
2764 68.446
2765 68.446
2766 68.446
2767 68.446
2768 68.446
2769 68.446
2770 68.446
2771 68.446
2772 68.446
2773 68.446
2774 68.446
2775 68.446
2776 68.446
2777 68.446
2778 68.446
2779 68.446
2780 68.446
2781 68.446
2782 68.446
2783 68.446
2784 68.446
2785 68.446
2786 68.446
2787 68.446
2788 68.446
2789 68.446
2790 68.446
2791 67.6408
2792 67.6408
2793 67.6408
2794 67.6408
2795 67.6408
2796 67.6408
2797 67.6408
2798 67.6408
2799 67.6408
2800 67.6408
2801 67.6408
2802 67.6408
2803 67.5969
2804 67.5969
2805 67.5969
2806 67.5969
2807 67.5969
2808 67.5969
2809 67.5969
2810 67.5969
2811 67.5969
2812 67.5969
2813 67.5969
2814 67.5969
2815 67.5969
2816 67.5969
2817 67.5969
2818 67.5969
2819 67.5969
2820 67.5969
2821 67.5969
2822 67.5969
2823 67.5969
2824 67.5969
2825 67.5969
2826 67.5969
2827 67.5969
2828 67.5969
2829 67.5969
2830 67.5969
2831 67.5969
2832 67.5969
2833 67.5969
2834 67.5969
2835 67.5969
2836 67.5969
2837 67.5969
2838 67.5969
2839 67.5969
2840 67.5969
2841 67.5969
2842 67.5969
2843 67.5969
2844 67.5969
2845 67.5969
2846 67.5969
2847 67.5969
2848 67.5969
2849 67.5969
2850 67.5969
2851 67.5969
2852 67.5969
2853 67.5969
2854 67.5969
2855 67.5969
2856 67.5969
2857 67.5969
2858 67.5969
2859 67.5969
2860 67.5969
2861 67.5969
2862 67.5969
2863 67.5969
2864 67.5969
2865 67.5969
2866 67.5969
2867 67.5969
2868 67.5969
2869 67.5969
2870 67.5969
2871 67.5969
2872 67.5969
2873 67.5969
2874 67.5969
2875 67.5969
2876 67.5969
2877 67.5969
2878 67.5969
2879 67.5969
2880 67.5969
2881 67.5969
2882 67.5969
2883 67.5969
2884 67.5969
2885 67.5969
2886 67.5969
2887 67.5969
2888 67.5969
2889 67.5969
2890 67.5969
2891 67.5969
2892 67.5969
2893 67.5969
2894 67.5969
2895 67.5969
2896 67.5969
2897 67.5969
2898 67.5969
2899 67.5969
2900 67.5969
2901 67.5969
2902 67.5969
2903 67.5969
2904 67.5969
2905 67.5969
2906 67.5969
2907 67.5969
2908 67.5969
2909 67.5969
2910 67.5969
2911 67.5969
2912 67.5969
2913 67.5969
2914 67.5969
2915 67.5969
2916 67.5969
2917 67.5969
2918 67.5969
2919 67.5969
2920 67.5969
2921 67.5969
2922 67.5969
2923 67.5969
2924 67.5969
2925 67.5969
2926 67.5969
2927 67.5969
2928 67.5969
2929 67.5969
2930 67.5969
2931 67.5969
2932 67.5969
2933 67.5969
2934 67.5969
2935 67.5969
2936 67.5969
2937 67.5969
2938 67.5969
2939 67.5969
2940 67.5969
2941 67.5969
2942 67.5969
2943 67.5969
2944 67.5969
2945 67.5969
2946 67.5969
2947 67.5969
2948 67.5969
2949 67.5969
2950 67.5969
2951 67.5969
2952 67.5969
2953 67.5969
2954 67.5969
2955 67.5969
2956 67.5969
2957 67.5969
2958 67.5969
2959 67.5969
2960 67.5969
2961 67.5969
2962 67.5969
2963 67.5969
2964 67.5969
2965 67.5969
2966 67.5969
2967 67.5969
2968 67.5969
2969 67.5969
2970 67.5969
2971 67.5969
2972 67.5969
2973 67.5969
2974 67.5969
2975 67.5969
2976 67.5969
2977 67.5969
2978 67.5969
2979 67.5969
2980 67.5969
2981 67.5969
2982 67.5969
2983 67.5969
2984 67.5969
2985 67.5969
2986 67.5969
2987 67.5969
2988 67.5969
2989 67.5969
2990 67.5969
2991 67.5969
2992 67.5969
2993 67.5969
2994 67.5969
2995 67.5969
2996 67.5969
2997 67.5969
2998 67.5969
2999 67.5969
3000 67.5969
3001 67.5969
3002 67.5969
3003 67.5969
3004 67.5969
3005 67.5969
3006 67.5969
3007 67.5969
3008 67.5969
3009 67.5969
3010 67.5969
3011 67.5969
3012 67.5969
3013 67.5969
3014 67.5969
3015 67.5969
3016 67.5969
3017 67.5969
3018 67.5969
3019 67.5969
3020 67.5969
3021 67.5969
3022 67.5969
3023 67.5969
3024 67.5969
3025 67.5969
3026 67.5969
3027 67.5969
3028 67.5969
3029 67.5969
3030 67.5969
3031 67.5969
3032 67.5969
3033 67.5969
3034 67.5969
3035 67.5969
3036 67.2406
3037 67.2406
3038 67.2406
3039 67.2406
3040 67.2406
3041 67.2406
3042 67.2406
3043 67.2406
3044 67.2406
3045 67.2406
3046 67.2406
3047 67.2406
3048 67.2406
3049 67.2406
3050 67.2406
3051 67.2315
3052 67.2315
3053 67.2315
3054 67.2315
3055 67.2315
3056 67.2315
3057 67.2315
3058 67.2315
3059 67.2315
3060 67.2315
3061 67.2315
3062 67.2315
3063 67.2315
3064 67.2315
3065 67.2315
3066 67.2315
3067 67.2315
3068 67.2315
3069 67.2315
3070 67.2315
3071 67.2315
3072 67.2315
3073 67.2315
3074 67.2315
3075 67.2315
3076 67.2315
3077 67.2315
3078 67.2315
3079 67.2315
3080 67.2315
3081 67.2315
3082 67.2315
3083 67.2315
3084 67.2315
3085 67.2315
3086 67.2315
3087 67.2315
3088 67.2315
3089 67.2315
3090 67.2315
3091 67.2315
3092 67.2315
3093 67.2315
3094 67.2315
3095 67.2315
3096 67.2315
3097 67.2315
3098 67.2315
3099 67.2315
3100 67.2315
3101 67.2315
3102 67.2315
3103 67.2315
3104 67.2315
3105 67.2315
3106 67.2315
3107 67.2315
3108 67.2315
3109 67.2315
3110 67.2315
3111 67.2315
3112 67.2315
3113 67.2315
3114 67.2315
3115 67.0043
3116 67.0043
3117 67.0043
3118 67.0043
3119 67.0043
3120 67.0043
3121 67.0043
3122 67.0043
3123 67.0043
3124 67.0043
3125 67.0043
3126 67.0043
3127 67.0043
3128 67.0043
3129 67.0043
3130 67.0043
3131 67.0043
3132 67.0043
3133 67.0043
3134 67.0043
3135 67.0043
3136 67.0043
3137 67.0043
3138 67.0043
3139 67.0043
3140 67.0043
3141 67.0043
3142 67.0043
3143 66.9817
3144 67.0043
3145 67.0043
3146 67.0043
3147 67.0043
3148 67.0043
3149 67.0043
3150 67.0043
3151 67.0043
3152 67.0043
3153 67.0043
3154 67.0043
3155 67.0043
3156 67.0043
3157 67.0043
3158 67.0043
3159 67.0043
3160 67.0043
3161 67.0043
3162 67.0043
3163 67.0043
3164 67.0043
3165 67.0043
3166 67.0043
3167 67.0043
3168 67.0043
3169 67.0043
3170 67.0043
3171 67.0043
3172 67.0043
3173 67.0043
3174 67.0043
3175 67.0043
3176 67.0043
3177 67.0043
3178 67.0043
3179 67.0043
3180 67.0043
3181 67.0043
3182 67.0043
3183 67.0043
3184 67.0043
3185 67.0043
3186 67.0043
3187 67.0043
3188 67.0043
3189 67.0043
3190 67.0043
3191 67.0043
3192 67.0043
3193 67.0043
3194 67.0043
3195 67.0043
3196 67.0043
3197 67.0043
3198 67.0043
3199 67.0043
3200 67.0043
3201 67.0043
3202 67.0043
3203 67.0043
3204 67.0043
3205 67.0043
3206 67.0043
3207 67.0043
3208 67.0043
3209 67.0043
3210 67.0043
3211 67.0043
3212 67.0043
3213 67.0043
3214 67.0043
3215 67.0043
3216 67.0043
3217 67.0043
3218 67.0043
3219 67.0043
3220 67.0043
3221 67.0043
3222 67.0043
3223 67.0043
3224 67.0043
3225 67.0043
3226 67.0043
3227 67.0043
3228 67.0043
3229 67.0043
3230 67.0043
3231 67.0043
3232 67.0043
3233 67.0043
3234 67.0043
3235 67.0043
3236 67.0043
3237 67.0043
3238 67.0043
3239 67.0043
3240 67.0043
3241 67.0043
3242 67.0043
3243 67.0043
3244 67.0043
3245 67.0043
3246 67.0043
3247 67.0043
3248 67.0043
3249 67.0043
3250 67.0043
3251 67.0043
3252 67.0043
3253 67.0043
3254 67.0043
3255 67.0043
3256 67.0043
3257 67.0043
3258 67.0043
3259 67.0043
3260 67.0043
3261 67.0043
3262 67.0043
3263 67.0043
3264 67.0043
3265 67.0043
3266 67.0043
3267 67.0043
3268 67.0043
3269 67.0043
3270 67.0043
3271 67.0043
3272 67.0043
3273 67.0043
3274 67.0043
3275 67.0043
3276 67.0043
3277 67.0043
3278 67.0043
3279 67.0043
3280 67.0043
3281 67.0043
3282 67.0043
3283 67.0043
3284 67.0043
3285 67.0043
3286 67.0043
3287 67.0043
3288 67.0043
3289 67.0043
3290 67.0043
3291 67.0043
3292 67.0043
3293 67.0043
3294 67.0043
3295 67.0043
3296 67.0043
3297 67.0043
3298 67.0043
3299 67.0043
3300 67.0043
3301 67.0043
3302 67.0043
3303 67.0043
3304 67.0043
3305 67.0043
3306 67.0043
3307 67.0043
3308 67.0043
3309 67.0043
3310 67.0043
3311 67.0043
3312 67.0043
3313 67.0043
3314 67.0043
3315 67.0043
3316 67.0043
3317 67.0043
3318 67.0043
3319 67.0043
3320 67.0043
3321 67.0043
3322 67.0043
3323 67.0043
3324 67.0043
3325 67.0043
3326 67.0043
3327 67.0043
3328 67.0043
3329 67.0043
3330 67.0043
3331 67.0043
3332 67.0043
3333 67.0043
3334 67.0043
3335 67.0043
3336 67.0043
3337 67.0043
3338 67.0043
3339 67.0043
3340 67.0043
3341 67.0043
3342 67.0043
3343 67.0043
3344 67.0043
3345 67.0043
3346 67.0043
3347 67.0043
3348 67.0043
3349 67.0043
3350 67.0043
3351 67.0043
3352 67.0043
3353 67.0043
3354 67.0043
3355 67.0043
3356 67.0043
3357 67.0043
3358 67.0043
3359 67.0043
3360 67.0043
3361 67.0043
3362 67.0043
3363 67.0043
3364 67.0043
3365 67.0043
3366 67.0043
3367 67.0043
3368 67.0043
3369 67.0043
3370 67.0043
3371 67.0043
3372 67.0043
3373 67.0043
3374 67.0043
3375 67.0043
3376 67.0043
3377 67.0043
3378 67.0043
3379 67.0043
3380 67.0043
3381 67.0043
3382 67.0043
3383 67.0043
3384 67.0043
3385 67.0043
3386 67.0043
3387 67.0043
3388 67.0043
3389 67.0043
3390 67.0043
3391 67.0043
3392 67.0043
3393 67.0043
3394 67.0043
3395 67.0043
3396 67.0043
3397 67.0043
3398 67.0043
3399 67.0043
3400 67.0043
3401 67.0043
3402 67.0043
3403 67.0043
3404 67.0043
3405 67.0043
3406 67.0043
3407 67.0043
3408 67.0043
3409 67.0043
3410 67.0043
3411 67.0043
3412 67.0043
3413 67.0043
3414 67.0043
3415 67.0043
3416 67.0043
3417 67.0043
3418 67.0043
3419 67.0043
3420 67.0043
3421 67.0043
3422 67.0043
3423 67.0043
3424 67.0043
3425 67.0043
3426 67.0043
3427 67.0043
3428 67.0043
3429 67.0043
3430 67.0043
3431 67.0043
3432 67.0043
3433 67.0043
3434 67.0043
3435 67.0043
3436 67.0043
3437 67.0043
3438 67.0043
3439 67.0043
3440 67.0043
3441 67.0043
3442 67.0043
3443 67.0043
3444 67.0043
3445 67.0043
3446 67.0043
3447 67.0043
3448 67.0043
3449 67.0043
3450 67.0043
3451 67.0043
3452 67.0043
3453 67.0043
3454 67.0043
3455 67.0043
3456 67.0043
3457 67.0043
3458 67.0043
3459 67.0043
3460 67.0043
3461 67.0043
3462 67.0043
3463 67.0043
3464 67.0043
3465 67.0043
3466 67.0043
3467 67.0043
3468 67.0043
3469 67.0043
3470 67.0043
3471 67.0043
3472 67.0043
3473 67.0043
3474 67.0043
3475 67.0043
3476 67.0043
3477 67.0043
3478 67.0043
3479 67.0043
3480 67.0043
3481 67.0043
3482 67.0043
3483 67.0043
3484 67.0043
3485 67.0043
3486 67.0043
3487 67.0043
3488 67.0043
3489 67.0043
3490 67.0043
3491 67.0043
3492 67.0043
3493 67.0043
3494 67.0043
3495 67.0043
3496 67.0043
3497 67.0043
3498 67.0043
3499 67.0043
3500 67.0043
3501 67.0043
3502 67.0043
3503 67.0043
3504 67.0043
3505 67.0043
3506 67.0043
3507 67.0043
3508 67.0043
3509 67.0043
3510 67.0043
3511 67.0043
3512 67.0043
3513 67.0043
3514 66.8144
3515 66.8144
3516 66.8144
3517 66.8144
3518 66.8144
3519 66.8144
3520 66.8144
3521 66.8144
3522 66.8144
3523 66.8144
3524 66.8144
3525 66.8144
3526 66.8144
3527 66.8144
3528 66.8144
3529 66.8144
3530 66.8144
3531 66.8144
3532 66.8144
3533 66.8144
3534 66.8144
3535 66.8144
3536 66.8144
3537 66.8144
3538 66.8144
3539 66.8144
3540 66.8144
3541 66.8144
3542 66.8144
3543 66.8144
3544 66.8144
3545 66.8144
3546 66.8144
3547 66.8144
3548 66.8144
3549 66.8144
3550 66.8144
3551 66.8144
3552 66.8144
3553 66.8144
3554 66.8144
3555 66.8144
3556 66.8144
3557 66.8144
3558 66.8144
3559 66.8144
3560 66.8144
3561 66.8144
3562 66.8144
3563 66.8144
3564 66.8144
3565 66.8144
3566 66.8144
3567 66.8144
3568 66.8144
3569 66.8144
3570 66.8144
3571 66.8144
3572 66.8144
3573 66.8144
3574 66.8144
3575 66.8144
3576 66.8144
3577 66.8144
3578 66.8144
3579 66.8144
3580 66.8144
3581 66.8144
3582 66.8144
3583 66.8144
3584 66.8144
3585 66.8144
3586 66.8144
3587 66.8144
3588 66.8144
3589 66.8144
3590 66.8144
3591 66.8144
3592 66.8144
3593 66.8144
3594 66.8144
3595 66.8144
3596 66.8144
3597 66.8144
3598 66.8144
3599 66.8144
3600 66.8144
3601 66.8144
3602 66.8144
3603 66.8144
3604 66.8144
3605 66.8144
3606 66.8144
3607 66.8144
3608 66.8144
3609 66.8144
3610 66.8144
3611 66.8144
3612 66.8144
3613 66.8144
3614 66.8144
3615 66.8144
3616 66.8144
3617 66.8144
3618 66.8144
3619 66.8144
3620 66.8144
3621 66.8144
3622 66.8144
3623 66.8144
3624 66.8144
3625 66.8144
3626 66.8144
3627 66.8144
3628 66.8144
3629 66.8144
3630 66.8144
3631 66.8144
3632 66.8144
3633 66.8144
3634 66.8144
3635 66.8144
3636 66.8144
3637 66.8144
3638 66.8144
3639 66.8144
3640 66.8144
3641 66.8144
3642 66.8144
3643 66.8144
3644 66.8144
3645 66.8144
3646 66.8144
3647 66.8144
3648 66.8144
3649 66.8144
3650 66.8144
3651 66.8144
3652 66.8144
3653 66.8144
3654 66.8144
3655 66.8144
3656 66.8144
3657 66.8144
3658 66.8144
3659 66.8144
3660 66.8144
3661 66.8144
3662 66.8144
3663 66.8144
3664 66.8144
3665 66.8144
3666 66.8144
3667 66.8144
3668 66.8144
3669 66.8144
3670 66.8144
3671 66.8144
3672 66.8144
3673 66.8144
3674 66.8144
3675 66.8144
3676 66.8144
3677 66.8144
3678 66.8144
3679 66.8144
3680 66.8144
3681 66.8144
3682 66.8144
3683 66.8144
3684 66.8144
3685 66.8144
3686 66.8144
3687 66.8144
3688 66.8144
3689 66.8144
3690 66.8144
3691 66.8144
3692 66.8144
3693 66.8144
3694 66.8144
3695 66.8144
3696 66.8144
3697 66.8144
3698 66.8144
3699 66.8144
3700 66.8144
3701 66.8144
3702 66.8144
3703 66.8144
3704 66.8144
3705 66.8144
3706 66.8144
3707 66.8144
3708 66.8144
3709 66.8144
3710 66.8144
3711 66.8144
3712 66.8144
3713 66.8144
3714 66.8144
3715 66.8144
3716 66.8144
3717 66.8144
3718 66.8144
3719 66.8144
3720 66.8144
3721 66.8144
3722 66.8144
3723 66.8144
3724 66.8144
3725 66.8144
3726 66.8144
3727 66.8144
3728 66.8144
3729 66.8144
3730 66.8144
3731 66.8144
3732 66.8144
3733 66.8144
3734 66.8144
3735 66.8144
3736 66.8144
3737 66.8144
3738 66.8144
3739 66.8144
3740 66.8144
3741 66.8144
3742 66.8144
3743 66.8144
3744 66.8144
3745 66.8144
3746 66.8144
3747 66.8144
3748 66.8144
3749 66.8144
3750 66.8144
3751 66.8144
3752 66.8144
3753 66.8144
3754 66.8144
3755 66.8144
3756 66.8144
3757 66.8144
3758 66.8144
3759 66.8144
3760 66.8144
3761 66.8144
3762 66.8144
3763 66.8144
3764 66.8144
3765 66.8144
3766 66.8144
3767 66.8144
3768 66.8144
3769 66.8144
3770 66.8144
3771 66.8144
3772 66.8144
3773 66.8144
3774 66.8144
3775 66.6508
3776 66.6508
3777 66.6508
3778 66.6508
3779 66.6508
3780 66.6508
3781 66.6508
3782 66.6508
3783 66.6508
3784 66.6508
3785 66.6508
3786 66.6508
3787 66.6508
3788 66.6508
3789 66.6508
3790 66.6508
3791 66.6508
3792 66.6508
3793 66.6508
3794 66.6508
3795 66.6508
3796 66.6508
3797 66.6508
3798 66.6508
3799 66.6508
3800 66.6508
3801 66.6508
3802 66.6508
3803 66.6508
3804 66.6508
3805 66.6508
3806 66.6508
3807 66.6508
3808 66.6508
3809 66.6508
3810 66.6508
3811 66.6508
3812 66.6508
3813 66.6508
3814 66.6508
3815 66.6508
3816 66.6508
3817 66.6508
3818 66.6508
3819 66.6508
3820 66.6508
3821 66.6508
3822 66.6508
3823 66.6508
3824 66.6508
3825 66.6508
3826 66.6508
3827 66.6508
3828 66.6508
3829 66.6508
3830 66.6508
3831 66.6508
3832 66.6508
3833 66.6508
3834 66.6508
3835 66.6508
3836 66.6508
3837 66.6508
3838 66.6508
3839 66.6508
3840 66.6508
3841 66.6508
3842 66.6508
3843 66.6508
3844 66.6508
3845 66.6508
3846 66.6508
3847 66.6508
3848 66.6508
3849 66.6508
3850 66.6508
3851 66.6508
3852 66.6508
3853 66.6508
3854 66.6508
3855 66.6508
3856 66.6508
3857 66.6508
3858 66.6508
3859 66.6508
3860 66.6508
3861 66.6508
3862 66.6508
3863 66.6508
3864 66.6508
3865 66.6508
3866 66.6508
3867 66.6508
3868 66.6508
3869 66.6508
3870 66.6508
3871 66.6508
3872 66.6508
3873 66.6508
3874 66.6508
3875 66.6508
3876 66.6508
3877 66.6508
3878 66.6508
3879 66.6508
3880 66.6508
3881 66.6508
3882 66.6508
3883 66.6508
3884 66.6508
3885 66.6508
3886 66.6508
3887 66.6508
3888 66.6508
3889 66.6508
3890 66.6508
3891 66.6508
3892 66.6508
3893 66.6508
3894 66.6508
3895 66.6508
3896 66.6508
3897 66.6508
3898 66.6508
3899 66.6508
3900 66.6508
3901 66.6508
3902 66.6508
3903 66.6508
3904 66.6508
3905 66.6508
3906 66.6508
3907 66.6508
3908 66.6508
3909 66.6508
3910 66.6508
3911 66.6508
3912 66.6508
3913 66.6508
3914 66.6508
3915 66.6508
3916 66.6508
3917 66.6508
3918 66.6508
3919 66.6508
3920 66.6508
3921 66.6508
3922 66.6508
3923 66.6508
3924 66.6508
3925 66.6508
3926 66.6508
3927 66.6508
3928 66.6508
3929 66.6508
3930 66.6508
3931 66.6508
3932 66.6508
3933 66.6508
3934 66.6508
3935 66.6508
3936 66.6508
3937 66.6508
3938 66.6508
3939 66.6508
3940 66.6508
3941 66.6508
3942 66.6508
3943 66.6508
3944 66.6508
3945 66.6508
3946 66.6508
3947 66.6508
3948 66.6508
3949 66.6508
3950 66.6508
3951 66.6508
3952 66.6508
3953 66.6508
3954 66.6508
3955 66.6508
3956 66.6508
3957 66.6508
3958 66.3436
3959 66.3436
3960 66.3436
3961 66.3436
3962 66.3436
3963 66.3436
3964 66.3436
3965 66.3436
3966 66.3436
3967 66.3436
3968 66.3436
3969 66.3436
3970 66.3436
3971 66.3436
3972 66.3436
3973 66.3436
3974 66.3436
3975 66.3436
3976 66.3436
3977 66.3436
3978 66.3436
3979 66.3436
3980 66.3436
3981 66.3436
3982 66.3436
3983 66.3436
3984 66.3436
3985 66.3436
3986 66.3436
3987 66.3436
3988 66.3436
3989 66.3436
3990 66.3436
3991 66.3436
3992 66.3436
3993 66.3436
3994 66.3436
3995 66.3436
3996 66.3436
3997 66.3436
3998 66.3436
3999 66.3436
4000 66.3436
4001 66.3436
4002 66.3436
4003 66.3436
4004 66.3436
4005 66.3436
4006 66.3436
4007 66.3436
4008 66.3436
4009 66.3436
4010 66.3436
4011 66.3436
4012 66.3436
4013 66.3436
4014 66.3436
4015 66.3436
4016 66.3436
4017 66.3436
4018 66.3436
4019 66.3436
4020 66.3436
4021 66.3436
4022 66.3436
4023 66.3436
4024 66.3436
4025 66.3436
4026 66.3436
4027 66.3436
4028 66.3436
4029 66.3436
4030 66.3436
4031 66.3436
4032 66.3436
4033 66.3436
4034 66.3436
4035 66.3436
4036 66.3436
4037 66.3436
4038 66.3436
4039 66.3436
4040 66.3436
4041 66.3436
4042 66.3436
4043 66.3436
4044 66.3436
4045 66.3436
4046 66.3436
4047 66.3436
4048 66.3436
4049 66.3436
4050 66.3436
4051 66.3436
4052 66.3436
4053 66.3436
4054 66.3436
4055 66.3436
4056 66.3436
4057 66.3436
4058 66.3436
4059 66.3436
4060 66.3436
4061 66.3436
4062 66.3436
4063 66.3436
4064 66.3436
4065 66.3436
4066 66.3436
4067 66.3436
4068 66.3436
4069 66.3436
4070 66.3436
4071 66.3436
4072 66.3436
4073 66.3436
4074 66.3436
4075 66.3436
4076 66.3436
4077 66.3436
4078 66.3436
4079 66.3436
4080 66.3436
4081 66.3436
4082 66.3436
4083 66.3436
4084 66.3436
4085 66.3436
4086 66.3436
4087 66.3436
4088 66.3436
4089 66.3436
4090 66.3436
4091 66.3436
4092 66.3436
4093 66.3436
4094 66.3436
4095 66.3436
4096 66.3436
4097 66.3436
4098 66.3436
4099 66.3436
4100 66.3436
4101 66.3436
4102 66.3436
4103 66.3436
4104 66.3436
4105 66.3436
4106 66.3436
4107 66.3436
4108 66.3436
4109 66.3436
4110 66.3436
4111 66.3436
4112 66.3436
4113 66.3436
4114 66.3436
4115 66.3436
4116 66.3436
4117 66.3436
4118 66.3436
4119 66.3436
4120 66.3436
4121 66.3436
4122 66.3436
4123 66.3436
4124 66.3436
4125 66.3436
4126 66.3436
4127 66.3436
4128 66.3436
4129 66.3436
4130 66.3436
4131 66.3436
4132 66.3436
4133 66.3436
4134 66.3436
4135 66.3436
4136 66.3436
4137 66.3436
4138 66.3436
4139 66.3436
4140 66.3436
4141 66.3436
4142 66.3436
4143 66.3436
4144 66.3436
4145 66.3436
4146 66.3436
4147 66.3436
4148 66.3436
4149 66.3436
4150 66.3436
4151 66.3436
4152 66.3436
4153 66.3436
4154 66.3436
4155 66.3436
4156 66.3436
4157 66.3436
4158 66.3436
4159 66.3436
4160 66.3436
4161 66.3436
4162 66.3436
4163 66.3436
4164 66.3436
4165 66.3436
4166 66.3436
4167 66.3436
4168 66.3436
4169 66.3436
4170 66.3436
4171 66.3436
4172 66.3436
4173 66.3436
4174 66.3436
4175 66.3436
4176 66.3436
4177 66.3436
4178 66.3436
4179 66.3436
4180 66.3436
4181 66.3436
4182 66.3436
4183 66.3436
4184 66.3436
4185 66.3436
4186 66.3436
4187 66.3436
4188 66.3436
4189 66.3436
4190 66.3436
4191 66.3436
4192 66.3436
4193 66.3436
4194 66.3436
4195 66.3436
4196 66.3436
4197 66.3436
4198 66.3436
4199 66.3436
4200 66.3436
4201 66.3436
4202 66.3436
4203 66.3436
4204 66.3436
4205 66.3436
4206 66.3436
4207 66.3436
4208 66.3436
4209 66.3436
4210 66.3436
4211 66.3436
4212 66.3436
4213 66.3436
4214 66.3436
4215 66.3436
4216 66.3436
4217 66.3436
4218 66.3436
4219 66.3436
4220 66.3436
4221 66.3436
4222 66.3436
4223 66.3436
4224 66.3436
4225 66.3436
4226 66.3436
4227 66.3436
4228 66.3436
4229 66.3436
4230 66.3436
4231 66.3436
4232 66.3436
4233 66.3436
4234 66.3436
4235 66.3436
4236 66.3436
4237 66.3436
4238 66.3436
4239 66.3436
4240 66.3436
4241 66.3436
4242 66.3436
4243 66.3436
4244 66.3436
4245 66.3436
4246 66.3436
4247 66.3436
4248 66.3436
4249 66.3436
4250 66.3436
4251 66.3436
4252 66.3436
4253 66.3436
4254 66.3436
4255 66.3436
4256 66.3436
4257 66.3436
4258 66.3436
4259 66.3436
4260 66.3436
4261 66.3436
4262 66.3436
4263 66.3436
4264 66.3436
4265 66.3436
4266 66.3436
4267 66.3436
4268 66.3436
4269 66.3436
4270 66.3436
4271 66.3436
4272 66.3436
4273 66.3436
4274 66.3436
4275 66.3436
4276 66.3436
4277 66.3436
4278 66.3436
4279 66.3436
4280 66.3436
4281 66.3436
4282 66.3436
4283 66.3436
4284 66.3436
4285 66.3436
4286 66.3436
4287 66.3436
4288 66.3436
4289 66.3436
4290 66.3436
4291 66.3436
4292 66.3436
4293 66.3436
4294 66.3436
4295 66.3436
4296 66.3436
4297 66.3436
4298 66.3436
4299 66.3436
4300 66.3436
4301 66.3436
4302 66.3436
4303 66.3436
4304 66.3436
4305 66.3436
4306 66.3436
4307 66.3436
4308 66.3436
4309 66.3436
4310 66.3436
4311 66.3436
4312 66.3436
4313 66.3436
4314 66.3436
4315 66.3436
4316 66.3436
4317 66.3436
4318 66.3436
4319 66.3436
4320 66.3436
4321 66.3436
4322 66.3436
4323 66.3436
4324 66.3436
4325 66.3436
4326 66.3436
4327 66.3436
4328 66.3436
4329 66.3436
4330 66.3436
4331 66.3436
4332 66.3436
4333 66.3436
4334 66.3436
4335 66.3436
4336 66.3436
4337 66.3436
4338 66.3436
4339 66.3436
4340 66.3436
4341 66.3436
4342 66.3436
4343 66.3436
4344 66.3436
4345 66.3436
4346 66.3436
4347 66.3436
4348 66.3436
4349 66.3436
4350 66.3436
4351 66.3436
4352 66.3436
4353 66.3436
4354 66.3436
4355 66.3436
4356 66.3436
4357 66.3436
4358 66.3436
4359 66.3436
4360 66.3436
4361 66.3436
4362 66.3436
4363 66.3436
4364 66.3436
4365 66.3436
4366 66.3436
4367 66.3436
4368 66.3436
4369 66.3436
4370 66.3436
4371 66.3436
4372 66.3436
4373 66.3436
4374 66.3436
4375 66.3436
4376 66.3436
4377 66.3436
4378 66.3436
4379 66.3436
4380 66.3436
4381 66.3436
4382 66.3436
4383 66.3436
4384 66.3436
4385 66.3436
4386 66.3436
4387 66.3436
4388 66.3436
4389 66.3436
4390 66.3436
4391 66.3436
4392 66.3436
4393 66.3436
4394 66.3436
4395 66.3436
4396 66.3436
4397 66.3436
4398 66.3436
4399 66.3436
4400 66.3436
4401 66.3436
4402 66.3436
4403 66.3436
4404 66.3436
4405 66.3436
4406 66.3436
4407 66.3436
4408 66.3436
4409 66.3436
4410 66.3436
4411 66.3436
4412 66.3436
4413 66.3436
4414 66.3436
4415 66.3436
4416 66.3436
4417 66.3436
4418 66.3436
4419 66.3436
4420 66.3436
4421 66.3436
4422 66.3436
4423 66.3436
4424 66.3436
4425 66.3436
4426 66.3436
4427 66.3436
4428 66.3436
4429 66.3436
4430 66.3436
4431 66.3436
4432 66.3436
4433 66.3436
4434 66.3436
4435 66.3436
4436 66.3436
4437 66.3436
4438 66.3436
4439 66.3436
4440 66.3436
4441 66.3436
4442 66.3436
4443 66.3436
4444 66.3436
4445 66.3436
4446 66.3436
4447 66.3436
4448 66.3436
4449 66.3436
4450 66.3436
4451 66.3436
4452 66.3436
4453 66.3436
4454 66.3436
4455 66.3436
4456 66.3436
4457 66.3436
4458 66.3436
4459 66.3436
4460 66.3436
4461 66.3436
4462 66.3436
4463 66.3436
4464 66.3436
4465 66.3436
4466 66.3436
4467 66.3436
4468 66.3436
4469 66.3436
4470 66.3436
4471 66.3436
4472 66.3436
4473 66.3436
4474 66.3436
4475 66.3436
4476 66.3436
4477 66.3436
4478 66.3436
4479 66.3436
4480 66.3436
4481 66.3436
4482 66.3436
4483 66.3436
4484 66.3436
4485 66.3436
4486 66.3436
4487 66.3436
4488 66.3436
4489 66.3436
4490 66.3436
4491 66.3436
4492 66.3436
4493 66.3436
4494 66.3436
4495 66.3436
4496 66.3436
4497 66.3436
4498 66.3436
4499 66.3436
4500 66.3436
4501 66.3436
4502 66.3436
4503 66.3436
4504 66.3436
4505 66.3436
4506 66.3436
4507 66.3436
4508 66.3436
4509 66.3436
4510 66.3436
4511 66.3436
4512 66.3436
4513 66.3436
4514 66.3436
4515 66.3436
4516 66.3436
4517 66.3436
4518 66.3436
4519 66.3436
4520 66.3436
4521 66.3436
4522 66.3436
4523 66.3436
4524 66.3436
4525 66.3436
4526 66.3436
4527 66.3436
4528 66.3436
4529 66.3436
4530 66.3436
4531 66.3436
4532 66.3436
4533 66.3436
4534 66.3436
4535 66.3436
4536 66.3436
4537 66.3436
4538 66.3436
4539 66.3436
4540 66.3436
4541 66.3436
4542 66.3436
4543 66.3436
4544 66.3436
4545 66.3436
4546 66.3436
4547 66.3436
4548 66.3436
4549 66.3436
4550 66.3436
4551 66.3436
4552 66.3436
4553 66.3436
4554 66.3436
4555 66.3436
4556 66.3436
4557 66.3436
4558 66.3436
4559 66.3436
4560 66.3436
4561 66.3436
4562 66.3436
4563 66.3436
4564 66.3436
4565 66.3436
4566 66.3436
4567 66.3436
4568 66.3436
4569 66.3436
4570 66.3436
4571 66.3436
4572 66.3436
4573 66.3436
4574 66.3436
4575 66.3436
4576 66.3436
4577 66.3436
4578 66.3436
4579 66.3436
4580 66.3436
4581 66.3436
4582 66.3436
4583 66.3436
4584 66.3436
4585 66.3436
4586 66.3436
4587 66.3436
4588 66.3436
4589 66.3436
4590 66.3436
4591 66.3436
4592 66.3436
4593 66.3436
4594 66.3436
4595 66.3436
4596 66.3436
4597 66.3436
4598 66.3436
4599 66.3436
4600 66.3436
4601 66.3436
4602 66.3436
4603 66.3436
4604 66.3436
4605 66.3436
4606 66.3436
4607 66.3436
4608 66.3436
4609 66.3436
4610 66.3436
4611 66.3436
4612 66.3436
4613 66.3436
4614 66.3436
4615 66.3436
4616 66.3436
4617 66.3436
4618 66.3436
4619 66.3436
4620 66.3436
4621 66.3436
4622 66.3436
4623 66.3436
4624 66.3436
4625 66.3436
4626 66.3436
4627 66.3436
4628 66.3436
4629 66.3436
4630 66.3436
4631 66.3436
4632 66.3436
4633 66.3436
4634 66.3436
4635 66.3436
4636 66.3436
4637 66.3436
4638 66.3436
4639 66.3436
4640 66.3436
4641 66.3436
4642 66.3436
4643 66.3436
4644 66.3436
4645 66.3436
4646 66.3436
4647 66.3436
4648 66.3436
4649 66.3436
4650 66.3436
4651 66.3436
4652 66.3436
4653 66.3436
4654 66.3436
4655 66.3436
4656 66.3436
4657 66.3436
4658 66.3436
4659 66.3436
4660 66.3436
4661 66.3436
4662 66.3436
4663 66.3436
4664 66.3436
4665 66.3436
4666 66.3436
4667 66.3436
4668 66.3436
4669 66.3436
4670 66.3436
4671 66.3436
4672 66.3436
4673 66.3436
4674 66.3436
4675 66.3436
4676 66.3436
4677 66.3436
4678 66.3436
4679 66.3436
4680 66.3436
4681 66.3436
4682 66.3436
4683 66.3436
4684 66.3436
4685 66.3436
4686 66.3436
4687 66.3436
4688 66.3436
4689 66.3436
4690 66.3436
4691 66.3436
4692 66.3436
4693 66.3436
4694 66.3436
4695 66.3436
4696 66.3436
4697 66.3436
4698 66.3436
4699 66.3436
4700 66.3436
4701 66.3436
4702 66.3436
4703 66.3436
4704 66.3436
4705 66.3436
4706 66.3436
4707 66.3436
4708 66.3436
4709 66.3436
4710 66.3436
4711 66.3436
4712 66.3436
4713 66.3436
4714 66.3436
4715 66.3436
4716 66.3436
4717 66.3436
4718 66.3436
4719 66.3436
4720 66.3436
4721 66.3436
4722 66.3436
4723 66.3436
4724 66.3436
4725 66.3436
4726 66.3436
4727 66.3436
4728 66.3436
4729 66.3436
4730 66.3436
4731 66.3436
4732 66.3436
4733 66.3436
4734 66.3436
4735 66.3436
4736 66.3436
4737 66.3436
4738 66.3436
4739 66.3436
4740 66.3436
4741 66.3436
4742 66.3436
4743 66.3436
4744 66.3436
4745 66.3436
4746 66.3436
4747 66.3436
4748 66.3436
4749 66.3436
4750 66.3436
4751 66.3436
4752 66.3436
4753 66.3436
4754 66.3436
4755 66.3436
4756 66.3436
4757 66.3436
4758 66.3436
4759 66.3436
4760 66.3436
4761 66.3436
4762 66.3436
4763 66.3436
4764 66.3436
4765 66.3436
4766 66.3436
4767 66.3436
4768 66.3436
4769 66.3436
4770 66.3436
4771 66.3436
4772 66.3436
4773 66.3436
4774 66.3436
4775 66.3436
4776 66.3436
4777 66.3436
4778 66.3436
4779 66.3436
4780 66.3436
4781 66.3436
4782 66.3436
4783 66.3436
4784 66.3436
4785 66.3436
4786 66.3436
4787 66.3436
4788 66.3436
4789 66.3436
4790 66.3436
4791 66.3436
4792 66.3436
4793 66.3436
4794 66.3436
4795 66.3436
4796 66.3436
4797 66.3436
4798 66.3436
4799 66.3436
4800 66.3436
4801 66.3436
4802 66.3436
4803 66.3436
4804 66.3436
4805 66.3436
4806 66.3436
4807 66.3436
4808 66.3436
4809 66.3436
4810 66.3436
4811 66.3436
4812 66.3436
4813 66.3436
4814 66.3436
4815 66.3436
4816 66.3436
4817 66.3436
4818 66.3436
4819 66.3436
4820 66.3436
4821 66.3436
4822 66.3436
4823 66.3436
4824 66.3436
4825 66.3436
4826 66.3436
4827 66.3436
4828 66.3436
4829 66.3436
4830 66.3436
4831 66.3436
4832 66.3436
4833 66.3436
4834 66.3436
4835 66.3436
4836 66.3436
4837 66.3436
4838 66.3436
4839 66.3436
4840 66.3436
4841 66.3436
4842 66.3436
4843 66.3436
4844 66.3436
4845 66.3436
4846 66.3436
4847 66.3436
4848 66.3436
4849 66.3436
4850 66.3436
4851 66.3436
4852 66.3436
4853 66.3436
4854 66.3436
4855 66.3436
4856 66.3436
4857 66.3436
4858 66.3436
4859 66.3436
4860 66.3436
4861 66.3436
4862 66.3436
4863 66.3436
4864 66.3436
4865 66.3436
4866 66.3436
4867 66.3436
4868 66.3436
4869 66.3436
4870 66.3436
4871 66.3436
4872 66.3436
4873 66.3436
4874 66.3436
4875 66.3436
4876 66.3436
4877 66.3436
4878 66.3436
4879 66.3436
4880 66.3436
4881 66.3436
4882 66.3436
4883 66.3436
4884 66.3436
4885 66.3436
4886 66.3436
4887 66.3436
4888 66.3436
4889 66.3436
4890 66.3436
4891 66.3436
4892 66.3436
4893 66.3436
4894 66.3436
4895 66.3436
4896 66.3436
4897 66.3436
4898 66.3436
4899 66.3436
4900 66.3436
4901 66.3436
4902 66.3436
4903 66.3436
4904 66.3436
4905 66.3436
4906 66.3436
4907 66.3436
4908 66.3436
4909 66.3436
4910 66.3436
4911 66.3436
4912 66.3436
4913 66.3436
4914 66.3436
4915 66.3436
4916 66.3436
4917 66.3436
4918 66.3436
4919 66.3436
4920 66.3436
4921 66.3436
4922 66.3436
4923 66.3436
4924 66.3436
4925 66.3436
4926 66.3436
4927 66.3436
4928 66.3436
4929 66.3436
4930 66.3436
4931 66.3436
4932 66.3436
4933 66.3436
4934 66.3436
4935 66.3436
4936 66.3436
4937 66.3436
4938 66.3436
4939 66.3436
4940 66.3436
4941 66.3436
4942 66.3436
4943 66.3436
4944 66.3436
4945 66.3436
4946 66.3436
4947 66.3436
4948 66.3436
4949 66.3436
4950 66.3436
4951 66.3436
4952 66.3436
4953 66.3436
4954 66.3436
4955 66.3436
4956 66.3436
4957 66.3436
4958 66.3436
4959 66.3436
4960 66.3436
4961 66.3436
4962 66.3436
4963 66.3436
4964 66.3436
4965 66.3436
4966 66.3436
4967 66.3436
4968 66.3436
4969 66.3436
4970 66.3436
4971 66.3436
4972 66.3436
4973 66.3436
4974 66.3436
4975 66.3436
4976 66.3436
4977 66.3436
4978 66.3436
4979 66.3436
4980 66.3436
4981 66.3436
4982 66.3436
4983 66.3436
4984 66.3436
4985 66.3436
4986 66.3436
4987 66.3436
4988 66.3436
4989 66.3436
4990 66.3436
4991 66.3436
4992 66.3436
4993 66.3436
4994 66.3436
4995 66.3436
4996 66.3436
4997 66.3436
4998 66.3436
4999 66.3436
5000 66.3436
5001 66.3436
5002 66.3436
5003 66.3436
5004 66.3436
5005 66.3436
5006 66.3436
5007 66.3436
5008 66.3436
5009 66.3436
5010 66.3436
5011 66.3436
5012 66.3436
5013 66.3436
5014 66.3436
5015 66.3436
5016 66.3436
5017 66.3436
5018 66.3436
5019 66.3436
5020 66.3436
5021 66.3436
5022 66.3436
5023 66.3436
5024 66.3436
5025 66.3436
5026 66.3436
5027 66.3436
5028 66.3436
5029 66.3436
5030 66.3436
5031 66.3436
5032 66.3436
5033 66.3436
5034 66.3436
5035 66.3436
5036 66.3436
5037 66.3436
5038 66.3436
5039 66.3436
5040 66.3436
5041 66.3436
5042 66.3436
5043 66.3436
5044 66.3436
5045 66.3436
5046 66.3436
5047 66.3436
5048 66.3436
5049 66.3436
5050 66.3436
5051 66.3436
5052 66.3436
5053 66.3436
5054 66.3436
5055 66.3436
5056 66.3436
5057 66.3436
5058 66.3436
5059 66.3436
5060 66.3436
5061 66.3436
5062 66.3436
5063 66.3436
5064 66.3436
5065 66.3436
5066 66.3436
5067 66.3436
5068 66.3436
5069 66.3436
5070 66.3436
5071 66.3436
5072 66.3436
5073 66.3436
5074 66.3436
5075 66.3436
5076 66.3436
5077 66.3436
5078 66.3436
5079 66.3436
5080 66.3436
5081 66.3436
5082 66.3436
5083 66.3436
5084 66.3436
5085 66.3436
5086 66.3436
5087 66.3436
5088 66.3436
5089 66.3436
5090 66.3436
5091 66.3436
5092 66.3436
5093 66.3436
5094 66.3436
5095 66.3436
5096 66.3436
5097 66.3436
5098 66.3436
5099 66.3436
5100 66.3436
5101 66.3436
5102 66.3436
5103 66.3436
5104 66.3436
5105 66.3436
5106 66.3436
5107 66.3436
5108 66.3436
5109 66.3436
5110 66.3436
5111 66.3436
5112 66.3436
5113 66.3436
5114 66.3436
5115 66.3436
5116 66.3436
5117 66.3436
5118 66.3436
5119 66.3436
5120 66.3436
5121 66.3436
5122 66.3436
5123 66.3436
5124 66.3436
5125 66.3436
5126 66.3436
5127 66.3436
5128 66.3436
5129 66.3436
5130 66.3436
5131 66.3436
5132 66.3436
5133 66.3436
5134 66.3436
5135 66.3436
5136 66.3436
5137 66.3436
5138 66.3436
5139 66.3436
5140 66.3436
5141 66.3436
5142 66.3436
5143 66.3436
5144 66.3436
5145 66.3436
5146 66.3436
5147 66.3436
5148 66.3436
5149 66.3436
5150 66.3436
5151 66.3436
5152 66.3436
5153 66.3436
5154 66.3436
5155 66.3436
5156 66.3436
5157 66.3436
5158 66.3436
5159 66.3436
5160 66.3436
5161 66.3436
5162 66.3436
5163 66.3436
5164 66.3436
5165 66.3436
5166 66.3436
5167 66.3436
5168 66.3436
5169 66.3436
5170 66.3436
5171 66.3436
5172 66.3436
5173 66.3436
5174 66.3436
5175 66.3436
5176 66.3436
5177 66.3436
5178 66.3436
5179 66.3436
5180 66.3436
5181 66.3436
5182 66.3436
5183 66.3436
5184 66.3436
5185 66.3436
5186 66.3436
5187 66.3436
5188 66.3436
5189 66.3436
5190 66.3436
5191 66.3436
5192 66.3436
5193 66.3436
5194 66.3436
5195 66.3436
5196 66.3436
5197 66.3436
5198 66.3436
5199 66.3436
5200 66.3436
5201 66.3436
5202 66.3436
5203 66.3436
5204 66.3436
5205 66.3436
5206 66.3436
5207 66.3436
5208 66.3436
5209 66.3436
5210 66.3436
5211 66.3436
5212 66.3436
5213 66.3436
5214 66.3436
5215 66.3436
5216 66.3436
5217 66.3436
5218 66.3436
5219 66.3436
5220 66.3436
5221 66.3436
5222 66.3436
5223 66.3436
5224 66.3436
5225 66.3436
5226 66.3436
5227 66.3436
5228 66.3436
5229 66.3436
5230 66.3436
5231 66.3436
5232 66.3436
5233 66.3436
5234 66.3436
5235 66.3436
5236 66.3436
5237 66.3436
5238 66.3436
5239 66.3436
5240 66.3436
5241 66.3436
5242 66.3436
5243 66.3436
5244 66.3436
5245 66.3436
5246 66.3436
5247 66.3436
5248 66.3436
5249 66.3436
5250 66.3436
5251 66.3436
5252 66.3436
5253 66.3436
5254 66.3436
5255 66.3436
5256 66.3436
5257 66.3436
5258 66.3436
5259 66.3436
5260 66.3436
5261 66.3436
5262 66.3436
5263 66.3436
5264 66.3436
5265 66.3436
5266 66.3436
5267 66.3436
5268 66.3436
5269 66.3436
5270 66.3436
5271 66.3436
5272 66.3436
5273 66.3436
5274 66.3436
5275 66.3436
5276 66.3436
5277 66.3436
5278 66.3436
5279 66.3436
5280 66.3436
5281 66.3436
5282 66.3436
5283 66.3436
5284 66.3436
5285 66.3436
5286 66.3436
5287 66.3436
5288 66.27
5289 66.27
5290 66.27
5291 66.27
5292 66.27
5293 66.27
5294 66.27
5295 66.27
5296 66.27
5297 66.27
5298 66.27
5299 66.27
5300 66.27
5301 66.27
5302 66.27
5303 66.27
5304 66.27
5305 66.27
5306 66.27
5307 66.27
5308 66.27
5309 66.27
5310 66.27
5311 66.27
5312 66.27
5313 66.27
5314 66.27
5315 66.27
5316 66.27
5317 66.27
5318 66.27
5319 66.27
5320 66.27
5321 66.27
5322 66.27
5323 66.27
5324 66.27
5325 66.27
5326 66.27
5327 66.27
5328 66.27
5329 66.27
5330 66.27
5331 66.27
5332 66.27
5333 66.27
5334 66.27
5335 66.27
5336 66.27
5337 66.27
5338 66.27
5339 66.27
5340 66.27
5341 66.27
5342 66.27
5343 66.27
5344 66.27
5345 66.27
5346 66.27
5347 66.27
5348 66.27
5349 66.27
5350 66.27
5351 66.27
5352 66.27
5353 66.27
5354 66.27
5355 66.27
5356 66.27
5357 66.27
5358 66.27
5359 66.27
5360 66.27
5361 66.27
5362 66.27
5363 66.27
5364 66.27
5365 66.27
5366 66.27
5367 66.27
5368 66.27
5369 66.27
5370 66.27
5371 66.27
5372 66.27
5373 66.27
5374 66.27
5375 66.27
5376 66.27
5377 66.27
5378 66.27
5379 66.27
5380 66.27
5381 66.27
5382 66.27
5383 66.27
5384 66.27
5385 66.27
5386 66.27
5387 66.27
5388 66.27
5389 66.27
5390 66.27
5391 66.27
5392 66.27
5393 66.27
5394 66.27
5395 66.27
5396 66.27
5397 66.27
5398 66.27
5399 66.27
5400 66.27
5401 66.27
5402 66.27
5403 66.27
5404 66.27
5405 66.27
5406 66.27
5407 66.27
5408 66.27
5409 66.27
5410 66.27
5411 66.27
5412 66.27
5413 66.27
5414 66.27
5415 66.27
5416 66.27
5417 66.27
5418 66.27
5419 66.27
5420 66.27
5421 66.27
5422 66.27
5423 66.27
5424 66.27
5425 66.27
5426 66.27
5427 66.27
5428 66.27
5429 66.27
5430 66.27
5431 66.27
5432 66.27
5433 66.27
5434 66.27
5435 66.27
5436 66.27
5437 66.27
5438 66.27
5439 66.27
5440 66.27
5441 66.27
5442 66.27
5443 66.27
5444 66.27
5445 66.27
5446 66.27
5447 66.27
5448 66.27
5449 66.27
5450 66.27
5451 66.27
5452 66.27
5453 66.27
5454 66.27
5455 66.27
5456 66.27
5457 66.27
5458 66.27
5459 66.27
5460 66.27
5461 66.27
5462 66.27
5463 66.27
5464 66.27
5465 66.27
5466 66.27
5467 66.27
5468 66.27
5469 66.27
5470 66.27
5471 66.27
5472 66.27
5473 66.27
5474 66.27
5475 66.27
5476 66.27
5477 66.27
5478 66.27
5479 66.27
5480 66.27
5481 66.27
5482 66.27
5483 66.27
5484 66.27
5485 66.27
5486 66.27
5487 66.27
5488 66.27
5489 66.27
5490 66.27
5491 66.27
5492 66.27
5493 66.27
5494 66.27
5495 66.27
5496 66.27
5497 66.27
5498 66.27
5499 66.27
5500 66.27
5501 66.27
5502 66.27
5503 66.27
5504 66.27
5505 66.27
5506 66.27
5507 66.27
5508 66.27
5509 66.27
5510 66.27
5511 66.27
5512 66.27
5513 66.27
5514 66.27
5515 66.27
5516 66.27
5517 66.27
5518 66.27
5519 66.27
5520 66.27
5521 66.27
5522 66.27
5523 66.27
5524 66.27
5525 66.27
5526 66.27
5527 66.27
5528 66.27
5529 66.27
5530 66.27
5531 66.27
5532 66.27
5533 66.27
5534 66.27
5535 66.27
5536 66.27
5537 66.27
5538 66.27
5539 66.27
5540 66.27
5541 66.27
5542 66.27
5543 66.27
5544 66.27
5545 66.27
5546 66.27
5547 66.27
5548 66.27
5549 66.27
5550 66.27
5551 66.27
5552 66.27
5553 66.27
5554 66.27
5555 66.27
5556 66.27
5557 66.27
5558 66.27
5559 66.27
5560 66.27
5561 66.27
5562 66.27
5563 66.27
5564 66.27
5565 66.27
5566 66.27
5567 66.27
5568 66.27
5569 66.27
5570 66.27
5571 66.27
5572 66.27
5573 66.27
5574 66.27
5575 66.27
5576 66.27
5577 66.27
5578 66.27
5579 66.27
5580 66.27
5581 66.27
5582 66.27
5583 66.27
5584 66.27
5585 66.27
5586 66.27
5587 66.27
5588 66.27
5589 66.27
5590 66.27
5591 66.27
5592 66.27
5593 66.27
5594 66.27
5595 66.27
5596 66.27
5597 66.27
5598 66.27
5599 66.27
5600 66.27
5601 66.27
5602 66.27
5603 66.27
5604 66.27
5605 66.27
5606 66.27
5607 66.27
5608 66.27
5609 66.27
5610 66.27
5611 66.27
5612 66.27
5613 66.27
5614 66.27
5615 66.27
5616 66.27
5617 66.27
5618 66.27
5619 66.27
5620 66.27
5621 66.27
5622 66.27
5623 66.27
5624 66.27
5625 66.27
5626 66.27
5627 66.27
5628 66.27
5629 66.27
5630 66.27
5631 66.27
5632 66.27
5633 66.27
5634 66.27
5635 66.27
5636 66.27
5637 66.27
5638 66.27
5639 66.27
5640 66.27
5641 66.27
5642 66.27
5643 66.27
5644 66.27
5645 66.27
5646 66.27
5647 66.27
5648 66.27
5649 66.27
5650 66.27
5651 66.27
5652 66.27
5653 66.27
5654 66.27
5655 66.27
5656 66.27
5657 66.27
5658 66.27
5659 66.27
5660 66.27
5661 66.27
5662 66.27
5663 66.27
5664 66.27
5665 66.27
5666 66.27
5667 66.27
5668 66.27
5669 66.27
5670 66.27
5671 66.27
5672 66.27
5673 66.27
5674 66.27
5675 66.27
5676 66.27
5677 66.27
5678 66.27
5679 66.27
5680 66.27
5681 66.0061
5682 66.0061
5683 66.0061
5684 66.0061
5685 66.0061
5686 66.0061
5687 66.0061
5688 66.0061
5689 65.6843
5690 65.6843
5691 65.6843
5692 65.6843
5693 65.6843
5694 65.6843
5695 65.6843
5696 65.6843
5697 65.6843
5698 65.6843
5699 65.6843
5700 65.6843
5701 65.6843
5702 65.6843
5703 65.6843
5704 65.6843
5705 65.6843
5706 65.6843
5707 65.6843
5708 65.6843
5709 65.6843
5710 65.6843
5711 65.6843
5712 65.6843
5713 65.6843
5714 65.6843
5715 65.6843
5716 65.6843
5717 65.6843
5718 65.6843
5719 65.6843
5720 65.6843
5721 65.6843
5722 65.6843
5723 65.6843
5724 65.6843
5725 65.6843
5726 65.6843
5727 65.6843
5728 65.6843
5729 65.6843
5730 65.6843
5731 65.6843
5732 65.6843
5733 65.6843
5734 65.6843
5735 65.6843
5736 65.6843
5737 65.6843
5738 65.6843
5739 65.6843
5740 65.6843
5741 65.6843
5742 65.6843
5743 65.6843
5744 65.6843
5745 65.6843
5746 65.6843
5747 65.6843
5748 65.6843
5749 65.6843
5750 65.6843
5751 65.6843
5752 65.6843
5753 65.6843
5754 65.6843
5755 65.6843
5756 65.6843
5757 65.6843
5758 65.6843
5759 65.6843
5760 65.6843
5761 65.6843
5762 65.6843
5763 65.6843
5764 65.6843
5765 65.6843
5766 65.6843
5767 65.6843
5768 65.6843
5769 65.6843
5770 65.6843
5771 65.6843
5772 65.6843
5773 65.6843
5774 65.6843
5775 65.6843
5776 65.6843
5777 65.6843
5778 65.6843
5779 65.6843
5780 65.6843
5781 65.6843
5782 65.6843
5783 65.6843
5784 65.6843
5785 65.6843
5786 65.6843
5787 65.6843
5788 65.6843
5789 65.6843
5790 65.6843
5791 65.6843
5792 65.6843
5793 65.6843
5794 65.6843
5795 65.6843
5796 65.6843
5797 65.6843
5798 65.6843
5799 65.6843
5800 65.6843
5801 65.6843
5802 65.6843
5803 65.6843
5804 65.6843
5805 65.6843
5806 65.6843
5807 65.6843
5808 65.6843
5809 65.6843
5810 65.6843
5811 65.6843
5812 65.6843
5813 65.6843
5814 65.6843
5815 65.6843
5816 65.6843
5817 65.6843
5818 65.6843
5819 65.6843
5820 65.6843
5821 65.6843
5822 65.6843
5823 65.6843
5824 65.6843
5825 65.6843
5826 65.6843
5827 65.6843
5828 65.6843
5829 65.6843
5830 65.6843
5831 65.6843
5832 65.6843
5833 65.6843
5834 65.6843
5835 65.6843
5836 65.6843
5837 65.6843
5838 65.6843
5839 65.6843
5840 65.6843
5841 65.6843
5842 65.6843
5843 65.6843
5844 65.6843
5845 65.6843
5846 65.6843
5847 65.6843
5848 65.6843
5849 65.6843
5850 65.6843
5851 65.6843
5852 65.6843
5853 65.6843
5854 65.6843
5855 65.6843
5856 65.6843
5857 65.6843
5858 65.6843
5859 65.6843
5860 65.6843
5861 65.6843
5862 65.6843
5863 65.6843
5864 65.6843
5865 65.6843
5866 65.6843
5867 65.6843
5868 65.6843
5869 65.6843
5870 65.6843
5871 65.6843
5872 65.6843
5873 65.6843
5874 65.6843
5875 65.6843
5876 65.6843
5877 65.6843
5878 65.6843
5879 65.6843
5880 65.6843
5881 65.6843
5882 65.6843
5883 65.6843
5884 65.6843
5885 65.6843
5886 65.6843
5887 65.6843
5888 65.6843
5889 65.6843
5890 65.6843
5891 65.6843
5892 65.6843
5893 65.6843
5894 65.6843
5895 65.6843
5896 65.6843
5897 65.6843
5898 65.6843
5899 65.6843
5900 65.6843
5901 65.6843
5902 65.6843
5903 65.6843
5904 65.6843
5905 65.6843
5906 65.6843
5907 65.6843
5908 65.6843
5909 65.6843
5910 65.6843
5911 65.6843
5912 65.6843
5913 65.6843
5914 65.6843
5915 65.6843
5916 65.6843
5917 65.6843
5918 65.6843
5919 65.6843
5920 65.6843
5921 65.6843
5922 65.6843
5923 65.6843
5924 65.6843
5925 65.6843
5926 65.6843
5927 65.6843
5928 65.6843
5929 65.6843
5930 65.6843
5931 65.6843
5932 65.6843
5933 65.6843
5934 65.6843
5935 65.6843
5936 65.6843
5937 65.6843
5938 65.6843
5939 65.6843
5940 65.6843
5941 65.6843
5942 65.6843
5943 65.6843
5944 65.6843
5945 65.6843
5946 65.6843
5947 65.6843
5948 65.6843
5949 65.6843
5950 65.6843
5951 65.6843
5952 65.6843
5953 65.6843
5954 65.6843
5955 65.6843
5956 65.6843
5957 65.6843
5958 65.6843
5959 65.6843
5960 65.6843
5961 65.6843
5962 65.6843
5963 65.6843
5964 65.6843
5965 65.6843
5966 65.6843
5967 65.6843
5968 65.6843
5969 65.6843
5970 65.6843
5971 65.6843
5972 65.6843
5973 65.6843
5974 65.6843
5975 65.6843
5976 65.6843
5977 65.6843
5978 65.6843
5979 65.6843
5980 65.6843
5981 65.6843
5982 65.6843
5983 65.6843
5984 65.6843
5985 65.6843
5986 65.6843
5987 65.6843
5988 65.6843
5989 65.6843
5990 65.6843
5991 65.6843
5992 65.6843
5993 65.6843
5994 65.6843
5995 65.6843
5996 65.6843
5997 65.6843
5998 65.6843
5999 65.6843
6000 65.6843
