1 432.944
2 420.824
3 416.105
4 408.797
5 390.956
6 387.641
7 375.062
8 375.062
9 368.686
10 357.807
11 338.742
12 338.742
13 331.445
14 316.68
15 316.295
16 316.295
17 316.295
18 312.688
19 311.579
20 309.925
21 306.944
22 305.183
23 298.794
24 297.524
25 296.504
26 293.822
27 287.151
28 287.151
29 286.531
30 282.758
31 282.758
32 282.758
33 282.758
34 274.426
35 274.426
36 273.926
37 273.926
38 272.852
39 272.852
40 267.589
41 267.589
42 266.535
43 264.057
44 260.586
45 260.586
46 250.176
47 244.6
48 244.6
49 242.119
50 241.773
51 238.61
52 238.61
53 238.61
54 237.753
55 237.508
56 235.826
57 235.826
58 233.299
59 231.971
60 223.388
61 227.208
62 224.793
63 224.793
64 220.84
65 220.84
66 220.188
67 216.848
68 214.515
69 214.515
70 212.796
71 210.261
72 210.261
73 210.261
74 210.261
75 208.891
76 204.156
77 204.156
78 204.156
79 203.644
80 203.005
81 203.005
82 198.406
83 197.619
84 197.619
85 195.096
86 193.9
87 193.9
88 193.9
89 193.506
90 192.636
91 190.344
92 192.52
93 190.11
94 190.11
95 189.322
96 187.606
97 187.606
98 187.561
99 185.981
100 185.981
101 184.052
102 183.571
103 183.571
104 182.352
105 182.352
106 181.283
107 181.541
108 181.541
109 181.32
110 181.32
111 181.32
112 180.602
113 179.054
114 178.372
115 178.372
116 178.372
117 177.541
118 175.127
119 174.786
120 174.786
121 174.613
122 172.676
123 172.676
124 172.676
125 172.676
126 172.676
127 170.846
128 169.968
129 165.514
130 165.514
131 165.514
132 165.514
133 165.514
134 160.801
135 160.801
136 160.801
137 160.801
138 159.812
139 159.812
140 159.812
141 158.42
142 158.42
143 158.42
144 158.283
145 157.953
146 157.255
147 156.693
148 156.693
149 156.295
150 156.295
151 155.242
152 155.242
153 154.605
154 154.605
155 154.605
156 153.798
157 153.798
158 152.317
159 152.317
160 151.498
161 151.498
162 151.498
163 149.211
164 149.384
165 149.384
166 150.596
167 149.211
168 149.211
169 148.194
170 148.194
171 145.79
172 145.79
173 145.79
174 145.329
175 145.79
176 145.79
177 145.79
178 145.79
179 145.79
180 145.79
181 144.969
182 145.79
183 145.79
184 145.79
185 145.79
186 145.79
187 145.79
188 145.397
189 145.397
190 145.397
191 145.397
192 145.397
193 145.397
194 145.397
195 143.707
196 145.397
197 145.397
198 145.397
199 145.397
200 145.348
201 145.069
202 145.069
203 145.348
204 145.069
205 144.677
206 144.248
207 144.248
208 144.248
209 144.248
210 143.856
211 143.143
212 143.143
213 142.744
214 140.867
215 140.867
216 140.867
217 140.867
218 140.867
219 140.867
220 140.848
221 140.867
222 140.867
223 140.867
224 140.386
225 139.33
226 139.33
227 139.33
228 139.33
229 139.33
230 139.33
231 139.33
232 138.05
233 138.937
234 138.13
235 138.937
236 138.696
237 138.937
238 138.892
239 135.879
240 135.879
241 135.879
242 135.879
243 135.879
244 135.879
245 135.835
246 135.835
247 134.614
248 134.614
249 134.614
250 133.659
251 133.598
252 133.14
253 133.14
254 132.919
255 132.919
256 132.919
257 132.919
258 132.919
259 132.875
260 132.263
261 132.263
262 132.263
263 132.263
264 132.263
265 132.063
266 132.263
267 132.263
268 130.552
269 130.552
270 130.552
271 130.552
272 130.552
273 130.426
274 128.178
275 128.178
276 128.178
277 128.178
278 128.178
279 128.178
280 128.178
281 127.397
282 127.397
283 127.397
284 127.397
285 126.269
286 126.269
287 126.269
288 126.269
289 126.269
290 125.82
291 125.82
292 125.82
293 125.573
294 125.389
295 125.389
296 125.389
297 124.949
298 124.296
299 124.253
300 124.253
301 122.317
302 122.317
303 122.317
304 122.317
305 122.317
306 122.236
307 122.236
308 122.236
309 122.236
310 120.789
311 120.789
312 120.789
313 120.789
314 120.194
315 120.063
316 120.194
317 120.063
318 120.063
319 120.063
320 120.063
321 119.903
322 119.903
323 119.903
324 119.903
325 119.903
326 119.84
327 119.84
328 119.265
329 119.265
330 119.265
331 119.265
332 119.265
333 119.265
334 117.278
335 117.278
336 117.278
337 117.278
338 117.278
339 117.278
340 116.788
341 116.151
342 116.151
343 116.151
344 115.896
345 115.896
346 115.896
347 115.88
348 115.896
349 115.896
350 115.834
351 115.896
352 115.896
353 115.896
354 115.896
355 115.896
356 115.896
357 115.896
358 115.896
359 115.896
360 115.896
361 115.896
362 115.496
363 115.057
364 115.057
365 115.057
366 115.057
367 115.057
368 115.057
369 115.057
370 114.641
371 114.641
372 114.478
373 114.478
374 114.478
375 114.478
376 114.478
377 114.478
378 114.478
379 114.478
380 114.478
381 114.478
382 113.947
383 113.947
384 113.947
385 113.947
386 113.947
387 113.947
388 113.947
389 113.787
390 113.787
391 113.724
392 113.724
393 113.724
394 113.724
395 113.724
396 113.724
397 113.724
398 113.724
399 113.724
400 113.724
401 113.724
402 113.118
403 113.118
404 112.918
405 112.436
406 112.235
407 112.235
408 111.948
409 111.287
410 111.209
411 111.209
412 110.142
413 110.142
414 109.898
415 109.898
416 109.898
417 109.898
418 109.898
419 109.898
420 109.898
421 109.898
422 109.898
423 109.898
424 109.517
425 109.517
426 108.894
427 109.004
428 108.387
429 108.387
430 108.387
431 108.387
432 108.355
433 108.355
434 108.19
435 108.007
436 108.007
437 108.007
438 108.007
439 107.348
440 106.916
441 106.478
442 106.478
443 106.478
444 106.257
445 106.046
446 106.046
447 106.046
448 106.257
449 106.257
450 105.89
451 105.637
452 105.637
453 105.637
454 105.637
455 105.387
456 105.387
457 105.296
458 104.82
459 104.799
460 105.007
461 104.799
462 104.799
463 104.799
464 104.631
465 104.631
466 104.631
467 104.631
468 104.631
469 104.383
470 103.522
471 103.522
472 103.522
473 102.159
474 102.159
475 102.159
476 101.735
477 103.042
478 103.042
479 102.159
480 102.159
481 102.159
482 102.159
483 102.159
484 102.159
485 100.982
486 101.866
487 101.866
488 100.51
489 100.51
490 100.51
491 100.51
492 100.51
493 100.51
494 99.7346
495 99.7346
496 99.7346
497 99.7346
498 99.7346
499 99.7346
500 99.7346
501 99.7346
502 99.7346
503 99.7346
504 99.7346
505 99.7346
506 99.7346
507 99.7346
508 99.7346
509 99.7346
510 99.7346
511 99.7346
512 99.7346
513 99.5129
514 99.5129
515 99.5129
516 99.5129
517 99.5129
518 99.5129
519 99.5129
520 99.5129
521 99.5129
522 99.2592
523 98.9009
524 98.9009
525 98.5912
526 97.4723
527 98.5886
528 97.4723
529 97.4066
530 97.4066
531 96.5506
532 96.5506
533 96.5506
534 96.5506
535 96.5506
536 96.5506
537 96.5506
538 96.4849
539 96.4849
540 96.4849
541 96.0596
542 95.9939
543 95.9528
544 95.9528
545 95.359
546 95.359
547 95.359
548 95.359
549 95.359
550 95.359
551 95.359
552 95.359
553 95.359
554 95.359
555 94.7917
556 94.7917
557 94.7917
558 94.7917
559 94.7917
560 94.7917
561 94.7917
562 94.7917
563 94.7917
564 94.0047
565 94.0047
566 94.0047
567 94.0047
568 93.9819
569 93.9819
570 93.633
571 93.633
572 93.633
573 93.633
574 93.633
575 93.633
576 93.633
577 93.4218
578 93.4218
579 93.4218
580 93.4218
581 93.4218
582 93.4218
583 93.4218
584 93.4218
585 92.8373
586 92.8373
587 92.8373
588 92.8373
589 92.6966
590 92.6966
591 92.6966
592 92.6966
593 92.6966
594 92.6966
595 92.6966
596 92.6966
597 92.6966
598 92.6966
599 92.6966
600 92.6966
601 92.6966
602 92.6966
603 92.6966
604 92.6966
605 92.5439
606 92.5439
607 92.5439
608 92.5439
609 92.5439
610 92.5439
611 92.4807
612 92.4794
613 92.4794
614 92.4794
615 92.4794
616 92.3371
617 92.3371
618 92.3371
619 92.3371
620 92.3371
621 92.3371
622 92.3371
623 92.3371
624 92.3371
625 92.3371
626 92.3371
627 92.3371
628 92.3371
629 92.3371
630 92.3371
631 92.3371
632 92.2269
633 92.2269
634 92.2269
635 92.2269
636 91.911
637 91.911
638 91.911
639 91.8008
640 91.8008
641 91.8008
642 91.8008
643 91.8008
644 91.4996
645 91.4996
646 91.4996
647 91.4996
648 91.4996
649 91.4996
650 91.4996
651 90.506
652 90.506
653 90.506
654 90.506
655 90.506
656 90.2973
657 90.2973
658 90.2973
659 90.028
660 90.028
661 90.028
662 90.028
663 89.9156
664 89.8192
665 89.8192
666 88.9514
667 88.9514
668 87.9327
669 87.9327
670 87.9327
671 87.9327
672 87.9327
673 87.9327
674 87.9327
675 87.9327
676 87.9327
677 87.9327
678 87.9327
679 87.9327
680 87.9327
681 87.9327
682 87.9327
683 87.9327
684 87.9327
685 87.9327
686 87.9327
687 87.9327
688 87.9327
689 87.9327
690 87.9327
691 87.9327
692 87.9327
693 87.9327
694 87.9327
695 87.8689
696 87.8689
697 87.8689
698 87.8689
699 87.8689
700 87.8689
701 87.8689
702 87.8689
703 87.8689
704 87.8689
705 87.8629
706 87.8689
707 87.8689
708 87.8689
709 87.8689
710 87.8689
711 87.8689
712 87.8689
713 87.8689
714 87.8689
715 87.8689
716 87.8689
717 87.5897
718 87.5897
719 87.5897
720 87.5897
721 87.5897
722 87.5897
723 87.5897
724 87.5897
725 87.5897
726 87.5897
727 87.5897
728 87.5897
729 87.5897
730 87.5897
731 87.5897
732 87.5897
733 87.5897
734 87.5897
735 87.5897
736 87.5897
737 87.3477
738 87.3477
739 87.3477
740 87.3477
741 87.3477
742 87.3477
743 87.3477
744 87.3477
745 87.3477
746 87.3337
747 87.3355
748 87.3355
749 87.3355
750 86.8432
751 86.8432
752 86.8432
753 86.8432
754 86.8432
755 86.8432
756 86.8432
757 86.8432
758 86.6831
759 86.6831
760 86.6831
761 86.5798
762 86.3082
763 86.3082
764 86.0448
765 86.0448
766 86.0448
767 86.0448
768 86.0448
769 86.0448
770 86.0448
771 86.0448
772 86.0448
773 86.0448
774 86.0448
775 86.0448
776 86.0448
777 86.0448
778 85.562
779 85.562
780 85.562
781 85.562
782 85.562
783 85.562
784 85.4425
785 85.0012
786 84.9438
787 84.5898
788 84.5898
789 84.5898
790 84.5898
791 84.5898
792 84.5898
793 84.5324
794 84.5324
795 84.5324
796 84.5324
797 84.5324
798 84.5324
799 84.5324
800 84.5324
801 84.5324
802 84.5324
803 84.5324
804 84.5324
805 84.5324
806 84.5324
807 84.5324
808 84.5324
809 84.5324
810 84.5324
811 84.5324
812 84.4255
813 84.4255
814 84.4255
815 84.3014
816 84.3014
817 84.3014
818 84.3014
819 84.3014
820 84.0436
821 84.0436
822 84.0436
823 84.0436
824 84.0436
825 84.0436
826 84.0436
827 84.0436
828 84.0436
829 84.0436
830 84.0436
831 84.0436
832 84.0436
833 84.0436
834 84.0436
835 84.0436
836 84.0436
837 84.0436
838 84.0436
839 84.0436
840 84.0436
841 84.0436
842 84.0279
843 84.0279
844 84.0279
845 84.0279
846 84.0436
847 84.0436
848 84.0436
849 84.0436
850 84.0436
851 84.0436
852 84.0436
853 84.0436
854 84.0436
855 84.0436
856 84.0436
857 84.0436
858 84.0436
859 83.3801
860 83.3801
861 83.3801
862 83.3801
863 83.3801
864 83.3801
865 83.3801
866 83.3801
867 82.914
868 82.914
869 82.914
870 82.914
871 82.1961
872 82.914
873 82.914
874 82.914
875 82.914
876 82.914
877 82.914
878 82.914
879 82.914
880 82.914
881 82.914
882 82.914
883 82.914
884 82.914
885 82.914
886 82.914
887 82.914
888 82.914
889 82.914
890 82.914
891 82.914
892 82.914
893 82.914
894 82.7314
895 82.7314
896 82.7314
897 82.7314
898 82.7314
899 82.7314
900 82.7314
901 82.7314
902 82.7314
903 82.7314
904 82.7314
905 82.7314
906 82.7314
907 82.7314
908 82.7314
909 82.7314
910 82.7314
911 82.7314
912 82.7314
913 82.7314
914 82.7314
915 82.7314
916 82.7314
917 82.7314
918 82.7314
919 82.7314
920 82.7314
921 82.7314
922 82.7314
923 82.7314
924 82.7314
925 82.7314
926 82.7314
927 82.7314
928 82.7314
929 82.7314
930 82.7314
931 82.7314
932 82.7314
933 82.7314
934 82.7314
935 82.6483
936 82.6483
937 82.6483
938 82.6483
939 82.6483
940 82.6483
941 82.6483
942 82.6483
943 82.6483
944 82.6483
945 82.6483
946 82.6483
947 82.6483
948 82.5453
949 82.5453
950 82.5453
951 82.5453
952 82.5453
953 82.5453
954 82.5453
955 82.5453
956 82.5453
957 82.3434
958 82.4464
959 82.3434
960 82.3434
961 82.3434
962 82.3434
963 82.3434
964 82.3434
965 82.3434
966 82.3434
967 82.3434
968 82.3434
969 82.3434
970 82.3434
971 82.3434
972 82.3434
973 82.3434
974 81.4773
975 81.4773
976 81.4773
977 81.4773
978 81.4773
979 81.4773
980 81.4773
981 81.4773
982 81.4773
983 81.4773
984 81.4773
985 81.4773
986 81.4773
987 81.4773
988 81.3465
989 81.3465
990 81.3465
991 81.3465
992 81.3465
993 81.3465
994 81.3465
995 81.3465
996 81.3465
997 81.3465
998 81.3465
999 81.3465
1000 81.3465
1001 81.3465
1002 81.3465
1003 81.3465
1004 81.3465
1005 81.3465
1006 81.3368
1007 81.3368
1008 81.3368
1009 80.6367
1010 80.6367
1011 80.627
1012 80.627
1013 80.627
1014 80.627
1015 80.627
1016 80.627
1017 80.627
1018 80.627
1019 80.627
1020 80.627
1021 80.627
1022 80.627
1023 80.627
1024 80.627
1025 80.627
1026 80.627
1027 80.627
1028 80.627
1029 80.627
1030 80.627
1031 80.627
1032 80.627
1033 80.627
1034 80.627
1035 80.627
1036 80.627
1037 80.627
1038 79.5639
1039 79.5639
1040 79.5639
1041 79.5639
1042 79.5639
1043 79.5639
1044 79.5639
1045 79.5639
1046 79.5639
1047 79.5639
1048 79.5639
1049 79.5639
1050 79.5639
1051 79.5639
1052 79.5639
1053 79.5639
1054 79.5639
1055 79.5639
1056 79.5639
1057 79.5639
1058 79.5639
1059 79.5639
1060 79.5639
1061 79.5639
1062 79.5639
1063 79.5639
1064 79.5639
1065 79.5639
1066 79.5639
1067 79.5639
1068 79.5639
1069 79.5639
1070 79.5639
1071 79.5639
1072 79.5639
1073 79.5639
1074 79.5639
1075 78.7938
1076 78.7938
1077 78.7938
1078 78.7938
1079 78.7938
1080 78.7938
1081 78.7938
1082 78.7938
1083 78.7938
1084 78.7938
1085 78.7938
1086 78.7938
1087 78.7938
1088 78.7938
1089 78.7938
1090 78.7938
1091 78.2146
1092 78.2146
1093 78.7938
1094 78.7938
1095 78.7938
1096 78.7938
1097 78.7938
1098 78.7938
1099 78.7938
1100 78.7938
1101 78.7938
1102 78.7938
1103 78.0641
1104 78.7938
1105 78.7938
1106 78.6767
1107 78.6767
1108 78.6767
1109 78.6767
1110 78.6767
1111 78.6767
1112 78.6767
1113 78.6767
1114 78.6767
1115 78.0976
1116 78.6767
1117 78.6767
1118 78.6767
1119 78.6767
1120 78.6767
1121 78.6767
1122 78.6767
1123 78.6767
1124 78.6767
1125 78.6767
1126 78.6767
1127 78.6767
1128 78.6767
1129 78.6767
1130 78.6767
1131 78.6767
1132 78.6767
1133 78.6767
1134 78.6767
1135 78.6767
1136 78.6767
1137 78.6767
1138 78.6767
1139 78.6767
1140 78.6767
1141 78.6767
1142 78.6767
1143 78.6767
1144 78.6767
1145 78.6767
1146 78.6767
1147 78.6767
1148 78.6767
1149 78.6767
1150 78.6767
1151 78.6767
1152 78.6767
1153 78.6767
1154 78.6767
1155 78.6767
1156 78.6767
1157 78.6767
1158 78.6767
1159 78.6767
1160 78.6767
1161 78.6767
1162 78.6767
1163 78.6767
1164 78.6767
1165 78.6767
1166 78.6767
1167 78.6767
1168 78.6767
1169 78.6767
1170 78.6767
1171 78.6767
1172 78.6767
1173 78.6767
1174 78.6767
1175 78.6767
1176 78.6767
1177 78.6767
1178 78.6767
1179 78.6767
1180 78.6767
1181 78.6767
1182 78.6767
1183 78.6767
1184 78.6767
1185 78.6767
1186 78.6767
1187 78.6767
1188 78.6767
1189 78.6767
1190 78.6767
1191 78.6767
1192 78.6767
1193 78.6767
1194 78.6767
1195 78.6767
1196 78.6767
1197 78.6767
1198 78.6767
1199 78.6767
1200 78.6767
1201 78.6767
1202 78.4354
1203 78.4354
1204 78.4354
1205 78.4354
1206 78.4354
1207 78.4354
1208 78.3556
1209 78.3556
1210 78.3556
1211 78.3556
1212 78.3556
1213 77.4518
1214 78.3556
1215 78.3556
1216 78.3556
1217 78.3556
1218 78.3556
1219 78.3556
1220 78.3556
1221 78.3556
1222 77.569
1223 77.569
1224 77.569
1225 77.569
1226 77.569
1227 77.569
1228 77.569
1229 77.569
1230 77.569
1231 77.569
1232 77.569
1233 77.569
1234 77.569
1235 77.569
1236 77.569
1237 77.569
1238 77.569
1239 77.569
1240 77.569
1241 77.569
1242 77.569
1243 77.569
1244 77.569
1245 77.2275
1246 77.2275
1247 77.2275
1248 77.2275
1249 77.2275
1250 77.2275
1251 77.2275
1252 77.1902
1253 77.1902
1254 77.1902
1255 77.1902
1256 77.1902
1257 77.1902
1258 77.1902
1259 77.1902
1260 77.1902
1261 77.1902
1262 77.1902
1263 77.1254
1264 77.1254
1265 77.1254
1266 77.1254
1267 77.1254
1268 77.1254
1269 77.1254
1270 77.1254
1271 77.1254
1272 77.1254
1273 77.1254
1274 77.1254
1275 77.1254
1276 77.1254
1277 77.1254
1278 77.1254
1279 77.1254
1280 77.1254
1281 77.1254
1282 77.1254
1283 77.1254
1284 77.1254
1285 77.1254
1286 77.1254
1287 77.1254
1288 77.1254
1289 77.1254
1290 77.1254
1291 77.1254
1292 77.1254
1293 77.1254
1294 77.1254
1295 77.1254
1296 77.1254
1297 77.1254
1298 77.1254
1299 77.1254
1300 77.1254
1301 77.1254
1302 77.1254
1303 77.1254
1304 77.1254
1305 77.1254
1306 77.1254
1307 77.1254
1308 77.1254
1309 77.1254
1310 77.1254
1311 77.1254
1312 77.1254
1313 77.1254
1314 77.1254
1315 77.1254
1316 77.1254
1317 77.1254
1318 77.1254
1319 77.1254
1320 77.1254
1321 77.1254
1322 77.1254
1323 77.1254
1324 77.1254
1325 77.1254
1326 77.1254
1327 77.1254
1328 77.1254
1329 77.1254
1330 77.1254
1331 77.1254
1332 77.1254
1333 77.1254
1334 77.1254
1335 77.1254
1336 77.1254
1337 77.1254
1338 76.3958
1339 76.3958
1340 76.3958
1341 76.3958
1342 76.3958
1343 76.3958
1344 76.3958
1345 76.3958
1346 76.3958
1347 76.3958
1348 76.3958
1349 76.3958
1350 76.3958
1351 76.3958
1352 76.3958
1353 76.3958
1354 76.3958
1355 76.3958
1356 76.3958
1357 76.3958
1358 76.3958
1359 76.3958
1360 76.3958
1361 76.3958
1362 76.3958
1363 76.3958
1364 76.3958
1365 76.3958
1366 76.3958
1367 76.3958
1368 76.3958
1369 76.3958
1370 76.3958
1371 76.3958
1372 76.3958
1373 76.3958
1374 76.3958
1375 76.3958
1376 76.3958
1377 76.3958
1378 76.3958
1379 76.3958
1380 76.3958
1381 76.3958
1382 76.3958
1383 75.791
1384 75.791
1385 75.791
1386 75.791
1387 75.791
1388 75.791
1389 75.791
1390 75.791
1391 75.791
1392 75.791
1393 75.791
1394 75.791
1395 75.791
1396 75.791
1397 75.791
1398 75.791
1399 75.791
1400 75.791
1401 75.791
1402 75.791
1403 75.791
1404 75.791
1405 75.791
1406 75.791
1407 75.791
1408 75.791
1409 75.791
1410 75.791
1411 75.791
1412 75.791
1413 75.791
1414 75.791
1415 75.791
1416 75.791
1417 75.791
1418 75.791
1419 75.791
1420 75.791
1421 75.791
1422 75.791
1423 75.791
1424 75.791
1425 75.791
1426 75.791
1427 75.791
1428 75.791
1429 75.791
1430 75.791
1431 75.791
1432 75.791
1433 75.791
1434 75.791
1435 75.791
1436 75.791
1437 75.791
1438 75.791
1439 75.791
1440 75.791
1441 75.791
1442 75.791
1443 75.791
1444 75.791
1445 75.791
1446 75.791
1447 75.791
1448 75.791
1449 75.791
1450 75.791
1451 75.791
1452 75.791
1453 75.791
1454 75.791
1455 75.791
1456 75.791
1457 75.791
1458 75.791
1459 75.791
1460 75.791
1461 75.791
1462 75.791
1463 75.791
1464 75.791
1465 75.791
1466 75.791
1467 75.791
1468 75.791
1469 75.791
1470 75.791
1471 75.791
1472 75.791
1473 75.791
1474 75.791
1475 75.791
1476 75.791
1477 75.791
1478 75.791
1479 75.791
1480 75.791
1481 75.791
1482 75.791
1483 75.791
1484 75.2119
1485 75.2119
1486 75.2119
1487 75.2119
1488 75.2119
1489 75.2119
1490 75.2119
1491 75.2119
1492 75.2119
1493 75.2119
1494 75.2119
1495 75.2119
1496 75.2119
1497 75.2119
1498 75.2119
1499 75.2119
1500 75.2119
1501 75.2119
1502 75.2119
1503 75.2119
1504 75.2119
1505 75.2119
1506 75.2119
1507 75.2119
1508 75.2119
1509 75.2119
1510 75.2119
1511 74.8927
1512 74.8927
1513 74.8927
1514 74.8927
1515 74.8927
1516 74.8927
1517 74.8927
1518 74.8927
1519 74.8927
1520 74.8927
1521 74.8927
1522 74.8927
1523 74.8927
1524 74.8927
1525 74.8927
1526 74.8927
1527 74.8927
1528 74.8927
1529 74.8927
1530 74.8927
1531 74.8927
1532 74.8927
1533 74.8927
1534 74.8927
1535 74.8927
1536 74.8927
1537 74.8927
1538 74.8927
1539 74.8927
1540 74.8927
1541 74.8927
1542 74.5645
1543 74.5645
1544 74.5645
1545 74.5645
1546 74.5645
1547 74.5645
1548 74.5645
1549 74.5645
1550 74.5645
1551 74.5645
1552 74.5645
1553 74.5645
1554 74.5645
1555 74.5645
1556 74.5645
1557 74.5645
1558 74.5645
1559 74.5645
1560 74.5645
1561 74.5645
1562 74.5645
1563 74.5645
1564 74.5645
1565 74.5645
1566 74.5645
1567 74.5645
1568 74.5645
1569 74.5645
1570 74.5645
1571 74.5645
1572 74.5645
1573 74.5645
1574 74.5645
1575 74.5645
1576 74.5645
1577 74.5645
1578 74.5645
1579 74.5645
1580 74.5645
1581 74.5645
1582 74.5645
1583 74.5645
1584 74.5645
1585 74.5645
1586 74.5645
1587 74.5645
1588 74.5645
1589 74.5645
1590 74.5645
1591 74.5645
1592 74.5645
1593 74.5645
1594 74.5645
1595 74.5645
1596 74.5645
1597 74.5645
1598 74.5645
1599 74.5645
1600 74.5645
1601 74.5645
1602 74.5645
1603 74.5645
1604 74.5645
1605 74.5645
1606 74.5645
1607 74.5645
1608 74.5645
1609 74.5645
1610 74.5645
1611 74.3295
1612 74.3295
1613 74.3295
1614 74.3295
1615 74.3295
1616 74.3295
1617 74.3295
1618 74.3295
1619 74.3295
1620 74.3295
1621 74.3295
1622 74.3295
1623 74.3295
1624 74.3295
1625 74.3295
1626 74.3295
1627 74.3295
1628 74.3295
1629 74.3295
1630 74.3295
1631 74.3295
1632 74.3295
1633 74.3295
1634 74.3295
1635 74.3295
1636 74.3295
1637 74.3295
1638 74.3295
1639 74.3295
1640 74.3295
1641 74.3295
1642 74.3295
1643 74.3295
1644 74.3295
1645 74.3295
1646 74.3295
1647 74.3295
1648 74.3295
1649 74.3295
1650 74.3295
1651 74.3295
1652 74.3295
1653 74.3295
1654 74.3295
1655 74.3295
1656 74.3295
1657 74.3295
1658 74.3295
1659 74.3295
1660 74.3295
1661 74.3295
1662 74.3295
1663 74.3295
1664 74.3295
1665 74.3295
1666 74.3295
1667 74.3295
1668 74.3295
1669 74.3295
1670 74.3295
1671 74.3295
1672 74.3295
1673 74.3295
1674 74.3295
1675 74.3295
1676 74.3295
1677 74.3295
1678 74.3295
1679 74.3295
1680 74.3295
1681 74.3295
1682 74.3295
1683 74.3295
1684 74.3295
1685 74.3295
1686 74.3295
1687 74.3295
1688 74.3295
1689 74.3295
1690 74.3295
1691 74.3295
1692 74.3295
1693 74.3295
1694 74.3295
1695 74.3295
1696 74.3295
1697 74.3295
1698 74.3295
1699 74.3295
1700 74.3295
1701 74.3295
1702 74.3295
1703 74.3295
1704 74.3295
1705 74.3295
1706 74.3295
1707 74.3295
1708 74.3295
1709 74.3295
1710 74.3295
1711 74.3295
1712 74.3295
1713 74.291
1714 74.291
1715 74.291
1716 74.291
1717 74.291
1718 74.291
1719 74.291
1720 74.291
1721 74.291
1722 74.291
1723 74.291
1724 74.291
1725 74.291
1726 74.291
1727 74.291
1728 74.291
1729 74.291
1730 74.291
1731 74.291
1732 74.291
1733 74.291
1734 74.291
1735 74.291
1736 74.291
1737 74.291
1738 74.291
1739 74.291
1740 74.291
1741 74.291
1742 74.291
1743 74.291
1744 74.291
1745 74.291
1746 74.291
1747 74.291
1748 74.291
1749 74.291
1750 74.291
1751 74.291
1752 74.291
1753 74.291
1754 74.291
1755 74.291
1756 74.291
1757 74.291
1758 74.291
1759 74.291
1760 74.291
1761 74.291
1762 74.291
1763 74.291
1764 74.291
1765 74.291
1766 74.291
1767 74.291
1768 74.291
1769 74.291
1770 74.291
1771 74.291
1772 74.291
1773 74.291
1774 74.291
1775 74.291
1776 74.291
1777 74.291
1778 74.291
1779 74.291
1780 74.291
1781 74.291
1782 74.291
1783 74.291
1784 74.291
1785 74.291
1786 74.291
1787 74.291
1788 74.291
1789 74.291
1790 74.291
1791 74.291
1792 74.291
1793 74.291
1794 74.291
1795 74.291
1796 74.291
1797 74.291
1798 74.291
1799 74.291
1800 74.291
1801 74.291
1802 74.291
1803 74.291
1804 74.291
1805 74.291
1806 74.291
1807 74.291
1808 74.291
1809 74.291
1810 74.291
1811 73.7323
1812 73.7323
1813 73.7323
1814 73.7323
1815 73.7323
1816 73.7323
1817 73.7323
1818 73.7323
1819 73.7323
1820 73.7323
1821 73.7323
1822 73.7323
1823 73.7323
1824 73.7323
1825 73.7323
1826 73.7323
1827 73.7323
1828 73.7323
1829 73.7323
1830 73.7323
1831 73.7323
1832 73.7323
1833 73.7323
1834 73.7323
1835 73.7323
1836 73.7323
1837 73.7323
1838 73.7323
1839 73.7323
1840 73.7323
1841 73.7323
1842 73.7323
1843 73.7323
1844 73.7323
1845 73.7323
1846 73.7323
1847 73.7323
1848 73.7323
1849 73.7323
1850 73.7247
1851 73.7247
1852 73.7247
1853 73.7247
1854 73.7247
1855 73.7247
1856 73.7247
1857 73.7247
1858 73.7247
1859 73.7247
1860 73.7247
1861 73.7247
1862 73.7247
1863 73.7247
1864 73.7247
1865 73.7247
1866 73.7247
1867 73.7247
1868 73.7247
1869 73.7247
1870 73.7247
1871 73.7247
1872 73.7247
1873 73.7247
1874 73.7247
1875 73.7247
1876 73.7247
1877 73.7247
1878 73.7247
1879 73.7247
1880 73.7247
1881 73.7247
1882 73.7247
1883 73.7247
1884 73.7247
1885 73.7247
1886 73.7247
1887 73.7247
1888 73.7247
1889 73.7247
1890 73.7247
1891 73.7247
1892 73.7247
1893 73.7247
1894 73.7247
1895 73.7247
1896 73.7247
1897 73.7247
1898 73.7247
1899 73.7247
1900 73.7247
1901 73.7247
1902 73.7247
1903 73.7247
1904 73.7247
1905 73.7247
1906 73.7247
1907 73.6522
1908 73.6522
1909 73.6522
1910 73.6522
1911 73.6522
1912 73.6522
1913 73.6522
1914 73.6522
1915 73.6522
1916 73.6522
1917 73.6522
1918 73.6522
1919 73.6522
1920 73.6522
1921 73.6522
1922 73.6522
1923 73.6522
1924 73.6522
1925 73.6522
1926 73.6522
1927 73.6522
1928 73.6522
1929 73.6522
1930 73.6522
1931 73.6522
1932 73.6522
1933 73.6522
1934 73.6522
1935 73.6522
1936 73.6522
1937 73.6522
1938 73.6522
1939 73.6522
1940 73.6522
1941 73.6522
1942 73.6522
1943 73.6522
1944 73.6522
1945 73.6522
1946 73.6522
1947 73.6522
1948 73.6522
1949 73.6522
1950 73.6522
1951 73.6522
1952 73.6522
1953 73.6522
1954 73.6522
1955 73.6522
1956 73.6522
1957 73.6522
1958 73.6522
1959 73.6522
1960 73.6522
1961 70.8073
1962 70.8073
1963 70.8073
1964 70.8073
1965 70.8073
1966 70.8073
1967 70.8073
1968 70.8073
1969 70.8073
1970 70.8073
1971 70.8073
1972 70.8073
1973 70.8073
1974 70.8073
1975 70.8073
1976 70.8073
1977 70.8073
1978 70.8073
1979 70.8073
1980 70.8073
1981 70.8073
1982 70.8073
1983 70.8073
1984 70.8073
1985 70.8073
1986 70.8073
1987 70.8073
1988 70.8073
1989 70.8073
1990 70.8073
1991 70.8073
1992 70.8073
1993 70.8073
1994 70.8073
1995 70.8073
1996 70.8073
1997 70.8073
1998 70.8073
1999 70.8073
2000 70.8073
2001 70.8073
2002 70.8073
2003 70.8073
2004 70.8073
2005 70.8073
2006 70.8073
2007 70.8073
2008 70.8073
2009 70.8073
2010 70.8073
2011 70.8073
2012 70.8073
2013 70.8073
2014 70.8073
2015 70.8073
2016 70.8073
2017 70.8073
2018 70.8073
2019 70.8073
2020 70.8073
2021 70.8073
2022 70.8073
2023 70.8073
2024 70.8073
2025 70.8073
2026 70.8073
2027 70.8073
2028 70.8073
2029 70.8073
2030 70.8073
2031 70.8073
2032 70.8073
2033 70.8073
2034 70.8073
2035 70.8073
2036 70.8073
2037 70.8073
2038 70.8073
2039 70.8073
2040 70.8073
2041 70.8073
2042 70.8073
2043 70.8073
2044 70.8073
2045 70.8073
2046 70.8073
2047 70.8073
2048 70.8073
2049 70.8073
2050 70.8073
2051 70.8073
2052 70.8073
2053 70.8073
2054 70.8073
2055 70.8073
2056 70.8073
2057 70.8073
2058 70.8073
2059 70.8073
2060 70.8073
2061 70.8073
2062 70.8073
2063 70.3267
2064 70.3267
2065 70.3267
2066 70.3267
2067 70.3267
2068 70.3267
2069 70.3267
2070 70.3267
2071 70.3267
2072 70.3267
2073 70.3267
2074 70.3267
2075 70.3267
2076 70.3267
2077 70.3267
2078 70.3267
2079 70.3267
2080 70.3267
2081 70.3267
2082 70.3267
2083 70.3267
2084 70.3267
2085 70.3267
2086 70.3267
2087 70.3267
2088 70.3267
2089 70.3267
2090 70.3267
2091 70.3267
2092 70.3267
2093 70.3267
2094 70.0319
2095 70.0319
2096 70.0319
2097 70.0319
2098 70.0319
2099 70.0319
2100 70.0319
2101 70.0319
2102 70.0319
2103 70.0319
2104 69.9364
2105 69.9364
2106 69.9364
2107 69.9364
2108 69.9364
2109 69.9364
2110 69.9364
2111 69.9364
2112 69.9364
2113 69.9364
2114 69.9364
2115 69.9364
2116 69.9364
2117 69.9364
2118 69.9364
2119 69.9364
2120 69.9364
2121 69.9364
2122 69.9364
2123 69.9364
2124 69.9364
2125 69.9364
2126 69.9364
2127 69.9364
2128 69.9364
2129 69.9364
2130 69.9364
2131 69.9364
2132 69.9364
2133 69.9364
2134 69.9364
2135 69.9364
2136 69.9364
2137 69.9364
2138 69.9364
2139 69.9364
2140 69.9364
2141 69.9364
2142 69.9364
2143 69.9364
2144 69.9364
2145 69.9364
2146 69.9364
2147 69.9364
2148 69.9364
2149 69.9364
2150 69.9364
2151 69.9364
2152 69.9364
2153 69.9364
2154 69.9364
2155 69.9364
2156 69.9364
2157 69.9364
2158 69.9364
2159 69.9364
2160 69.9364
2161 69.9364
2162 69.9364
2163 69.9364
2164 69.9364
2165 69.9364
2166 69.9364
2167 69.9364
2168 69.9364
2169 69.9364
2170 69.9364
2171 69.9364
2172 69.9364
2173 69.9364
2174 69.9364
2175 69.9364
2176 69.9364
2177 69.9364
2178 69.9364
2179 69.9364
2180 69.9364
2181 69.9364
2182 69.9364
2183 69.9364
2184 69.9364
2185 69.9364
2186 69.9364
2187 69.9364
2188 69.9364
2189 69.9364
2190 69.9364
2191 69.9364
2192 69.9364
2193 69.9364
2194 69.9364
2195 69.9364
2196 69.9364
2197 69.9364
2198 69.9364
2199 69.9364
2200 69.9364
2201 69.9364
2202 69.9364
2203 69.9364
2204 69.9364
2205 69.9364
2206 69.9364
2207 69.9364
2208 69.9364
2209 69.9364
2210 69.9364
2211 69.9364
2212 69.9364
2213 69.9364
2214 69.9364
2215 69.9364
2216 69.9364
2217 69.9364
2218 69.9364
2219 69.9364
2220 69.9364
2221 69.9364
2222 69.9364
2223 69.9364
2224 69.9364
2225 69.9364
2226 69.9364
2227 69.9364
2228 69.9364
2229 69.9364
2230 69.9364
2231 69.9364
2232 69.9364
2233 69.9364
2234 69.9364
2235 69.9364
2236 69.9364
2237 69.9364
2238 69.9364
2239 69.9364
2240 69.9364
2241 69.9364
2242 69.9364
2243 69.9364
2244 69.9364
2245 69.9364
2246 69.9364
2247 69.9364
2248 69.9364
2249 69.9364
2250 69.9364
2251 69.9364
2252 69.9364
2253 69.9364
2254 69.9364
2255 69.9364
2256 69.9364
2257 69.9364
2258 69.9364
2259 69.9364
2260 69.9364
2261 69.9364
2262 69.9364
2263 69.9364
2264 69.9364
2265 69.9364
2266 69.9364
2267 69.9364
2268 69.9364
2269 69.9364
2270 69.9364
2271 69.9364
2272 69.9364
2273 69.9364
2274 69.9364
2275 69.9364
2276 69.9364
2277 69.9364
2278 69.9364
2279 69.9364
2280 69.9364
2281 69.9364
2282 69.9364
2283 69.9364
2284 69.9364
2285 69.9364
2286 69.9364
2287 69.9364
2288 69.9364
2289 69.9364
2290 69.9364
2291 69.9364
2292 69.9364
2293 69.9364
2294 69.9364
2295 69.9364
2296 69.9364
2297 69.9364
2298 69.9364
2299 69.9364
2300 69.9364
2301 69.9364
2302 69.9364
2303 69.9364
2304 69.9364
2305 69.9364
2306 69.9364
2307 69.9364
2308 69.9364
2309 69.9364
2310 69.9364
2311 69.9364
2312 69.9364
2313 69.9364
2314 69.9364
2315 69.9364
2316 69.9364
2317 69.9364
2318 69.9364
2319 69.9364
2320 69.9364
2321 69.9364
2322 69.9364
2323 69.9364
2324 69.9364
2325 69.9364
2326 69.9364
2327 69.9364
2328 69.9173
2329 69.9173
2330 69.9173
2331 69.9173
2332 69.9173
2333 69.9173
2334 69.9173
2335 69.9173
2336 69.9173
2337 69.9173
2338 69.9173
2339 69.9173
2340 69.9173
2341 69.9173
2342 69.9173
2343 69.9173
2344 69.9173
2345 69.9173
2346 69.9173
2347 69.9173
2348 69.9173
2349 69.9173
2350 69.9173
2351 69.9173
2352 69.9173
2353 69.9173
2354 69.9173
2355 69.9173
2356 69.9173
2357 69.9173
2358 69.9173
2359 69.9173
2360 69.9173
2361 69.9173
2362 69.9173
2363 69.9173
2364 69.9173
2365 69.9173
2366 69.9173
2367 69.9173
2368 69.9173
2369 69.9173
2370 69.9173
2371 69.9173
2372 69.9173
2373 69.9173
2374 69.9173
2375 69.9173
2376 69.9173
2377 69.9173
2378 69.9173
2379 69.9173
2380 69.9173
2381 69.9173
2382 69.9173
2383 69.9173
2384 69.9173
2385 69.9173
2386 69.9173
2387 69.9173
2388 69.9173
2389 69.9173
2390 69.9173
2391 69.9173
2392 69.9173
2393 69.9173
2394 69.9173
2395 69.9173
2396 69.9173
2397 69.9173
2398 69.9173
2399 69.9173
2400 69.9173
2401 69.9173
2402 69.9173
2403 69.9173
2404 69.9173
2405 69.9173
2406 69.9173
2407 69.9173
2408 69.9173
2409 69.9173
2410 69.9173
2411 69.9173
2412 69.9173
2413 69.9173
2414 69.9173
2415 69.9173
2416 69.9173
2417 69.9173
2418 69.9173
2419 69.9173
2420 69.9173
2421 69.9173
2422 69.9173
2423 69.9173
2424 69.9173
2425 69.9173
2426 69.9173
2427 69.9173
2428 69.9173
2429 69.9173
2430 69.9173
2431 69.9173
2432 69.9173
2433 69.9173
2434 69.9173
2435 69.9173
2436 69.9173
2437 69.9173
2438 69.9173
2439 69.9173
2440 69.9173
2441 69.9173
2442 69.9173
2443 69.9173
2444 69.9173
2445 69.9173
2446 69.9173
2447 69.9173
2448 69.9173
2449 69.9173
2450 69.9173
2451 69.9173
2452 69.9173
2453 69.9173
2454 69.9173
2455 69.9173
2456 69.9173
2457 69.9173
2458 69.9173
2459 69.9173
2460 69.9173
2461 69.9173
2462 69.9173
2463 69.9173
2464 69.9173
2465 69.9173
2466 69.9173
2467 69.9173
2468 69.9173
2469 69.5592
2470 69.5592
2471 69.5592
2472 69.5592
2473 69.24
2474 69.24
2475 69.24
2476 69.24
2477 69.24
2478 69.24
2479 69.24
2480 69.24
2481 69.24
2482 69.24
2483 69.24
2484 69.24
2485 69.24
2486 69.24
2487 69.24
2488 69.24
2489 69.24
2490 69.24
2491 69.24
2492 69.24
2493 69.24
2494 69.24
2495 69.24
2496 69.24
2497 69.24
2498 69.24
2499 69.24
2500 69.24
2501 69.24
2502 69.24
2503 69.24
2504 69.24
2505 69.24
2506 69.24
2507 69.24
2508 69.24
2509 69.24
2510 69.24
2511 69.24
2512 69.24
2513 69.24
2514 69.24
2515 69.24
2516 69.24
2517 69.24
2518 69.24
2519 69.24
2520 69.24
2521 69.24
2522 69.24
2523 69.24
2524 69.24
2525 69.24
2526 69.24
2527 69.24
2528 69.24
2529 69.24
2530 69.24
2531 69.24
2532 69.24
2533 69.24
2534 69.24
2535 69.24
2536 69.24
2537 69.24
2538 69.24
2539 69.24
2540 69.24
2541 69.24
2542 69.24
2543 69.24
2544 69.24
2545 69.24
2546 69.24
2547 69.24
2548 69.24
2549 69.24
2550 69.24
2551 69.24
2552 69.24
2553 69.24
2554 69.24
2555 69.24
2556 69.24
2557 69.24
2558 69.24
2559 69.24
2560 69.24
2561 69.24
2562 69.24
2563 69.24
2564 69.24
2565 69.24
2566 69.24
2567 69.24
2568 69.24
2569 69.24
2570 69.24
2571 69.24
2572 69.24
2573 69.24
2574 69.24
2575 69.24
2576 69.24
2577 69.24
2578 69.24
2579 69.24
2580 69.24
2581 69.24
2582 69.24
2583 69.24
2584 69.24
2585 68.9377
2586 68.9377
2587 68.9377
2588 68.9377
2589 68.9377
2590 68.9377
2591 68.9377
2592 68.9377
2593 68.9377
2594 68.9377
2595 68.9377
2596 68.9377
2597 68.9377
2598 68.9377
2599 68.9377
2600 68.9377
2601 68.9377
2602 68.9377
2603 68.9377
2604 68.9377
2605 68.9377
2606 68.9377
2607 68.9377
2608 68.9377
2609 68.9377
2610 68.9377
2611 68.9377
2612 68.9377
2613 68.9377
2614 68.9377
2615 68.9377
2616 68.9377
2617 68.9377
2618 68.9377
2619 68.9377
2620 68.9377
2621 68.9377
2622 68.9377
2623 68.9377
2624 68.9377
2625 68.9377
2626 68.9377
2627 68.9377
2628 68.9377
2629 68.9377
2630 68.9377
2631 68.9377
2632 68.9377
2633 68.9377
2634 68.9377
2635 68.9377
2636 68.9377
2637 68.9377
2638 68.9377
2639 68.9377
2640 68.9377
2641 68.9377
2642 68.9377
2643 68.9377
2644 68.9377
2645 68.9377
2646 68.9377
2647 68.9377
2648 68.9377
2649 68.9377
2650 68.9377
2651 68.9377
2652 68.9377
2653 68.9377
2654 68.9377
2655 68.9377
2656 68.9377
2657 68.9377
2658 68.9264
2659 68.9264
2660 68.9264
2661 68.9264
2662 68.9264
2663 68.9264
2664 68.9264
2665 68.9264
2666 68.9264
2667 68.9264
2668 68.9264
2669 68.9264
2670 68.9264
2671 68.9264
2672 68.9264
2673 68.9264
2674 68.9264
2675 68.9264
2676 68.9264
2677 68.9264
2678 68.9264
2679 68.9264
2680 68.9264
2681 68.9264
2682 68.9264
2683 68.9264
2684 68.9264
2685 68.9264
2686 68.9264
2687 68.9264
2688 68.9264
2689 68.9264
2690 68.9264
2691 68.9264
2692 68.9264
2693 68.9264
2694 68.9264
2695 68.9264
2696 68.9264
2697 68.9264
2698 68.9264
2699 68.9264
2700 68.9264
2701 68.9264
2702 68.9264
2703 68.9264
2704 68.9264
2705 68.9264
2706 68.9264
2707 68.9264
2708 68.9264
2709 68.9264
2710 68.9264
2711 68.9264
2712 68.9264
2713 68.9264
2714 68.9264
2715 68.9264
2716 68.9264
2717 68.9264
2718 68.9264
2719 68.9264
2720 68.9264
2721 68.9264
2722 68.9264
2723 68.9264
2724 68.9264
2725 68.9264
2726 68.9264
2727 68.9264
2728 68.9264
2729 68.9264
2730 68.9264
2731 68.9264
2732 68.9264
2733 68.9264
2734 68.9264
2735 68.9264
2736 68.9264
2737 68.9264
2738 68.9264
2739 68.9264
2740 68.9264
2741 68.9264
2742 68.9264
2743 68.9264
2744 68.9264
2745 68.9264
2746 68.7799
2747 68.7799
2748 68.7799
2749 68.7799
2750 68.7799
2751 68.7799
2752 68.7799
2753 68.7799
2754 68.7799
2755 68.7799
2756 68.7799
2757 68.7799
2758 68.7799
2759 68.7799
2760 68.7799
2761 68.7799
2762 68.7799
2763 68.7799
2764 68.7799
2765 68.7799
2766 68.7799
2767 68.7799
2768 68.7799
2769 68.7799
2770 68.7799
2771 68.7799
2772 68.7799
2773 68.7799
2774 68.7799
2775 68.7799
2776 68.7799
2777 68.7799
2778 68.7799
2779 68.7799
2780 68.7799
2781 68.7799
2782 68.7799
2783 68.7799
2784 68.7799
2785 68.7799
2786 68.7799
2787 68.7799
2788 68.7799
2789 68.7799
2790 68.7799
2791 68.7799
2792 68.7799
2793 68.7799
2794 68.7799
2795 68.7799
2796 68.7799
2797 68.7799
2798 68.7799
2799 68.7799
2800 68.7799
2801 68.7799
2802 68.7799
2803 68.7799
2804 68.7799
2805 68.7799
2806 68.7799
2807 68.7799
2808 68.7799
2809 68.7799
2810 68.7799
2811 68.7799
2812 68.7799
2813 68.7799
2814 68.7799
2815 68.7799
2816 68.7799
2817 68.7799
2818 68.7799
2819 68.7799
2820 68.7799
2821 68.7799
2822 68.7799
2823 68.7799
2824 68.7799
2825 68.7799
2826 68.7799
2827 68.7799
2828 68.7799
2829 68.7799
2830 68.7799
2831 68.7799
2832 68.7799
2833 68.7799
2834 68.7799
2835 68.7799
2836 68.7799
2837 68.7799
2838 68.7799
2839 68.7799
2840 68.7799
2841 68.7799
2842 68.7799
2843 68.7799
2844 68.7799
2845 68.7799
2846 68.7799
2847 68.7799
2848 68.7799
2849 68.7799
2850 68.7799
2851 68.7799
2852 68.7799
2853 68.7799
2854 68.7799
2855 68.7799
2856 68.7799
2857 68.7799
2858 68.7799
2859 68.7799
2860 68.7799
2861 68.7799
2862 68.7799
2863 68.7799
2864 68.7799
2865 68.7799
2866 68.7799
2867 68.7799
2868 68.7799
2869 68.7799
2870 68.7799
2871 68.7799
2872 68.7799
2873 68.7799
2874 68.7799
2875 68.7799
2876 68.7799
2877 68.7799
2878 68.7749
2879 68.7749
2880 68.7749
2881 68.7749
2882 68.7749
2883 68.7749
2884 68.7244
2885 68.7244
2886 68.7244
2887 68.7244
2888 68.7244
2889 68.7244
2890 68.7244
2891 68.7244
2892 68.7244
2893 68.7244
2894 68.7244
2895 68.7244
2896 68.7244
2897 68.6337
2898 68.6337
2899 68.6337
2900 68.6337
2901 68.6337
2902 68.6337
2903 68.6337
2904 68.6337
2905 68.6337
2906 68.6337
2907 68.6337
2908 68.6337
2909 68.6337
2910 68.6337
2911 68.6337
2912 68.6337
2913 68.6337
2914 68.6337
2915 68.6337
2916 68.6337
2917 68.6337
2918 68.6337
2919 68.6337
2920 68.6337
2921 68.6337
2922 68.6337
2923 68.6337
2924 68.6337
2925 68.6337
2926 68.6337
2927 68.6337
2928 68.6337
2929 68.6337
2930 68.6337
2931 68.6337
2932 68.6337
2933 68.6337
2934 68.6337
2935 68.6337
2936 68.6337
2937 68.6337
2938 68.6337
2939 68.6337
2940 68.6337
2941 68.6337
2942 68.6337
2943 68.6337
2944 68.6337
2945 68.6337
2946 68.6337
2947 68.6337
2948 68.6337
2949 68.6337
2950 68.4451
2951 68.6337
2952 68.6337
2953 68.6337
2954 68.6337
2955 68.6337
2956 68.6337
2957 68.6337
2958 68.6337
2959 68.6337
2960 68.6337
2961 68.6337
2962 68.6337
2963 68.6337
2964 68.6337
2965 68.6337
2966 68.6337
2967 68.6337
2968 68.6337
2969 68.6337
2970 68.6337
2971 68.6337
2972 68.6337
2973 68.6337
2974 68.6337
2975 68.6337
2976 68.6337
2977 68.6337
2978 68.6337
2979 68.6337
2980 68.6337
2981 68.6337
2982 68.6337
2983 68.6337
2984 68.6337
2985 68.6337
2986 68.6337
2987 68.6337
2988 68.6337
2989 68.6337
2990 68.6337
2991 68.6337
2992 68.6337
2993 68.6337
2994 68.6337
2995 68.6337
2996 68.6337
2997 68.6337
2998 68.6337
2999 68.6337
3000 68.6337
3001 68.6337
3002 68.6337
3003 68.6337
3004 68.6337
3005 68.6337
3006 68.6337
3007 68.6337
3008 68.6337
3009 68.6337
3010 68.6337
3011 68.6337
3012 68.6337
3013 68.6337
3014 68.6337
3015 68.6337
3016 68.6337
3017 68.6337
3018 68.6337
3019 68.6337
3020 68.6337
3021 68.6337
3022 68.6337
3023 68.6337
3024 68.6337
3025 68.6337
3026 68.6337
3027 68.6337
3028 68.6337
3029 68.6337
3030 68.6337
3031 68.6337
3032 68.6337
3033 68.6337
3034 68.6337
3035 68.6337
3036 68.6337
3037 68.6337
3038 68.6337
3039 68.5459
3040 68.5459
3041 68.5459
3042 68.5459
3043 68.5459
3044 68.5459
3045 68.5459
3046 68.5459
3047 68.5459
3048 68.5459
3049 68.5459
3050 68.5459
3051 68.5459
3052 68.5459
3053 68.5459
3054 68.5459
3055 68.5459
3056 68.5459
3057 68.5459
3058 68.5459
3059 68.5459
3060 68.5459
3061 68.5459
3062 68.5459
3063 68.5459
3064 68.5459
3065 68.5459
3066 68.5459
3067 68.5459
3068 68.5459
3069 68.5459
3070 68.5459
3071 68.5459
3072 68.5459
3073 68.5459
3074 68.5459
3075 68.5459
3076 68.5459
3077 68.5459
3078 68.5459
3079 68.5459
3080 68.5459
3081 68.5459
3082 68.5459
3083 68.5459
3084 68.5459
3085 68.5459
3086 68.5459
3087 68.5459
3088 68.5459
3089 68.5459
3090 68.5459
3091 68.5459
3092 68.5459
3093 68.5459
3094 68.5459
3095 68.5459
3096 68.5459
3097 68.5459
3098 68.5459
3099 68.5459
3100 68.5459
3101 68.5459
3102 68.5459
3103 68.5459
3104 68.5459
3105 68.5459
3106 68.5459
3107 68.5459
3108 68.5459
3109 68.5459
3110 68.5459
3111 68.5459
3112 68.5459
3113 68.5459
3114 68.5459
3115 68.5459
3116 68.5459
3117 68.5459
3118 68.5459
3119 68.5459
3120 68.5459
3121 68.5459
3122 68.5459
3123 68.5459
3124 68.5459
3125 68.5459
3126 68.5459
3127 68.5459
3128 68.5459
3129 68.5459
3130 68.5459
3131 68.5459
3132 68.5459
3133 68.5459
3134 68.5459
3135 68.5459
3136 68.5459
3137 68.5459
3138 68.5459
3139 68.5459
3140 68.5459
3141 68.5459
3142 68.5459
3143 68.5459
3144 68.5459
3145 68.5459
3146 68.5459
3147 68.5459
3148 68.5459
3149 68.5459
3150 68.5459
3151 68.5459
3152 68.5459
3153 68.5459
3154 68.5459
3155 68.5459
3156 68.5459
3157 68.5459
3158 68.5459
3159 68.5459
3160 68.5459
3161 68.5459
3162 68.5459
3163 68.5459
3164 68.5459
3165 68.5459
3166 68.5459
3167 68.5459
3168 68.5459
3169 68.5459
3170 68.5459
3171 68.5459
3172 68.5459
3173 68.5459
3174 68.5459
3175 68.5459
3176 68.5459
3177 68.5459
3178 68.5459
3179 68.5459
3180 68.5459
3181 68.5459
3182 68.2591
3183 68.2591
3184 68.2591
3185 68.2591
3186 68.2591
3187 68.2591
3188 68.2591
3189 68.2591
3190 68.2591
3191 68.2591
3192 68.2591
3193 68.2591
3194 68.2591
3195 68.2591
3196 68.2591
3197 68.2591
3198 68.2591
3199 68.2591
3200 68.2591
3201 68.2591
3202 68.2591
3203 68.2591
3204 68.2591
3205 68.2591
3206 68.2591
3207 68.2591
3208 68.2591
3209 68.2591
3210 68.2591
3211 68.2591
3212 68.2591
3213 68.2591
3214 68.2591
3215 68.2591
3216 68.2591
3217 68.2591
3218 68.2591
3219 68.2591
3220 68.2591
3221 68.2591
3222 68.2591
3223 68.2591
3224 68.2591
3225 68.2591
3226 68.2591
3227 68.2591
3228 68.2591
3229 68.2591
3230 68.2591
3231 68.2591
3232 68.2591
3233 68.2591
3234 68.2591
3235 68.2591
3236 68.2591
3237 68.2591
3238 68.2591
3239 68.2591
3240 68.2591
3241 68.2591
3242 68.2591
3243 68.2591
3244 68.2591
3245 68.2591
3246 68.2591
3247 68.2591
3248 68.2591
3249 68.2591
3250 68.2591
3251 68.2591
3252 68.2591
3253 68.2591
3254 68.2591
3255 68.2591
3256 68.2591
3257 68.2591
3258 68.2591
3259 68.2591
3260 68.2591
3261 68.2591
3262 68.2591
3263 68.2591
3264 68.2591
3265 68.2591
3266 68.2591
3267 68.2591
3268 68.2591
3269 68.2591
3270 68.2591
3271 68.2591
3272 68.2591
3273 68.2591
3274 68.2591
3275 68.2591
3276 68.2591
3277 68.2591
3278 68.2591
3279 68.2591
3280 68.2591
3281 68.2591
3282 68.2591
3283 68.2591
3284 68.2591
3285 68.2591
3286 68.2591
3287 68.2591
3288 68.2591
3289 68.2591
3290 68.2591
3291 68.2591
3292 68.2591
3293 68.2591
3294 68.2591
3295 68.2591
3296 68.2591
3297 68.2591
3298 68.2591
3299 68.2591
3300 68.2591
3301 68.2591
3302 68.2591
3303 68.2591
3304 68.2591
3305 68.2591
3306 68.2591
3307 68.2591
3308 68.2591
3309 68.2591
3310 68.2591
3311 68.2591
3312 68.2591
3313 68.2591
3314 68.2591
3315 68.2591
3316 68.2591
3317 68.2591
3318 68.2591
3319 68.2591
3320 68.2591
3321 68.2591
3322 68.2591
3323 68.2591
3324 68.2591
3325 68.2591
3326 68.2591
3327 68.2591
3328 68.2591
3329 68.2591
3330 68.2591
3331 68.2591
3332 68.2591
3333 68.2591
3334 68.2591
3335 68.2591
3336 68.2591
3337 68.2591
3338 68.2591
3339 68.2591
3340 68.2591
3341 68.2591
3342 68.2591
3343 68.2591
3344 68.2591
3345 68.2591
3346 68.2591
3347 68.2591
3348 68.2591
3349 68.2591
3350 68.2591
3351 68.2591
3352 68.2591
3353 68.2591
3354 68.2591
3355 68.2591
3356 68.2591
3357 68.2591
3358 68.2591
3359 68.2591
3360 68.2591
3361 68.2591
3362 68.2591
3363 68.2591
3364 68.2591
3365 68.2591
3366 68.2591
3367 68.2591
3368 68.2591
3369 68.2591
3370 68.2591
3371 68.2591
3372 68.2591
3373 68.2591
3374 68.2591
3375 68.2591
3376 68.2591
3377 68.2591
3378 68.2591
3379 68.2591
3380 68.2591
3381 68.2591
3382 68.2591
3383 68.2591
3384 68.2591
3385 68.2591
3386 68.2591
3387 68.2591
3388 68.2591
3389 68.2591
3390 68.2591
3391 68.2591
3392 68.2591
3393 68.2591
3394 68.2591
3395 68.2591
3396 68.2591
3397 68.2591
3398 68.2591
3399 68.2591
3400 68.2591
3401 68.2591
3402 68.2591
3403 68.2591
3404 68.2591
3405 68.2591
3406 68.2591
3407 68.2591
3408 68.2591
3409 68.2591
3410 68.2591
3411 68.2591
3412 68.2591
3413 68.2591
3414 68.2591
3415 68.2591
3416 68.2591
3417 68.2591
3418 68.2591
3419 68.2591
3420 68.2591
3421 68.2591
3422 68.2591
3423 68.2591
3424 68.2591
3425 68.2591
3426 68.2591
3427 68.2591
3428 68.2591
3429 68.2591
3430 68.2591
3431 68.2591
3432 68.2591
3433 68.2591
3434 68.2591
3435 68.2591
3436 68.2591
3437 68.2591
3438 68.2591
3439 68.2591
3440 68.2591
3441 68.2591
3442 68.2591
3443 68.2591
3444 68.2591
3445 68.2591
3446 68.2591
3447 68.2591
3448 68.2591
3449 68.2591
3450 68.2591
3451 68.2591
3452 68.2591
3453 68.2591
3454 68.2591
3455 68.2591
3456 68.2591
3457 68.2591
3458 68.2591
3459 68.2591
3460 68.2591
3461 68.2591
3462 68.2591
3463 68.2591
3464 68.2591
3465 68.2591
3466 68.2591
3467 68.2591
3468 68.2591
3469 68.2591
3470 68.2591
3471 68.2591
3472 68.2591
3473 68.2591
3474 68.2591
3475 68.2591
3476 68.2591
3477 68.2591
3478 68.2591
3479 68.2591
3480 68.2591
3481 68.2591
3482 68.2591
3483 68.2591
3484 68.2591
3485 68.2591
3486 68.2591
3487 68.2591
3488 68.2591
3489 68.2591
3490 68.2591
3491 68.2591
3492 68.2591
3493 68.2591
3494 68.2591
3495 68.2591
3496 68.2591
3497 68.2591
3498 68.2591
3499 68.2591
3500 68.2591
3501 68.2591
3502 68.2591
3503 68.2591
3504 68.2591
3505 68.2591
3506 68.2591
3507 68.2591
3508 68.2591
3509 68.2591
3510 68.2591
3511 68.2591
3512 68.2591
3513 68.2591
3514 68.2591
3515 68.2591
3516 68.2591
3517 68.2591
3518 68.2591
3519 68.2591
3520 68.2591
3521 68.2591
3522 68.2591
3523 68.2591
3524 68.2591
3525 68.2591
3526 68.2591
3527 68.2591
3528 68.2591
3529 68.2591
3530 68.2591
3531 68.2591
3532 68.2591
3533 68.2591
3534 68.2591
3535 68.2591
3536 68.2591
3537 68.2591
3538 68.2591
3539 68.2591
3540 68.2591
3541 68.2591
3542 68.2591
3543 68.2591
3544 68.2591
3545 68.2591
3546 68.2591
3547 68.2591
3548 68.2591
3549 68.2591
3550 68.2591
3551 68.2591
3552 68.2591
3553 68.2591
3554 68.2591
3555 68.2591
3556 68.2591
3557 68.2591
3558 68.2591
3559 68.2591
3560 68.2591
3561 68.2591
3562 68.2591
3563 68.2591
3564 68.2591
3565 68.2591
3566 68.2591
3567 68.2591
3568 68.2591
3569 68.2591
3570 68.2591
3571 68.2591
3572 68.2591
3573 68.2591
3574 68.2591
3575 68.2591
3576 68.2591
3577 68.2591
3578 68.2591
3579 68.2591
3580 68.2591
3581 68.2591
3582 68.2591
3583 68.2591
3584 68.2591
3585 68.2591
3586 68.2591
3587 68.2591
3588 68.2591
3589 68.2591
3590 68.2591
3591 68.2591
3592 68.2591
3593 68.2591
3594 68.2591
3595 68.2591
3596 68.2591
3597 68.2591
3598 68.2591
3599 68.2591
3600 68.2591
3601 68.2591
3602 68.2591
3603 68.2591
3604 68.2591
3605 68.2591
3606 68.2591
3607 68.2591
3608 68.2591
3609 68.2591
3610 68.2591
3611 68.2591
3612 68.2591
3613 68.2591
3614 68.2591
3615 68.2591
3616 68.2591
3617 68.2591
3618 68.2591
3619 68.2591
3620 68.2591
3621 68.2591
3622 68.2591
3623 68.2591
3624 68.2591
3625 68.2591
3626 68.2591
3627 68.2591
3628 68.2591
3629 68.2591
3630 68.2591
3631 68.2591
3632 68.2591
3633 68.2591
3634 68.2591
3635 68.2591
3636 68.2591
3637 68.2591
3638 68.2591
3639 68.2591
3640 68.2591
3641 68.2591
3642 68.2591
3643 68.2591
3644 68.2591
3645 68.2591
3646 68.2591
3647 68.2591
3648 68.2591
3649 68.2591
3650 68.2591
3651 68.2591
3652 68.2591
3653 68.2591
3654 68.2591
3655 68.2591
3656 68.2591
3657 68.2591
3658 68.2591
3659 68.2591
3660 68.2591
3661 68.2591
3662 68.2591
3663 68.2591
3664 68.2591
3665 68.2591
3666 68.2591
3667 68.2591
3668 68.2591
3669 68.2591
3670 68.2591
3671 68.2591
3672 68.2591
3673 68.2591
3674 68.2591
3675 68.2591
3676 68.2591
3677 68.2591
3678 68.2591
3679 68.2591
3680 68.2591
3681 68.2591
3682 68.2591
3683 68.2591
3684 68.2591
3685 68.2591
3686 68.2591
3687 68.2591
3688 68.2591
3689 68.2591
3690 68.2591
3691 68.2591
3692 68.2591
3693 68.2591
3694 68.2591
3695 68.2591
3696 68.2591
3697 68.2591
3698 68.2591
3699 68.2591
3700 68.2591
3701 68.2591
3702 68.2591
3703 68.2591
3704 68.2591
3705 68.2591
3706 68.2591
3707 68.2591
3708 68.2591
3709 68.2591
3710 68.2591
3711 68.2591
3712 68.2591
3713 68.2591
3714 68.2591
3715 68.2591
3716 68.2591
3717 68.2591
3718 68.2591
3719 68.2591
3720 68.2591
3721 68.2591
3722 68.2591
3723 68.2591
3724 68.2591
3725 68.2591
3726 68.2591
3727 68.2591
3728 68.2591
3729 68.2591
3730 68.2591
3731 68.2591
3732 68.2591
3733 68.2591
3734 68.2591
3735 68.2591
3736 68.2591
3737 68.2591
3738 68.2591
3739 68.2591
3740 68.2591
3741 68.2591
3742 68.2591
3743 68.2591
3744 68.2591
3745 68.2591
3746 68.2591
3747 68.2591
3748 68.2591
3749 68.2591
3750 68.2591
3751 68.2591
3752 68.2591
3753 68.2591
3754 68.2591
3755 68.2591
3756 68.2591
3757 68.2591
3758 68.2591
3759 68.2591
3760 68.2591
3761 68.2591
3762 68.2591
3763 68.2591
3764 68.2591
3765 68.2591
3766 68.2591
3767 68.2591
3768 68.2591
3769 68.2591
3770 68.2591
3771 68.2591
3772 68.2591
3773 68.2591
3774 68.2591
3775 68.2591
3776 68.2591
3777 68.2591
3778 68.2591
3779 68.2591
3780 68.2591
3781 68.2591
3782 68.2591
3783 68.2591
3784 68.2591
3785 68.2591
3786 68.2591
3787 68.2591
3788 68.2591
3789 68.2591
3790 68.2591
3791 68.2591
3792 68.2591
3793 68.2591
3794 68.2591
3795 68.2591
3796 68.2591
3797 68.2591
3798 68.2591
3799 68.2591
3800 68.2591
3801 68.2591
3802 68.2591
3803 68.2591
3804 68.2591
3805 68.2591
3806 68.2591
3807 68.2591
3808 68.2591
3809 68.2591
3810 68.2591
3811 68.2591
3812 68.2591
3813 68.2591
3814 68.2591
3815 68.2591
3816 68.2591
3817 68.2591
3818 68.2591
3819 68.2591
3820 68.2591
3821 68.2591
3822 68.2591
3823 68.2591
3824 68.2591
3825 68.2591
3826 68.2591
3827 68.2591
3828 68.2591
3829 68.2591
3830 68.2591
3831 68.2591
3832 68.2591
3833 68.2591
3834 68.2591
3835 68.2591
3836 68.2591
3837 68.2591
3838 68.2591
3839 68.2591
3840 68.2591
3841 68.2591
3842 68.2591
3843 68.2591
3844 68.2591
3845 68.2591
3846 68.2591
3847 68.2591
3848 68.2591
3849 68.2591
3850 68.2591
3851 68.2591
3852 68.2591
3853 68.2591
3854 68.2591
3855 68.2591
3856 68.2591
3857 68.2591
3858 68.2591
3859 68.2591
3860 68.2591
3861 68.2591
3862 68.2591
3863 68.2591
3864 68.2591
3865 68.2591
3866 68.2591
3867 68.2591
3868 68.2591
3869 68.2591
3870 67.727
3871 67.727
3872 67.727
3873 67.727
3874 67.727
3875 67.727
3876 67.727
3877 67.727
3878 67.727
3879 67.727
3880 67.727
3881 67.727
3882 67.727
3883 67.727
3884 67.727
3885 67.727
3886 67.727
3887 67.727
3888 67.727
3889 67.727
3890 67.727
3891 67.727
3892 67.727
3893 67.727
3894 67.727
3895 67.727
3896 67.727
3897 67.727
3898 67.727
3899 67.727
3900 67.727
3901 67.727
3902 67.727
3903 67.727
3904 67.727
3905 67.727
3906 67.727
3907 67.727
3908 67.727
3909 67.727
3910 67.727
3911 67.727
3912 67.727
3913 67.727
3914 67.727
3915 67.727
3916 67.727
3917 67.727
3918 67.727
3919 67.727
3920 67.727
3921 67.727
3922 67.727
3923 67.727
3924 67.727
3925 67.727
3926 67.727
3927 67.727
3928 67.727
3929 67.727
3930 67.727
3931 67.727
3932 67.727
3933 67.727
3934 67.727
3935 67.727
3936 67.727
3937 67.727
3938 67.727
3939 67.727
3940 67.727
3941 67.727
3942 67.727
3943 67.727
3944 67.727
3945 67.727
3946 67.727
3947 67.727
3948 67.727
3949 67.727
3950 67.727
3951 67.727
3952 67.727
3953 67.727
3954 67.727
3955 67.727
3956 67.727
3957 67.727
3958 67.727
3959 67.727
3960 67.727
3961 66.2666
3962 66.2666
3963 66.2666
3964 66.2666
3965 66.2666
3966 66.2666
3967 66.2666
3968 66.2666
3969 66.2666
3970 66.2666
3971 66.2666
3972 66.2666
3973 66.2666
3974 66.2666
3975 66.2666
3976 66.2666
3977 66.2666
3978 66.2666
3979 66.2666
3980 66.2666
3981 66.2666
3982 66.2666
3983 66.2666
3984 66.2666
3985 66.2666
3986 66.2666
3987 66.2666
3988 66.2666
3989 66.2666
3990 66.2666
3991 66.2666
3992 66.2666
3993 66.2666
3994 66.2666
3995 66.2666
3996 66.2666
3997 66.2666
3998 66.2666
3999 66.2666
4000 66.2666
4001 66.2666
4002 66.2666
4003 66.2666
4004 66.2666
4005 66.2666
4006 66.2666
4007 66.2666
4008 66.2666
4009 66.2666
4010 66.2666
4011 66.2666
4012 66.2666
4013 66.2666
4014 66.2666
4015 66.2666
4016 66.2666
4017 66.2666
4018 66.2666
4019 66.2666
4020 66.2666
4021 66.2666
4022 66.2666
4023 66.2666
4024 66.2666
4025 66.2666
4026 66.2666
4027 66.2666
4028 66.2666
4029 66.2666
4030 66.2666
4031 66.2666
4032 66.2666
4033 66.2666
4034 66.2666
4035 66.2666
4036 66.2666
4037 66.2666
4038 66.2666
4039 66.2666
4040 66.2666
4041 66.2666
4042 66.2666
4043 66.2666
4044 66.2666
4045 66.2666
4046 66.2666
4047 66.2666
4048 66.2666
4049 66.2666
4050 66.2666
4051 66.2666
4052 66.2666
4053 66.2666
4054 66.2666
4055 66.2666
4056 66.2666
4057 66.2666
4058 66.2666
4059 66.2666
4060 66.2666
4061 66.2666
4062 66.2666
4063 66.2666
4064 66.2666
4065 66.2666
4066 66.2666
4067 66.2666
4068 66.2666
4069 66.2666
4070 66.2666
4071 66.2666
4072 66.2666
4073 66.2666
4074 66.2666
4075 66.2666
4076 66.2666
4077 66.2666
4078 66.2666
4079 66.2666
4080 66.2666
4081 66.2666
4082 66.2666
4083 66.2666
4084 66.2666
4085 66.2666
4086 66.2666
4087 66.2666
4088 66.2666
4089 66.0061
4090 66.0061
4091 66.0061
4092 66.0061
4093 66.0061
4094 66.0061
4095 66.0061
4096 66.0061
4097 66.0061
4098 66.0061
4099 66.0061
4100 66.0061
4101 66.0061
4102 66.0061
4103 66.0061
4104 66.0061
4105 66.0061
4106 66.0061
4107 66.0061
4108 66.0061
4109 66.0061
4110 66.0061
4111 66.0061
4112 66.0061
4113 66.0061
4114 66.0061
4115 66.0061
4116 66.0061
4117 66.0061
4118 66.0061
4119 66.0061
4120 66.0061
4121 66.0061
4122 66.0061
4123 66.0061
4124 66.0061
4125 66.0061
4126 66.0061
4127 66.0061
4128 66.0061
4129 66.0061
4130 66.0061
4131 66.0061
4132 66.0061
4133 66.0061
4134 66.0061
4135 66.0061
4136 66.0061
4137 66.0061
4138 66.0061
4139 66.0061
4140 66.0061
4141 66.0061
4142 66.0061
4143 66.0061
4144 66.0061
4145 66.0061
4146 66.0061
4147 66.0061
4148 66.0061
4149 66.0061
4150 66.0061
4151 66.0061
4152 66.0061
4153 66.0061
4154 66.0061
4155 66.0061
4156 66.0061
4157 66.0061
4158 66.0061
4159 66.0061
4160 66.0061
4161 66.0061
4162 66.0061
4163 66.0061
4164 66.0061
4165 66.0061
4166 66.0061
4167 66.0061
4168 66.0061
4169 66.0061
4170 66.0061
4171 66.0061
4172 66.0061
4173 66.0061
4174 66.0061
4175 66.0061
4176 66.0061
4177 66.0061
4178 66.0061
4179 66.0061
4180 66.0061
4181 66.0061
4182 66.0061
4183 66.0061
4184 66.0061
4185 66.0061
4186 66.0061
4187 66.0061
4188 66.0061
4189 66.0061
4190 66.0061
4191 66.0061
4192 66.0061
4193 66.0061
4194 66.0061
4195 66.0061
4196 66.0061
4197 66.0061
4198 66.0061
4199 66.0061
4200 66.0061
4201 66.0061
4202 66.0061
4203 66.0061
4204 66.0061
4205 66.0061
4206 66.0061
4207 66.0061
4208 66.0061
4209 66.0061
4210 66.0061
4211 66.0061
4212 66.0061
4213 66.0061
4214 66.0061
4215 66.0061
4216 66.0061
4217 66.0061
4218 66.0061
4219 66.0061
4220 66.0061
4221 66.0061
4222 66.0061
4223 66.0061
4224 66.0061
4225 66.0061
4226 66.0061
4227 66.0061
4228 66.0061
4229 66.0061
4230 66.0061
4231 66.0061
4232 66.0061
4233 66.0061
4234 66.0061
4235 66.0061
4236 66.0061
4237 66.0061
4238 66.0061
4239 66.0061
4240 66.0061
4241 66.0061
4242 66.0061
4243 66.0061
4244 66.0061
4245 66.0061
4246 66.0061
4247 66.0061
4248 66.0061
4249 66.0061
4250 66.0061
4251 66.0061
4252 66.0061
4253 66.0061
4254 66.0061
4255 66.0061
4256 66.0061
4257 66.0061
4258 66.0061
4259 66.0061
4260 66.0061
4261 66.0061
4262 66.0061
4263 66.0061
4264 66.0061
4265 66.0061
4266 66.0061
4267 66.0061
4268 66.0061
4269 66.0061
4270 66.0061
4271 66.0061
4272 66.0061
4273 66.0061
4274 66.0061
4275 66.0061
4276 66.0061
4277 66.0061
4278 66.0061
4279 66.0061
4280 66.0061
4281 66.0061
4282 66.0061
4283 66.0061
4284 66.0061
4285 66.0061
4286 66.0061
4287 66.0061
4288 66.0061
4289 66.0061
4290 66.0061
4291 66.0061
4292 66.0061
4293 66.0061
4294 66.0061
4295 66.0061
4296 66.0061
4297 66.0061
4298 66.0061
4299 66.0061
4300 66.0061
4301 66.0061
4302 66.0061
4303 66.0061
4304 66.0061
4305 66.0061
4306 66.0061
4307 66.0061
4308 66.0061
4309 66.0061
4310 66.0061
4311 66.0061
4312 66.0061
4313 66.0061
4314 66.0061
4315 66.0061
4316 66.0061
4317 66.0061
4318 66.0061
4319 66.0061
4320 66.0061
4321 66.0061
4322 66.0061
4323 66.0061
4324 66.0061
4325 66.0061
4326 66.0061
4327 66.0061
4328 66.0061
4329 66.0061
4330 66.0061
4331 66.0061
4332 66.0061
4333 66.0061
4334 66.0061
4335 66.0061
4336 66.0061
4337 66.0061
4338 66.0061
4339 66.0061
4340 66.0061
4341 66.0061
4342 66.0061
4343 66.0061
4344 66.0061
4345 66.0061
4346 66.0061
4347 66.0061
4348 66.0061
4349 66.0061
4350 66.0061
4351 66.0061
4352 66.0061
4353 66.0061
4354 66.0061
4355 66.0061
4356 66.0061
4357 66.0061
4358 66.0061
4359 66.0061
4360 66.0061
4361 66.0061
4362 66.0061
4363 66.0061
4364 66.0061
4365 66.0061
4366 66.0061
4367 66.0061
4368 66.0061
4369 66.0061
4370 66.0061
4371 66.0061
4372 66.0061
4373 66.0061
4374 66.0061
4375 66.0061
4376 66.0061
4377 66.0061
4378 66.0061
4379 66.0061
4380 66.0061
4381 66.0061
4382 66.0061
4383 66.0061
4384 66.0061
4385 66.0061
4386 66.0061
4387 66.0061
4388 66.0061
4389 66.0061
4390 66.0061
4391 66.0061
4392 66.0061
4393 66.0061
4394 66.0061
4395 66.0061
4396 66.0061
4397 66.0061
4398 66.0061
4399 66.0061
4400 66.0061
4401 66.0061
4402 66.0061
4403 66.0061
4404 66.0061
4405 66.0061
4406 66.0061
4407 66.0061
4408 66.0061
4409 66.0061
4410 66.0061
4411 66.0061
4412 66.0061
4413 66.0061
4414 66.0061
4415 66.0061
4416 66.0061
4417 66.0061
4418 66.0061
4419 66.0061
4420 66.0061
4421 66.0061
4422 66.0061
4423 66.0061
4424 66.0061
4425 66.0061
4426 66.0061
4427 66.0061
4428 66.0061
4429 66.0061
4430 66.0061
4431 66.0061
4432 66.0061
4433 66.0061
4434 66.0061
4435 66.0061
4436 66.0061
4437 66.0061
4438 66.0061
4439 66.0061
4440 66.0061
4441 66.0061
4442 66.0061
4443 66.0061
4444 66.0061
4445 66.0061
4446 66.0061
4447 66.0061
4448 66.0061
4449 66.0061
4450 66.0061
4451 66.0061
4452 66.0061
4453 66.0061
4454 66.0061
4455 66.0061
4456 66.0061
4457 66.0061
4458 66.0061
4459 66.0061
4460 66.0061
4461 66.0061
4462 66.0061
4463 66.0061
4464 66.0061
4465 66.0061
4466 66.0061
4467 66.0061
4468 66.0061
4469 66.0061
4470 66.0061
4471 66.0061
4472 66.0061
4473 66.0061
4474 66.0061
4475 66.0061
4476 66.0061
4477 66.0061
4478 66.0061
4479 66.0061
4480 66.0061
4481 66.0061
4482 66.0061
4483 66.0061
4484 66.0061
4485 66.0061
4486 66.0061
4487 66.0061
4488 66.0061
4489 66.0061
4490 66.0061
4491 66.0061
4492 66.0061
4493 66.0061
4494 66.0061
4495 66.0061
4496 66.0061
4497 66.0061
4498 66.0061
4499 66.0061
4500 66.0061
4501 66.0061
4502 66.0061
4503 66.0061
4504 66.0061
4505 66.0061
4506 66.0061
4507 66.0061
4508 66.0061
4509 66.0061
4510 66.0061
4511 66.0061
4512 66.0061
4513 66.0061
4514 66.0061
4515 66.0061
4516 66.0061
4517 66.0061
4518 66.0061
4519 66.0061
4520 66.0061
4521 66.0061
4522 66.0061
4523 66.0061
4524 66.0061
4525 66.0061
4526 66.0061
4527 66.0061
4528 66.0061
4529 66.0061
4530 66.0061
4531 66.0061
4532 66.0061
4533 66.0061
4534 66.0061
4535 66.0061
4536 66.0061
4537 66.0061
4538 66.0061
4539 66.0061
4540 66.0061
4541 66.0061
4542 66.0061
4543 66.0061
4544 66.0061
4545 66.0061
4546 66.0061
4547 66.0061
4548 66.0061
4549 66.0061
4550 66.0061
4551 66.0061
4552 66.0061
4553 66.0061
4554 66.0061
4555 66.0061
4556 66.0061
4557 66.0061
4558 66.0061
4559 66.0061
4560 66.0061
4561 66.0061
4562 66.0061
4563 66.0061
4564 66.0061
4565 66.0061
4566 66.0061
4567 66.0061
4568 66.0061
4569 66.0061
4570 66.0061
4571 66.0061
4572 66.0061
4573 66.0061
4574 66.0061
4575 66.0061
4576 66.0061
4577 66.0061
4578 66.0061
4579 66.0061
4580 66.0061
4581 66.0061
4582 66.0061
4583 66.0061
4584 66.0061
4585 66.0061
4586 66.0061
4587 66.0061
4588 66.0061
4589 66.0061
4590 66.0061
4591 66.0061
4592 66.0061
4593 66.0061
4594 66.0061
4595 66.0061
4596 66.0061
4597 66.0061
4598 66.0061
4599 66.0061
4600 66.0061
4601 66.0061
4602 66.0061
4603 66.0061
4604 66.0061
4605 66.0061
4606 66.0061
4607 66.0061
4608 66.0061
4609 66.0061
4610 66.0061
4611 66.0061
4612 66.0061
4613 66.0061
4614 66.0061
4615 66.0061
4616 66.0061
4617 66.0061
4618 66.0061
4619 66.0061
4620 66.0061
4621 66.0061
4622 66.0061
4623 66.0061
4624 66.0061
4625 66.0061
4626 66.0061
4627 66.0061
4628 66.0061
4629 66.0061
4630 66.0061
4631 66.0061
4632 66.0061
4633 66.0061
4634 66.0061
4635 66.0061
4636 66.0061
4637 66.0061
4638 66.0061
4639 66.0061
4640 66.0061
4641 66.0061
4642 66.0061
4643 66.0061
4644 66.0061
4645 66.0061
4646 66.0061
4647 66.0061
4648 66.0061
4649 66.0061
4650 66.0061
4651 66.0061
4652 66.0061
4653 66.0061
4654 66.0061
4655 66.0061
4656 66.0061
4657 66.0061
4658 66.0061
4659 66.0061
4660 66.0061
4661 66.0061
4662 66.0061
4663 66.0061
4664 66.0061
4665 66.0061
4666 66.0061
4667 66.0061
4668 66.0061
4669 66.0061
4670 66.0061
4671 66.0061
4672 66.0061
4673 66.0061
4674 66.0061
4675 66.0061
4676 66.0061
4677 66.0061
4678 66.0061
4679 66.0061
4680 66.0061
4681 66.0061
4682 66.0061
4683 66.0061
4684 66.0061
4685 66.0061
4686 66.0061
4687 66.0061
4688 66.0061
4689 66.0061
4690 66.0061
4691 66.0061
4692 66.0061
4693 66.0061
4694 66.0061
4695 66.0061
4696 66.0061
4697 66.0061
4698 66.0061
4699 66.0061
4700 66.0061
4701 66.0061
4702 66.0061
4703 66.0061
4704 66.0061
4705 66.0061
4706 66.0061
4707 66.0061
4708 66.0061
4709 66.0061
4710 66.0061
4711 66.0061
4712 66.0061
4713 66.0061
4714 66.0061
4715 66.0061
4716 66.0061
4717 66.0061
4718 66.0061
4719 66.0061
4720 66.0061
4721 66.0061
4722 66.0061
4723 66.0061
4724 66.0061
4725 66.0061
4726 66.0061
4727 66.0061
4728 66.0061
4729 66.0061
4730 66.0061
4731 66.0061
4732 66.0061
4733 66.0061
4734 66.0061
4735 66.0061
4736 66.0061
4737 66.0061
4738 66.0061
4739 66.0061
4740 66.0061
4741 66.0061
4742 66.0061
4743 66.0061
4744 66.0061
4745 66.0061
4746 66.0061
4747 66.0061
4748 66.0061
4749 66.0061
4750 66.0061
4751 66.0061
4752 66.0061
4753 66.0061
4754 66.0061
4755 66.0061
4756 66.0061
4757 66.0061
4758 66.0061
4759 66.0061
4760 66.0061
4761 66.0061
4762 66.0061
4763 66.0061
4764 66.0061
4765 66.0061
4766 66.0061
4767 66.0061
4768 66.0061
4769 66.0061
4770 66.0061
4771 66.0061
4772 66.0061
4773 66.0061
4774 66.0061
4775 66.0061
4776 66.0061
4777 66.0061
4778 66.0061
4779 66.0061
4780 66.0061
4781 66.0061
4782 66.0061
4783 66.0061
4784 66.0061
4785 66.0061
4786 66.0061
4787 66.0061
4788 66.0061
4789 66.0061
4790 66.0061
4791 66.0061
4792 66.0061
4793 66.0061
4794 66.0061
4795 66.0061
4796 66.0061
4797 66.0061
4798 66.0061
4799 66.0061
4800 66.0061
4801 66.0061
4802 66.0061
4803 66.0061
4804 66.0061
4805 66.0061
4806 66.0061
4807 66.0061
4808 66.0061
4809 66.0061
4810 66.0061
4811 66.0061
4812 66.0061
4813 66.0061
4814 66.0061
4815 66.0061
4816 66.0061
4817 66.0061
4818 66.0061
4819 66.0061
4820 66.0061
4821 66.0061
4822 66.0061
4823 66.0061
4824 66.0061
4825 66.0061
4826 66.0061
4827 66.0061
4828 66.0061
4829 66.0061
4830 66.0061
4831 66.0061
4832 66.0061
4833 66.0061
4834 66.0061
4835 66.0061
4836 66.0061
4837 66.0061
4838 66.0061
4839 66.0061
4840 66.0061
4841 66.0061
4842 66.0061
4843 66.0061
4844 66.0061
4845 66.0061
4846 66.0061
4847 66.0061
4848 66.0061
4849 66.0061
4850 66.0061
4851 66.0061
4852 66.0061
4853 66.0061
4854 66.0061
4855 66.0061
4856 66.0061
4857 66.0061
4858 66.0061
4859 66.0061
4860 66.0061
4861 66.0061
4862 66.0061
4863 66.0061
4864 66.0061
4865 66.0061
4866 66.0061
4867 66.0061
4868 66.0061
4869 66.0061
4870 66.0061
4871 66.0061
4872 66.0061
4873 66.0061
4874 66.0061
4875 66.0061
4876 66.0061
4877 66.0061
4878 66.0061
4879 66.0061
4880 66.0061
4881 66.0061
4882 66.0061
4883 66.0061
4884 66.0061
4885 66.0061
4886 66.0061
4887 66.0061
4888 66.0061
4889 66.0061
4890 66.0061
4891 66.0061
4892 66.0061
4893 66.0061
4894 66.0061
4895 66.0061
4896 66.0061
4897 66.0061
4898 66.0061
4899 66.0061
4900 66.0061
4901 66.0061
4902 66.0061
4903 66.0061
4904 66.0061
4905 66.0061
4906 66.0061
4907 66.0061
4908 66.0061
4909 66.0061
4910 66.0061
4911 66.0061
4912 66.0061
4913 66.0061
4914 66.0061
4915 66.0061
4916 66.0061
4917 66.0061
4918 66.0061
4919 66.0061
4920 66.0061
4921 66.0061
4922 66.0061
4923 66.0061
4924 66.0061
4925 66.0061
4926 66.0061
4927 66.0061
4928 66.0061
4929 66.0061
4930 66.0061
4931 66.0061
4932 66.0061
4933 66.0061
4934 66.0061
4935 66.0061
4936 66.0061
4937 66.0061
4938 66.0061
4939 66.0061
4940 66.0061
4941 66.0061
4942 66.0061
4943 66.0061
4944 66.0061
4945 66.0061
4946 66.0061
4947 66.0061
4948 66.0061
4949 66.0061
4950 66.0061
4951 66.0061
4952 66.0061
4953 66.0061
4954 66.0061
4955 66.0061
4956 66.0061
4957 66.0061
4958 66.0061
4959 66.0061
4960 66.0061
4961 66.0061
4962 66.0061
4963 66.0061
4964 66.0061
4965 66.0061
4966 66.0061
4967 66.0061
4968 66.0061
4969 66.0061
4970 66.0061
4971 66.0061
4972 66.0061
4973 66.0061
4974 66.0061
4975 66.0061
4976 66.0061
4977 66.0061
4978 66.0061
4979 66.0061
4980 66.0061
4981 66.0061
4982 66.0061
4983 66.0061
4984 66.0061
4985 66.0061
4986 66.0061
4987 66.0061
4988 66.0061
4989 66.0061
4990 66.0061
4991 66.0061
4992 66.0061
4993 66.0061
4994 66.0061
4995 66.0061
4996 66.0061
4997 66.0061
4998 66.0061
4999 66.0061
5000 66.0061
5001 66.0061
5002 66.0061
5003 66.0061
5004 66.0061
5005 66.0061
5006 66.0061
5007 66.0061
5008 66.0061
5009 66.0061
5010 66.0061
5011 66.0061
5012 66.0061
5013 66.0061
5014 66.0061
5015 66.0061
5016 66.0061
5017 66.0061
5018 66.0061
5019 66.0061
5020 66.0061
5021 66.0061
5022 66.0061
5023 66.0061
5024 66.0061
5025 66.0061
5026 66.0061
5027 66.0061
5028 66.0061
5029 66.0061
5030 66.0061
5031 66.0061
5032 66.0061
5033 66.0061
5034 66.0061
5035 66.0061
5036 66.0061
5037 66.0061
5038 66.0061
5039 66.0061
5040 66.0061
5041 66.0061
5042 66.0061
5043 66.0061
5044 66.0061
5045 66.0061
5046 66.0061
5047 66.0061
5048 66.0061
5049 66.0061
5050 66.0061
5051 66.0061
5052 66.0061
5053 66.0061
5054 66.0061
5055 66.0061
5056 66.0061
5057 66.0061
5058 66.0061
5059 66.0061
5060 66.0061
5061 66.0061
5062 66.0061
5063 66.0061
5064 66.0061
5065 66.0061
5066 66.0061
5067 66.0061
5068 66.0061
5069 66.0061
5070 66.0061
5071 66.0061
5072 66.0061
5073 66.0061
5074 66.0061
5075 66.0061
5076 66.0061
5077 66.0061
5078 66.0061
5079 66.0061
5080 66.0061
5081 66.0061
5082 66.0061
5083 66.0061
5084 66.0061
5085 66.0061
5086 66.0061
5087 66.0061
5088 66.0061
5089 66.0061
5090 66.0061
5091 66.0061
5092 66.0061
5093 66.0061
5094 66.0061
5095 66.0061
5096 66.0061
5097 66.0061
5098 66.0061
5099 66.0061
5100 66.0061
5101 66.0061
5102 66.0061
5103 66.0061
5104 66.0061
5105 66.0061
5106 66.0061
5107 66.0061
5108 66.0061
5109 66.0061
5110 66.0061
5111 66.0061
5112 66.0061
5113 66.0061
5114 66.0061
5115 66.0061
5116 66.0061
5117 66.0061
5118 66.0061
5119 66.0061
5120 66.0061
5121 66.0061
5122 66.0061
5123 66.0061
5124 66.0061
5125 66.0061
5126 66.0061
5127 66.0061
5128 66.0061
5129 66.0061
5130 66.0061
5131 66.0061
5132 66.0061
5133 66.0061
5134 66.0061
5135 66.0061
5136 66.0061
5137 66.0061
5138 66.0061
5139 66.0061
5140 66.0061
5141 66.0061
5142 66.0061
5143 66.0061
5144 66.0061
5145 66.0061
5146 66.0061
5147 66.0061
5148 66.0061
5149 66.0061
5150 66.0061
5151 66.0061
5152 66.0061
5153 66.0061
5154 66.0061
5155 66.0061
5156 66.0061
5157 66.0061
5158 66.0061
5159 66.0061
5160 66.0061
5161 66.0061
5162 66.0061
5163 66.0061
5164 66.0061
5165 66.0061
5166 66.0061
5167 66.0061
5168 66.0061
5169 66.0061
5170 66.0061
5171 66.0061
5172 66.0061
5173 66.0061
5174 66.0061
5175 66.0061
5176 66.0061
5177 66.0061
5178 66.0061
5179 66.0061
5180 66.0061
5181 66.0061
5182 66.0061
5183 66.0061
5184 66.0061
5185 66.0061
5186 66.0061
5187 66.0061
5188 66.0061
5189 66.0061
5190 66.0061
5191 66.0061
5192 66.0061
5193 66.0061
5194 66.0061
5195 66.0061
5196 66.0061
5197 66.0061
5198 66.0061
5199 66.0061
5200 66.0061
5201 66.0061
5202 66.0061
5203 66.0061
5204 66.0061
5205 66.0061
5206 66.0061
5207 66.0061
5208 66.0061
5209 66.0061
5210 66.0061
5211 66.0061
5212 66.0061
5213 66.0061
5214 66.0061
5215 66.0061
5216 66.0061
5217 66.0061
5218 66.0061
5219 66.0061
5220 66.0061
5221 66.0061
5222 66.0061
5223 66.0061
5224 66.0061
5225 66.0061
5226 66.0061
5227 66.0061
5228 66.0061
5229 66.0061
5230 66.0061
5231 66.0061
5232 66.0061
5233 66.0061
5234 66.0061
5235 66.0061
5236 66.0061
5237 66.0061
5238 66.0061
5239 66.0061
5240 66.0061
5241 66.0061
5242 66.0061
5243 66.0061
5244 66.0061
5245 66.0061
5246 66.0061
5247 66.0061
5248 66.0061
5249 66.0061
5250 66.0061
5251 66.0061
5252 66.0061
5253 66.0061
5254 66.0061
5255 66.0061
5256 66.0061
5257 66.0061
5258 66.0061
5259 66.0061
5260 66.0061
5261 66.0061
5262 66.0061
5263 66.0061
5264 66.0061
5265 66.0061
5266 66.0061
5267 66.0061
5268 66.0061
5269 66.0061
5270 66.0061
5271 66.0061
5272 66.0061
5273 66.0061
5274 66.0061
5275 66.0061
5276 66.0061
5277 66.0061
5278 66.0061
5279 66.0061
5280 66.0061
5281 66.0061
5282 66.0061
5283 66.0061
5284 66.0061
5285 66.0061
5286 66.0061
5287 66.0061
5288 66.0061
5289 66.0061
5290 66.0061
5291 66.0061
5292 66.0061
5293 66.0061
5294 66.0061
5295 66.0061
5296 66.0061
5297 66.0061
5298 66.0061
5299 66.0061
5300 66.0061
5301 66.0061
5302 66.0061
5303 66.0061
5304 66.0061
5305 66.0061
5306 66.0061
5307 66.0061
5308 66.0061
5309 66.0061
5310 66.0061
5311 66.0061
5312 66.0061
5313 66.0061
5314 66.0061
5315 66.0061
5316 66.0061
5317 66.0061
5318 66.0061
5319 66.0061
5320 66.0061
5321 66.0061
5322 66.0061
5323 66.0061
5324 66.0061
5325 66.0061
5326 66.0061
5327 66.0061
5328 66.0061
5329 66.0061
5330 66.0061
5331 66.0061
5332 66.0061
5333 66.0061
5334 66.0061
5335 66.0061
5336 66.0061
5337 66.0061
5338 66.0061
5339 66.0061
5340 66.0061
5341 66.0061
5342 66.0061
5343 66.0061
5344 66.0061
5345 66.0061
5346 66.0061
5347 66.0061
5348 66.0061
5349 66.0061
5350 66.0061
5351 66.0061
5352 66.0061
5353 66.0061
5354 66.0061
5355 66.0061
5356 66.0061
5357 66.0061
5358 66.0061
5359 66.0061
5360 66.0061
5361 66.0061
5362 66.0061
5363 66.0061
5364 66.0061
5365 66.0061
5366 66.0061
5367 66.0061
5368 66.0061
5369 66.0061
5370 66.0061
5371 66.0061
5372 66.0061
5373 66.0061
5374 66.0061
5375 66.0061
5376 66.0061
5377 66.0061
5378 66.0061
5379 66.0061
5380 66.0061
5381 66.0061
5382 66.0061
5383 66.0061
5384 66.0061
5385 66.0061
5386 66.0061
5387 66.0061
5388 66.0061
5389 66.0061
5390 66.0061
5391 66.0061
5392 66.0061
5393 66.0061
5394 66.0061
5395 66.0061
5396 66.0061
5397 66.0061
5398 66.0061
5399 66.0061
5400 66.0061
5401 66.0061
5402 66.0061
5403 66.0061
5404 66.0061
5405 66.0061
5406 66.0061
5407 66.0061
5408 66.0061
5409 66.0061
5410 66.0061
5411 66.0061
5412 66.0061
5413 66.0061
5414 66.0061
5415 66.0061
5416 66.0061
5417 66.0061
5418 66.0061
5419 66.0061
5420 66.0061
5421 66.0061
5422 66.0061
5423 66.0061
5424 66.0061
5425 66.0061
5426 66.0061
5427 66.0061
5428 66.0061
5429 66.0061
5430 66.0061
5431 66.0061
5432 66.0061
5433 66.0061
5434 66.0061
5435 66.0061
5436 66.0061
5437 66.0061
5438 66.0061
5439 66.0061
5440 66.0061
5441 66.0061
5442 66.0061
5443 66.0061
5444 66.0061
5445 66.0061
5446 66.0061
5447 66.0061
5448 66.0061
5449 66.0061
5450 66.0061
5451 66.0061
5452 66.0061
5453 66.0061
5454 66.0061
5455 66.0061
5456 66.0061
5457 66.0061
5458 66.0061
5459 66.0061
5460 66.0061
5461 66.0061
5462 66.0061
5463 66.0061
5464 66.0061
5465 66.0061
5466 66.0061
5467 66.0061
5468 66.0061
5469 66.0061
5470 66.0061
5471 66.0061
5472 66.0061
5473 66.0061
5474 66.0061
5475 66.0061
5476 66.0061
5477 66.0061
5478 66.0061
5479 66.0061
5480 66.0061
5481 66.0061
5482 66.0061
5483 66.0061
5484 66.0061
5485 66.0061
5486 66.0061
5487 66.0061
5488 66.0061
5489 66.0061
5490 66.0061
5491 66.0061
5492 66.0061
5493 66.0061
5494 66.0061
5495 66.0061
5496 66.0061
5497 66.0061
5498 66.0061
5499 66.0061
5500 66.0061
5501 66.0061
5502 66.0061
5503 66.0061
5504 66.0061
5505 66.0061
5506 66.0061
5507 66.0061
5508 66.0061
5509 66.0061
5510 66.0061
5511 66.0061
5512 66.0061
5513 66.0061
5514 66.0061
5515 66.0061
5516 66.0061
5517 66.0061
5518 66.0061
5519 66.0061
5520 66.0061
5521 66.0061
5522 66.0061
5523 66.0061
5524 66.0061
5525 66.0061
5526 66.0061
5527 66.0061
5528 66.0061
5529 66.0061
5530 66.0061
5531 66.0061
5532 66.0061
5533 66.0061
5534 66.0061
5535 66.0061
5536 66.0061
5537 66.0061
5538 66.0061
5539 66.0061
5540 66.0061
5541 66.0061
5542 66.0061
5543 66.0061
5544 66.0061
5545 66.0061
5546 66.0061
5547 66.0061
5548 66.0061
5549 66.0061
5550 66.0061
5551 66.0061
5552 66.0061
5553 66.0061
5554 66.0061
5555 66.0061
5556 66.0061
5557 66.0061
5558 66.0061
5559 66.0061
5560 66.0061
5561 66.0061
5562 66.0061
5563 66.0061
5564 66.0061
5565 66.0061
5566 66.0061
5567 66.0061
5568 66.0061
5569 66.0061
5570 66.0061
5571 66.0061
5572 66.0061
5573 66.0061
5574 66.0061
5575 66.0061
5576 66.0061
5577 66.0061
5578 66.0061
5579 66.0061
5580 66.0061
5581 66.0061
5582 66.0061
5583 66.0061
5584 66.0061
5585 66.0061
5586 66.0061
5587 66.0061
5588 66.0061
5589 66.0061
5590 66.0061
5591 66.0061
5592 66.0061
5593 66.0061
5594 66.0061
5595 66.0061
5596 66.0061
5597 66.0061
5598 66.0061
5599 66.0061
5600 66.0061
5601 66.0061
5602 66.0061
5603 66.0061
5604 66.0061
5605 66.0061
5606 66.0061
5607 66.0061
5608 66.0061
5609 66.0061
5610 66.0061
5611 66.0061
5612 66.0061
5613 66.0061
5614 66.0061
5615 66.0061
5616 66.0061
5617 66.0061
5618 66.0061
5619 66.0061
5620 66.0061
5621 66.0061
5622 66.0061
5623 66.0061
5624 66.0061
5625 66.0061
5626 66.0061
5627 66.0061
5628 66.0061
5629 66.0061
5630 66.0061
5631 66.0061
5632 66.0061
5633 66.0061
5634 66.0061
5635 66.0061
5636 66.0061
5637 66.0061
5638 66.0061
5639 66.0061
5640 66.0061
5641 66.0061
5642 66.0061
5643 66.0061
5644 66.0061
5645 66.0061
5646 66.0061
5647 66.0061
5648 66.0061
5649 66.0061
5650 66.0061
5651 66.0061
5652 66.0061
5653 66.0061
5654 66.0061
5655 66.0061
5656 66.0061
5657 66.0061
5658 66.0061
5659 66.0061
5660 66.0061
5661 66.0061
5662 66.0061
5663 66.0061
5664 66.0061
5665 66.0061
5666 66.0061
5667 66.0061
5668 66.0061
5669 66.0061
5670 66.0061
5671 66.0061
5672 66.0061
5673 66.0061
5674 66.0061
5675 66.0061
5676 66.0061
5677 66.0061
5678 66.0061
5679 66.0061
5680 66.0061
5681 66.0061
5682 66.0061
5683 66.0061
5684 66.0061
5685 66.0061
5686 66.0061
5687 66.0061
5688 66.0061
5689 66.0061
5690 66.0061
5691 66.0061
5692 66.0061
5693 66.0061
5694 66.0061
5695 66.0061
5696 66.0061
5697 66.0061
5698 66.0061
5699 66.0061
5700 66.0061
5701 66.0061
5702 66.0061
5703 66.0061
5704 66.0061
5705 66.0061
5706 66.0061
5707 66.0061
5708 66.0061
5709 66.0061
5710 66.0061
5711 66.0061
5712 66.0061
5713 66.0061
5714 66.0061
5715 66.0061
5716 66.0061
5717 66.0061
5718 66.0061
5719 66.0061
5720 66.0061
5721 66.0061
5722 66.0061
5723 66.0061
5724 66.0061
5725 66.0061
5726 66.0061
5727 66.0061
5728 66.0061
5729 66.0061
5730 66.0061
5731 66.0061
5732 66.0061
5733 66.0061
5734 66.0061
5735 66.0061
5736 66.0061
5737 66.0061
5738 66.0061
5739 66.0061
5740 66.0061
5741 66.0061
5742 66.0061
5743 66.0061
5744 66.0061
5745 66.0061
5746 66.0061
5747 66.0061
5748 66.0061
5749 66.0061
5750 66.0061
5751 66.0061
5752 66.0061
5753 66.0061
5754 66.0061
5755 66.0061
5756 66.0061
5757 66.0061
5758 66.0061
5759 66.0061
5760 66.0061
5761 66.0061
5762 66.0061
5763 66.0061
5764 66.0061
5765 66.0061
5766 66.0061
5767 66.0061
5768 66.0061
5769 66.0061
5770 66.0061
5771 66.0061
5772 66.0061
5773 66.0061
5774 66.0061
5775 66.0061
5776 66.0061
5777 66.0061
5778 66.0061
5779 66.0061
5780 66.0061
5781 66.0061
5782 66.0061
5783 66.0061
5784 66.0061
5785 66.0061
5786 66.0061
5787 66.0061
5788 66.0061
5789 66.0061
5790 66.0061
5791 66.0061
5792 66.0061
5793 66.0061
5794 66.0061
5795 66.0061
5796 66.0061
5797 66.0061
5798 66.0061
5799 66.0061
5800 66.0061
5801 66.0061
5802 66.0061
5803 66.0061
5804 66.0061
5805 66.0061
5806 66.0061
5807 66.0061
5808 66.0061
5809 66.0061
5810 66.0061
5811 66.0061
5812 66.0061
5813 66.0061
5814 66.0061
5815 66.0061
5816 66.0061
5817 66.0061
5818 66.0061
5819 66.0061
5820 66.0061
5821 66.0061
5822 66.0061
5823 66.0061
5824 66.0061
5825 66.0061
5826 66.0061
5827 66.0061
5828 66.0061
5829 66.0061
5830 66.0061
5831 66.0061
5832 66.0061
5833 66.0061
5834 66.0061
5835 66.0061
5836 66.0061
5837 66.0061
5838 66.0061
5839 66.0061
5840 66.0061
5841 66.0061
5842 66.0061
5843 66.0061
5844 66.0061
5845 66.0061
5846 66.0061
5847 66.0061
5848 66.0061
5849 66.0061
5850 66.0061
5851 66.0061
5852 66.0061
5853 66.0061
5854 66.0061
5855 66.0061
5856 66.0061
5857 66.0061
5858 66.0061
5859 66.0061
5860 66.0061
5861 66.0061
5862 66.0061
5863 66.0061
5864 66.0061
5865 66.0061
5866 66.0061
5867 66.0061
5868 66.0061
5869 66.0061
5870 66.0061
5871 66.0061
5872 66.0061
5873 66.0061
5874 66.0061
5875 66.0061
5876 66.0061
5877 66.0061
5878 66.0061
5879 66.0061
5880 66.0061
5881 66.0061
5882 66.0061
5883 66.0061
5884 66.0061
5885 66.0061
5886 66.0061
5887 66.0061
5888 66.0061
5889 66.0061
5890 66.0061
5891 66.0061
5892 66.0061
5893 66.0061
5894 66.0061
5895 66.0061
5896 66.0061
5897 66.0061
5898 66.0061
5899 66.0061
5900 66.0061
5901 66.0061
5902 66.0061
5903 66.0061
5904 66.0061
5905 66.0061
5906 66.0061
5907 66.0061
5908 66.0061
5909 66.0061
5910 66.0061
5911 66.0061
5912 66.0061
5913 66.0061
5914 66.0061
5915 66.0061
5916 66.0061
5917 66.0061
5918 66.0061
5919 66.0061
5920 66.0061
5921 66.0061
5922 66.0061
5923 66.0061
5924 66.0061
5925 66.0061
5926 66.0061
5927 66.0061
5928 66.0061
5929 66.0061
5930 66.0061
5931 66.0061
5932 66.0061
5933 66.0061
5934 66.0061
5935 66.0061
5936 66.0061
5937 66.0061
5938 66.0061
5939 66.0061
5940 66.0061
5941 66.0061
5942 66.0061
5943 66.0061
5944 66.0061
5945 66.0061
5946 66.0061
5947 66.0061
5948 66.0061
5949 66.0061
5950 66.0061
5951 66.0061
5952 66.0061
5953 66.0061
5954 66.0061
5955 66.0061
5956 66.0061
5957 66.0061
5958 66.0061
5959 66.0061
5960 66.0061
5961 66.0061
5962 66.0061
5963 66.0061
5964 66.0061
5965 66.0061
5966 66.0061
5967 66.0061
5968 66.0061
5969 66.0061
5970 66.0061
5971 66.0061
5972 66.0061
5973 66.0061
5974 66.0061
5975 66.0061
5976 66.0061
5977 66.0061
5978 66.0061
5979 66.0061
5980 66.0061
5981 66.0061
5982 66.0061
5983 66.0061
5984 66.0061
5985 66.0061
5986 66.0061
5987 66.0061
5988 66.0061
5989 66.0061
5990 66.0061
5991 66.0061
5992 66.0061
5993 66.0061
5994 66.0061
5995 66.0061
5996 66.0061
5997 66.0061
5998 66.0061
5999 66.0061
6000 66.0061
