1 431.031
2 418.573
3 410.577
4 408.365
5 390.934
6 384.694
7 376
8 360.452
9 360.452
10 358.204
11 352.392
12 350.993
13 340.455
14 340.455
15 336.628
16 334.699
17 329.486
18 323.616
19 318.215
20 318.215
21 316.349
22 310.397
23 296.302
24 296.302
25 292.697
26 289.768
27 289.768
28 289.768
29 288.356
30 284.21
31 282.045
32 276.353
33 276.353
34 275.691
35 271.27
36 271.27
37 271.27
38 269.981
39 269.62
40 268.265
41 259.291
42 259.291
43 256.338
44 256.338
45 256.338
46 256.088
47 253.901
48 253.901
49 249.621
50 249.076
51 249.076
52 249.076
53 245.601
54 244.431
55 244.431
56 244.431
57 244.431
58 244.431
59 234.849
60 234.849
61 234.849
62 234.79
63 233.944
64 232.874
65 226.441
66 226.441
67 225.133
68 223.927
69 223.746
70 218.991
71 218.991
72 217.702
73 217.702
74 213.757
75 213.757
76 213.757
77 213.757
78 213.086
79 212.922
80 212.634
81 209.712
82 207.881
83 207.881
84 207.881
85 207.447
86 203.436
87 203.436
88 202.618
89 200.191
90 201.813
91 201.813
92 199.41
93 199.41
94 199.41
95 199.41
96 199.41
97 198.464
98 199.136
99 198.773
100 197.729
101 197.729
102 197.281
103 197.281
104 197.281
105 196.375
106 196.375
107 193.262
108 193.262
109 189.834
110 192.315
111 191.898
112 189.774
113 187.253
114 187.253
115 182.493
116 182.493
117 182.493
118 182.493
119 182.493
120 180.923
121 180.923
122 180.923
123 180.923
124 179.444
125 178.027
126 178.027
127 178.027
128 175.702
129 175.5
130 175.5
131 175.5
132 175.5
133 175.5
134 174.965
135 174.965
136 174.474
137 174.377
138 170.182
139 170.182
140 168.857
141 168.857
142 168.857
143 168.857
144 168.446
145 167.091
146 166.711
147 166.654
148 166.114
149 165.341
150 164.319
151 164.319
152 164.319
153 162.494
154 162.494
155 162.494
156 162.494
157 162.494
158 160.948
159 159.664
160 159.664
161 159.664
162 159.17
163 159.17
164 157.883
165 157.883
166 151.68
167 151.68
168 151.68
169 151.68
170 151.68
171 151.68
172 151.68
173 150.746
174 149.297
175 149.297
176 149.297
177 149.297
178 149.297
179 148.871
180 148.771
181 148.771
182 148.73
183 148.033
184 148.033
185 145.129
186 146.584
187 146.584
188 146.584
189 146.348
190 146.207
191 146.348
192 146.348
193 146.348
194 146.348
195 146.348
196 145.558
197 145.171
198 143.65
199 143.65
200 143.65
201 142.892
202 142.892
203 142.892
204 142.892
205 142.892
206 142.892
207 142.892
208 142.892
209 142.892
210 142.892
211 142.356
212 142.356
213 141.569
214 141.472
215 141.472
216 141.472
217 140.22
218 139.555
219 139.555
220 139.555
221 139.555
222 139.555
223 137.657
224 137.657
225 137.657
226 137.657
227 137.657
228 137.657
229 137.657
230 137.657
231 136.372
232 136.372
233 133.443
234 133.443
235 133.443
236 133.443
237 130.679
238 130.679
239 130.648
240 130.648
241 130.648
242 130.648
243 130.58
244 130.58
245 130.58
246 130.553
247 128.789
248 127.775
249 127.775
250 127.344
251 127.344
252 127.344
253 127.344
254 127.344
255 127.28
256 127.28
257 127.344
258 126.363
259 126.363
260 126.363
261 126.363
262 127.056
263 126.985
264 126.886
265 126.363
266 125.97
267 125.903
268 125.05
269 125.05
270 125.05
271 125.05
272 124.966
273 124.796
274 124.796
275 124.796
276 124.796
277 124.075
278 122.556
279 122.406
280 122.406
281 122.406
282 122.145
283 122.145
284 121.964
285 121.964
286 121.964
287 121.964
288 121.964
289 121.964
290 121.964
291 120.937
292 120.937
293 120.618
294 119.786
295 119.786
296 119.786
297 119.298
298 118.329
299 118.329
300 118.329
301 118.01
302 117.939
303 117.939
304 117.619
305 116.715
306 116.395
307 116.395
308 116.395
309 116.073
310 116.073
311 116.073
312 115.681
313 114.098
314 114.098
315 114.098
316 114.098
317 114.098
318 114.098
319 114.098
320 113.195
321 113.195
322 113.195
323 113.195
324 113.195
325 113.193
326 112.544
327 112.544
328 112.544
329 112.544
330 112.544
331 112.544
332 112.544
333 111.858
334 111.858
335 111.858
336 111.858
337 111.858
338 111.858
339 111.858
340 111.858
341 111.858
342 111.858
343 111.858
344 111.858
345 111.858
346 110.418
347 110.418
348 110.418
349 110.418
350 110.418
351 110.418
352 110.418
353 110.418
354 110.418
355 110.418
356 110.418
357 110.418
358 110.418
359 110.418
360 110.418
361 110.1
362 110.418
363 110.418
364 110.418
365 110.418
366 110.164
367 110.164
368 110.164
369 110.164
370 109.676
371 109.588
372 109.588
373 109.588
374 109.588
375 109.588
376 109.588
377 109.588
378 109.588
379 109.588
380 109.588
381 109.588
382 109.588
383 109.083
384 109.083
385 109.083
386 107.864
387 107.246
388 107.246
389 106.385
390 106.385
391 106.385
392 106.385
393 106.385
394 106.385
395 105.606
396 105.606
397 105.606
398 105.606
399 105.606
400 105.606
401 105.606
402 105.606
403 105.075
404 105.075
405 105.075
406 105.075
407 105.075
408 104.724
409 104.625
410 104.625
411 105.075
412 105.075
413 105.075
414 105.075
415 105.075
416 104.724
417 104.365
418 104.365
419 104.365
420 104.365
421 104.365
422 104.014
423 103.726
424 103.726
425 103.726
426 103.726
427 103.726
428 103.726
429 103.726
430 103.726
431 103.726
432 103.726
433 103.726
434 103.726
435 103.726
436 103.726
437 103.726
438 103.726
439 103.726
440 103.726
441 103.034
442 102.069
443 102.491
444 102.491
445 102.491
446 102.491
447 102.491
448 101.741
449 101.741
450 101.741
451 101.039
452 101.039
453 101.039
454 101.039
455 101.039
456 101.033
457 100.99
458 100.331
459 101.033
460 100.413
461 100.331
462 100.331
463 100.331
464 100.331
465 100.331
466 100.331
467 100.331
468 100.331
469 100.331
470 100.331
471 100.331
472 100.331
473 99.5315
474 99.5315
475 99.5315
476 99.5315
477 99.5315
478 99.5315
479 99.5315
480 99.5315
481 99.5315
482 99.5315
483 99.5315
484 99.4079
485 99.4079
486 99.4079
487 99.4079
488 99.4079
489 99.4079
490 99.1468
491 99.1468
492 99.2704
493 98.055
494 98.055
495 98.055
496 98.055
497 97.9314
498 97.8104
499 97.9314
500 97.9314
501 97.9314
502 97.9224
503 97.9224
504 97.9224
505 97.9224
506 97.8973
507 97.605
508 97.605
509 97.605
510 97.605
511 97.605
512 96.9226
513 96.9226
514 96.9226
515 96.9226
516 96.9226
517 96.9226
518 96.852
519 96.852
520 96.852
521 96.852
522 96.852
523 96.852
524 96.8423
525 96.8423
526 96.8423
527 96.8423
528 95.9741
529 96.8423
530 96.8423
531 96.8423
532 96.8423
533 96.0029
534 96.3767
535 96.3767
536 96.3026
537 96.3026
538 96.3026
539 96.3026
540 96.3026
541 96.008
542 96.008
543 96.008
544 96.008
545 96.008
546 96.008
547 96.008
548 96.008
549 96.008
550 96.008
551 96.008
552 96.008
553 96.008
554 95.2208
555 95.2208
556 95.2208
557 95.2208
558 95.2208
559 95.2208
560 95.2208
561 95.2208
562 95.2208
563 95.2208
564 94.4669
565 94.4669
566 94.4669
567 94.4669
568 94.4669
569 94.4669
570 94.4669
571 94.4669
572 94.4669
573 94.4669
574 94.0881
575 93.5698
576 93.5698
577 93.5698
578 93.5698
579 93.5698
580 93.5698
581 93.389
582 93.2565
583 93.389
584 93.2565
585 93.2565
586 93.2565
587 93.2565
588 93.1248
589 92.8049
590 92.8049
591 92.8049
592 92.8049
593 92.4916
594 92.4343
595 92.4343
596 92.1828
597 92.1828
598 92.1828
599 92.1828
600 92.1408
601 92.1408
602 92.1255
603 92.0835
604 92.0835
605 91.8934
606 91.7747
607 91.7747
608 91.7747
609 91.5846
610 91.5846
611 91.5846
612 91.5846
613 91.5846
614 91.5846
615 91.5846
616 91.5846
617 91.5846
618 91.5846
619 91.5846
620 91.5846
621 91.5846
622 91.5846
623 91.4252
624 91.4252
625 91.4252
626 91.4252
627 91.4252
628 91.4252
629 91.4252
630 91.4252
631 90.3038
632 90.3038
633 90.3038
634 90.3038
635 90.3038
636 90.3038
637 90.3038
638 90.3038
639 90.3038
640 89.9043
641 89.9043
642 89.0347
643 89.0347
644 89.0347
645 89.0347
646 89.0347
647 89.0347
648 89.0347
649 89.0347
650 89.0347
651 89.0347
652 89.0347
653 89.0347
654 89.0347
655 89.0347
656 89.0347
657 89.0347
658 89.0347
659 89.0347
660 89.0347
661 89.0347
662 89.0347
663 89.0347
664 88.5364
665 88.5364
666 88.5364
667 88.4758
668 88.2006
669 88.2006
670 88.1478
671 87.9224
672 87.7024
673 87.7024
674 87.7024
675 87.7024
676 87.6417
677 87.6417
678 87.6417
679 87.6417
680 87.6417
681 87.6417
682 87.6417
683 87.6417
684 87.6417
685 87.6417
686 87.6417
687 87.6417
688 87.6417
689 87.6417
690 87.6417
691 87.602
692 87.602
693 87.602
694 87.3887
695 87.3887
696 87.3887
697 87.3887
698 87.3887
699 87.3887
700 87.2218
701 87.1408
702 87.1408
703 87.1408
704 86.9739
705 87.1408
706 86.9739
707 86.9739
708 86.9739
709 86.9739
710 86.9739
711 86.8726
712 86.8726
713 86.8726
714 86.8726
715 86.8726
716 86.8726
717 86.7058
718 86.7058
719 86.7058
720 86.7058
721 86.7058
722 86.7058
723 86.7058
724 86.7058
725 86.7058
726 86.7058
727 85.8067
728 85.8067
729 85.8067
730 85.8067
731 85.8067
732 85.7055
733 85.7055
734 85.7055
735 85.3842
736 85.3283
737 85.3283
738 85.0804
739 85.0804
740 84.9792
741 84.9792
742 84.9792
743 84.9792
744 84.9127
745 84.5584
746 84.5293
747 84.5293
748 84.5293
749 84.5293
750 84.5293
751 84.5293
752 84.1085
753 83.5762
754 84.1085
755 84.1085
756 84.1085
757 84.1085
758 84.1085
759 84.1085
760 84.1085
761 84.1085
762 84.1085
763 84.1085
764 84.1085
765 84.1085
766 84.1085
767 84.1085
768 84.1085
769 84.1085
770 84.1085
771 84.1085
772 84.0233
773 84.0233
774 84.0233
775 84.0233
776 84.0233
777 84.0233
778 84.0233
779 84.0233
780 84.0233
781 84.0233
782 84.0233
783 84.0233
784 83.96
785 83.96
786 83.96
787 83.96
788 83.96
789 83.96
790 83.96
791 83.96
792 83.96
793 83.96
794 83.96
795 83.96
796 83.96
797 83.96
798 83.8017
799 83.8993
800 83.8993
801 83.8993
802 83.8993
803 83.8993
804 83.8993
805 83.8993
806 83.8993
807 83.6484
808 83.6484
809 83.6484
810 83.6484
811 83.6484
812 83.6484
813 83.6484
814 83.6484
815 83.6484
816 83.6484
817 83.6484
818 83.6484
819 83.6484
820 83.6484
821 83.4108
822 83.4108
823 83.4108
824 82.9304
825 82.9304
826 83.2847
827 83.2847
828 83.2847
829 82.9304
830 82.9304
831 82.9304
832 82.9304
833 82.781
834 82.781
835 82.781
836 82.781
837 82.781
838 82.781
839 82.781
840 82.781
841 82.781
842 82.781
843 82.781
844 82.781
845 82.781
846 82.781
847 82.781
848 82.781
849 82.781
850 82.781
851 82.781
852 82.781
853 82.781
854 82.781
855 82.781
856 82.667
857 82.667
858 82.667
859 82.667
860 82.667
861 82.667
862 82.667
863 82.4023
864 82.4023
865 82.4023
866 82.4023
867 82.4023
868 82.4023
869 82.2882
870 82.2882
871 82.2882
872 82.2882
873 82.2882
874 82.2882
875 82.2882
876 82.2882
877 82.2882
878 82.2882
879 82.2882
880 82.2882
881 82.2882
882 82.2882
883 82.2882
884 82.2882
885 82.0964
886 82.0964
887 82.0964
888 82.0964
889 82.0964
890 82.0964
891 82.0964
892 82.0964
893 82.0964
894 81.6436
895 81.6436
896 81.6436
897 81.6436
898 81.6436
899 81.0462
900 81.6436
901 81.6436
902 81.6436
903 81.6436
904 81.6436
905 81.6436
906 81.6436
907 81.6436
908 81.6436
909 81.6436
910 81.6436
911 81.6436
912 80.2807
913 80.2807
914 80.2807
915 80.2807
916 80.2807
917 80.2807
918 80.2807
919 80.2807
920 80.2807
921 80.2807
922 80.2807
923 80.2807
924 79.9735
925 79.9735
926 79.9735
927 79.9735
928 79.9735
929 79.9735
930 79.9735
931 79.9735
932 79.9735
933 79.9735
934 79.9735
935 79.7418
936 79.7418
937 79.7418
938 79.9735
939 79.9735
940 79.9735
941 79.9735
942 79.9735
943 79.9735
944 79.9735
945 79.9735
946 79.9735
947 79.9735
948 79.9735
949 79.9735
950 79.9735
951 79.9735
952 79.9735
953 79.9735
954 79.9735
955 79.9735
956 79.9735
957 79.9735
958 79.4261
959 79.4261
960 79.4261
961 79.4261
962 79.4261
963 79.4261
964 79.4261
965 79.4261
966 79.4261
967 79.4261
968 79.4261
969 79.4261
970 79.4261
971 79.4261
972 79.4261
973 79.4261
974 79.4261
975 79.4261
976 78.8695
977 78.8695
978 78.8695
979 77.1639
980 77.1639
981 77.1639
982 77.1639
983 77.1639
984 77.1639
985 77.1639
986 77.1639
987 77.1639
988 77.1639
989 77.1639
990 77.1639
991 77.1639
992 77.1639
993 77.1639
994 76.8174
995 76.8174
996 76.8174
997 76.8174
998 76.8174
999 76.8174
1000 76.8174
1001 76.8174
1002 76.8174
1003 76.8174
1004 76.8174
1005 76.8174
1006 76.8174
1007 76.8174
1008 76.8174
1009 76.8174
1010 76.8174
1011 76.8174
1012 76.8174
1013 76.8174
1014 76.8174
1015 76.8174
1016 76.8174
1017 76.8174
1018 76.8174
1019 76.8174
1020 76.1254
1021 76.1254
1022 76.1254
1023 76.1254
1024 76.1254
1025 75.634
1026 75.634
1027 75.634
1028 75.634
1029 75.634
1030 75.634
1031 75.634
1032 75.634
1033 75.634
1034 75.634
1035 75.634
1036 75.634
1037 75.634
1038 75.634
1039 75.3775
1040 75.3775
1041 75.3775
1042 75.3775
1043 75.3775
1044 75.3775
1045 75.3775
1046 75.3775
1047 75.3775
1048 75.3775
1049 75.3775
1050 75.3775
1051 75.3775
1052 75.3775
1053 75.3775
1054 75.3775
1055 75.1165
1056 75.1165
1057 75.1165
1058 75.1165
1059 75.1165
1060 75.1165
1061 75.1165
1062 75.1165
1063 75.1165
1064 75.1165
1065 75.1165
1066 75.1165
1067 75.1165
1068 75.1165
1069 75.1165
1070 75.1165
1071 75.1165
1072 75.1165
1073 75.1165
1074 75.1165
1075 75.1165
1076 75.1165
1077 75.1165
1078 75.1165
1079 75.1165
1080 74.8899
1081 74.8899
1082 74.8899
1083 74.8899
1084 74.8899
1085 74.8899
1086 74.8899
1087 74.8899
1088 74.8899
1089 74.8899
1090 74.6645
1091 74.6645
1092 74.6645
1093 74.6645
1094 74.6645
1095 74.6645
1096 74.6645
1097 74.6645
1098 74.6645
1099 74.6645
1100 74.6645
1101 74.6645
1102 74.6645
1103 74.6645
1104 74.6645
1105 74.6645
1106 74.6645
1107 74.6645
1108 74.6645
1109 74.6645
1110 74.6645
1111 74.6645
1112 74.5203
1113 74.4296
1114 74.4296
1115 74.4296
1116 74.4296
1117 74.4296
1118 74.4296
1119 74.4296
1120 74.4296
1121 74.4296
1122 74.4296
1123 74.4296
1124 74.4296
1125 74.4296
1126 74.4296
1127 74.4296
1128 74.4296
1129 74.4296
1130 74.4296
1131 74.4296
1132 74.4296
1133 74.4296
1134 74.4296
1135 74.4296
1136 74.4296
1137 74.4296
1138 74.4296
1139 74.4296
1140 74.4296
1141 74.4296
1142 74.4296
1143 74.4296
1144 74.4296
1145 74.4296
1146 74.4296
1147 74.3905
1148 74.3905
1149 74.3905
1150 74.3905
1151 74.3905
1152 74.3905
1153 74.3905
1154 74.3905
1155 74.3905
1156 74.3905
1157 74.3905
1158 74.3905
1159 74.0945
1160 74.0945
1161 74.0945
1162 74.0945
1163 74.0945
1164 74.0945
1165 74.0945
1166 74.0945
1167 74.0945
1168 74.0945
1169 74.0945
1170 74.0945
1171 74.0945
1172 74.0945
1173 74.0945
1174 74.0945
1175 74.0945
1176 74.0945
1177 74.0945
1178 74.0945
1179 74.0945
1180 74.0945
1181 74.0945
1182 74.0945
1183 74.0945
1184 74.0945
1185 74.0945
1186 74.0945
1187 74.0945
1188 74.0945
1189 74.0945
1190 74.0945
1191 74.0945
1192 74.0945
1193 74.0945
1194 74.0945
1195 74.0945
1196 73.9427
1197 73.9427
1198 73.9427
1199 73.9427
1200 73.9427
1201 73.9427
1202 73.9427
1203 73.9427
1204 73.9427
1205 73.9427
1206 73.9427
1207 73.9427
1208 73.9427
1209 73.3846
1210 73.3846
1211 73.3846
1212 73.3846
1213 73.3846
1214 73.3846
1215 73.3846
1216 73.3846
1217 73.3846
1218 73.3846
1219 73.3846
1220 73.3846
1221 73.3846
1222 73.3846
1223 73.3846
1224 73.3846
1225 73.3846
1226 73.3846
1227 73.3846
1228 73.3846
1229 73.1066
1230 73.1066
1231 73.1066
1232 73.1066
1233 73.1066
1234 73.1066
1235 73.0973
1236 73.0973
1237 73.0973
1238 73.0973
1239 73.0973
1240 73.0973
1241 73.0973
1242 73.0973
1243 73.0973
1244 73.0973
1245 73.0973
1246 73.0973
1247 73.0973
1248 73.0973
1249 73.0973
1250 73.0973
1251 73.0973
1252 73.0973
1253 73.0973
1254 73.0594
1255 73.0594
1256 73.0594
1257 73.0594
1258 73.0594
1259 73.0594
1260 73.0594
1261 73.0594
1262 73.0594
1263 73.0594
1264 73.0594
1265 73.0594
1266 73.0594
1267 73.0594
1268 73.0594
1269 73.0594
1270 73.0594
1271 73.0594
1272 73.0594
1273 73.0594
1274 73.0594
1275 73.0594
1276 73.0594
1277 73.0594
1278 73.0594
1279 73.0594
1280 73.0594
1281 73.0594
1282 73.0594
1283 73.0594
1284 73.0594
1285 72.9175
1286 72.9175
1287 72.9175
1288 72.9175
1289 72.3792
1290 72.3792
1291 72.3792
1292 72.3792
1293 72.3792
1294 71.6104
1295 71.6104
1296 72.3792
1297 72.3792
1298 71.935
1299 71.935
1300 71.935
1301 71.935
1302 71.935
1303 71.935
1304 71.935
1305 71.935
1306 71.935
1307 71.935
1308 71.935
1309 71.935
1310 71.935
1311 71.935
1312 71.935
1313 71.935
1314 71.935
1315 71.935
1316 71.935
1317 71.935
1318 71.935
1319 71.935
1320 71.935
1321 71.5563
1322 71.5563
1323 71.5563
1324 71.5563
1325 71.5563
1326 71.5563
1327 71.5563
1328 71.5563
1329 71.5563
1330 71.5563
1331 71.5563
1332 71.5563
1333 71.5563
1334 71.5563
1335 71.5563
1336 71.5563
1337 71.5563
1338 71.5563
1339 71.5563
1340 71.5563
1341 71.5563
1342 71.5563
1343 71.5563
1344 71.5563
1345 71.5563
1346 71.5563
1347 71.5563
1348 71.3377
1349 71.3377
1350 71.3377
1351 71.3377
1352 71.3377
1353 71.3377
1354 71.3377
1355 71.3377
1356 71.3377
1357 71.3377
1358 71.3377
1359 71.2826
1360 71.2826
1361 71.2826
1362 71.2826
1363 71.2826
1364 71.2826
1365 71.2826
1366 71.2826
1367 71.2826
1368 71.2826
1369 71.2826
1370 71.2826
1371 71.2826
1372 71.2826
1373 71.2826
1374 71.2826
1375 71.2826
1376 71.2826
1377 71.2826
1378 71.2826
1379 71.2826
1380 71.2826
1381 71.2826
1382 71.2826
1383 71.2826
1384 71.2826
1385 71.2826
1386 71.2826
1387 71.2826
1388 71.2484
1389 71.2484
1390 71.2484
1391 71.2484
1392 71.2484
1393 71.2484
1394 71.2484
1395 71.2484
1396 71.2484
1397 71.2484
1398 71.2484
1399 71.2484
1400 71.2484
1401 71.2484
1402 71.2484
1403 71.2484
1404 71.2484
1405 71.2484
1406 71.1213
1407 71.1213
1408 71.1213
1409 71.1213
1410 71.1213
1411 71.1213
1412 71.1213
1413 71.1213
1414 71.1213
1415 71.1213
1416 71.1213
1417 71.1213
1418 71.1213
1419 71.1213
1420 71.1213
1421 71.1213
1422 71.1213
1423 71.1213
1424 71.1213
1425 71.1213
1426 71.1213
1427 71.1213
1428 71.1213
1429 71.0821
1430 71.1213
1431 71.1213
1432 70.8921
1433 70.8921
1434 70.8921
1435 70.8921
1436 70.8921
1437 70.8921
1438 70.8921
1439 70.8921
1440 70.8921
1441 70.8921
1442 70.8921
1443 70.8921
1444 70.8921
1445 70.8921
1446 70.8921
1447 70.8921
1448 70.8921
1449 70.8921
1450 70.8921
1451 70.8921
1452 70.8921
1453 70.8921
1454 70.8921
1455 70.8921
1456 70.8921
1457 70.8921
1458 70.8921
1459 70.8921
1460 70.8921
1461 70.8921
1462 70.8921
1463 70.8921
1464 70.8921
1465 70.8921
1466 70.8921
1467 70.8921
1468 70.8921
1469 70.8921
1470 70.8921
1471 70.8921
1472 70.8921
1473 70.8921
1474 70.8921
1475 70.8921
1476 70.8921
1477 70.8921
1478 70.8921
1479 70.8921
1480 70.8921
1481 70.8921
1482 70.8921
1483 70.8921
1484 70.8921
1485 70.8921
1486 70.7502
1487 70.7502
1488 70.7502
1489 70.7502
1490 70.7502
1491 70.7502
1492 70.7502
1493 70.7502
1494 70.7502
1495 70.7502
1496 70.7502
1497 70.7502
1498 70.7502
1499 70.7502
1500 70.7502
1501 70.7502
1502 70.7502
1503 70.7502
1504 70.7502
1505 70.7502
1506 70.7502
1507 70.7502
1508 70.7502
1509 70.7502
1510 70.7502
1511 70.7502
1512 70.7502
1513 70.7502
1514 70.7502
1515 70.7502
1516 70.7502
1517 70.7502
1518 70.7502
1519 70.7502
1520 70.7502
1521 70.7502
1522 70.7502
1523 70.7502
1524 70.7502
1525 70.7502
1526 70.7502
1527 70.7502
1528 70.7502
1529 70.7502
1530 70.7502
1531 70.7502
1532 70.7502
1533 70.7502
1534 70.7502
1535 70.7502
1536 70.7502
1537 70.7502
1538 70.7502
1539 70.7502
1540 70.7502
1541 70.7502
1542 70.7502
1543 70.7502
1544 70.7502
1545 70.7502
1546 70.7502
1547 70.7502
1548 70.7502
1549 70.7502
1550 70.7502
1551 70.7502
1552 70.7502
1553 70.7502
1554 70.7502
1555 70.7502
1556 70.7502
1557 70.7502
1558 70.7502
1559 70.7502
1560 70.7502
1561 70.7502
1562 70.7502
1563 70.7502
1564 70.7502
1565 70.7502
1566 70.7502
1567 70.7502
1568 70.7502
1569 70.7502
1570 70.7502
1571 70.7502
1572 70.7502
1573 70.7502
1574 70.7502
1575 70.7502
1576 70.7502
1577 70.7502
1578 70.7502
1579 70.7502
1580 70.7502
1581 70.7502
1582 70.7502
1583 70.7502
1584 70.7502
1585 70.7502
1586 70.7502
1587 70.7502
1588 70.7502
1589 70.7502
1590 70.7502
1591 70.7502
1592 70.7502
1593 70.7502
1594 70.7502
1595 70.7502
1596 70.7502
1597 70.7502
1598 70.7502
1599 70.7502
1600 70.7502
1601 70.7502
1602 70.7502
1603 70.7502
1604 70.7502
1605 70.7502
1606 70.7502
1607 70.7502
1608 70.7502
1609 70.7502
1610 70.7502
1611 70.7502
1612 70.7502
1613 70.7502
1614 70.7502
1615 70.7502
1616 70.7502
1617 70.7502
1618 70.7502
1619 70.7502
1620 70.7502
1621 70.7502
1622 70.7502
1623 70.7502
1624 70.7502
1625 70.7502
1626 70.7502
1627 70.7502
1628 70.7502
1629 70.7502
1630 70.7502
1631 70.7502
1632 70.7502
1633 70.7502
1634 70.7502
1635 70.7502
1636 70.3914
1637 70.3914
1638 70.3914
1639 70.3914
1640 70.3914
1641 70.3914
1642 70.3914
1643 70.3914
1644 70.3914
1645 70.3914
1646 70.3914
1647 70.3914
1648 70.3914
1649 70.3914
1650 70.3914
1651 70.3914
1652 70.3914
1653 70.3914
1654 70.3914
1655 70.3914
1656 70.3914
1657 70.3914
1658 70.3914
1659 70.3914
1660 70.3914
1661 70.3914
1662 70.3914
1663 70.3914
1664 70.3914
1665 70.3914
1666 70.3914
1667 70.3914
1668 70.3914
1669 70.3914
1670 70.3914
1671 70.3914
1672 70.3914
1673 70.3914
1674 70.3914
1675 70.3914
1676 70.3914
1677 70.3914
1678 70.3914
1679 70.3914
1680 70.3914
1681 70.3914
1682 70.3914
1683 70.3914
1684 70.3914
1685 70.3914
1686 70.3914
1687 70.3914
1688 70.3914
1689 70.3914
1690 70.3914
1691 70.3914
1692 70.3914
1693 70.3914
1694 70.3914
1695 70.3914
1696 70.3914
1697 70.3914
1698 70.3914
1699 70.3914
1700 70.3914
1701 70.3914
1702 70.3914
1703 70.3914
1704 70.3914
1705 70.3914
1706 70.3914
1707 70.3914
1708 70.3914
1709 70.3914
1710 70.3914
1711 70.3914
1712 70.3914
1713 70.3914
1714 70.3914
1715 70.3914
1716 70.3914
1717 70.3914
1718 70.3914
1719 70.3914
1720 70.3914
1721 70.3914
1722 70.3914
1723 70.3914
1724 70.3914
1725 70.3914
1726 70.3914
1727 70.3914
1728 70.3914
1729 70.3914
1730 70.2937
1731 70.2937
1732 70.2937
1733 70.2937
1734 70.2937
1735 70.2937
1736 70.2937
1737 70.2937
1738 70.2937
1739 70.2937
1740 70.2937
1741 70.2937
1742 70.2937
1743 70.2937
1744 70.2937
1745 70.2937
1746 70.2937
1747 70.2937
1748 70.2937
1749 70.2937
1750 70.2937
1751 70.2937
1752 70.2937
1753 70.2937
1754 70.2937
1755 70.2937
1756 70.2937
1757 70.2937
1758 70.2937
1759 70.2937
1760 70.2937
1761 70.2937
1762 70.2937
1763 70.2937
1764 70.2937
1765 70.2937
1766 70.2937
1767 70.2937
1768 70.2937
1769 70.2937
1770 70.2937
1771 70.2937
1772 70.2937
1773 70.2937
1774 70.2937
1775 70.2937
1776 70.2937
1777 70.2937
1778 70.2937
1779 70.2937
1780 70.2937
1781 70.2937
1782 70.2937
1783 70.2937
1784 70.2937
1785 70.2937
1786 70.2937
1787 70.2937
1788 70.2937
1789 70.2937
1790 70.2937
1791 70.2937
1792 70.2937
1793 70.2937
1794 70.2937
1795 70.2937
1796 70.2937
1797 70.2937
1798 70.2937
1799 70.2937
1800 70.2937
1801 70.2937
1802 70.2937
1803 70.2937
1804 70.2937
1805 70.2937
1806 70.2937
1807 70.2937
1808 70.2937
1809 70.2937
1810 70.2937
1811 70.2937
1812 70.2937
1813 70.2937
1814 70.2937
1815 70.2937
1816 70.2937
1817 70.2937
1818 70.2937
1819 70.2937
1820 70.2937
1821 70.2937
1822 70.2937
1823 70.2937
1824 70.2937
1825 70.2937
1826 70.2937
1827 70.2937
1828 70.2937
1829 70.2937
1830 70.2937
1831 70.2937
1832 70.2937
1833 70.2937
1834 70.2937
1835 70.2937
1836 70.2937
1837 70.2937
1838 70.2937
1839 70.2937
1840 70.2937
1841 70.2937
1842 70.2937
1843 70.2937
1844 70.2937
1845 70.2937
1846 70.2937
1847 70.2937
1848 70.2937
1849 70.2937
1850 70.2937
1851 70.2937
1852 70.2937
1853 70.2937
1854 70.2937
1855 70.2937
1856 70.2937
1857 70.2937
1858 70.2937
1859 70.2937
1860 70.2412
1861 70.2412
1862 70.2412
1863 70.2412
1864 70.2412
1865 70.2412
1866 70.2412
1867 70.2412
1868 70.058
1869 70.2412
1870 70.1781
1871 70.1781
1872 70.1781
1873 70.1781
1874 70.1781
1875 70.1781
1876 70.1781
1877 70.1781
1878 70.1781
1879 70.1781
1880 70.1781
1881 70.1781
1882 70.1781
1883 70.1781
1884 70.1781
1885 70.1781
1886 70.1781
1887 70.1781
1888 70.1781
1889 70.1781
1890 70.1781
1891 70.1781
1892 70.1781
1893 70.1781
1894 70.1781
1895 70.1781
1896 70.1781
1897 70.1781
1898 70.1781
1899 70.1781
1900 70.1781
1901 70.1781
1902 70.1781
1903 70.1781
1904 70.1781
1905 70.1781
1906 70.1781
1907 70.1781
1908 70.1781
1909 70.1781
1910 70.1781
1911 70.1781
1912 70.1781
1913 70.1781
1914 70.1781
1915 70.1781
1916 70.1781
1917 70.1781
1918 70.1781
1919 69.7915
1920 69.7915
1921 69.7915
1922 69.7915
1923 69.7915
1924 69.7915
1925 69.7915
1926 69.7915
1927 69.7915
1928 69.7915
1929 69.7915
1930 69.7915
1931 69.7915
1932 69.7915
1933 69.7915
1934 69.7915
1935 69.7915
1936 69.7915
1937 69.7915
1938 69.7915
1939 69.7915
1940 69.7915
1941 69.7915
1942 69.7915
1943 69.7915
1944 69.7915
1945 69.7915
1946 69.7915
1947 69.7915
1948 69.7915
1949 69.7915
1950 69.7915
1951 69.7915
1952 69.7915
1953 69.7915
1954 69.7915
1955 69.7915
1956 69.7915
1957 69.7915
1958 69.7915
1959 69.7915
1960 69.7915
1961 69.7915
1962 69.7915
1963 69.7915
1964 69.7915
1965 69.7915
1966 69.7915
1967 69.7915
1968 69.7915
1969 69.7915
1970 69.7915
1971 69.7915
1972 69.7915
1973 69.7915
1974 69.7915
1975 69.7915
1976 69.7915
1977 69.7915
1978 69.7915
1979 69.7915
1980 69.7915
1981 69.7915
1982 69.7915
1983 69.7915
1984 69.7915
1985 69.7649
1986 69.7649
1987 69.7649
1988 69.7649
1989 69.7649
1990 69.7649
1991 69.7649
1992 69.7649
1993 69.7649
1994 69.7649
1995 69.7649
1996 69.7649
1997 69.7649
1998 69.7649
1999 69.7649
2000 69.7649
2001 69.7649
2002 69.7649
2003 69.7649
2004 69.5292
2005 69.5292
2006 69.5292
2007 69.5292
2008 69.5292
2009 69.5292
2010 69.5292
2011 69.5292
2012 69.5292
2013 69.5292
2014 69.5292
2015 69.5292
2016 69.5292
2017 69.5292
2018 69.5292
2019 69.5292
2020 69.5292
2021 69.5292
2022 69.5292
2023 69.5292
2024 69.5292
2025 69.5292
2026 69.5292
2027 69.5292
2028 69.5292
2029 69.5292
2030 69.5292
2031 69.5292
2032 69.5292
2033 69.5292
2034 69.5292
2035 69.5292
2036 69.5292
2037 69.5292
2038 69.5292
2039 69.5292
2040 69.5292
2041 69.5292
2042 69.5292
2043 69.5292
2044 69.5292
2045 69.5292
2046 69.5292
2047 69.5292
2048 69.5292
2049 69.5292
2050 69.5292
2051 69.5292
2052 69.5292
2053 69.5292
2054 69.5292
2055 69.5292
2056 69.5292
2057 69.5292
2058 69.5292
2059 69.5292
2060 69.5292
2061 69.5292
2062 69.5292
2063 69.5292
2064 69.5292
2065 69.5292
2066 69.5292
2067 69.5292
2068 69.5292
2069 69.5292
2070 69.5292
2071 69.5292
2072 69.5292
2073 69.5292
2074 69.5292
2075 69.5292
2076 69.5292
2077 69.5292
2078 69.5292
2079 69.5292
2080 69.5292
2081 69.5292
2082 69.5292
2083 69.5292
2084 69.5292
2085 69.5292
2086 69.5292
2087 69.5292
2088 69.5292
2089 69.5292
2090 69.5292
2091 69.5292
2092 69.5292
2093 69.5292
2094 69.5292
2095 69.5292
2096 69.5292
2097 69.5292
2098 69.5292
2099 69.5292
2100 69.5292
2101 69.5292
2102 69.5292
2103 69.5292
2104 69.5292
2105 69.5292
2106 69.5292
2107 69.5292
2108 69.5292
2109 69.5292
2110 69.5292
2111 69.5292
2112 69.5292
2113 69.5292
2114 69.5292
2115 69.5292
2116 69.5292
2117 69.5292
2118 69.5292
2119 69.5292
2120 69.5292
2121 69.5292
2122 69.5292
2123 69.5292
2124 69.5292
2125 69.5292
2126 69.5292
2127 69.5292
2128 69.5292
2129 69.5292
2130 69.5292
2131 69.5292
2132 69.5292
2133 69.5292
2134 69.5292
2135 69.5292
2136 69.5292
2137 69.5292
2138 69.5292
2139 69.5292
2140 69.5292
2141 69.5292
2142 69.5292
2143 69.5292
2144 69.5292
2145 69.5292
2146 69.5292
2147 69.5292
2148 69.5292
2149 69.5292
2150 69.5292
2151 69.5292
2152 69.5292
2153 69.5292
2154 69.5292
2155 69.5292
2156 69.5292
2157 69.5292
2158 69.5292
2159 69.5292
2160 69.5292
2161 69.5292
2162 69.5292
2163 69.5292
2164 69.5292
2165 69.5292
2166 69.5292
2167 69.5292
2168 69.5292
2169 69.5292
2170 69.5292
2171 69.5292
2172 69.5292
2173 69.5292
2174 69.5292
2175 69.5292
2176 69.5292
2177 69.5292
2178 69.5292
2179 69.5292
2180 69.5292
2181 69.5292
2182 69.5292
2183 69.5292
2184 69.5292
2185 69.5292
2186 69.5292
2187 69.5292
2188 69.5292
2189 69.5292
2190 69.5292
2191 69.5292
2192 69.5292
2193 69.5292
2194 69.5292
2195 69.4739
2196 69.4739
2197 69.4739
2198 69.4739
2199 69.4739
2200 69.4739
2201 69.4739
2202 69.4739
2203 69.4739
2204 69.4739
2205 69.4739
2206 69.4739
2207 69.4739
2208 69.4739
2209 69.4739
2210 69.4739
2211 69.4739
2212 69.4739
2213 69.4739
2214 69.4739
2215 69.4739
2216 69.4739
2217 69.4739
2218 69.4739
2219 69.4739
2220 69.4739
2221 69.3236
2222 69.3236
2223 69.3236
2224 69.3236
2225 69.3236
2226 69.3236
2227 69.3236
2228 69.3236
2229 69.3236
2230 69.3236
2231 69.3236
2232 69.1298
2233 69.1298
2234 69.1298
2235 69.3236
2236 69.3236
2237 69.1298
2238 69.1298
2239 69.1298
2240 69.1298
2241 69.1298
2242 69.1298
2243 69.1298
2244 69.1298
2245 69.1298
2246 69.1298
2247 69.1298
2248 69.1298
2249 69.1298
2250 69.1298
2251 69.1298
2252 69.1298
2253 69.1298
2254 69.1298
2255 69.1298
2256 69.1298
2257 69.1298
2258 69.1298
2259 69.1298
2260 69.1298
2261 69.0207
2262 69.0207
2263 69.0207
2264 69.0207
2265 69.0207
2266 69.0207
2267 69.0207
2268 69.0207
2269 69.0207
2270 69.0207
2271 69.0207
2272 69.0207
2273 69.0207
2274 69.0207
2275 69.0207
2276 69.0207
2277 69.0207
2278 69.0207
2279 69.0207
2280 69.0207
2281 69.0207
2282 69.0207
2283 69.0207
2284 69.0207
2285 69.0207
2286 69.0207
2287 69.0207
2288 69.0207
2289 69.0207
2290 69.0207
2291 69.0207
2292 69.0207
2293 69.0207
2294 69.0207
2295 69.0207
2296 69.0207
2297 69.0207
2298 69.0207
2299 69.0207
2300 69.0207
2301 69.0207
2302 69.0207
2303 69.0207
2304 69.0207
2305 69.0207
2306 69.0207
2307 69.0207
2308 69.0207
2309 69.0207
2310 69.0207
2311 69.0207
2312 69.0207
2313 69.0207
2314 69.0207
2315 69.0207
2316 69.0207
2317 69.0207
2318 69.0207
2319 69.0207
2320 69.0207
2321 69.0207
2322 69.0207
2323 69.0207
2324 69.0207
2325 69.0207
2326 69.0207
2327 69.0207
2328 69.0207
2329 69.0207
2330 69.0207
2331 69.0207
2332 69.0207
2333 69.0207
2334 69.0207
2335 69.0207
2336 69.0207
2337 69.0207
2338 69.0207
2339 69.0207
2340 69.0207
2341 69.0207
2342 69.0207
2343 69.0207
2344 69.0207
2345 69.0207
2346 69.0207
2347 69.0207
2348 69.0207
2349 69.0207
2350 69.0207
2351 69.0207
2352 69.0207
2353 69.0207
2354 69.0207
2355 69.0207
2356 69.0207
2357 69.0207
2358 69.0207
2359 69.0207
2360 69.0207
2361 69.0207
2362 69.0207
2363 69.0207
2364 69.0207
2365 69.0207
2366 69.0207
2367 69.0207
2368 69.0207
2369 69.0207
2370 69.0207
2371 69.0207
2372 69.0207
2373 69.0207
2374 69.0207
2375 69.0207
2376 69.0207
2377 69.0207
2378 69.0207
2379 69.0207
2380 69.0207
2381 69.0207
2382 69.0207
2383 69.0207
2384 69.0207
2385 69.0207
2386 69.0207
2387 69.0207
2388 69.0207
2389 69.0207
2390 69.0207
2391 69.0207
2392 69.0207
2393 69.0207
2394 69.0207
2395 69.0207
2396 69.0207
2397 69.0207
2398 69.0207
2399 69.0207
2400 69.0207
2401 69.0207
2402 69.0207
2403 69.0207
2404 69.0207
2405 69.0207
2406 69.0207
2407 69.0207
2408 69.0207
2409 69.0207
2410 69.0207
2411 69.0207
2412 69.0207
2413 69.0207
2414 69.0207
2415 69.0207
2416 69.0207
2417 69.0207
2418 69.0207
2419 69.0207
2420 69.0207
2421 69.0207
2422 69.0207
2423 69.0207
2424 69.0207
2425 69.0207
2426 69.0207
2427 69.0207
2428 69.0207
2429 69.0207
2430 69.0207
2431 69.0207
2432 69.0207
2433 69.0207
2434 69.0207
2435 69.0207
2436 69.0207
2437 69.0207
2438 69.0207
2439 69.0207
2440 69.0207
2441 69.0207
2442 69.0207
2443 69.0207
2444 69.0207
2445 69.0207
2446 69.0207
2447 69.0207
2448 69.0207
2449 69.0207
2450 69.0207
2451 69.0207
2452 69.0207
2453 69.0207
2454 69.0207
2455 69.0207
2456 69.0207
2457 69.0207
2458 69.0207
2459 69.0207
2460 69.0207
2461 69.0207
2462 69.0207
2463 69.0207
2464 69.0207
2465 69.0207
2466 69.0207
2467 69.0207
2468 69.0207
2469 69.0207
2470 69.0207
2471 69.0207
2472 69.0207
2473 69.0207
2474 69.0207
2475 69.0207
2476 69.0207
2477 69.0207
2478 69.0207
2479 69.0207
2480 69.0207
2481 69.0207
2482 69.0207
2483 69.0207
2484 69.0207
2485 69.0207
2486 69.0207
2487 69.0207
2488 69.0207
2489 69.0207
2490 69.0207
2491 69.0207
2492 69.0207
2493 69.0207
2494 69.0207
2495 69.0207
2496 69.0207
2497 69.0207
2498 69.0207
2499 69.0207
2500 69.0207
2501 69.0207
2502 69.0207
2503 69.0207
2504 69.0207
2505 69.0207
2506 69.0207
2507 69.0207
2508 69.0207
2509 69.0207
2510 69.0207
2511 69.0207
2512 69.0207
2513 69.0207
2514 69.0207
2515 69.0207
2516 69.0207
2517 69.0207
2518 69.0207
2519 69.0207
2520 69.0207
2521 69.0207
2522 69.0207
2523 69.0207
2524 69.0207
2525 69.0207
2526 69.0207
2527 69.0207
2528 69.0207
2529 69.0207
2530 69.0207
2531 69.0207
2532 69.0207
2533 69.0207
2534 69.0207
2535 69.0207
2536 69.0207
2537 69.0207
2538 69.0207
2539 69.0207
2540 69.0207
2541 69.0207
2542 69.0207
2543 69.0207
2544 69.0207
2545 69.0207
2546 69.0207
2547 69.0207
2548 69.0207
2549 69.0207
2550 69.0207
2551 69.0207
2552 69.0207
2553 69.0207
2554 69.0207
2555 69.0207
2556 69.0207
2557 69.0207
2558 69.0207
2559 69.0207
2560 69.0207
2561 69.0207
2562 69.0207
2563 69.0207
2564 69.0207
2565 69.0207
2566 69.0207
2567 69.0207
2568 69.0207
2569 69.0207
2570 69.0207
2571 69.0207
2572 69.0207
2573 69.0207
2574 69.0207
2575 69.0207
2576 69.0207
2577 69.0207
2578 69.0207
2579 69.0207
2580 69.0207
2581 69.0207
2582 69.0207
2583 69.0207
2584 69.0207
2585 69.0207
2586 69.0207
2587 69.0207
2588 69.0207
2589 69.0207
2590 69.0207
2591 69.0207
2592 69.0207
2593 69.0207
2594 69.0207
2595 69.0207
2596 69.0207
2597 69.0207
2598 69.0207
2599 69.0207
2600 69.0207
2601 69.0207
2602 69.0207
2603 69.0207
2604 69.0207
2605 69.0207
2606 69.0207
2607 69.0207
2608 69.0207
2609 69.0207
2610 69.0207
2611 69.0207
2612 69.0207
2613 69.0207
2614 69.0207
2615 69.0207
2616 69.0207
2617 69.0207
2618 69.0207
2619 69.0207
2620 69.0207
2621 69.0207
2622 68.9158
2623 68.9158
2624 68.9158
2625 68.9158
2626 68.9158
2627 68.9158
2628 68.9158
2629 68.9158
2630 68.9158
2631 68.9158
2632 68.9158
2633 68.9158
2634 68.9158
2635 68.9158
2636 68.9158
2637 68.9158
2638 68.9158
2639 68.9158
2640 68.9158
2641 68.9158
2642 68.9158
2643 68.9158
2644 68.9158
2645 68.9158
2646 68.9158
2647 68.9158
2648 68.9158
2649 68.9158
2650 68.9158
2651 68.9158
2652 68.9158
2653 68.9158
2654 68.9158
2655 68.9158
2656 68.9158
2657 68.9158
2658 68.9158
2659 68.9158
2660 68.9158
2661 68.9158
2662 68.9158
2663 68.9158
2664 68.9158
2665 68.9158
2666 68.9158
2667 68.9158
2668 68.9158
2669 68.9158
2670 68.9158
2671 68.9158
2672 68.9158
2673 68.9158
2674 68.9158
2675 68.9158
2676 68.9158
2677 68.9158
2678 68.9158
2679 68.9158
2680 68.9158
2681 68.9158
2682 68.9158
2683 68.9158
2684 68.9158
2685 68.9158
2686 68.9158
2687 68.9158
2688 68.9158
2689 68.9158
2690 68.9158
2691 68.9158
2692 68.9158
2693 68.9158
2694 68.9158
2695 68.9158
2696 68.9158
2697 68.9158
2698 68.9158
2699 68.9158
2700 68.9158
2701 68.9158
2702 68.9158
2703 68.9158
2704 68.9158
2705 68.9158
2706 68.9158
2707 68.9158
2708 68.9158
2709 68.9158
2710 68.9158
2711 68.9158
2712 68.9158
2713 68.9158
2714 68.9158
2715 68.9158
2716 68.9158
2717 68.9158
2718 68.9158
2719 68.9158
2720 68.9158
2721 68.9158
2722 68.9158
2723 68.9158
2724 68.9158
2725 68.9158
2726 68.9158
2727 68.9158
2728 68.9158
2729 68.9158
2730 68.9158
2731 68.9158
2732 68.9158
2733 68.9158
2734 68.9158
2735 68.9158
2736 68.9158
2737 68.9158
2738 68.9158
2739 68.9158
2740 68.9158
2741 68.9158
2742 68.9158
2743 68.9158
2744 68.9158
2745 68.9158
2746 68.9158
2747 68.9158
2748 68.9158
2749 68.9158
2750 68.9158
2751 68.9158
2752 68.9158
2753 68.9158
2754 68.9158
2755 68.9158
2756 68.9158
2757 68.9158
2758 68.9158
2759 68.9158
2760 68.9158
2761 68.9158
2762 68.9158
2763 68.9158
2764 68.9158
2765 68.9158
2766 68.9158
2767 68.9158
2768 68.9158
2769 68.9158
2770 68.9158
2771 68.9158
2772 68.9158
2773 68.9158
2774 68.9158
2775 68.9158
2776 68.9158
2777 68.9158
2778 68.9158
2779 68.9158
2780 68.9158
2781 68.8924
2782 68.8924
2783 68.8924
2784 68.8924
2785 68.8924
2786 68.8924
2787 68.8924
2788 68.8924
2789 68.8924
2790 68.8924
2791 68.8924
2792 68.8924
2793 68.8924
2794 68.8924
2795 68.8924
2796 68.8924
2797 68.8924
2798 68.8924
2799 68.8924
2800 68.8924
2801 68.8924
2802 68.8924
2803 68.8924
2804 68.8924
2805 68.8924
2806 68.8924
2807 68.8924
2808 68.8924
2809 68.8924
2810 68.8924
2811 68.8924
2812 68.8924
2813 68.8924
2814 68.8924
2815 68.8924
2816 68.8924
2817 68.8924
2818 68.8924
2819 68.8924
2820 68.8924
2821 68.8924
2822 68.8924
2823 68.8924
2824 68.8924
2825 68.8924
2826 68.8924
2827 68.8924
2828 68.8924
2829 68.8924
2830 68.8924
2831 68.8924
2832 68.8924
2833 68.8924
2834 68.8924
2835 68.8924
2836 68.8924
2837 68.8924
2838 68.8924
2839 68.8924
2840 68.8924
2841 68.8924
2842 68.8924
2843 68.8924
2844 68.8924
2845 68.8924
2846 68.8924
2847 68.8924
2848 68.8924
2849 68.8924
2850 68.8924
2851 68.8924
2852 68.8924
2853 68.8924
2854 68.8924
2855 68.8924
2856 68.8924
2857 68.8924
2858 68.8924
2859 68.8924
2860 68.8924
2861 68.8924
2862 68.8924
2863 68.8924
2864 68.8924
2865 68.8924
2866 68.8924
2867 68.8924
2868 68.8924
2869 68.8924
2870 68.8924
2871 68.8924
2872 68.8924
2873 68.8924
2874 68.8924
2875 68.8924
2876 68.8924
2877 68.8924
2878 68.8924
2879 68.8924
2880 68.8924
2881 68.8924
2882 68.8924
2883 68.8924
2884 68.8924
2885 68.8924
2886 68.8924
2887 68.8924
2888 68.8924
2889 68.8924
2890 68.8924
2891 68.8924
2892 68.8924
2893 68.8924
2894 68.8924
2895 68.8924
2896 68.8924
2897 68.8569
2898 68.8569
2899 68.8569
2900 68.8569
2901 68.8569
2902 68.8569
2903 68.8569
2904 68.8569
2905 68.8569
2906 68.8569
2907 68.8569
2908 68.8569
2909 68.8569
2910 68.8569
2911 68.8569
2912 68.8569
2913 68.8569
2914 68.8569
2915 68.8569
2916 68.8569
2917 68.8569
2918 68.8569
2919 68.8569
2920 68.8569
2921 68.8569
2922 68.8569
2923 68.8569
2924 68.8569
2925 68.8569
2926 68.8569
2927 68.8569
2928 68.8569
2929 68.8569
2930 68.8569
2931 68.8569
2932 68.8569
2933 68.8569
2934 68.8569
2935 68.8569
2936 68.8569
2937 68.8569
2938 68.8569
2939 68.8569
2940 68.8569
2941 68.8569
2942 68.8569
2943 68.8569
2944 68.8569
2945 68.8569
2946 68.8569
2947 68.8569
2948 68.8569
2949 68.8569
2950 68.8569
2951 68.8569
2952 68.8569
2953 68.8569
2954 68.8569
2955 68.8569
2956 68.8569
2957 68.8569
2958 68.8569
2959 68.8569
2960 68.8569
2961 68.8569
2962 68.8569
2963 68.8569
2964 68.8569
2965 68.8569
2966 68.8569
2967 68.8569
2968 68.8569
2969 68.8569
2970 68.8569
2971 68.8569
2972 68.8569
2973 68.8569
2974 68.8569
2975 68.8569
2976 68.8569
2977 68.8569
2978 68.8569
2979 68.8569
2980 68.8569
2981 68.8569
2982 68.8569
2983 68.8569
2984 68.8569
2985 68.8569
2986 68.8569
2987 68.8569
2988 68.8569
2989 68.8569
2990 68.8569
2991 68.8569
2992 68.8569
2993 68.8569
2994 68.8569
2995 68.8569
2996 68.8569
2997 68.8569
2998 68.8569
2999 68.8569
3000 68.8569
3001 68.8569
3002 68.8569
3003 68.8569
3004 68.8569
3005 68.8569
3006 68.8569
3007 68.8569
3008 68.8569
3009 68.8569
3010 68.8569
3011 68.8569
3012 68.8569
3013 68.8569
3014 68.8569
3015 68.8569
3016 68.3816
3017 68.3816
3018 68.3816
3019 68.3816
3020 68.3816
3021 68.3816
3022 68.3816
3023 68.3816
3024 68.3816
3025 68.3816
3026 68.3816
3027 68.3816
3028 68.3816
3029 68.3816
3030 68.3816
3031 68.3816
3032 68.3816
3033 68.3816
3034 68.3816
3035 68.3816
3036 68.3816
3037 68.3816
3038 68.3816
3039 68.3816
3040 68.3816
3041 68.3816
3042 68.3816
3043 68.3816
3044 68.378
3045 68.378
3046 68.378
3047 68.378
3048 68.378
3049 68.378
3050 68.378
3051 68.378
3052 68.378
3053 68.378
3054 68.378
3055 68.378
3056 68.378
3057 68.378
3058 68.378
3059 68.378
3060 68.378
3061 68.378
3062 68.378
3063 68.378
3064 68.378
3065 68.378
3066 68.378
3067 68.378
3068 68.378
3069 68.378
3070 68.378
3071 68.378
3072 68.378
3073 68.378
3074 68.378
3075 68.378
3076 68.378
3077 68.378
3078 68.378
3079 68.378
3080 68.378
3081 68.378
3082 68.378
3083 68.378
3084 68.378
3085 68.378
3086 68.378
3087 68.378
3088 68.378
3089 68.378
3090 68.378
3091 68.378
3092 68.378
3093 68.378
3094 68.378
3095 68.378
3096 68.378
3097 68.378
3098 68.378
3099 68.378
3100 68.378
3101 68.378
3102 68.378
3103 68.378
3104 68.378
3105 68.378
3106 68.378
3107 68.378
3108 68.378
3109 68.378
3110 68.378
3111 68.378
3112 68.378
3113 68.378
3114 68.378
3115 68.378
3116 68.378
3117 68.378
3118 68.378
3119 68.378
3120 68.378
3121 68.378
3122 68.378
3123 68.378
3124 68.378
3125 68.378
3126 68.378
3127 68.378
3128 68.378
3129 68.378
3130 68.378
3131 68.378
3132 68.378
3133 68.378
3134 68.378
3135 68.378
3136 68.378
3137 68.378
3138 68.378
3139 68.378
3140 68.378
3141 68.378
3142 68.378
3143 68.378
3144 68.378
3145 68.378
3146 68.378
3147 68.378
3148 68.378
3149 68.378
3150 68.378
3151 68.378
3152 68.378
3153 68.378
3154 68.378
3155 68.378
3156 68.378
3157 68.378
3158 68.378
3159 68.378
3160 68.378
3161 68.378
3162 68.378
3163 68.378
3164 68.378
3165 68.378
3166 68.378
3167 68.378
3168 68.378
3169 68.378
3170 68.378
3171 68.378
3172 68.378
3173 68.378
3174 68.378
3175 68.378
3176 68.378
3177 68.378
3178 68.378
3179 68.378
3180 68.378
3181 68.378
3182 68.378
3183 68.378
3184 68.378
3185 68.378
3186 68.378
3187 68.378
3188 68.378
3189 68.378
3190 68.378
3191 68.378
3192 68.378
3193 68.378
3194 68.378
3195 68.378
3196 68.378
3197 68.378
3198 68.378
3199 68.378
3200 68.378
3201 68.378
3202 68.378
3203 68.378
3204 68.378
3205 68.378
3206 68.378
3207 68.378
3208 68.378
3209 68.378
3210 68.378
3211 68.378
3212 68.378
3213 68.378
3214 68.378
3215 68.378
3216 68.378
3217 68.378
3218 68.378
3219 68.378
3220 68.378
3221 68.378
3222 68.378
3223 68.378
3224 68.378
3225 68.378
3226 68.378
3227 68.378
3228 68.378
3229 68.378
3230 68.378
3231 68.378
3232 68.378
3233 68.378
3234 68.378
3235 68.378
3236 68.378
3237 68.378
3238 68.378
3239 68.378
3240 68.378
3241 68.378
3242 68.378
3243 68.378
3244 68.378
3245 68.378
3246 68.378
3247 68.378
3248 68.378
3249 68.378
3250 68.378
3251 68.378
3252 68.378
3253 68.378
3254 68.378
3255 68.378
3256 68.378
3257 68.378
3258 68.378
3259 68.378
3260 68.378
3261 68.378
3262 68.378
3263 68.378
3264 68.378
3265 68.378
3266 68.378
3267 68.378
3268 68.378
3269 68.378
3270 68.378
3271 68.378
3272 68.378
3273 68.378
3274 68.378
3275 68.378
3276 68.378
3277 68.378
3278 68.378
3279 68.378
3280 68.378
3281 68.378
3282 68.378
3283 68.378
3284 68.378
3285 68.378
3286 68.378
3287 68.378
3288 68.378
3289 68.378
3290 68.378
3291 68.378
3292 68.378
3293 68.378
3294 68.378
3295 68.378
3296 68.378
3297 68.378
3298 68.378
3299 68.378
3300 68.378
3301 68.378
3302 68.378
3303 68.378
3304 68.378
3305 68.378
3306 68.378
3307 68.378
3308 68.378
3309 68.378
3310 68.378
3311 68.378
3312 68.378
3313 68.378
3314 68.378
3315 68.378
3316 68.378
3317 68.378
3318 68.378
3319 68.378
3320 68.378
3321 68.378
3322 68.378
3323 68.378
3324 68.378
3325 68.378
3326 68.378
3327 68.378
3328 68.378
3329 68.378
3330 68.378
3331 68.378
3332 68.378
3333 68.378
3334 68.378
3335 68.378
3336 68.378
3337 68.378
3338 68.378
3339 68.378
3340 68.378
3341 68.378
3342 68.378
3343 68.378
3344 68.378
3345 68.378
3346 68.378
3347 68.378
3348 68.378
3349 68.378
3350 68.378
3351 68.378
3352 68.378
3353 68.378
3354 68.378
3355 68.378
3356 68.378
3357 68.378
3358 68.378
3359 68.378
3360 68.378
3361 68.378
3362 68.378
3363 68.378
3364 68.378
3365 68.378
3366 68.378
3367 68.378
3368 68.378
3369 68.378
3370 68.378
3371 68.378
3372 68.378
3373 68.378
3374 68.378
3375 68.378
3376 68.378
3377 68.378
3378 68.378
3379 68.378
3380 68.378
3381 68.378
3382 68.378
3383 68.378
3384 68.378
3385 68.378
3386 68.378
3387 68.378
3388 68.378
3389 68.378
3390 68.378
3391 68.378
3392 68.378
3393 68.378
3394 68.378
3395 68.378
3396 68.378
3397 68.378
3398 68.378
3399 68.378
3400 68.378
3401 68.378
3402 68.378
3403 68.378
3404 68.378
3405 68.378
3406 68.378
3407 68.378
3408 68.378
3409 68.378
3410 68.378
3411 68.378
3412 68.378
3413 68.378
3414 68.378
3415 68.378
3416 68.378
3417 68.378
3418 68.378
3419 68.378
3420 68.378
3421 68.378
3422 68.378
3423 68.378
3424 68.378
3425 68.378
3426 68.378
3427 68.378
3428 68.378
3429 68.378
3430 68.378
3431 68.378
3432 68.378
3433 68.378
3434 68.378
3435 68.378
3436 68.378
3437 68.378
3438 68.378
3439 68.378
3440 68.378
3441 68.378
3442 68.378
3443 68.378
3444 68.378
3445 68.378
3446 68.378
3447 68.378
3448 68.378
3449 68.378
3450 68.378
3451 68.378
3452 68.378
3453 68.378
3454 68.378
3455 68.378
3456 68.378
3457 68.378
3458 68.378
3459 68.378
3460 68.378
3461 68.378
3462 68.378
3463 68.378
3464 68.378
3465 68.378
3466 68.378
3467 68.378
3468 68.378
3469 68.378
3470 68.378
3471 68.378
3472 68.378
3473 68.378
3474 68.378
3475 68.378
3476 68.378
3477 68.378
3478 68.378
3479 68.378
3480 68.378
3481 68.378
3482 68.378
3483 68.378
3484 68.378
3485 68.378
3486 68.378
3487 68.378
3488 68.378
3489 68.378
3490 68.378
3491 68.378
3492 68.378
3493 68.378
3494 68.378
3495 68.378
3496 68.378
3497 68.378
3498 68.378
3499 68.378
3500 68.378
3501 68.378
3502 68.378
3503 68.378
3504 68.378
3505 68.378
3506 68.378
3507 68.378
3508 68.378
3509 68.378
3510 68.378
3511 68.378
3512 68.378
3513 68.378
3514 68.378
3515 68.378
3516 68.378
3517 68.378
3518 68.378
3519 68.378
3520 68.378
3521 68.378
3522 68.378
3523 68.378
3524 68.378
3525 68.378
3526 68.378
3527 68.378
3528 68.378
3529 68.378
3530 68.378
3531 68.378
3532 68.378
3533 68.378
3534 68.378
3535 68.378
3536 68.378
3537 68.378
3538 68.378
3539 68.378
3540 68.378
3541 68.378
3542 68.378
3543 68.378
3544 68.378
3545 68.378
3546 68.378
3547 68.378
3548 68.378
3549 68.378
3550 68.378
3551 68.378
3552 68.378
3553 68.378
3554 68.378
3555 68.378
3556 68.378
3557 68.378
3558 68.378
3559 68.378
3560 68.378
3561 68.378
3562 68.378
3563 68.378
3564 68.378
3565 68.378
3566 68.378
3567 68.378
3568 68.378
3569 68.378
3570 68.378
3571 68.378
3572 68.378
3573 68.378
3574 68.378
3575 68.378
3576 68.378
3577 68.378
3578 68.378
3579 68.378
3580 68.378
3581 68.378
3582 68.378
3583 68.378
3584 68.378
3585 68.378
3586 68.378
3587 68.378
3588 68.378
3589 68.378
3590 68.378
3591 68.378
3592 68.378
3593 68.378
3594 68.378
3595 68.378
3596 68.378
3597 68.378
3598 68.378
3599 68.378
3600 68.378
3601 68.378
3602 68.378
3603 68.378
3604 68.378
3605 68.378
3606 68.378
3607 68.378
3608 68.378
3609 68.378
3610 68.378
3611 68.378
3612 68.378
3613 68.378
3614 68.378
3615 68.378
3616 68.378
3617 68.378
3618 68.378
3619 68.378
3620 68.378
3621 68.378
3622 68.378
3623 68.378
3624 68.378
3625 68.378
3626 68.378
3627 68.378
3628 68.378
3629 68.378
3630 68.378
3631 68.378
3632 68.378
3633 68.378
3634 68.378
3635 68.378
3636 68.378
3637 68.378
3638 68.378
3639 68.378
3640 68.378
3641 68.378
3642 68.378
3643 68.378
3644 68.378
3645 68.378
3646 68.378
3647 68.378
3648 68.378
3649 68.378
3650 68.378
3651 68.378
3652 68.378
3653 68.378
3654 68.378
3655 68.378
3656 68.378
3657 68.378
3658 68.378
3659 68.378
3660 68.378
3661 68.378
3662 68.378
3663 68.378
3664 68.378
3665 68.378
3666 68.378
3667 68.378
3668 68.378
3669 68.378
3670 68.378
3671 68.378
3672 68.378
3673 68.378
3674 68.378
3675 68.378
3676 68.378
3677 68.378
3678 68.378
3679 68.378
3680 68.378
3681 68.378
3682 68.378
3683 68.378
3684 68.378
3685 68.378
3686 68.378
3687 68.378
3688 68.378
3689 68.378
3690 68.378
3691 68.378
3692 68.378
3693 68.378
3694 68.378
3695 68.378
3696 68.378
3697 68.378
3698 68.378
3699 68.378
3700 68.378
3701 68.378
3702 68.378
3703 68.378
3704 68.378
3705 68.378
3706 68.378
3707 68.378
3708 68.378
3709 68.378
3710 68.378
3711 68.378
3712 68.378
3713 68.378
3714 68.378
3715 68.378
3716 68.378
3717 68.378
3718 68.378
3719 68.378
3720 68.378
3721 68.378
3722 68.378
3723 68.378
3724 68.378
3725 68.378
3726 68.378
3727 68.378
3728 68.378
3729 68.378
3730 68.378
3731 68.378
3732 68.378
3733 68.378
3734 68.378
3735 68.378
3736 68.378
3737 68.378
3738 68.378
3739 68.378
3740 68.378
3741 68.378
3742 68.378
3743 68.378
3744 68.378
3745 68.378
3746 68.378
3747 68.378
3748 68.378
3749 68.378
3750 68.378
3751 68.378
3752 68.378
3753 68.378
3754 68.378
3755 68.378
3756 68.378
3757 68.378
3758 68.378
3759 68.378
3760 68.378
3761 68.378
3762 68.378
3763 68.378
3764 68.378
3765 68.378
3766 68.378
3767 68.378
3768 68.378
3769 68.378
3770 68.378
3771 68.378
3772 68.378
3773 68.378
3774 68.378
3775 68.378
3776 68.378
3777 68.378
3778 68.378
3779 68.378
3780 68.378
3781 68.378
3782 68.378
3783 68.378
3784 68.378
3785 68.378
3786 68.378
3787 68.378
3788 68.378
3789 68.378
3790 68.378
3791 68.378
3792 68.378
3793 68.378
3794 68.378
3795 68.378
3796 68.378
3797 68.378
3798 68.378
3799 68.378
3800 68.378
3801 68.378
3802 68.378
3803 68.378
3804 68.378
3805 68.378
3806 68.378
3807 68.378
3808 68.378
3809 68.378
3810 68.378
3811 68.378
3812 68.378
3813 68.378
3814 68.378
3815 68.378
3816 68.378
3817 68.378
3818 68.378
3819 68.378
3820 68.378
3821 68.378
3822 68.378
3823 68.378
3824 68.378
3825 68.378
3826 68.378
3827 68.378
3828 68.378
3829 68.378
3830 68.378
3831 68.378
3832 68.378
3833 68.378
3834 68.378
3835 68.378
3836 68.378
3837 68.378
3838 68.378
3839 68.378
3840 68.378
3841 68.378
3842 68.378
3843 68.378
3844 68.378
3845 67.8397
3846 67.8397
3847 67.8397
3848 67.8397
3849 67.8397
3850 67.8397
3851 67.8397
3852 67.8397
3853 67.8397
3854 67.8397
3855 67.8397
3856 67.8397
3857 67.8397
3858 67.8397
3859 67.8397
3860 67.8397
3861 67.8397
3862 67.8397
3863 67.8397
3864 67.8397
3865 67.8397
3866 67.8397
3867 67.8397
3868 67.8397
3869 67.8397
3870 67.8397
3871 67.8397
3872 67.8397
3873 67.8397
3874 67.8397
3875 67.8397
3876 67.8397
3877 67.8397
3878 67.8397
3879 67.8397
3880 67.8397
3881 67.8397
3882 67.8397
3883 67.8397
3884 67.8397
3885 67.8397
3886 67.8397
3887 67.8397
3888 67.8397
3889 67.8397
3890 67.8397
3891 67.8397
3892 67.8397
3893 67.8397
3894 67.8397
3895 67.8397
3896 67.8397
3897 67.8397
3898 67.8397
3899 67.8397
3900 67.8397
3901 67.8397
3902 67.8397
3903 67.8397
3904 67.8397
3905 67.8397
3906 67.8397
3907 67.8397
3908 67.8397
3909 67.8397
3910 67.8397
3911 67.8397
3912 67.8397
3913 67.8397
3914 67.8397
3915 67.8397
3916 67.8397
3917 67.8397
3918 67.8397
3919 67.8397
3920 67.8397
3921 67.8397
3922 67.8397
3923 67.8397
3924 67.8397
3925 67.8397
3926 67.8397
3927 67.8397
3928 67.8397
3929 67.8397
3930 67.8397
3931 67.8397
3932 67.8397
3933 67.8397
3934 67.8397
3935 67.8397
3936 67.8397
3937 67.8397
3938 67.8397
3939 67.8397
3940 67.8397
3941 67.8397
3942 67.8397
3943 67.8397
3944 67.8397
3945 67.8397
3946 67.8397
3947 67.8397
3948 67.8397
3949 67.8397
3950 67.8397
3951 67.8397
3952 67.8397
3953 67.8397
3954 67.8397
3955 67.8397
3956 67.8397
3957 67.8397
3958 67.8397
3959 67.8397
3960 67.8397
3961 67.8397
3962 67.8397
3963 67.8397
3964 67.8397
3965 67.8397
3966 67.8397
3967 67.8397
3968 67.8397
3969 67.8397
3970 67.8397
3971 67.8397
3972 67.8397
3973 67.8397
3974 67.8397
3975 67.8397
3976 67.8397
3977 67.8397
3978 67.8397
3979 67.8397
3980 67.8397
3981 67.8397
3982 67.8397
3983 67.8397
3984 67.8397
3985 67.8397
3986 67.8397
3987 67.8397
3988 67.8397
3989 67.8397
3990 67.8397
3991 67.8397
3992 67.8397
3993 67.8397
3994 67.8397
3995 67.8397
3996 67.8397
3997 67.8397
3998 67.8397
3999 67.8397
4000 67.8397
4001 67.8397
4002 67.8397
4003 67.8397
4004 67.8397
4005 67.8397
4006 67.8397
4007 67.8397
4008 67.8397
4009 67.8397
4010 67.8397
4011 67.8397
4012 67.8397
4013 67.8397
4014 67.8397
4015 67.8397
4016 67.8397
4017 67.8397
4018 67.8397
4019 67.8397
4020 67.8397
4021 67.8397
4022 67.8397
4023 67.8397
4024 67.8397
4025 67.8397
4026 67.8397
4027 67.8397
4028 67.8397
4029 67.8397
4030 67.8397
4031 67.8397
4032 67.8397
4033 67.8397
4034 67.8397
4035 67.8397
4036 67.8397
4037 67.8397
4038 67.8397
4039 67.8397
4040 67.8397
4041 67.8397
4042 67.8397
4043 67.8397
4044 67.8397
4045 67.8397
4046 67.8397
4047 67.8397
4048 67.8397
4049 67.8397
4050 67.8397
4051 67.8397
4052 67.8397
4053 67.8397
4054 67.8397
4055 67.8397
4056 67.8397
4057 67.8397
4058 67.8397
4059 67.8397
4060 67.8397
4061 67.8397
4062 67.8397
4063 67.8397
4064 67.8397
4065 67.8397
4066 67.8397
4067 67.8397
4068 67.8397
4069 67.8397
4070 67.8397
4071 67.8397
4072 67.8397
4073 67.8397
4074 67.8397
4075 67.8397
4076 67.8397
4077 67.8397
4078 67.8397
4079 67.8397
4080 67.8397
4081 67.8397
4082 67.8397
4083 67.8397
4084 67.8397
4085 67.8397
4086 67.8397
4087 67.8397
4088 67.8397
4089 67.8397
4090 67.8397
4091 67.8397
4092 67.5323
4093 67.5323
4094 67.5323
4095 67.5323
4096 67.5323
4097 67.5323
4098 67.5323
4099 67.5323
4100 67.5323
4101 67.5323
4102 67.5323
4103 67.5323
4104 67.5323
4105 67.5323
4106 67.5323
4107 67.5323
4108 67.5323
4109 67.5323
4110 67.5323
4111 67.5323
4112 67.5323
4113 67.5323
4114 67.5323
4115 67.5323
4116 67.5323
4117 67.5323
4118 67.5323
4119 67.5323
4120 67.5323
4121 67.5323
4122 67.5323
4123 67.5323
4124 67.5323
4125 67.5323
4126 67.5323
4127 67.5323
4128 67.5323
4129 67.5323
4130 67.5323
4131 67.5323
4132 67.5323
4133 67.5323
4134 67.5323
4135 67.5323
4136 67.5323
4137 67.5323
4138 67.5323
4139 67.5323
4140 67.5323
4141 67.5323
4142 67.5323
4143 67.5323
4144 67.5323
4145 67.5323
4146 67.5323
4147 67.5323
4148 67.5323
4149 67.5323
4150 67.5323
4151 67.5323
4152 67.5323
4153 67.5323
4154 67.5323
4155 67.5323
4156 67.5323
4157 67.5323
4158 67.5323
4159 67.5323
4160 67.5323
4161 67.5323
4162 67.5323
4163 67.5323
4164 67.5323
4165 67.5323
4166 67.5323
4167 67.5323
4168 67.5323
4169 67.5323
4170 67.5323
4171 67.5323
4172 67.5323
4173 67.5323
4174 67.5323
4175 67.5323
4176 67.5323
4177 67.5323
4178 67.5323
4179 67.5323
4180 67.5323
4181 67.5323
4182 67.5323
4183 67.5323
4184 67.5323
4185 67.5323
4186 67.5323
4187 67.5323
4188 67.5323
4189 67.5323
4190 67.5323
4191 67.5323
4192 67.5323
4193 67.5323
4194 67.5323
4195 67.5323
4196 67.5323
4197 67.5323
4198 67.5323
4199 67.5323
4200 67.5323
4201 67.5323
4202 67.5323
4203 67.5323
4204 67.3866
4205 67.3866
4206 67.3866
4207 67.3866
4208 67.3866
4209 67.3866
4210 67.3866
4211 67.3866
4212 67.3866
4213 67.3866
4214 67.3866
4215 67.3866
4216 67.3866
4217 67.3866
4218 67.3866
4219 67.3866
4220 67.3866
4221 67.3866
4222 67.3866
4223 67.3866
4224 67.3866
4225 67.3866
4226 67.3866
4227 67.3866
4228 67.3866
4229 67.3866
4230 67.3866
4231 67.3866
4232 67.3866
4233 67.3866
4234 67.3866
4235 67.3866
4236 67.3866
4237 67.3866
4238 67.3866
4239 67.3866
4240 67.3866
4241 67.3866
4242 67.3866
4243 67.3866
4244 67.3866
4245 67.3866
4246 67.3866
4247 67.3866
4248 67.3866
4249 67.3866
4250 67.3866
4251 67.3866
4252 67.3866
4253 67.3866
4254 67.3866
4255 67.3866
4256 67.3866
4257 67.3866
4258 67.3866
4259 67.3866
4260 67.3866
4261 67.3866
4262 67.3866
4263 67.3866
4264 67.3866
4265 67.3866
4266 67.3866
4267 67.3866
4268 67.3866
4269 67.3866
4270 67.3866
4271 67.3866
4272 67.3866
4273 67.3866
4274 67.3866
4275 67.3866
4276 67.3866
4277 67.3866
4278 67.3866
4279 67.3866
4280 67.3866
4281 67.3866
4282 67.3866
4283 67.3866
4284 67.3866
4285 67.3866
4286 67.3866
4287 67.3866
4288 67.3866
4289 67.3866
4290 67.3866
4291 67.3866
4292 67.3866
4293 67.3866
4294 67.3866
4295 67.3866
4296 67.3866
4297 67.3866
4298 67.3866
4299 67.3866
4300 67.3866
4301 67.3866
4302 67.3866
4303 67.3866
4304 67.3866
4305 67.3866
4306 67.3866
4307 67.3866
4308 67.3866
4309 67.3866
4310 67.3866
4311 67.3866
4312 67.3866
4313 67.3866
4314 67.3866
4315 67.3866
4316 67.3866
4317 67.3866
4318 67.3866
4319 67.3866
4320 67.3866
4321 67.3866
4322 67.3866
4323 67.3866
4324 67.3866
4325 67.3866
4326 67.3866
4327 67.3866
4328 67.3866
4329 67.3866
4330 67.3866
4331 67.3866
4332 67.3866
4333 67.3866
4334 67.3866
4335 67.3866
4336 67.3866
4337 67.3866
4338 67.3866
4339 67.3866
4340 67.3866
4341 67.3866
4342 67.3866
4343 67.3866
4344 67.3866
4345 67.3866
4346 67.3866
4347 67.3866
4348 67.3866
4349 67.3866
4350 67.3866
4351 67.3866
4352 67.3866
4353 67.3866
4354 67.3866
4355 67.3866
4356 67.3866
4357 67.3866
4358 67.3866
4359 67.3866
4360 67.3866
4361 67.3866
4362 67.3866
4363 67.3866
4364 67.3866
4365 67.3866
4366 67.3866
4367 67.3866
4368 67.3866
4369 67.3866
4370 67.3866
4371 67.3866
4372 67.3866
4373 67.3866
4374 67.3866
4375 67.3866
4376 67.3866
4377 67.3866
4378 67.3866
4379 67.3866
4380 67.3866
4381 67.3866
4382 67.3866
4383 67.3866
4384 67.3866
4385 67.3866
4386 67.3866
4387 67.3866
4388 67.3866
4389 67.3866
4390 67.3866
4391 67.3866
4392 67.3866
4393 67.3866
4394 67.3866
4395 67.3866
4396 67.3866
4397 67.3866
4398 67.3866
4399 67.3866
4400 67.3866
4401 67.3866
4402 67.3866
4403 67.3866
4404 67.3866
4405 67.3866
4406 67.3866
4407 67.3866
4408 67.3866
4409 67.3866
4410 67.3866
4411 67.3866
4412 67.3866
4413 67.3866
4414 67.3866
4415 67.3866
4416 67.3866
4417 67.3866
4418 67.3866
4419 67.3866
4420 67.3866
4421 67.3866
4422 67.3866
4423 67.3866
4424 67.3866
4425 67.3866
4426 67.3866
4427 67.3866
4428 67.3866
4429 67.3866
4430 67.3866
4431 67.3866
4432 67.3866
4433 67.3866
4434 67.3866
4435 67.3866
4436 67.3866
4437 67.3866
4438 67.3866
4439 67.3866
4440 67.3866
4441 67.3866
4442 67.3866
4443 67.3866
4444 67.3866
4445 67.3866
4446 67.3866
4447 67.3866
4448 67.3866
4449 67.3866
4450 67.3866
4451 67.3866
4452 67.3866
4453 67.3866
4454 67.3866
4455 67.3866
4456 67.3866
4457 67.3866
4458 67.3866
4459 67.3866
4460 67.3866
4461 67.3866
4462 67.3866
4463 67.3866
4464 67.3866
4465 67.3866
4466 67.3866
4467 67.3866
4468 67.3866
4469 67.3866
4470 67.3866
4471 67.3866
4472 67.3866
4473 67.3866
4474 67.3866
4475 67.3866
4476 67.3866
4477 67.3866
4478 67.3866
4479 67.3866
4480 67.3866
4481 67.3866
4482 67.3866
4483 67.3866
4484 67.3866
4485 67.3866
4486 67.3866
4487 67.3866
4488 67.3866
4489 67.3866
4490 67.3866
4491 67.3866
4492 67.3866
4493 67.3866
4494 67.3866
4495 67.3866
4496 67.3866
4497 67.3866
4498 67.3866
4499 67.3866
4500 67.3866
4501 67.3866
4502 67.3068
4503 67.3068
4504 67.3068
4505 67.3068
4506 67.3068
4507 67.3068
4508 67.3068
4509 67.3068
4510 67.3068
4511 67.3068
4512 67.3068
4513 67.3068
4514 67.3068
4515 67.3068
4516 67.3068
4517 67.3068
4518 67.3068
4519 67.3068
4520 67.3068
4521 67.3068
4522 67.3068
4523 67.3068
4524 67.3068
4525 67.3068
4526 67.3068
4527 67.3068
4528 67.3068
4529 67.3068
4530 67.3068
4531 67.3068
4532 67.3068
4533 67.3068
4534 67.3068
4535 67.3068
4536 67.3068
4537 67.3068
4538 67.3068
4539 67.3068
4540 67.3068
4541 67.3068
4542 67.3068
4543 67.3068
4544 67.3068
4545 67.3068
4546 67.3068
4547 67.3068
4548 67.3068
4549 67.3068
4550 67.3068
4551 67.3068
4552 67.3068
4553 67.3068
4554 67.3068
4555 67.3068
4556 67.3068
4557 67.3068
4558 67.3068
4559 67.3068
4560 67.3068
4561 67.3068
4562 67.3068
4563 67.3068
4564 67.3068
4565 67.3068
4566 67.3068
4567 67.3068
4568 67.3068
4569 67.3068
4570 67.3068
4571 67.3068
4572 67.3068
4573 67.3068
4574 67.3068
4575 67.3068
4576 67.3068
4577 67.3068
4578 67.3068
4579 67.3068
4580 67.3068
4581 67.3068
4582 67.3068
4583 67.3068
4584 67.3068
4585 67.3068
4586 67.3068
4587 67.3068
4588 67.3068
4589 67.3068
4590 67.3068
4591 67.3068
4592 67.3068
4593 67.3068
4594 67.3068
4595 67.3068
4596 67.3068
4597 67.3068
4598 67.3068
4599 67.3068
4600 67.3068
4601 67.3068
4602 67.3068
4603 67.3068
4604 67.3068
4605 67.3068
4606 67.3068
4607 67.3068
4608 67.3068
4609 67.3068
4610 67.3068
4611 67.3068
4612 67.3068
4613 67.3068
4614 67.3068
4615 67.3068
4616 67.3068
4617 67.3068
4618 67.3068
4619 67.3068
4620 67.3068
4621 67.3068
4622 67.3068
4623 67.3068
4624 67.3068
4625 67.3068
4626 67.3068
4627 67.3068
4628 67.3068
4629 67.3068
4630 67.3068
4631 67.3068
4632 67.3068
4633 67.3068
4634 67.3068
4635 67.3068
4636 67.3068
4637 67.3068
4638 67.3068
4639 67.3068
4640 67.3068
4641 67.3068
4642 67.3068
4643 67.3068
4644 67.3068
4645 67.3068
4646 67.3068
4647 67.3068
4648 67.3068
4649 67.3068
4650 67.3068
4651 67.3068
4652 67.3068
4653 67.3068
4654 67.3068
4655 67.3068
4656 67.3068
4657 67.3068
4658 67.3068
4659 67.3068
4660 67.3068
4661 67.3068
4662 67.3068
4663 67.3068
4664 67.3068
4665 67.3068
4666 67.3068
4667 67.3068
4668 67.3068
4669 67.3068
4670 67.3068
4671 67.3068
4672 67.3068
4673 67.3068
4674 67.3068
4675 67.3068
4676 67.3068
4677 67.3068
4678 67.3068
4679 67.3068
4680 67.3068
4681 67.3068
4682 67.3068
4683 67.3068
4684 67.3068
4685 67.3068
4686 67.3068
4687 67.3068
4688 67.3068
4689 67.3068
4690 67.3068
4691 67.3068
4692 67.3068
4693 67.3068
4694 67.3068
4695 67.3068
4696 67.3068
4697 67.3068
4698 67.3068
4699 67.3068
4700 67.3068
4701 67.3068
4702 67.3068
4703 67.3068
4704 67.3068
4705 67.3068
4706 67.3068
4707 67.3068
4708 67.3068
4709 67.3068
4710 67.3068
4711 67.3068
4712 67.3068
4713 67.3068
4714 67.3068
4715 67.3068
4716 67.3068
4717 67.3068
4718 67.3068
4719 67.3068
4720 67.3068
4721 67.3068
4722 67.3068
4723 67.3068
4724 67.3068
4725 67.3068
4726 67.3068
4727 67.3068
4728 67.3068
4729 67.3068
4730 67.3068
4731 67.3068
4732 67.3068
4733 67.3068
4734 67.3068
4735 67.3068
4736 67.3068
4737 67.3068
4738 67.3068
4739 67.3068
4740 67.3068
4741 67.3068
4742 67.3068
4743 67.3068
4744 67.3068
4745 67.3068
4746 67.3068
4747 67.3068
4748 67.3068
4749 67.3068
4750 67.3068
4751 67.3068
4752 67.3068
4753 67.3068
4754 67.3068
4755 67.3068
4756 67.3068
4757 67.3068
4758 67.3068
4759 67.3068
4760 67.3068
4761 67.3068
4762 67.3068
4763 67.3068
4764 67.3068
4765 67.3068
4766 67.3068
4767 67.3068
4768 67.3068
4769 67.3068
4770 67.3068
4771 67.3068
4772 67.3068
4773 67.3068
4774 67.3068
4775 67.3068
4776 67.3068
4777 67.3068
4778 67.3068
4779 67.3068
4780 67.3068
4781 67.3068
4782 67.3068
4783 67.3068
4784 67.3068
4785 67.3068
4786 67.3068
4787 67.3068
4788 67.3068
4789 67.3068
4790 67.3068
4791 67.3068
4792 67.3068
4793 67.3068
4794 67.3068
4795 67.3068
4796 67.3068
4797 67.3068
4798 67.3068
4799 67.3068
4800 67.3068
4801 67.3068
4802 67.3068
4803 67.3068
4804 67.3068
4805 67.3068
4806 67.3068
4807 67.3068
4808 67.3068
4809 67.3068
4810 67.3068
4811 67.3068
4812 67.3068
4813 67.3068
4814 67.3068
4815 67.3068
4816 67.3068
4817 67.3068
4818 67.3068
4819 67.3068
4820 67.3068
4821 67.3068
4822 67.3068
4823 67.3068
4824 67.3068
4825 67.3068
4826 67.3068
4827 67.3068
4828 67.3068
4829 67.3068
4830 67.3068
4831 67.3068
4832 67.3068
4833 67.3068
4834 67.3068
4835 67.3068
4836 67.3068
4837 67.3068
4838 67.3068
4839 67.3068
4840 67.3068
4841 67.3068
4842 67.3068
4843 67.3068
4844 67.3068
4845 67.3068
4846 67.3068
4847 67.3068
4848 67.3068
4849 67.3068
4850 67.3068
4851 67.3068
4852 67.3068
4853 67.3068
4854 67.3068
4855 67.3068
4856 67.3068
4857 67.3068
4858 67.3068
4859 67.3068
4860 67.3068
4861 67.3068
4862 67.3068
4863 67.3068
4864 67.3068
4865 67.3068
4866 67.3068
4867 67.3068
4868 67.3068
4869 67.3068
4870 67.3068
4871 67.3068
4872 67.3068
4873 67.3068
4874 67.3068
4875 67.3068
4876 67.3068
4877 67.3068
4878 67.3068
4879 67.3068
4880 67.3068
4881 66.3436
4882 66.3436
4883 66.3436
4884 66.3436
4885 66.3436
4886 66.3436
4887 66.3436
4888 66.2901
4889 66.2901
4890 66.2901
4891 66.2901
4892 65.7579
4893 65.7579
4894 65.7579
4895 65.7579
4896 65.7579
4897 65.7579
4898 65.7579
4899 65.7579
4900 65.7579
4901 65.7579
4902 65.7579
4903 65.7579
4904 65.7579
4905 65.7579
4906 65.7579
4907 65.7579
4908 65.7579
4909 65.7579
4910 65.7579
4911 65.7579
4912 65.7579
4913 65.7579
4914 65.7579
4915 65.7579
4916 65.7579
4917 65.7579
4918 65.7579
4919 65.7579
4920 65.7579
4921 65.7579
4922 65.7579
4923 65.7579
4924 65.7579
4925 65.7579
4926 65.7579
4927 65.7579
4928 65.7579
4929 65.7579
4930 65.7579
4931 65.7579
4932 65.7579
4933 65.7579
4934 65.7579
4935 65.7579
4936 65.7579
4937 65.7579
4938 65.7579
4939 65.7579
4940 65.7579
4941 65.7579
4942 65.7579
4943 65.7579
4944 65.7579
4945 65.7579
4946 65.7579
4947 65.7579
4948 65.7579
4949 65.7579
4950 65.7579
4951 65.7579
4952 65.7579
4953 65.7579
4954 65.7579
4955 65.7579
4956 65.7579
4957 65.7579
4958 65.7579
4959 65.7579
4960 65.7579
4961 65.7579
4962 65.7579
4963 65.7579
4964 65.7579
4965 65.7579
4966 65.7579
4967 65.7579
4968 65.7579
4969 65.7579
4970 65.7579
4971 65.7579
4972 65.7579
4973 65.7579
4974 65.7579
4975 65.7579
4976 65.7579
4977 65.7579
4978 65.7579
4979 65.7579
4980 65.7579
4981 65.7579
4982 65.7579
4983 65.7579
4984 65.7579
4985 65.7579
4986 65.7579
4987 65.7579
4988 65.7579
4989 65.7579
4990 65.7579
4991 65.7579
4992 65.7579
4993 65.7579
4994 65.7579
4995 65.7579
4996 65.7579
4997 65.7579
4998 65.7579
4999 65.7579
5000 65.7579
5001 65.7579
5002 65.7579
5003 65.7579
5004 65.7579
5005 65.7579
5006 65.7579
5007 65.7579
5008 65.7579
5009 65.7579
5010 65.7579
5011 65.7579
5012 65.7579
5013 65.7579
5014 65.7579
5015 65.7579
5016 65.7579
5017 65.7579
5018 65.7579
5019 65.7579
5020 65.7579
5021 65.7579
5022 65.7579
5023 65.7579
5024 65.7579
5025 65.7579
5026 65.7579
5027 65.7579
5028 65.7579
5029 65.7579
5030 65.7579
5031 65.7579
5032 65.7579
5033 65.7579
5034 65.7579
5035 65.7579
5036 65.7579
5037 65.7579
5038 65.7579
5039 65.7579
5040 65.7579
5041 65.7579
5042 65.7579
5043 65.7579
5044 65.7579
5045 65.7579
5046 65.7579
5047 65.7579
5048 65.7579
5049 65.7579
5050 65.7579
5051 65.7579
5052 65.7579
5053 65.7579
5054 65.7579
5055 65.7579
5056 65.7579
5057 65.7579
5058 65.7579
5059 65.7579
5060 65.7579
5061 65.7579
5062 65.7579
5063 65.7579
5064 65.7579
5065 65.7579
5066 65.7579
5067 65.7579
5068 65.7579
5069 65.7579
5070 65.7579
5071 65.7579
5072 65.7579
5073 65.7579
5074 65.7579
5075 65.7579
5076 65.7579
5077 65.7579
5078 65.7579
5079 65.7579
5080 65.7579
5081 65.7579
5082 65.7579
5083 65.7579
5084 65.7579
5085 65.7579
5086 65.7579
5087 65.7579
5088 65.7579
5089 65.7579
5090 65.7579
5091 65.7579
5092 65.7579
5093 65.7579
5094 65.7579
5095 65.7579
5096 65.7579
5097 65.7579
5098 65.7579
5099 65.7579
5100 65.7579
5101 65.7579
5102 65.7579
5103 65.7579
5104 65.7579
5105 65.7579
5106 65.7579
5107 65.7579
5108 65.7579
5109 65.7579
5110 65.7579
5111 65.7579
5112 65.7579
5113 65.7579
5114 65.7579
5115 65.7579
5116 65.7579
5117 65.7579
5118 65.7579
5119 65.7579
5120 65.7579
5121 65.7579
5122 65.7579
5123 65.7579
5124 65.7579
5125 65.7579
5126 65.7579
5127 65.7579
5128 65.7579
5129 65.7579
5130 65.7579
5131 65.7579
5132 65.7579
5133 65.7579
5134 65.7579
5135 65.7579
5136 65.7579
5137 65.7579
5138 65.7579
5139 65.7579
5140 65.7579
5141 65.7579
5142 65.7579
5143 65.7579
5144 65.7579
5145 65.7579
5146 65.7579
5147 65.7579
5148 65.7579
5149 65.7579
5150 65.7579
5151 65.7579
5152 65.7579
5153 65.7579
5154 65.7579
5155 65.7579
5156 65.7579
5157 65.7579
5158 65.7579
5159 65.7579
5160 65.7579
5161 65.7579
5162 65.7579
5163 65.7579
5164 65.7579
5165 65.7579
5166 65.7579
5167 65.7579
5168 65.7579
5169 65.7579
5170 65.7579
5171 65.7579
5172 65.7579
5173 65.7579
5174 65.7579
5175 65.7579
5176 65.7579
5177 65.7579
5178 65.7579
5179 65.7579
5180 65.7579
5181 65.7579
5182 65.7579
5183 65.7579
5184 65.7579
5185 65.7579
5186 65.7579
5187 65.7579
5188 65.7579
5189 65.7579
5190 65.7579
5191 65.7579
5192 65.7579
5193 65.7579
5194 65.7579
5195 65.7579
5196 65.7579
5197 65.7579
5198 65.7579
5199 65.7579
5200 65.7579
5201 65.7579
5202 65.7579
5203 65.7579
5204 65.7579
5205 65.7579
5206 65.7579
5207 65.7579
5208 65.7579
5209 65.7579
5210 65.7579
5211 65.7579
5212 65.7579
5213 65.7579
5214 65.7579
5215 65.7579
5216 65.7579
5217 65.7579
5218 65.7579
5219 65.7579
5220 65.7579
5221 65.7579
5222 65.7579
5223 65.7579
5224 65.7579
5225 65.7579
5226 65.7579
5227 65.7579
5228 65.7579
5229 65.7579
5230 65.7579
5231 65.7579
5232 65.7579
5233 65.7579
5234 65.7579
5235 65.7579
5236 65.7579
5237 65.7579
5238 65.7579
5239 65.7579
5240 65.7579
5241 65.7579
5242 65.7579
5243 65.7579
5244 65.7579
5245 65.7579
5246 65.7579
5247 65.7579
5248 65.7579
5249 65.7579
5250 65.7579
5251 65.7579
5252 65.7579
5253 65.7579
5254 65.7579
5255 65.7579
5256 65.7579
5257 65.7579
5258 65.7579
5259 65.7579
5260 65.7579
5261 65.7579
5262 65.7579
5263 65.7579
5264 65.7579
5265 65.7579
5266 65.7579
5267 65.7579
5268 65.7579
5269 65.7579
5270 65.7579
5271 65.7579
5272 65.7579
5273 65.7579
5274 65.7579
5275 65.7579
5276 65.7579
5277 65.7579
5278 65.7579
5279 65.7579
5280 65.7579
5281 65.7579
5282 65.7579
5283 65.7579
5284 65.7579
5285 65.7579
5286 65.7579
5287 65.7579
5288 65.7579
5289 65.7579
5290 65.7579
5291 65.7579
5292 65.7579
5293 65.7579
5294 65.7579
5295 65.7579
5296 65.7579
5297 65.7579
5298 65.7579
5299 65.7579
5300 65.7579
5301 65.7579
5302 65.7579
5303 65.7579
5304 65.7579
5305 65.7579
5306 65.7579
5307 65.7579
5308 65.7579
5309 65.7579
5310 65.7579
5311 65.7579
5312 65.7579
5313 65.7579
5314 65.7579
5315 65.7579
5316 65.7579
5317 65.7579
5318 65.7579
5319 65.7579
5320 65.7579
5321 65.7579
5322 65.7579
5323 65.7579
5324 65.7579
5325 65.7579
5326 65.7579
5327 65.7579
5328 65.7579
5329 65.7579
5330 65.7579
5331 65.7579
5332 65.7579
5333 65.7579
5334 65.7579
5335 65.7579
5336 65.7579
5337 65.7579
5338 65.7579
5339 65.7579
5340 65.7579
5341 65.7579
5342 65.7579
5343 65.7579
5344 65.7579
5345 65.7579
5346 65.7579
5347 65.7579
5348 65.7579
5349 65.7579
5350 65.7579
5351 65.7579
5352 65.7579
5353 65.7579
5354 65.7579
5355 65.7579
5356 65.7579
5357 65.7579
5358 65.7579
5359 65.7579
5360 65.7579
5361 65.7579
5362 65.7579
5363 65.7579
5364 65.7579
5365 65.7579
5366 65.7579
5367 65.7579
5368 65.7579
5369 65.7579
5370 65.7579
5371 65.7579
5372 65.7579
5373 65.7579
5374 65.7579
5375 65.7579
5376 65.7579
5377 65.7579
5378 65.7579
5379 65.7579
5380 65.7579
5381 65.7579
5382 65.7579
5383 65.7579
5384 65.7579
5385 65.7579
5386 65.7579
5387 65.7579
5388 65.7579
5389 65.7579
5390 65.7579
5391 65.7579
5392 65.7579
5393 65.7579
5394 65.7579
5395 65.7579
5396 65.7579
5397 65.7579
5398 65.7579
5399 65.7579
5400 65.7579
5401 65.7579
5402 65.7579
5403 65.7579
5404 65.7579
5405 65.7579
5406 65.7579
5407 65.7579
5408 65.7579
5409 65.7579
5410 65.7579
5411 65.7579
5412 65.7579
5413 65.7579
5414 65.7579
5415 65.7579
5416 65.7579
5417 65.7579
5418 65.7579
5419 65.7579
5420 65.7579
5421 65.7579
5422 65.7579
5423 65.7579
5424 65.7579
5425 65.7579
5426 65.7579
5427 65.7579
5428 65.7579
5429 65.7579
5430 65.7579
5431 65.7579
5432 65.7579
5433 65.7579
5434 65.7579
5435 65.7579
5436 65.7579
5437 65.7579
5438 65.7579
5439 65.7579
5440 65.7579
5441 65.7579
5442 65.7579
5443 65.7579
5444 65.7579
5445 65.7579
5446 65.7579
5447 65.7579
5448 65.7579
5449 65.7579
5450 65.7579
5451 65.7579
5452 65.7579
5453 65.7579
5454 65.7579
5455 65.7579
5456 65.7579
5457 65.7579
5458 65.7579
5459 65.7579
5460 65.7579
5461 65.7579
5462 65.7579
5463 65.7579
5464 65.7579
5465 65.7579
5466 65.7579
5467 65.7579
5468 65.7579
5469 65.7579
5470 65.7579
5471 65.7579
5472 65.7579
5473 65.7579
5474 65.7579
5475 65.7579
5476 65.7579
5477 65.7579
5478 65.7579
5479 65.7579
5480 65.7579
5481 65.7579
5482 65.7579
5483 65.7579
5484 65.7579
5485 65.7579
5486 65.7579
5487 65.7579
5488 65.7579
5489 65.7579
5490 65.7579
5491 65.7579
5492 65.7579
5493 65.7579
5494 65.7579
5495 65.7579
5496 65.7579
5497 65.7579
5498 65.7579
5499 65.7579
5500 65.7579
5501 65.7579
5502 65.7579
5503 65.7579
5504 65.7579
5505 65.7579
5506 65.7579
5507 65.7579
5508 65.7579
5509 65.7579
5510 65.7579
5511 65.7579
5512 65.7579
5513 65.7579
5514 65.7579
5515 65.7579
5516 65.7579
5517 65.7579
5518 65.7579
5519 65.7579
5520 65.7579
5521 65.7579
5522 65.7579
5523 65.7579
5524 65.7579
5525 65.7579
5526 65.7579
5527 65.7579
5528 65.7579
5529 65.7579
5530 65.7579
5531 65.7579
5532 65.7579
5533 65.7579
5534 65.7579
5535 65.7579
5536 65.7579
5537 65.7579
5538 65.7579
5539 65.7579
5540 65.7579
5541 65.7579
5542 65.7579
5543 65.7579
5544 65.7579
5545 65.7579
5546 65.7579
5547 65.7579
5548 65.7579
5549 65.7579
5550 65.7579
5551 65.7579
5552 65.7579
5553 65.7579
5554 65.7579
5555 65.7579
5556 65.7579
5557 65.7579
5558 65.7579
5559 65.7579
5560 65.7579
5561 65.7579
5562 65.7579
5563 65.7579
5564 65.7579
5565 65.7579
5566 65.7579
5567 65.7579
5568 65.7579
5569 65.7579
5570 65.7579
5571 65.7579
5572 65.7579
5573 65.7579
5574 65.7579
5575 65.7579
5576 65.7579
5577 65.7579
5578 65.7579
5579 65.7579
5580 65.7579
5581 65.7579
5582 65.7579
5583 65.7579
5584 65.7579
5585 65.7579
5586 65.7579
5587 65.7579
5588 65.7579
5589 65.7579
5590 65.7579
5591 65.7579
5592 65.7579
5593 65.7579
5594 65.7579
5595 65.7579
5596 65.7579
5597 65.7579
5598 65.7579
5599 65.7579
5600 65.7579
5601 65.7579
5602 65.7579
5603 65.7579
5604 65.7579
5605 65.7579
5606 65.7579
5607 65.7579
5608 65.7579
5609 65.7579
5610 65.7579
5611 65.7579
5612 65.7579
5613 65.7579
5614 65.7579
5615 65.7579
5616 65.7579
5617 65.7579
5618 65.7579
5619 65.7579
5620 65.7579
5621 65.7579
5622 65.7579
5623 65.7579
5624 65.7579
5625 65.7579
5626 65.7579
5627 65.7579
5628 65.7579
5629 65.7579
5630 65.7579
5631 65.7579
5632 65.7579
5633 65.7579
5634 65.7579
5635 65.7579
5636 65.7579
5637 65.7579
5638 65.7579
5639 65.7579
5640 65.7579
5641 65.7579
5642 65.7579
5643 65.7579
5644 65.7579
5645 65.7579
5646 65.7579
5647 65.7579
5648 65.7579
5649 65.7579
5650 65.7579
5651 65.7579
5652 65.7579
5653 65.7579
5654 65.7579
5655 65.7579
5656 65.7579
5657 65.7579
5658 65.7579
5659 65.7579
5660 65.7579
5661 65.7579
5662 65.7579
5663 65.7579
5664 65.7579
5665 65.7579
5666 65.7579
5667 65.7579
5668 65.6158
5669 65.6158
5670 65.6158
5671 65.6158
5672 65.6158
5673 65.6158
5674 65.6158
5675 65.6158
5676 65.6158
5677 65.6158
5678 65.6158
5679 65.6158
5680 65.6158
5681 65.6158
5682 65.6158
5683 65.6158
5684 65.6158
5685 65.6158
5686 65.6158
5687 65.6158
5688 65.6158
5689 65.6158
5690 65.6158
5691 65.6158
5692 65.6158
5693 65.6158
5694 65.6158
5695 65.6158
5696 65.6158
5697 65.6158
5698 65.6158
5699 65.6158
5700 65.6158
5701 65.6158
5702 65.6158
5703 65.6158
5704 65.6158
5705 65.6158
5706 65.6158
5707 65.6158
5708 65.6158
5709 65.6158
5710 65.6158
5711 65.6158
5712 65.6158
5713 65.6158
5714 65.6158
5715 65.6158
5716 65.6158
5717 65.6158
5718 65.6158
5719 65.6158
5720 65.6158
5721 65.6158
5722 65.6158
5723 65.6158
5724 65.6158
5725 65.6158
5726 65.6158
5727 65.6158
5728 65.6158
5729 65.6158
5730 65.6158
5731 65.6158
5732 65.6158
5733 65.6158
5734 65.6158
5735 65.6158
5736 65.6158
5737 65.6158
5738 65.6158
5739 65.6158
5740 65.6158
5741 65.6158
5742 65.6158
5743 65.6158
5744 65.6158
5745 65.6158
5746 65.6158
5747 65.6158
5748 65.6158
5749 65.6158
5750 65.6158
5751 65.6158
5752 65.6158
5753 65.6158
5754 65.6158
5755 65.6158
5756 65.6158
5757 65.6158
5758 65.6158
5759 65.6158
5760 65.6158
5761 65.6158
5762 65.6158
5763 65.6158
5764 65.6158
5765 65.6158
5766 65.6158
5767 65.6158
5768 65.6158
5769 65.6158
5770 65.6158
5771 65.6158
5772 65.6158
5773 65.6158
5774 65.6158
5775 65.6158
5776 65.6158
5777 65.6158
5778 65.6158
5779 65.6158
5780 65.6158
5781 65.6158
5782 65.6158
5783 65.6158
5784 65.6158
5785 65.6158
5786 65.6158
5787 65.6158
5788 65.6158
5789 65.6158
5790 65.6158
5791 65.6158
5792 65.6158
5793 65.6158
5794 65.6158
5795 65.6158
5796 65.6158
5797 65.6158
5798 65.6158
5799 65.6158
5800 65.6158
5801 65.6158
5802 65.6158
5803 65.6158
5804 65.6158
5805 65.6158
5806 65.6158
5807 65.6158
5808 65.6158
5809 65.6158
5810 65.6158
5811 65.6158
5812 65.6158
5813 65.6158
5814 65.6158
5815 65.6158
5816 65.6158
5817 65.6158
5818 65.6158
5819 65.6158
5820 65.6158
5821 65.6158
5822 65.6158
5823 65.6158
5824 65.6158
5825 65.6158
5826 65.6158
5827 65.6158
5828 65.6158
5829 65.6158
5830 65.6158
5831 65.6158
5832 65.6158
5833 65.6158
5834 65.6158
5835 65.6158
5836 65.6158
5837 65.6158
5838 65.6158
5839 65.6158
5840 65.6158
5841 65.6158
5842 65.6158
5843 65.6158
5844 65.6158
5845 65.6158
5846 65.6158
5847 65.6158
5848 65.6158
5849 65.6158
5850 65.6158
5851 65.6158
5852 65.6158
5853 65.6158
5854 65.6158
5855 65.6158
5856 65.6158
5857 65.6158
5858 65.6158
5859 65.6158
5860 65.6158
5861 65.6158
5862 65.6158
5863 65.6158
5864 65.6158
5865 65.6158
5866 65.6158
5867 65.6158
5868 65.6158
5869 65.6158
5870 65.6158
5871 65.6158
5872 65.6158
5873 65.6158
5874 65.6158
5875 65.6158
5876 65.6158
5877 65.6158
5878 65.6158
5879 65.6158
5880 65.6158
5881 65.6158
5882 65.6158
5883 65.6158
5884 65.6158
5885 65.6158
5886 65.6158
5887 65.6158
5888 65.6158
5889 65.6158
5890 65.6158
5891 65.6158
5892 65.6158
5893 65.6158
5894 65.6158
5895 65.6158
5896 65.6158
5897 65.6158
5898 65.6158
5899 65.6158
5900 65.6158
5901 65.6158
5902 65.6158
5903 65.6158
5904 65.6158
5905 65.6158
5906 65.6158
5907 65.6158
5908 65.6158
5909 65.6158
5910 65.6158
5911 65.6158
5912 65.6158
5913 65.6158
5914 65.6158
5915 65.6158
5916 65.6158
5917 65.6158
5918 65.6158
5919 65.6158
5920 65.6158
5921 65.6158
5922 65.6158
5923 65.6158
5924 65.6158
5925 65.6158
5926 65.6158
5927 65.6158
5928 65.6158
5929 65.6158
5930 65.6158
5931 65.6158
5932 65.6158
5933 65.6158
5934 65.6158
5935 65.6158
5936 65.6158
5937 65.6158
5938 65.6158
5939 65.6158
5940 65.6158
5941 65.6158
5942 65.6158
5943 65.6158
5944 65.6158
5945 65.6158
5946 65.6158
5947 65.6158
5948 65.6158
5949 65.6158
5950 65.6158
5951 65.6158
5952 65.6158
5953 65.6158
5954 65.6158
5955 65.6158
5956 65.6158
5957 65.6158
5958 65.6158
5959 65.6158
5960 65.6158
5961 65.6158
5962 65.6158
5963 65.6158
5964 65.6158
5965 65.6158
5966 65.6158
5967 65.6158
5968 65.6158
5969 65.6158
5970 65.6158
5971 65.6158
5972 65.6158
5973 65.6158
5974 65.6158
5975 65.6158
5976 65.6158
5977 65.6158
5978 65.6158
5979 65.6158
5980 65.6158
5981 65.6158
5982 65.6158
5983 65.6158
5984 65.6158
5985 65.6158
5986 65.6158
5987 65.6158
5988 65.6158
5989 65.6158
5990 65.6158
5991 65.6158
5992 65.6158
5993 65.6158
5994 65.6158
5995 65.6158
5996 65.6158
5997 65.6158
5998 65.6158
5999 65.6158
6000 65.6158
