1 432.213
2 427.026
3 414.138
4 400.835
5 389.269
6 389.269
7 375.733
8 372.015
9 364.809
10 354.487
11 354.487
12 345.859
13 347.969
14 339.368
15 333.47
16 327.895
17 319.454
18 316.388
19 310.745
20 309.734
21 309.734
22 304.202
23 303.724
24 302.256
25 301.962
26 301.962
27 292.06
28 288.117
29 290.903
30 289.145
31 286.177
32 285.286
33 278.609
34 278.201
35 277.925
36 273.585
37 272.704
38 272.704
39 271.186
40 270.887
41 265.39
42 264.157
43 264.264
44 263.543
45 262.416
46 261.549
47 256.841
48 251.813
49 250.908
50 250.812
51 249.977
52 245.749
53 245.749
54 245.749
55 245.625
56 243.908
57 243.811
58 241.303
59 239.682
60 237.503
61 235.06
62 235.06
63 232.104
64 232.104
65 232.104
66 232.104
67 232.104
68 232.104
69 229.3
70 229.3
71 228.441
72 227.978
73 227.978
74 226.977
75 226.771
76 225.645
77 224.762
78 224.762
79 222.355
80 223.037
81 221.984
82 219.961
83 219.961
84 218.121
85 218.121
86 218.121
87 217.135
88 215.006
89 214.888
90 214.888
91 214.888
92 214.888
93 214.888
94 214.487
95 211.796
96 210.592
97 210.251
98 210.301
99 210.301
100 210.301
101 206.78
102 206.78
103 206.78
104 207.469
105 201.151
106 201.151
107 195.357
108 195.357
109 195.357
110 194.566
111 194.462
112 193.36
113 193.36
114 193.36
115 192.406
116 192.406
117 191.375
118 191.375
119 190.408
120 190.408
121 190.408
122 188.791
123 188.791
124 188.791
125 186.401
126 185.42
127 183.726
128 183.726
129 183.726
130 175.612
131 175.612
132 175.612
133 175.612
134 175.612
135 175.612
136 175.612
137 175.612
138 175.612
139 175.612
140 174.163
141 174.163
142 174.163
143 172.875
144 172.861
145 171.904
146 167.522
147 170.675
148 170.417
149 170.417
150 170.417
151 170.304
152 168.107
153 167.505
154 167.505
155 167.505
156 167.139
157 163.93
158 163.93
159 163.93
160 163.93
161 163.93
162 163.67
163 163.67
164 163.67
165 163.67
166 163.67
167 163.67
168 163.67
169 163.67
170 163.67
171 163.67
172 163.67
173 163.67
174 163.67
175 163.281
176 163.281
177 161.346
178 161.346
179 161.346
180 161.346
181 158.25
182 157.153
183 156.837
184 156.837
185 156.837
186 156.823
187 155.545
188 155.502
189 155.502
190 155.229
191 155.229
192 153.905
193 153.905
194 153.905
195 152.768
196 152.768
197 152.768
198 152.768
199 152.768
200 152.768
201 150.042
202 150.042
203 150.042
204 150.042
205 148.097
206 148.097
207 148.724
208 148.724
209 148.724
210 147.092
211 145.773
212 145.773
213 145.773
214 145.773
215 145.773
216 145.532
217 145.532
218 145.405
219 145.405
220 145.405
221 145.405
222 145.405
223 145.405
224 144.51
225 144.498
226 144.498
227 143.691
228 143.691
229 143.691
230 142.522
231 142.522
232 142.522
233 142.522
234 141.158
235 141.158
236 141.158
237 140.993
238 140.622
239 140.622
240 140.622
241 140.561
242 140.025
243 139.207
244 137.716
245 137.716
246 137.716
247 136.392
248 136.392
249 136.392
250 136.073
251 136.073
252 136.073
253 136.073
254 136.073
255 136.073
256 136.073
257 136.073
258 136.073
259 136.073
260 136.073
261 136.073
262 136.073
263 136.015
264 134.725
265 134.725
266 134.725
267 134.725
268 134.725
269 134.725
270 134.612
271 134.356
272 134.356
273 134.356
274 134.356
275 134.356
276 132.147
277 132.147
278 132.147
279 132.147
280 132.147
281 132.147
282 130.567
283 130.567
284 130.567
285 130.567
286 130.567
287 130.567
288 130.064
289 130.064
290 129.745
291 130.064
292 130.064
293 130.064
294 130.064
295 130.003
296 130.064
297 130.064
298 130.064
299 130.064
300 130.064
301 130.064
302 130.064
303 130.001
304 130.001
305 130.001
306 130.001
307 130.001
308 129.806
309 129.806
310 129.806
311 127.888
312 127.888
313 127.888
314 127.888
315 127.888
316 127.888
317 127.888
318 125.886
319 125.886
320 125.429
321 125.429
322 125.429
323 125.429
324 124.862
325 124.862
326 124.862
327 124.862
328 124.862
329 124.862
330 124.862
331 124.862
332 124.862
333 124.643
334 123.91
335 123.91
336 123.91
337 123.91
338 123.691
339 123.691
340 123.691
341 123.691
342 123.691
343 123.691
344 123.691
345 122.917
346 122.917
347 121.033
348 121.033
349 121.033
350 120.93
351 120.93
352 120.646
353 120.646
354 120.646
355 120.136
356 120.136
357 120.136
358 120.136
359 120.136
360 120.136
361 120.136
362 120.136
363 120.136
364 120.136
365 120.136
366 119.653
367 119.653
368 119.653
369 119.434
370 119.4
371 119.4
372 119.4
373 119.4
374 118.941
375 118.818
376 118.749
377 118.37
378 118.359
379 118.359
380 118.301
381 118.301
382 116.823
383 116.823
384 116.823
385 116.823
386 116.823
387 116.377
388 116.377
389 116.377
390 116.377
391 116.377
392 116.377
393 116.377
394 116.377
395 116.377
396 116.377
397 116.377
398 116.377
399 116.377
400 115.967
401 116.158
402 116.158
403 115.967
404 115.967
405 115.967
406 115.967
407 115.967
408 115.967
409 115.967
410 115.746
411 115.746
412 115.746
413 115.599
414 115.599
415 115.599
416 115.367
417 115.367
418 114.892
419 114.611
420 114.611
421 114.611
422 114.603
423 114.603
424 114.453
425 114.453
426 114.292
427 114.453
428 114.134
429 114.134
430 113.855
431 113.633
432 113.633
433 112.67
434 112.67
435 112.67
436 112.351
437 112.351
438 112.351
439 111.327
440 111.327
441 111.327
442 110.727
443 110.727
444 110.727
445 110.727
446 110.408
447 110.408
448 110.408
449 110.408
450 110.124
451 109.054
452 109.054
453 109.054
454 109.054
455 109.054
456 109.054
457 109.054
458 108.554
459 108.554
460 107.617
461 107.617
462 107.617
463 107.617
464 107.617
465 106.986
466 106.986
467 106.986
468 106.986
469 106.986
470 106.986
471 106.986
472 106.986
473 106.651
474 106.651
475 106.651
476 106.601
477 106.601
478 106.601
479 106.601
480 106.601
481 106.601
482 105.007
483 105.007
484 104.688
485 104.688
486 104.688
487 104.688
488 104.688
489 104.688
490 103.721
491 103.721
492 103.721
493 103.721
494 103.721
495 103.721
496 103.721
497 103.721
498 103.184
499 103.184
500 103.184
501 103.184
502 103.184
503 102.414
504 102.414
505 102.414
506 102.414
507 102.414
508 102.414
509 102.414
510 102.414
511 102.414
512 102.182
513 102.182
514 102.182
515 102.182
516 102.182
517 102.182
518 102.182
519 102.182
520 102.182
521 102.182
522 102.182
523 102.182
524 101.65
525 101.405
526 101.405
527 101.405
528 101.166
529 101.166
530 101.166
531 101.166
532 101.166
533 101.166
534 101.166
535 101.166
536 101.166
537 101.049
538 101.049
539 101.049
540 100.518
541 100.518
542 100.518
543 100.518
544 100.518
545 100.105
546 100.105
547 100.105
548 100.056
549 100.056
550 100.056
551 100.056
552 100.056
553 99.5313
554 99.5313
555 99.5313
556 99.5313
557 99.5313
558 99.5313
559 99.4814
560 99.4814
561 99.4814
562 99.4814
563 99.4814
564 99.4814
565 99.4814
566 99.4814
567 99.4814
568 99.4814
569 98.6767
570 98.6767
571 98.6767
572 98.6767
573 98.6767
574 98.6767
575 98.6767
576 98.6767
577 98.6767
578 98.6767
579 98.6767
580 98.6767
581 98.6767
582 98.6767
583 98.6767
584 98.6767
585 98.6767
586 98.6767
587 98.6767
588 98.6767
589 98.0968
590 98.0968
591 98.0968
592 98.0968
593 98.0968
594 98.0968
595 97.7022
596 97.7022
597 97.7022
598 97.7022
599 97.7022
600 97.7022
601 97.7022
602 97.6977
603 97.6977
604 97.6977
605 97.6977
606 97.6977
607 97.6977
608 97.6977
609 97.6977
610 97.6977
611 97.6977
612 97.4959
613 97.4959
614 97.4959
615 96.6265
616 96.6265
617 96.6265
618 96.6265
619 96.6265
620 96.6265
621 96.3831
622 96.3831
623 96.3831
624 96.3831
625 96.3831
626 96.3831
627 96.3831
628 96.3831
629 96.3831
630 96.3831
631 96.3831
632 96.3548
633 96.3548
634 96.3831
635 96.3831
636 96.3831
637 96.3831
638 96.3831
639 96.3831
640 95.8492
641 95.8492
642 95.8492
643 95.8492
644 95.8492
645 95.8492
646 95.8492
647 95.8492
648 95.8492
649 95.8492
650 95.8492
651 95.8492
652 95.0759
653 95.0759
654 95.0759
655 95.0759
656 95.0759
657 95.0759
658 95.0759
659 94.7567
660 94.7567
661 94.7567
662 94.7567
663 94.7567
664 94.7567
665 94.7567
666 94.7567
667 94.7567
668 94.7567
669 94.7567
670 94.7567
671 94.7567
672 94.7567
673 94.7567
674 94.6888
675 94.6888
676 94.6888
677 94.6888
678 94.6888
679 94.6888
680 94.6888
681 94.6888
682 94.6888
683 94.6888
684 94.6888
685 93.7102
686 93.7102
687 94.3447
688 94.3447
689 94.0293
690 94.0293
691 94.0293
692 93.7102
693 93.7102
694 93.7102
695 93.7102
696 93.7102
697 93.7102
698 93.7102
699 93.7102
700 93.7102
701 93.5268
702 93.2336
703 93.2336
704 93.2336
705 93.2336
706 93.2336
707 93.2336
708 93.2336
709 93.2336
710 93.2336
711 93.2336
712 93.2336
713 93.2336
714 93.2336
715 93.2336
716 93.2336
717 93.2336
718 92.882
719 92.882
720 92.882
721 92.882
722 92.882
723 92.882
724 92.882
725 92.882
726 92.882
727 92.882
728 92.882
729 92.882
730 92.7648
731 92.882
732 92.882
733 92.882
734 92.882
735 92.882
736 92.882
737 92.882
738 90.6872
739 90.6872
740 90.6872
741 90.6872
742 90.6872
743 90.6872
744 90.6872
745 90.4494
746 90.4494
747 90.4494
748 90.4494
749 90.4494
750 90.4494
751 90.4494
752 90.4494
753 90.4494
754 90.4494
755 90.4494
756 90.4494
757 90.4494
758 90.1343
759 90.4494
760 90.4494
761 90.4494
762 90.4494
763 90.4494
764 90.4494
765 90.3488
766 90.3488
767 90.2221
768 90.2221
769 90.2221
770 90.2221
771 88.5549
772 88.5549
773 88.5549
774 88.5549
775 88.5549
776 88.5549
777 88.5549
778 88.5549
779 88.5549
780 88.5549
781 88.5549
782 88.5549
783 88.5549
784 88.5549
785 88.5549
786 88.5549
787 88.5549
788 88.5549
789 88.5549
790 88.5549
791 88.0891
792 88.0891
793 87.8075
794 88.0891
795 87.8075
796 87.8075
797 87.8075
798 87.8075
799 87.8075
800 87.8075
801 87.8075
802 87.8075
803 87.8075
804 87.8075
805 87.8075
806 87.8075
807 87.8075
808 87.219
809 87.219
810 86.9799
811 86.9799
812 86.9799
813 86.9799
814 86.9799
815 86.9799
816 86.9799
817 86.5579
818 85.9694
819 85.9694
820 85.9694
821 85.9694
822 85.9694
823 85.9694
824 85.9694
825 85.9694
826 85.9694
827 85.9694
828 85.9694
829 85.9694
830 85.9694
831 85.9694
832 85.9694
833 85.9694
834 85.304
835 85.304
836 85.2593
837 85.2086
838 85.2086
839 85.2086
840 85.2086
841 84.5432
842 84.5432
843 84.5432
844 84.5432
845 84.5432
846 84.5432
847 84.5432
848 84.5432
849 84.5432
850 84.5432
851 84.5432
852 84.5432
853 84.5432
854 84.5432
855 84.5432
856 84.5432
857 84.5432
858 84.5432
859 84.5432
860 84.5432
861 84.5432
862 84.5432
863 84.5432
864 84.5432
865 84.5432
866 84.5432
867 84.5432
868 84.3035
869 84.3035
870 84.3035
871 84.3035
872 84.5432
873 84.5432
874 84.5432
875 84.3035
876 84.3035
877 84.3035
878 84.3035
879 84.3035
880 84.3035
881 84.3035
882 84.3035
883 84.3035
884 83.1824
885 83.1824
886 83.1824
887 83.1824
888 83.1824
889 83.1824
890 83.1824
891 83.1824
892 83.1824
893 83.1824
894 82.7914
895 82.7914
896 82.7914
897 82.7914
898 82.7914
899 82.7914
900 82.7914
901 82.7914
902 82.7914
903 82.7914
904 82.6929
905 82.6929
906 82.6929
907 82.6929
908 82.6929
909 82.6929
910 82.6929
911 82.6929
912 82.6929
913 82.6929
914 82.6929
915 82.6929
916 82.6929
917 82.6929
918 82.6929
919 82.6929
920 82.6929
921 82.6929
922 82.6929
923 82.6929
924 82.6929
925 82.6929
926 82.6929
927 82.6929
928 82.6929
929 82.6929
930 82.6929
931 82.6929
932 82.6929
933 82.6929
934 82.6929
935 82.6929
936 82.6929
937 82.6929
938 82.6929
939 82.6929
940 82.6929
941 82.6929
942 82.6929
943 82.6929
944 82.5719
945 82.5719
946 82.5719
947 82.5719
948 82.5719
949 82.5719
950 82.5719
951 82.5719
952 82.5719
953 82.5719
954 82.5719
955 82.5719
956 82.5719
957 82.5719
958 82.5719
959 82.5719
960 82.5719
961 82.5719
962 82.5719
963 82.5719
964 82.5719
965 82.5719
966 82.5719
967 82.5719
968 82.3007
969 82.3007
970 82.3007
971 82.3007
972 82.3007
973 82.3007
974 82.3007
975 82.3007
976 82.3007
977 82.3007
978 82.3007
979 82.3007
980 82.3007
981 82.3007
982 82.3007
983 82.3007
984 82.3007
985 82.3007
986 82.3007
987 82.3007
988 82.3007
989 82.3007
990 82.3007
991 82.3007
992 82.3007
993 82.3007
994 82.3007
995 82.3007
996 82.3007
997 82.3007
998 82.3007
999 81.9425
1000 81.9425
1001 81.9425
1002 81.9425
1003 81.9425
1004 81.9425
1005 81.6234
1006 81.6234
1007 81.6234
1008 81.6234
1009 81.6234
1010 81.6234
1011 81.6234
1012 81.6234
1013 81.6234
1014 81.6234
1015 81.6234
1016 81.6234
1017 81.6234
1018 81.6234
1019 81.6234
1020 81.6234
1021 81.6234
1022 81.6234
1023 81.6234
1024 81.6234
1025 81.6234
1026 81.6234
1027 81.2937
1028 81.2937
1029 81.2937
1030 81.2313
1031 81.2313
1032 81.2313
1033 81.2313
1034 81.2313
1035 81.2313
1036 81.2313
1037 81.2313
1038 81.2313
1039 81.2313
1040 81.2313
1041 81.2313
1042 81.2313
1043 81.2313
1044 80.9872
1045 80.3117
1046 80.3117
1047 80.3117
1048 80.3117
1049 80.3117
1050 80.3117
1051 80.3117
1052 80.3117
1053 80.0963
1054 80.0963
1055 80.0963
1056 80.0963
1057 80.0963
1058 80.0963
1059 80.0963
1060 80.0963
1061 80.0963
1062 80.0963
1063 80.0963
1064 80.0963
1065 80.0963
1066 80.0963
1067 80.0963
1068 80.0963
1069 80.0963
1070 80.0963
1071 80.0963
1072 80.0963
1073 80.0963
1074 80.0963
1075 80.0963
1076 80.0963
1077 80.0963
1078 80.0963
1079 80.0963
1080 80.0963
1081 80.0963
1082 80.0963
1083 80.0963
1084 80.0963
1085 80.0963
1086 80.0963
1087 80.0963
1088 80.0963
1089 80.0963
1090 80.0963
1091 80.0963
1092 80.0963
1093 80.0963
1094 80.0963
1095 80.0963
1096 80.0871
1097 80.0871
1098 80.0871
1099 80.0871
1100 80.0871
1101 80.0871
1102 80.0871
1103 80.0871
1104 80.0871
1105 80.0871
1106 80.0871
1107 80.0871
1108 80.0871
1109 80.0871
1110 80.0871
1111 80.0871
1112 80.0871
1113 80.0746
1114 80.0746
1115 80.0746
1116 80.0746
1117 80.0746
1118 80.0746
1119 80.0746
1120 80.0746
1121 80.0746
1122 80.0746
1123 80.0746
1124 80.0746
1125 80.0746
1126 80.0746
1127 80.0746
1128 80.0746
1129 80.0746
1130 80.0746
1131 80.0746
1132 79.8912
1133 79.8912
1134 79.8912
1135 79.6757
1136 79.6757
1137 79.6757
1138 79.6757
1139 79.6757
1140 79.6757
1141 79.6757
1142 79.6757
1143 79.6757
1144 79.6757
1145 79.6757
1146 79.6757
1147 79.6757
1148 79.6757
1149 79.6757
1150 79.6757
1151 79.6757
1152 79.6757
1153 79.6757
1154 79.6195
1155 79.6195
1156 79.6757
1157 79.6757
1158 79.6757
1159 79.6757
1160 79.6757
1161 79.6757
1162 79.4298
1163 79.4298
1164 79.4298
1165 79.4298
1166 79.4055
1167 79.4055
1168 79.2144
1169 79.2144
1170 79.1901
1171 79.1901
1172 79.1901
1173 79.1901
1174 79.1901
1175 79.1901
1176 79.1901
1177 79.1901
1178 79.1901
1179 79.1901
1180 79.1901
1181 78.9914
1182 78.9914
1183 78.9914
1184 78.9914
1185 78.9914
1186 78.9914
1187 78.9914
1188 78.9914
1189 78.9914
1190 78.9914
1191 78.9914
1192 78.9914
1193 78.9914
1194 78.9914
1195 78.9914
1196 78.9914
1197 78.9914
1198 78.9914
1199 78.9914
1200 78.9914
1201 78.9914
1202 78.9914
1203 78.9914
1204 78.9914
1205 78.9914
1206 78.9914
1207 78.9914
1208 78.9914
1209 78.9914
1210 78.9914
1211 78.9914
1212 78.9914
1213 78.9914
1214 78.9914
1215 78.9914
1216 78.9914
1217 78.9914
1218 78.9914
1219 78.9914
1220 78.9914
1221 78.9914
1222 78.9914
1223 78.9914
1224 78.9914
1225 78.9914
1226 78.9914
1227 78.9914
1228 78.8021
1229 78.8021
1230 78.8021
1231 78.8021
1232 78.8021
1233 78.8021
1234 78.8021
1235 78.8021
1236 78.8021
1237 78.8021
1238 78.8021
1239 78.8021
1240 78.8021
1241 78.8021
1242 78.8021
1243 78.8021
1244 78.8021
1245 78.8021
1246 78.8021
1247 78.8021
1248 78.8021
1249 78.8021
1250 78.8021
1251 78.8021
1252 78.8021
1253 78.5196
1254 78.5196
1255 78.5196
1256 78.5196
1257 78.5196
1258 78.5196
1259 78.5196
1260 78.5196
1261 78.5196
1262 78.5196
1263 78.5196
1264 78.5196
1265 78.5196
1266 78.5196
1267 78.5196
1268 78.5196
1269 78.5196
1270 77.6642
1271 77.6642
1272 77.6642
1273 77.6642
1274 77.6642
1275 77.6642
1276 77.6642
1277 77.6642
1278 77.6642
1279 77.6642
1280 77.6642
1281 77.6642
1282 77.6642
1283 77.6642
1284 77.6642
1285 77.6642
1286 77.6642
1287 77.6642
1288 77.6642
1289 77.6642
1290 77.6642
1291 77.6642
1292 77.6642
1293 77.6642
1294 77.6642
1295 77.6622
1296 77.6642
1297 77.6642
1298 77.6642
1299 77.6642
1300 77.6642
1301 77.6642
1302 77.6642
1303 77.6642
1304 77.6642
1305 77.6642
1306 77.1576
1307 77.1576
1308 77.1576
1309 77.1576
1310 77.1576
1311 77.1576
1312 77.1576
1313 77.1576
1314 77.1576
1315 77.1576
1316 77.1576
1317 77.1576
1318 77.1576
1319 77.1576
1320 77.1576
1321 77.1576
1322 77.1576
1323 77.1576
1324 77.1576
1325 77.1576
1326 77.1576
1327 77.1576
1328 77.1576
1329 77.1576
1330 77.1576
1331 77.1576
1332 77.1576
1333 77.1576
1334 77.1576
1335 77.1576
1336 77.1576
1337 77.1576
1338 77.1576
1339 77.1576
1340 77.1576
1341 77.1576
1342 77.1576
1343 77.1576
1344 77.1576
1345 77.1576
1346 77.1576
1347 77.1576
1348 77.1576
1349 77.1576
1350 77.1576
1351 77.1576
1352 77.1576
1353 77.1576
1354 77.1576
1355 77.1576
1356 77.1576
1357 77.1576
1358 77.1576
1359 77.1576
1360 77.1576
1361 77.1576
1362 77.1576
1363 77.1576
1364 77.1576
1365 77.1576
1366 77.1576
1367 77.1013
1368 77.1013
1369 77.1576
1370 77.1576
1371 77.1576
1372 77.1576
1373 77.1576
1374 77.1576
1375 77.1576
1376 77.1576
1377 77.1576
1378 77.1576
1379 76.7665
1380 76.7665
1381 76.7665
1382 76.7665
1383 76.7665
1384 76.7665
1385 76.7665
1386 76.7665
1387 76.7665
1388 76.7665
1389 76.7665
1390 76.7665
1391 76.7665
1392 76.7665
1393 76.7665
1394 76.7665
1395 76.7665
1396 76.7665
1397 76.7665
1398 76.7665
1399 76.7665
1400 76.7665
1401 76.7665
1402 76.7665
1403 76.7665
1404 76.7665
1405 76.7665
1406 76.7665
1407 76.7665
1408 76.7665
1409 76.7665
1410 76.7665
1411 76.7665
1412 76.7665
1413 76.7665
1414 76.7665
1415 76.7665
1416 76.7665
1417 76.7665
1418 76.7665
1419 76.7665
1420 76.7665
1421 76.7665
1422 76.7665
1423 76.7665
1424 76.7665
1425 76.7665
1426 76.7665
1427 76.7665
1428 76.7665
1429 76.7665
1430 76.7665
1431 76.7665
1432 76.7665
1433 76.7665
1434 76.7665
1435 76.7665
1436 76.7665
1437 76.7665
1438 76.7665
1439 76.7665
1440 76.7665
1441 76.7665
1442 76.7665
1443 76.7665
1444 76.7665
1445 76.7665
1446 76.7665
1447 76.7665
1448 76.7665
1449 76.7665
1450 76.7665
1451 76.7665
1452 76.5426
1453 76.5426
1454 76.5426
1455 76.5426
1456 76.5426
1457 76.5426
1458 76.5426
1459 76.5426
1460 76.5426
1461 76.5426
1462 76.5426
1463 76.5426
1464 76.5426
1465 76.5426
1466 76.5426
1467 76.5426
1468 76.5426
1469 75.6265
1470 75.6265
1471 75.6265
1472 75.6265
1473 75.6265
1474 75.6265
1475 75.6265
1476 75.6265
1477 75.6265
1478 75.6265
1479 75.6265
1480 75.6265
1481 75.6265
1482 75.6265
1483 75.6265
1484 75.6265
1485 75.6265
1486 75.6265
1487 75.6265
1488 75.6265
1489 75.6265
1490 75.6265
1491 75.6265
1492 75.6265
1493 75.6265
1494 75.6265
1495 75.6265
1496 75.6265
1497 75.6265
1498 75.6265
1499 75.6265
1500 75.6265
1501 75.6265
1502 75.6265
1503 75.6265
1504 75.6265
1505 75.6265
1506 75.6265
1507 75.6265
1508 75.6265
1509 75.6265
1510 75.6265
1511 75.6265
1512 75.6265
1513 75.6265
1514 75.6265
1515 75.6265
1516 75.6265
1517 75.6265
1518 75.6265
1519 75.6265
1520 75.6265
1521 75.6265
1522 75.6265
1523 75.6265
1524 75.6265
1525 75.6265
1526 75.6265
1527 75.6265
1528 75.6265
1529 75.6265
1530 75.6265
1531 75.6265
1532 75.6265
1533 75.6265
1534 75.6265
1535 75.6265
1536 75.6265
1537 75.6265
1538 75.6265
1539 75.6265
1540 75.6265
1541 75.6265
1542 75.6265
1543 75.6265
1544 75.6265
1545 75.6265
1546 75.6265
1547 75.6265
1548 75.6265
1549 75.6265
1550 75.6265
1551 75.6265
1552 75.6265
1553 75.6265
1554 75.6265
1555 75.6265
1556 75.6265
1557 75.6265
1558 75.6265
1559 75.6265
1560 75.6265
1561 75.6265
1562 75.6265
1563 75.6265
1564 75.6265
1565 75.6265
1566 75.2335
1567 75.2335
1568 75.2335
1569 75.2335
1570 75.2335
1571 75.2335
1572 75.2335
1573 75.2335
1574 75.2335
1575 75.2335
1576 75.2335
1577 75.2335
1578 75.2335
1579 75.2335
1580 75.2335
1581 75.2335
1582 75.2335
1583 75.2335
1584 75.2335
1585 75.2335
1586 75.2335
1587 75.2335
1588 75.2335
1589 75.2335
1590 75.2335
1591 75.2335
1592 75.2335
1593 75.2335
1594 75.2335
1595 75.2335
1596 75.2335
1597 75.2335
1598 75.2335
1599 75.2335
1600 75.2335
1601 75.2335
1602 75.2335
1603 75.2335
1604 75.2335
1605 75.2335
1606 74.2496
1607 74.2496
1608 74.2496
1609 74.2496
1610 74.2496
1611 74.2496
1612 74.2496
1613 74.2496
1614 74.2496
1615 74.2496
1616 74.2496
1617 74.2496
1618 74.2496
1619 74.2496
1620 74.2496
1621 74.2496
1622 74.2496
1623 74.2496
1624 74.2496
1625 74.2496
1626 74.2496
1627 74.2496
1628 74.2496
1629 74.2496
1630 74.2496
1631 74.2496
1632 74.2496
1633 74.2496
1634 74.2496
1635 74.2496
1636 74.2496
1637 74.2496
1638 74.2496
1639 74.2496
1640 74.2496
1641 74.2496
1642 74.2496
1643 73.7677
1644 73.7677
1645 73.7677
1646 73.7677
1647 73.7677
1648 73.7677
1649 73.7677
1650 73.7677
1651 73.7677
1652 73.7677
1653 73.7677
1654 73.7677
1655 73.7677
1656 73.7677
1657 73.7677
1658 73.7677
1659 73.7677
1660 73.7677
1661 73.7677
1662 73.7677
1663 73.7677
1664 73.7677
1665 73.7677
1666 73.7677
1667 73.7677
1668 73.7677
1669 73.7677
1670 73.7218
1671 73.7218
1672 73.7218
1673 73.7218
1674 73.7218
1675 73.7218
1676 73.7218
1677 73.7218
1678 73.7218
1679 73.7218
1680 73.7218
1681 73.7218
1682 73.7218
1683 73.7218
1684 73.7218
1685 73.7218
1686 73.7218
1687 73.7218
1688 73.7218
1689 73.7218
1690 73.7218
1691 73.7218
1692 73.7218
1693 73.7218
1694 73.7218
1695 73.7218
1696 73.7218
1697 73.7218
1698 73.7218
1699 73.7218
1700 73.7218
1701 73.7218
1702 73.7218
1703 73.7218
1704 73.7218
1705 73.7218
1706 73.7218
1707 73.7218
1708 73.7218
1709 73.7218
1710 73.7218
1711 73.7218
1712 73.7218
1713 73.7218
1714 73.7218
1715 73.7218
1716 73.7218
1717 73.7218
1718 73.7218
1719 73.7218
1720 73.7218
1721 73.7218
1722 73.7218
1723 73.7218
1724 73.7218
1725 73.7218
1726 73.7218
1727 73.7218
1728 73.7218
1729 73.7218
1730 73.7218
1731 73.7218
1732 73.7218
1733 73.7218
1734 73.7218
1735 73.7218
1736 73.7218
1737 73.7218
1738 73.7218
1739 73.7218
1740 73.7218
1741 73.7218
1742 73.7218
1743 73.7218
1744 73.7218
1745 73.7218
1746 73.7218
1747 73.7218
1748 73.7218
1749 73.7218
1750 73.7218
1751 73.7218
1752 73.7218
1753 73.7218
1754 73.7218
1755 73.7218
1756 73.7218
1757 73.7218
1758 73.7218
1759 73.7218
1760 73.7218
1761 73.7218
1762 73.7218
1763 73.7218
1764 73.7218
1765 73.7218
1766 73.7218
1767 73.7218
1768 73.7218
1769 73.7218
1770 73.7218
1771 73.7218
1772 73.7218
1773 73.7218
1774 73.7218
1775 73.7218
1776 73.7218
1777 73.7218
1778 73.7218
1779 73.7218
1780 73.7218
1781 73.7218
1782 73.7218
1783 73.7218
1784 73.7218
1785 73.7218
1786 73.7218
1787 73.7218
1788 73.7218
1789 73.7218
1790 73.7218
1791 73.7218
1792 73.7218
1793 73.7218
1794 73.7218
1795 73.7218
1796 73.7218
1797 73.7218
1798 73.7218
1799 73.7218
1800 73.7218
1801 73.7218
1802 73.7218
1803 73.7218
1804 73.7218
1805 73.7218
1806 73.7218
1807 73.7218
1808 73.7218
1809 73.7218
1810 73.7218
1811 73.7218
1812 73.7218
1813 73.7218
1814 73.7218
1815 73.7218
1816 73.7218
1817 73.7218
1818 73.7218
1819 73.7218
1820 73.7218
1821 73.7218
1822 73.7218
1823 73.7218
1824 73.7218
1825 73.7218
1826 73.7218
1827 73.7218
1828 73.2033
1829 73.2033
1830 73.2033
1831 73.2033
1832 73.2033
1833 73.2033
1834 73.2033
1835 73.2033
1836 73.2033
1837 73.2033
1838 73.2033
1839 73.2033
1840 73.2033
1841 73.2033
1842 73.2033
1843 73.2033
1844 73.2033
1845 73.2033
1846 73.2033
1847 73.2033
1848 73.2033
1849 73.2033
1850 73.2033
1851 73.2033
1852 73.2033
1853 73.2033
1854 73.2033
1855 73.2033
1856 73.2033
1857 73.2033
1858 73.2033
1859 73.2033
1860 73.2033
1861 73.2033
1862 73.2033
1863 73.2033
1864 73.2033
1865 73.2033
1866 73.2033
1867 73.2033
1868 73.2033
1869 73.2033
1870 73.2033
1871 73.2033
1872 73.2033
1873 73.2033
1874 73.2033
1875 73.2033
1876 73.2033
1877 73.2033
1878 73.2033
1879 73.2033
1880 73.2033
1881 73.2033
1882 73.1141
1883 73.1141
1884 73.1141
1885 73.0694
1886 73.0694
1887 73.0694
1888 73.0694
1889 73.0694
1890 73.0694
1891 72.8361
1892 72.8361
1893 72.8361
1894 72.8361
1895 72.8361
1896 72.8361
1897 72.8361
1898 72.8361
1899 72.8361
1900 72.8361
1901 72.8361
1902 72.8361
1903 72.8361
1904 72.8361
1905 72.8361
1906 72.8361
1907 72.8361
1908 72.8361
1909 72.8361
1910 72.8361
1911 72.8361
1912 72.8361
1913 72.8361
1914 72.8361
1915 72.8361
1916 72.8361
1917 72.8361
1918 72.8361
1919 72.8361
1920 72.8361
1921 72.8361
1922 72.8361
1923 72.8361
1924 72.8361
1925 72.8361
1926 72.8361
1927 72.8361
1928 72.8361
1929 72.8361
1930 72.8361
1931 72.8361
1932 72.8361
1933 72.8361
1934 72.8361
1935 72.8361
1936 72.8361
1937 72.8361
1938 72.8361
1939 72.8361
1940 72.8361
1941 72.8361
1942 72.8361
1943 72.8361
1944 72.8361
1945 72.8361
1946 72.8361
1947 72.8361
1948 72.8361
1949 72.8361
1950 72.8361
1951 72.8361
1952 72.8361
1953 72.8361
1954 72.8361
1955 72.8361
1956 72.8361
1957 72.8361
1958 72.8361
1959 72.8361
1960 72.8361
1961 72.8361
1962 72.8361
1963 72.8361
1964 72.8361
1965 72.8361
1966 72.8361
1967 72.8361
1968 72.8361
1969 72.8361
1970 72.8361
1971 72.8361
1972 72.8361
1973 72.8361
1974 72.8361
1975 72.8361
1976 72.633
1977 72.633
1978 72.633
1979 72.633
1980 72.633
1981 72.633
1982 72.633
1983 72.633
1984 72.633
1985 72.633
1986 72.633
1987 72.633
1988 72.633
1989 72.633
1990 72.633
1991 72.633
1992 72.633
1993 72.633
1994 72.633
1995 72.633
1996 72.633
1997 72.633
1998 72.4632
1999 72.4632
2000 72.4632
2001 72.4632
2002 72.4632
2003 72.4632
2004 72.4632
2005 72.4632
2006 72.4632
2007 72.4632
2008 72.4632
2009 72.4632
2010 72.4632
2011 72.4632
2012 72.4632
2013 72.4632
2014 72.4632
2015 72.4632
2016 72.4632
2017 72.4632
2018 72.4632
2019 72.4632
2020 72.4632
2021 72.236
2022 72.236
2023 72.4632
2024 72.4632
2025 72.4632
2026 72.4632
2027 72.4632
2028 72.4632
2029 72.4632
2030 72.4632
2031 72.4632
2032 72.4632
2033 72.4632
2034 72.4632
2035 72.4632
2036 72.4632
2037 72.4632
2038 72.4632
2039 72.4632
2040 72.4632
2041 72.4632
2042 72.4632
2043 72.2958
2044 72.4632
2045 72.4632
2046 72.4632
2047 72.4632
2048 72.4632
2049 72.4632
2050 72.4632
2051 72.4632
2052 72.4632
2053 72.4632
2054 72.4632
2055 72.4632
2056 72.4632
2057 72.4632
2058 72.4632
2059 72.4632
2060 72.4632
2061 72.4632
2062 72.4632
2063 72.2958
2064 72.4632
2065 72.4632
2066 72.4632
2067 72.4632
2068 72.4632
2069 72.4632
2070 72.4632
2071 72.4632
2072 72.4632
2073 72.4632
2074 72.4632
2075 72.4632
2076 72.4632
2077 72.4632
2078 72.4632
2079 72.4632
2080 72.4632
2081 72.4632
2082 72.4632
2083 72.3785
2084 72.3785
2085 72.3785
2086 72.3785
2087 72.3785
2088 72.3785
2089 72.3785
2090 72.3785
2091 72.3785
2092 72.3785
2093 72.3785
2094 72.3785
2095 72.3785
2096 72.3785
2097 72.3785
2098 72.3785
2099 72.3785
2100 72.3785
2101 72.3785
2102 72.2175
2103 72.2175
2104 72.2175
2105 72.2175
2106 72.2175
2107 72.2175
2108 72.2175
2109 72.2175
2110 72.2175
2111 72.2175
2112 72.2175
2113 72.2175
2114 72.2175
2115 72.2175
2116 72.2175
2117 72.2175
2118 72.2175
2119 72.2175
2120 72.2175
2121 72.2175
2122 72.2175
2123 72.2175
2124 72.2175
2125 72.2175
2126 72.2175
2127 72.2175
2128 72.2175
2129 72.2175
2130 72.2175
2131 72.2175
2132 72.2175
2133 72.2175
2134 72.2175
2135 72.2175
2136 72.2175
2137 72.2175
2138 72.2175
2139 72.2175
2140 72.2175
2141 72.2175
2142 72.2175
2143 72.2175
2144 72.2175
2145 72.2175
2146 72.2175
2147 72.2175
2148 72.2175
2149 72.2175
2150 72.2175
2151 72.2175
2152 72.2175
2153 72.2175
2154 72.2175
2155 72.2175
2156 72.2175
2157 72.2175
2158 72.2175
2159 72.2175
2160 72.2175
2161 72.2175
2162 72.2175
2163 72.2175
2164 72.2175
2165 72.2175
2166 72.2175
2167 72.2175
2168 72.2175
2169 72.2175
2170 72.2175
2171 72.2175
2172 72.2175
2173 72.2175
2174 72.2175
2175 72.2175
2176 72.2175
2177 72.2175
2178 72.2175
2179 72.2175
2180 72.2175
2181 72.2175
2182 72.2175
2183 72.2175
2184 72.2175
2185 72.0926
2186 72.0926
2187 72.0926
2188 72.0926
2189 72.0926
2190 72.0926
2191 72.0926
2192 72.0926
2193 72.0926
2194 72.0926
2195 72.0926
2196 72.0926
2197 72.0926
2198 72.0926
2199 72.0926
2200 72.0926
2201 72.0926
2202 72.0926
2203 72.0926
2204 72.0926
2205 72.0926
2206 72.0926
2207 72.0902
2208 72.0902
2209 72.0902
2210 72.0902
2211 72.0902
2212 72.0902
2213 72.0902
2214 72.0902
2215 72.0902
2216 72.0902
2217 72.0902
2218 72.0902
2219 72.0902
2220 72.0902
2221 72.0902
2222 72.0902
2223 72.0902
2224 72.0902
2225 72.0902
2226 72.0902
2227 72.0902
2228 72.0902
2229 72.051
2230 72.051
2231 72.0485
2232 72.0485
2233 72.0485
2234 72.0485
2235 72.0485
2236 72.0485
2237 72.0485
2238 72.0485
2239 72.0485
2240 72.0485
2241 72.0485
2242 72.0485
2243 72.0485
2244 72.0485
2245 72.0485
2246 72.0485
2247 72.0485
2248 72.0485
2249 72.0485
2250 72.0485
2251 72.0485
2252 72.0485
2253 72.0485
2254 72.0485
2255 72.0485
2256 72.0485
2257 72.0485
2258 72.0485
2259 72.0485
2260 72.0485
2261 71.5663
2262 72.0485
2263 72.0485
2264 72.0485
2265 72.0485
2266 72.0485
2267 72.0485
2268 72.0485
2269 72.0485
2270 71.5663
2271 71.5663
2272 71.5663
2273 71.5663
2274 71.5663
2275 71.5663
2276 71.5663
2277 71.5663
2278 71.5663
2279 71.5663
2280 71.5663
2281 71.5663
2282 71.5663
2283 71.5663
2284 71.5663
2285 71.5663
2286 71.5663
2287 71.5663
2288 71.5663
2289 71.5663
2290 71.5663
2291 71.5663
2292 71.5663
2293 71.5663
2294 71.5663
2295 71.5663
2296 71.5663
2297 71.5663
2298 71.5663
2299 71.5663
2300 71.5663
2301 71.5663
2302 71.5663
2303 71.5663
2304 71.5663
2305 71.5663
2306 71.5663
2307 71.5663
2308 71.5663
2309 71.5663
2310 71.5663
2311 71.5663
2312 71.5663
2313 71.5663
2314 71.5663
2315 71.5663
2316 71.5663
2317 71.5663
2318 71.5663
2319 71.5663
2320 71.5663
2321 71.5663
2322 71.5663
2323 71.5663
2324 71.5663
2325 71.5663
2326 71.5663
2327 71.5663
2328 71.5663
2329 71.5663
2330 71.5663
2331 71.5663
2332 71.5663
2333 71.5663
2334 71.5663
2335 71.5663
2336 71.5663
2337 71.5663
2338 71.5663
2339 71.5663
2340 71.5663
2341 71.5663
2342 71.5663
2343 71.5663
2344 71.5663
2345 71.5663
2346 71.5663
2347 71.5663
2348 71.5663
2349 71.5663
2350 71.5663
2351 71.5663
2352 71.5663
2353 71.5663
2354 71.5663
2355 71.5663
2356 71.5663
2357 71.5663
2358 71.5663
2359 71.5663
2360 71.5663
2361 71.5663
2362 71.5663
2363 71.5663
2364 71.5663
2365 71.5663
2366 71.5663
2367 71.5663
2368 71.5663
2369 71.5663
2370 71.5663
2371 71.5663
2372 71.5663
2373 71.5663
2374 71.5663
2375 71.5663
2376 71.5663
2377 71.5663
2378 71.5663
2379 71.5663
2380 71.5663
2381 71.5663
2382 71.5663
2383 71.5663
2384 71.5663
2385 71.5663
2386 71.5663
2387 71.5663
2388 71.5663
2389 71.5663
2390 71.5663
2391 71.5663
2392 71.5663
2393 71.5663
2394 71.5663
2395 71.5663
2396 71.5663
2397 71.5663
2398 71.5663
2399 71.5663
2400 71.5663
2401 71.5663
2402 71.5663
2403 71.5663
2404 71.5663
2405 71.5663
2406 71.5663
2407 71.5663
2408 71.5663
2409 71.5663
2410 71.5663
2411 71.5663
2412 71.5663
2413 71.5663
2414 71.5663
2415 71.5663
2416 71.5663
2417 71.5663
2418 71.5663
2419 71.5663
2420 71.5663
2421 71.5663
2422 71.5663
2423 71.5663
2424 71.5663
2425 71.5663
2426 71.5663
2427 71.5663
2428 71.5663
2429 71.5663
2430 71.5663
2431 71.5663
2432 71.5663
2433 71.5663
2434 71.5663
2435 71.5663
2436 71.5663
2437 71.5663
2438 71.5663
2439 71.5663
2440 71.5663
2441 71.5663
2442 71.5663
2443 71.5663
2444 71.5663
2445 71.5663
2446 71.5663
2447 71.5663
2448 71.5663
2449 71.5663
2450 71.5663
2451 71.5663
2452 71.5663
2453 71.5663
2454 71.5663
2455 71.5663
2456 71.5663
2457 71.5663
2458 71.5663
2459 71.5663
2460 71.5663
2461 71.5663
2462 71.5663
2463 71.5663
2464 71.5663
2465 71.5663
2466 71.5663
2467 71.5663
2468 71.5663
2469 71.5663
2470 71.5663
2471 71.5663
2472 71.5663
2473 71.5663
2474 71.5663
2475 71.5663
2476 71.5663
2477 71.5663
2478 71.5663
2479 71.5663
2480 71.5663
2481 71.5663
2482 71.5663
2483 71.5663
2484 71.5663
2485 71.5663
2486 71.5663
2487 71.5663
2488 71.5663
2489 71.5663
2490 71.5663
2491 71.5663
2492 71.5663
2493 71.5663
2494 71.5663
2495 71.5663
2496 71.5663
2497 71.5663
2498 71.5663
2499 71.5663
2500 71.5663
2501 71.5663
2502 71.5663
2503 71.5663
2504 71.5663
2505 71.5663
2506 71.5663
2507 71.5663
2508 71.5663
2509 71.5663
2510 71.5663
2511 71.5663
2512 71.5663
2513 71.5663
2514 71.5663
2515 71.5663
2516 71.5663
2517 71.5663
2518 71.5663
2519 71.5663
2520 71.5663
2521 71.5663
2522 71.5663
2523 71.5663
2524 71.5663
2525 71.5663
2526 71.5663
2527 71.5663
2528 71.5663
2529 71.5663
2530 71.5663
2531 71.5663
2532 71.5663
2533 71.5663
2534 71.5663
2535 71.5663
2536 71.5663
2537 71.5663
2538 71.5663
2539 71.5663
2540 71.5663
2541 71.5663
2542 71.5663
2543 71.5663
2544 71.5663
2545 71.5663
2546 71.5663
2547 71.5663
2548 71.5663
2549 71.5663
2550 71.5663
2551 71.5663
2552 71.5663
2553 71.5663
2554 71.5663
2555 71.5663
2556 71.5663
2557 71.5663
2558 71.5663
2559 71.5663
2560 71.5663
2561 71.5663
2562 71.5663
2563 71.5663
2564 71.5663
2565 71.5663
2566 71.5663
2567 71.5663
2568 71.5663
2569 71.5663
2570 71.5663
2571 71.5663
2572 71.5663
2573 71.5663
2574 71.5663
2575 71.5663
2576 71.5663
2577 71.5663
2578 71.5663
2579 71.5663
2580 71.5663
2581 71.5663
2582 71.5663
2583 71.5663
2584 71.5663
2585 71.5663
2586 71.5663
2587 71.5663
2588 71.5663
2589 71.5663
2590 71.5663
2591 71.5663
2592 71.5663
2593 71.5663
2594 71.5663
2595 71.5663
2596 71.5663
2597 71.5663
2598 71.5663
2599 71.5663
2600 71.5663
2601 71.5663
2602 71.5663
2603 71.5663
2604 71.5663
2605 71.5663
2606 71.5663
2607 71.5663
2608 71.5663
2609 71.5663
2610 71.5663
2611 71.5663
2612 71.5663
2613 71.5663
2614 71.5663
2615 71.5663
2616 71.5663
2617 71.5663
2618 71.5663
2619 71.5663
2620 71.5663
2621 71.5663
2622 71.5663
2623 71.5663
2624 71.5663
2625 71.5663
2626 71.5663
2627 71.5663
2628 71.5663
2629 71.5663
2630 71.5663
2631 71.5663
2632 71.5663
2633 71.5663
2634 71.5663
2635 71.5663
2636 71.5663
2637 71.5663
2638 71.5663
2639 71.5663
2640 71.5663
2641 71.5663
2642 71.5663
2643 71.5663
2644 71.5663
2645 71.5663
2646 71.5663
2647 71.5663
2648 71.5663
2649 71.5663
2650 71.5663
2651 71.5663
2652 71.5663
2653 71.5663
2654 71.5663
2655 71.5663
2656 71.5663
2657 71.5663
2658 71.5663
2659 71.5663
2660 71.5663
2661 71.5663
2662 71.5663
2663 71.5663
2664 71.5663
2665 71.5663
2666 71.5663
2667 71.5663
2668 71.5663
2669 71.5663
2670 71.5663
2671 71.5663
2672 71.5663
2673 71.5663
2674 71.5663
2675 71.5663
2676 71.5663
2677 71.5663
2678 71.5663
2679 71.5663
2680 71.5663
2681 71.5663
2682 71.5663
2683 71.5663
2684 71.5663
2685 71.3989
2686 71.3989
2687 71.3989
2688 71.3989
2689 71.3989
2690 71.3989
2691 71.3989
2692 71.3989
2693 71.3989
2694 71.3989
2695 71.3989
2696 71.3989
2697 71.3989
2698 71.3989
2699 71.3989
2700 71.3989
2701 71.3989
2702 71.3989
2703 71.3989
2704 71.3989
2705 71.3989
2706 71.3989
2707 71.3989
2708 71.3989
2709 71.3989
2710 71.3989
2711 71.3989
2712 71.3989
2713 71.3989
2714 71.3989
2715 71.3989
2716 71.3989
2717 71.3989
2718 71.3989
2719 71.3989
2720 71.3989
2721 71.3989
2722 71.3989
2723 71.3989
2724 71.3989
2725 71.3989
2726 71.3989
2727 71.3989
2728 71.3989
2729 71.3989
2730 71.3989
2731 71.3989
2732 71.3989
2733 71.3989
2734 71.3989
2735 71.3989
2736 71.3989
2737 71.3989
2738 71.3989
2739 71.3989
2740 71.3989
2741 71.3989
2742 71.3989
2743 71.3989
2744 71.3989
2745 71.3989
2746 71.3989
2747 71.3989
2748 71.3989
2749 71.3989
2750 71.3989
2751 71.3989
2752 71.3989
2753 71.3989
2754 71.3989
2755 71.3989
2756 71.3989
2757 71.3989
2758 71.3989
2759 71.3989
2760 71.3989
2761 71.3989
2762 71.3989
2763 71.3989
2764 71.3989
2765 71.3989
2766 71.3989
2767 71.3989
2768 71.3989
2769 71.3989
2770 71.3989
2771 71.3989
2772 71.3989
2773 71.3989
2774 71.3989
2775 71.3989
2776 71.3989
2777 71.3989
2778 71.3989
2779 71.3989
2780 71.3989
2781 71.3989
2782 71.3989
2783 71.3989
2784 71.3989
2785 71.3989
2786 71.3989
2787 71.3989
2788 71.3989
2789 71.3989
2790 71.3989
2791 71.3989
2792 71.3989
2793 71.3989
2794 71.3989
2795 71.3989
2796 71.3989
2797 71.3989
2798 71.3989
2799 71.3989
2800 71.3989
2801 71.3989
2802 71.3989
2803 71.3989
2804 71.3989
2805 71.3989
2806 71.3989
2807 71.3989
2808 71.3989
2809 71.3989
2810 71.3989
2811 71.0588
2812 71.3989
2813 71.3989
2814 71.3989
2815 71.3989
2816 71.1656
2817 71.1656
2818 71.1656
2819 71.1656
2820 71.1656
2821 71.1656
2822 71.1656
2823 71.1656
2824 71.1656
2825 71.1656
2826 71.1656
2827 71.1656
2828 71.1656
2829 71.1656
2830 71.1656
2831 71.1656
2832 71.1656
2833 71.1656
2834 71.1656
2835 71.1656
2836 71.1656
2837 71.1656
2838 71.1656
2839 71.1656
2840 71.1656
2841 71.1656
2842 71.1656
2843 71.1656
2844 71.1656
2845 71.1656
2846 71.1656
2847 71.1656
2848 71.1656
2849 71.1656
2850 71.1656
2851 71.1656
2852 71.1656
2853 71.1656
2854 71.1656
2855 71.1656
2856 71.1656
2857 71.1656
2858 71.1656
2859 71.1656
2860 71.1656
2861 71.1656
2862 71.1656
2863 71.1656
2864 71.1656
2865 71.1656
2866 71.1656
2867 71.1656
2868 71.1656
2869 71.1656
2870 71.1656
2871 71.1656
2872 71.1656
2873 71.1656
2874 71.1656
2875 71.1656
2876 71.1656
2877 71.1656
2878 71.1656
2879 71.1656
2880 71.1656
2881 71.1656
2882 71.1656
2883 71.1656
2884 71.1656
2885 71.1656
2886 71.1656
2887 71.1656
2888 71.1656
2889 71.1656
2890 71.1656
2891 71.1656
2892 71.1656
2893 71.1656
2894 71.1656
2895 71.1656
2896 71.1656
2897 71.1656
2898 71.1656
2899 71.1656
2900 71.1656
2901 71.1656
2902 71.1656
2903 71.1656
2904 71.1656
2905 71.1656
2906 71.1656
2907 71.1656
2908 71.1656
2909 71.1656
2910 71.1656
2911 71.1656
2912 71.1656
2913 71.1656
2914 71.1656
2915 71.1656
2916 71.1656
2917 71.1656
2918 71.1656
2919 71.1656
2920 71.1656
2921 71.1656
2922 71.1656
2923 71.1656
2924 71.1656
2925 71.1656
2926 71.1656
2927 71.1656
2928 71.1656
2929 71.1656
2930 71.1656
2931 71.1656
2932 71.1656
2933 71.1656
2934 71.1656
2935 71.1656
2936 71.1656
2937 71.1656
2938 71.1656
2939 71.1656
2940 71.1656
2941 71.1656
2942 71.1656
2943 71.1656
2944 71.1656
2945 71.1656
2946 71.1656
2947 71.1656
2948 71.1656
2949 71.1656
2950 71.1656
2951 71.1656
2952 71.1656
2953 71.1656
2954 71.1656
2955 71.1656
2956 71.1656
2957 71.1656
2958 71.1656
2959 71.1656
2960 71.1656
2961 71.1656
2962 71.1656
2963 71.1656
2964 71.1656
2965 71.1656
2966 71.1656
2967 71.1656
2968 71.1656
2969 71.1656
2970 71.1656
2971 71.1656
2972 71.1656
2973 71.1656
2974 71.1656
2975 71.1656
2976 71.1656
2977 71.1656
2978 71.1656
2979 71.1656
2980 71.1656
2981 71.1656
2982 71.1656
2983 71.1656
2984 71.1656
2985 71.1656
2986 71.1656
2987 71.1656
2988 71.1656
2989 71.1656
2990 71.1656
2991 71.1656
2992 71.1656
2993 71.1656
2994 71.1656
2995 71.1656
2996 71.1656
2997 71.1656
2998 71.1656
2999 71.1656
3000 71.1656
3001 71.1656
3002 71.1656
3003 71.1656
3004 71.1656
3005 71.1656
3006 71.1656
3007 71.1656
3008 71.1656
3009 71.1656
3010 71.1656
3011 71.1656
3012 71.1656
3013 71.1656
3014 71.1656
3015 71.1656
3016 71.1656
3017 71.1656
3018 71.1656
3019 71.1656
3020 71.1656
3021 71.1656
3022 71.1656
3023 71.1656
3024 71.1656
3025 71.1656
3026 71.1656
3027 71.1656
3028 71.1656
3029 71.1656
3030 71.1656
3031 71.1656
3032 71.1656
3033 71.1656
3034 71.1656
3035 71.1656
3036 71.1656
3037 71.1656
3038 71.1656
3039 71.1656
3040 71.1656
3041 71.1656
3042 71.1656
3043 71.1656
3044 71.1656
3045 71.1656
3046 71.1656
3047 71.1656
3048 71.1656
3049 71.1656
3050 71.1656
3051 71.1656
3052 71.1656
3053 71.1656
3054 71.1656
3055 71.1656
3056 71.1656
3057 71.1656
3058 71.1656
3059 71.1656
3060 71.1656
3061 71.1656
3062 71.1656
3063 71.1656
3064 71.1656
3065 71.1656
3066 71.1656
3067 71.1656
3068 71.1656
3069 71.1656
3070 71.1656
3071 71.1656
3072 71.1656
3073 71.1656
3074 71.1656
3075 71.1656
3076 71.1656
3077 71.1656
3078 71.1656
3079 71.1656
3080 71.1656
3081 71.1656
3082 71.1656
3083 71.1656
3084 71.1656
3085 70.9384
3086 70.9384
3087 70.9384
3088 70.9384
3089 70.9384
3090 70.9384
3091 70.9384
3092 70.9384
3093 70.9384
3094 70.9384
3095 70.9384
3096 70.9384
3097 70.9384
3098 70.9384
3099 70.9384
3100 70.9384
3101 70.9384
3102 70.9384
3103 70.9384
3104 70.9384
3105 70.9384
3106 70.9384
3107 70.9384
3108 70.9384
3109 70.9384
3110 70.9384
3111 70.9384
3112 70.9384
3113 70.9384
3114 70.9384
3115 70.9384
3116 70.9384
3117 70.9384
3118 70.9384
3119 70.9384
3120 70.9384
3121 70.9384
3122 70.9384
3123 70.9384
3124 70.9384
3125 70.9384
3126 70.9384
3127 70.9384
3128 70.9384
3129 70.9384
3130 70.9384
3131 70.9384
3132 70.9384
3133 70.9384
3134 70.9384
3135 70.9384
3136 70.9384
3137 70.9384
3138 70.9384
3139 70.9384
3140 70.9384
3141 70.9384
3142 70.9384
3143 70.9384
3144 70.9384
3145 70.9384
3146 70.9384
3147 70.9384
3148 70.9384
3149 70.9384
3150 70.9384
3151 70.9384
3152 70.9384
3153 70.9384
3154 70.9384
3155 70.9384
3156 70.9384
3157 70.9384
3158 70.9384
3159 70.9384
3160 70.9384
3161 70.9384
3162 70.9384
3163 70.9384
3164 70.9384
3165 70.9384
3166 70.9384
3167 70.9384
3168 70.9384
3169 70.9384
3170 70.9384
3171 70.9384
3172 70.9384
3173 70.9384
3174 70.9384
3175 70.9384
3176 70.9384
3177 70.9384
3178 70.9384
3179 70.9384
3180 70.9384
3181 70.9384
3182 70.9384
3183 70.9384
3184 70.9384
3185 70.9384
3186 70.9384
3187 70.9384
3188 70.9384
3189 70.9384
3190 70.9384
3191 70.9384
3192 70.2276
3193 70.2276
3194 70.2276
3195 70.2276
3196 70.2276
3197 70.2276
3198 70.2276
3199 70.2276
3200 70.2276
3201 70.2276
3202 70.2276
3203 70.2276
3204 70.2276
3205 70.2276
3206 70.2276
3207 70.2276
3208 70.2276
3209 70.2276
3210 70.2276
3211 70.1781
3212 70.1781
3213 70.1781
3214 70.1781
3215 70.1781
3216 70.1781
3217 70.1781
3218 70.1781
3219 70.1781
3220 70.1781
3221 70.1781
3222 70.1781
3223 70.1781
3224 70.1781
3225 70.1781
3226 70.1781
3227 70.1781
3228 70.1781
3229 70.1781
3230 70.1781
3231 70.1781
3232 70.1781
3233 70.1781
3234 70.1781
3235 70.1781
3236 70.1781
3237 70.1781
3238 70.1781
3239 70.1781
3240 70.1781
3241 70.1781
3242 70.1781
3243 70.1781
3244 70.1781
3245 70.1781
3246 70.1781
3247 70.1781
3248 70.1781
3249 70.1781
3250 70.1781
3251 70.1781
3252 70.1781
3253 70.1781
3254 70.1781
3255 70.1781
3256 70.1781
3257 70.1781
3258 70.1781
3259 70.1781
3260 70.1781
3261 70.1781
3262 70.1781
3263 70.1781
3264 70.1781
3265 70.1781
3266 70.1781
3267 70.1781
3268 70.1781
3269 70.1781
3270 70.1781
3271 70.1781
3272 70.1781
3273 70.1781
3274 70.1781
3275 70.1781
3276 70.1781
3277 70.1781
3278 70.1781
3279 70.1781
3280 70.1781
3281 70.1781
3282 70.1781
3283 70.1781
3284 70.1781
3285 70.1781
3286 70.1781
3287 70.1781
3288 70.1781
3289 70.1781
3290 70.1781
3291 70.1781
3292 70.1781
3293 70.1781
3294 70.1781
3295 70.1781
3296 70.1781
3297 70.1781
3298 70.1781
3299 70.1781
3300 70.1781
3301 70.1781
3302 70.1781
3303 70.1781
3304 70.1781
3305 70.1781
3306 70.1781
3307 70.1781
3308 70.1781
3309 70.1781
3310 70.1781
3311 70.1781
3312 70.1781
3313 70.1781
3314 70.1781
3315 70.1781
3316 70.1781
3317 70.1781
3318 70.1781
3319 70.1781
3320 70.1781
3321 70.1781
3322 70.1781
3323 70.1781
3324 70.1781
3325 70.1781
3326 70.1781
3327 70.1781
3328 70.1781
3329 70.1781
3330 70.1781
3331 70.1781
3332 69.8334
3333 69.8334
3334 69.8334
3335 69.8334
3336 69.8334
3337 69.8334
3338 69.7086
3339 69.8334
3340 69.8334
3341 69.8334
3342 69.8334
3343 69.8334
3344 69.8334
3345 69.8334
3346 69.8334
3347 69.1975
3348 69.1975
3349 69.1975
3350 69.1975
3351 69.1975
3352 69.1975
3353 69.1975
3354 69.1975
3355 69.1975
3356 69.1975
3357 69.1975
3358 69.1975
3359 69.1975
3360 69.1975
3361 69.1975
3362 69.1975
3363 69.1975
3364 69.1975
3365 69.1975
3366 69.1975
3367 69.1975
3368 69.1975
3369 69.1975
3370 69.1975
3371 69.1975
3372 69.1975
3373 69.1975
3374 69.1975
3375 69.1975
3376 69.1975
3377 69.1975
3378 69.1975
3379 69.1975
3380 69.1975
3381 69.1975
3382 69.1975
3383 69.1975
3384 69.1975
3385 69.1975
3386 69.1975
3387 69.1975
3388 69.1975
3389 69.1975
3390 69.1975
3391 69.1975
3392 69.1975
3393 69.1975
3394 69.1975
3395 69.1975
3396 69.1975
3397 69.1975
3398 69.1975
3399 69.1975
3400 69.1975
3401 69.1975
3402 69.1975
3403 69.1975
3404 69.1975
3405 69.1975
3406 69.1975
3407 69.1975
3408 69.1975
3409 69.1975
3410 69.1975
3411 69.1975
3412 69.1975
3413 69.1975
3414 69.1975
3415 69.1975
3416 69.1975
3417 69.1975
3418 69.1975
3419 69.1975
3420 69.1975
3421 69.1975
3422 69.1975
3423 69.1975
3424 69.1975
3425 69.1975
3426 69.1975
3427 69.1975
3428 69.1975
3429 69.1975
3430 69.1975
3431 69.1975
3432 69.1975
3433 69.1975
3434 69.1975
3435 69.1975
3436 69.1975
3437 69.1975
3438 69.1975
3439 69.1975
3440 69.1975
3441 69.1975
3442 69.1975
3443 69.1975
3444 69.1975
3445 69.1975
3446 69.1975
3447 69.1975
3448 69.1975
3449 69.1975
3450 69.1975
3451 69.1975
3452 69.1975
3453 69.1975
3454 69.1975
3455 69.1975
3456 69.1975
3457 69.1975
3458 69.1975
3459 69.1975
3460 69.1975
3461 69.1975
3462 69.1975
3463 69.1975
3464 69.1975
3465 69.1975
3466 69.1975
3467 69.1975
3468 69.1975
3469 69.1975
3470 69.1975
3471 69.1975
3472 69.1975
3473 69.1975
3474 69.1975
3475 69.1975
3476 69.1975
3477 69.1975
3478 69.1975
3479 69.1975
3480 69.1975
3481 69.1975
3482 69.1975
3483 69.1975
3484 69.1975
3485 69.1975
3486 69.1975
3487 69.1975
3488 69.1975
3489 69.1975
3490 69.1975
3491 69.1975
3492 68.7107
3493 68.7107
3494 68.7107
3495 68.7107
3496 68.7107
3497 68.7107
3498 68.7107
3499 68.7107
3500 68.7107
3501 68.7107
3502 68.7107
3503 68.7107
3504 68.7107
3505 68.7107
3506 68.7107
3507 68.7107
3508 68.7107
3509 68.7107
3510 68.7107
3511 68.7107
3512 68.7107
3513 68.7107
3514 68.7107
3515 68.7107
3516 68.7107
3517 68.7107
3518 68.7107
3519 68.7107
3520 68.7107
3521 68.7107
3522 68.7107
3523 68.7107
3524 68.7107
3525 68.7107
3526 68.7107
3527 68.7107
3528 68.7107
3529 68.7107
3530 68.7107
3531 68.7107
3532 68.7107
3533 68.7107
3534 68.7107
3535 68.7107
3536 68.7107
3537 68.7107
3538 68.7107
3539 68.7107
3540 68.7107
3541 68.7107
3542 68.7107
3543 68.7107
3544 68.7107
3545 68.7107
3546 68.7107
3547 68.7107
3548 68.7107
3549 68.7107
3550 68.7107
3551 68.7107
3552 68.7107
3553 68.7107
3554 68.7107
3555 68.7107
3556 68.7107
3557 68.7107
3558 68.7107
3559 68.7107
3560 68.7107
3561 68.7107
3562 68.7107
3563 68.7107
3564 68.7107
3565 68.7107
3566 68.7107
3567 68.7107
3568 68.7107
3569 68.7107
3570 68.7107
3571 68.7107
3572 68.7107
3573 68.7107
3574 68.7107
3575 68.7107
3576 68.7107
3577 68.7107
3578 68.7107
3579 68.7107
3580 68.7107
3581 68.7107
3582 68.7107
3583 68.7107
3584 68.7107
3585 68.7107
3586 68.7107
3587 68.7107
3588 68.7107
3589 68.7107
3590 68.7107
3591 68.7107
3592 68.7107
3593 68.7107
3594 68.7107
3595 68.7107
3596 68.7107
3597 68.7107
3598 68.7107
3599 68.7107
3600 68.7107
3601 68.7107
3602 68.7107
3603 68.7107
3604 68.7107
3605 68.7107
3606 68.7107
3607 68.7107
3608 68.7107
3609 68.7107
3610 68.7107
3611 68.7107
3612 68.7107
3613 68.7107
3614 68.7107
3615 68.7107
3616 68.7107
3617 68.7107
3618 68.7107
3619 68.7107
3620 68.7107
3621 68.7107
3622 68.7107
3623 68.7107
3624 68.7107
3625 68.7107
3626 68.7107
3627 68.7107
3628 68.7107
3629 68.7107
3630 68.7107
3631 68.7107
3632 68.7107
3633 68.7107
3634 68.7107
3635 68.7107
3636 68.7107
3637 68.7107
3638 68.7107
3639 68.4086
3640 68.4086
3641 68.4086
3642 68.4086
3643 68.4086
3644 68.4086
3645 68.4086
3646 68.4086
3647 68.4086
3648 68.4086
3649 68.4086
3650 68.4086
3651 68.4086
3652 68.4086
3653 68.4086
3654 68.4086
3655 68.4086
3656 68.4086
3657 68.4086
3658 68.4086
3659 68.4086
3660 68.4086
3661 68.4086
3662 68.4086
3663 68.4086
3664 68.4086
3665 68.4086
3666 68.4086
3667 68.4086
3668 68.4086
3669 68.4086
3670 68.4086
3671 68.4086
3672 68.4086
3673 68.4086
3674 68.4086
3675 67.996
3676 67.996
3677 67.996
3678 67.996
3679 67.996
3680 67.996
3681 67.996
3682 67.996
3683 67.996
3684 67.996
3685 67.996
3686 67.996
3687 67.996
3688 67.996
3689 67.996
3690 67.996
3691 67.996
3692 67.996
3693 67.996
3694 67.996
3695 67.996
3696 67.996
3697 67.996
3698 67.996
3699 67.996
3700 67.996
3701 67.996
3702 67.996
3703 67.996
3704 67.996
3705 67.996
3706 67.996
3707 67.996
3708 67.996
3709 67.996
3710 67.996
3711 67.996
3712 67.996
3713 67.996
3714 67.996
3715 67.996
3716 67.996
3717 67.996
3718 67.996
3719 67.996
3720 67.996
3721 67.996
3722 67.996
3723 67.996
3724 67.996
3725 67.996
3726 67.996
3727 67.996
3728 67.996
3729 67.996
3730 67.996
3731 67.996
3732 67.996
3733 67.996
3734 67.996
3735 67.996
3736 67.996
3737 67.996
3738 67.996
3739 67.996
3740 67.996
3741 67.996
3742 67.996
3743 67.996
3744 67.996
3745 67.996
3746 67.996
3747 67.996
3748 67.996
3749 67.996
3750 67.996
3751 67.996
3752 67.996
3753 67.996
3754 67.996
3755 67.996
3756 67.996
3757 67.996
3758 67.996
3759 67.996
3760 67.996
3761 67.996
3762 67.996
3763 67.996
3764 67.996
3765 67.996
3766 67.996
3767 67.996
3768 67.996
3769 67.996
3770 67.996
3771 67.996
3772 67.996
3773 67.996
3774 67.996
3775 67.996
3776 67.996
3777 67.996
3778 67.996
3779 67.996
3780 67.996
3781 67.996
3782 67.996
3783 67.996
3784 67.996
3785 67.996
3786 67.996
3787 67.996
3788 67.996
3789 67.996
3790 67.996
3791 67.996
3792 67.996
3793 67.996
3794 67.996
3795 67.996
3796 67.996
3797 67.996
3798 67.996
3799 67.996
3800 67.996
3801 67.996
3802 67.996
3803 67.996
3804 67.996
3805 67.996
3806 67.996
3807 67.996
3808 67.996
3809 67.996
3810 67.996
3811 67.996
3812 67.996
3813 67.996
3814 67.996
3815 67.996
3816 67.996
3817 67.996
3818 67.996
3819 67.996
3820 67.996
3821 67.996
3822 67.996
3823 67.996
3824 67.996
3825 67.996
3826 67.996
3827 67.996
3828 67.996
3829 67.996
3830 67.996
3831 67.996
3832 67.996
3833 67.996
3834 67.996
3835 67.996
3836 67.996
3837 67.996
3838 67.996
3839 67.996
3840 67.996
3841 67.996
3842 67.996
3843 67.996
3844 67.996
3845 67.996
3846 67.996
3847 67.996
3848 67.996
3849 67.996
3850 67.996
3851 67.996
3852 67.996
3853 67.996
3854 67.996
3855 67.996
3856 67.996
3857 67.996
3858 67.996
3859 67.996
3860 67.996
3861 67.996
3862 67.996
3863 67.996
3864 67.996
3865 67.996
3866 67.996
3867 67.996
3868 67.996
3869 67.996
3870 67.996
3871 67.996
3872 67.996
3873 67.996
3874 67.996
3875 67.996
3876 67.996
3877 67.996
3878 67.996
3879 67.996
3880 67.996
3881 67.996
3882 67.996
3883 67.996
3884 67.996
3885 67.996
3886 67.996
3887 67.996
3888 67.996
3889 67.996
3890 67.996
3891 67.996
3892 67.996
3893 67.996
3894 67.996
3895 67.996
3896 67.996
3897 67.996
3898 67.996
3899 67.996
3900 67.996
3901 67.996
3902 67.996
3903 67.996
3904 67.996
3905 67.996
3906 67.996
3907 67.996
3908 67.996
3909 67.996
3910 67.996
3911 67.996
3912 67.996
3913 67.996
3914 67.996
3915 67.996
3916 67.996
3917 67.996
3918 67.996
3919 67.996
3920 67.996
3921 67.996
3922 67.996
3923 67.996
3924 67.996
3925 67.996
3926 67.996
3927 67.996
3928 67.996
3929 67.996
3930 67.996
3931 67.996
3932 67.996
3933 67.996
3934 67.996
3935 67.996
3936 67.996
3937 67.996
3938 67.996
3939 67.996
3940 67.996
3941 67.996
3942 67.996
3943 67.996
3944 67.996
3945 67.996
3946 67.996
3947 67.996
3948 67.996
3949 67.996
3950 67.996
3951 67.996
3952 67.996
3953 67.996
3954 67.996
3955 67.996
3956 67.996
3957 67.996
3958 67.996
3959 67.996
3960 67.996
3961 67.996
3962 67.996
3963 67.996
3964 67.996
3965 67.996
3966 67.996
3967 67.996
3968 67.996
3969 67.996
3970 67.996
3971 67.996
3972 67.996
3973 67.996
3974 67.996
3975 67.996
3976 67.996
3977 67.996
3978 67.996
3979 67.996
3980 67.996
3981 67.996
3982 67.996
3983 67.996
3984 67.996
3985 67.996
3986 67.996
3987 67.996
3988 67.996
3989 67.996
3990 67.996
3991 67.996
3992 67.996
3993 67.996
3994 67.996
3995 67.996
3996 67.996
3997 67.996
3998 67.996
3999 67.996
4000 67.996
4001 67.996
4002 67.996
4003 67.996
4004 67.996
4005 67.996
4006 67.996
4007 67.996
4008 67.996
4009 67.996
4010 67.996
4011 67.996
4012 67.996
4013 67.996
4014 67.996
4015 67.996
4016 67.996
4017 67.996
4018 67.996
4019 67.996
4020 67.996
4021 67.996
4022 67.996
4023 67.996
4024 67.996
4025 67.996
4026 67.996
4027 67.996
4028 67.996
4029 67.996
4030 67.996
4031 67.996
4032 67.996
4033 67.996
4034 67.996
4035 67.996
4036 67.996
4037 67.996
4038 67.996
4039 67.996
4040 67.996
4041 67.996
4042 67.996
4043 67.996
4044 67.996
4045 67.996
4046 67.996
4047 67.996
4048 67.996
4049 67.6612
4050 67.6612
4051 67.6612
4052 67.6612
4053 67.6612
4054 67.6612
4055 67.6612
4056 67.6612
4057 67.6612
4058 67.6612
4059 67.6612
4060 67.6612
4061 67.6612
4062 67.6612
4063 67.6612
4064 67.6612
4065 67.6612
4066 67.6612
4067 67.6612
4068 67.6612
4069 67.6612
4070 67.6612
4071 67.6612
4072 67.6612
4073 67.6612
4074 67.6612
4075 67.6612
4076 67.6612
4077 67.6612
4078 67.6612
4079 67.6612
4080 67.6612
4081 67.6612
4082 67.6612
4083 67.6612
4084 67.6612
4085 67.6612
4086 67.6612
4087 67.6612
4088 67.6612
4089 67.6612
4090 67.6612
4091 67.6612
4092 67.6612
4093 67.6612
4094 67.6612
4095 67.6612
4096 67.6612
4097 67.6612
4098 67.6612
4099 67.6612
4100 67.6612
4101 67.6612
4102 67.6612
4103 67.6612
4104 67.6612
4105 67.6612
4106 67.6612
4107 67.6612
4108 67.6612
4109 67.6612
4110 67.6612
4111 67.6612
4112 67.6612
4113 67.6612
4114 67.6612
4115 67.6612
4116 67.6612
4117 67.6612
4118 67.6612
4119 67.6612
4120 67.6612
4121 67.6612
4122 67.6612
4123 67.6612
4124 67.6612
4125 67.6612
4126 67.6612
4127 67.6612
4128 67.6612
4129 67.6612
4130 67.6612
4131 67.6612
4132 67.6612
4133 67.6612
4134 67.6612
4135 67.6612
4136 67.6612
4137 67.6612
4138 67.6612
4139 67.6612
4140 67.6612
4141 67.6612
4142 67.6612
4143 67.6612
4144 67.6612
4145 67.6612
4146 67.6612
4147 67.6612
4148 67.6612
4149 67.6612
4150 67.6612
4151 67.6612
4152 67.6612
4153 67.6612
4154 67.6612
4155 67.6612
4156 67.6612
4157 67.6612
4158 67.6612
4159 67.6612
4160 67.6612
4161 67.6612
4162 67.6612
4163 67.6612
4164 67.6612
4165 67.6612
4166 67.6612
4167 67.6612
4168 67.6612
4169 67.6612
4170 67.6612
4171 67.6612
4172 67.4492
4173 67.4492
4174 67.4492
4175 67.4492
4176 67.4492
4177 67.4492
4178 67.4492
4179 67.4492
4180 67.4492
4181 67.4492
4182 67.4492
4183 67.4492
4184 67.4492
4185 67.4492
4186 67.4492
4187 67.4492
4188 67.4492
4189 67.4492
4190 67.4492
4191 67.4492
4192 67.4492
4193 67.4492
4194 67.4492
4195 67.4492
4196 67.4492
4197 67.4492
4198 67.4492
4199 67.4492
4200 67.4492
4201 67.4492
4202 67.4492
4203 67.4492
4204 67.4492
4205 67.4492
4206 67.4492
4207 67.4492
4208 67.4492
4209 67.4492
4210 67.4492
4211 67.4492
4212 67.4492
4213 67.0157
4214 67.0157
4215 67.0157
4216 67.0157
4217 67.0157
4218 67.0157
4219 67.0157
4220 67.0157
4221 67.0157
4222 67.0157
4223 67.0157
4224 67.0157
4225 67.0157
4226 67.0157
4227 67.0157
4228 67.0157
4229 67.0157
4230 67.0157
4231 67.0157
4232 67.0157
4233 67.0157
4234 67.0157
4235 67.0157
4236 67.0157
4237 67.0157
4238 67.0157
4239 67.0157
4240 67.0157
4241 67.0157
4242 67.0157
4243 67.0157
4244 67.0157
4245 67.0157
4246 67.0157
4247 67.0157
4248 67.0157
4249 67.0157
4250 67.0157
4251 67.0157
4252 67.0157
4253 67.0157
4254 67.0157
4255 67.0157
4256 67.0157
4257 67.0157
4258 67.0157
4259 67.0157
4260 67.0157
4261 67.0157
4262 67.0157
4263 67.0157
4264 67.0157
4265 67.0157
4266 67.0157
4267 67.0157
4268 67.0157
4269 67.0157
4270 67.0157
4271 67.0157
4272 67.0157
4273 67.0157
4274 67.0157
4275 67.0157
4276 67.0157
4277 67.0157
4278 67.0157
4279 67.0157
4280 67.0157
4281 67.0157
4282 67.0157
4283 67.0157
4284 67.0157
4285 67.0157
4286 67.0157
4287 67.0157
4288 67.0157
4289 67.0157
4290 67.0157
4291 67.0157
4292 67.0157
4293 67.0157
4294 67.0157
4295 67.0157
4296 67.0157
4297 67.0157
4298 67.0157
4299 67.0157
4300 67.0157
4301 67.0157
4302 67.0157
4303 67.0157
4304 67.0157
4305 67.0157
4306 67.0157
4307 67.0157
4308 67.0157
4309 67.0157
4310 67.0157
4311 67.0157
4312 67.0157
4313 67.0157
4314 67.0157
4315 67.0157
4316 67.0157
4317 67.0157
4318 67.0157
4319 67.0157
4320 67.0157
4321 67.0157
4322 67.0157
4323 67.0157
4324 67.0157
4325 67.0157
4326 67.0157
4327 67.0157
4328 67.0157
4329 67.0157
4330 67.0157
4331 67.0157
4332 67.0157
4333 67.0157
4334 67.0157
4335 67.0157
4336 67.0157
4337 67.0157
4338 67.0157
4339 67.0157
4340 67.0157
4341 67.0157
4342 67.0157
4343 67.0157
4344 67.0157
4345 67.0157
4346 67.0157
4347 67.0157
4348 67.0157
4349 67.0157
4350 67.0157
4351 67.0157
4352 67.0157
4353 67.0157
4354 67.0157
4355 67.0157
4356 67.0157
4357 67.0157
4358 67.0157
4359 67.0157
4360 67.0157
4361 67.0157
4362 67.0157
4363 67.0157
4364 67.0157
4365 67.0157
4366 67.0157
4367 67.0157
4368 67.0157
4369 67.0157
4370 67.0157
4371 67.0157
4372 67.0157
4373 67.0157
4374 67.0157
4375 66.6302
4376 66.6302
4377 66.6302
4378 66.6302
4379 66.6302
4380 66.6302
4381 66.6302
4382 66.6302
4383 66.6302
4384 66.6302
4385 66.6302
4386 66.6302
4387 66.6302
4388 66.6302
4389 66.6302
4390 66.6302
4391 66.6302
4392 66.6302
4393 66.6302
4394 66.6302
4395 66.6302
4396 66.6302
4397 66.6302
4398 66.6302
4399 66.6302
4400 66.6302
4401 66.6302
4402 66.6302
4403 66.6302
4404 66.6302
4405 66.6302
4406 66.6302
4407 66.6302
4408 66.6302
4409 66.6302
4410 66.6302
4411 66.6302
4412 66.6302
4413 66.6302
4414 66.6302
4415 66.6302
4416 66.6302
4417 66.6302
4418 66.6302
4419 66.6302
4420 66.6302
4421 66.6302
4422 66.6302
4423 66.6302
4424 66.6302
4425 66.6302
4426 66.6302
4427 66.6302
4428 66.6302
4429 66.6302
4430 66.6302
4431 66.6302
4432 66.6302
4433 66.6302
4434 66.6302
4435 66.6302
4436 66.6302
4437 66.6302
4438 66.6302
4439 66.6302
4440 66.6302
4441 66.6302
4442 66.6302
4443 66.6302
4444 66.6302
4445 66.6302
4446 66.6302
4447 66.6302
4448 66.6302
4449 66.6302
4450 66.6302
4451 66.6302
4452 66.6302
4453 66.6302
4454 66.6302
4455 66.6302
4456 66.6302
4457 66.6302
4458 66.6302
4459 66.6302
4460 66.6302
4461 66.6302
4462 66.6302
4463 66.6302
4464 66.6302
4465 66.6302
4466 66.6302
4467 66.6302
4468 66.6302
4469 66.6302
4470 66.6302
4471 66.6302
4472 66.6302
4473 66.6302
4474 66.6302
4475 66.6302
4476 66.6302
4477 66.6302
4478 66.6302
4479 66.6302
4480 66.6302
4481 66.6302
4482 66.6302
4483 66.6302
4484 66.6302
4485 66.6302
4486 66.6302
4487 66.6302
4488 66.6302
4489 66.6302
4490 66.6302
4491 66.6302
4492 66.6302
4493 66.6302
4494 66.6302
4495 66.6302
4496 66.6302
4497 66.6302
4498 66.6302
4499 66.6302
4500 66.6302
4501 66.6302
4502 66.6302
4503 66.6302
4504 66.6302
4505 66.6302
4506 66.6302
4507 66.6302
4508 66.6302
4509 66.6302
4510 66.6302
4511 66.6302
4512 66.6302
4513 66.6302
4514 66.6302
4515 66.6302
4516 66.6302
4517 66.6302
4518 66.6302
4519 66.6302
4520 66.6302
4521 66.6302
4522 66.6302
4523 66.6302
4524 66.6302
4525 66.6302
4526 66.6302
4527 66.6302
4528 66.6302
4529 66.6302
4530 66.6302
4531 66.6302
4532 66.6302
4533 66.6302
4534 66.6302
4535 66.6302
4536 66.6302
4537 66.6302
4538 66.6302
4539 66.6302
4540 66.6302
4541 66.6302
4542 66.6302
4543 66.6302
4544 66.6302
4545 66.6302
4546 66.6302
4547 66.6302
4548 66.6302
4549 66.6302
4550 66.6302
4551 66.6302
4552 66.6302
4553 66.6302
4554 66.6302
4555 66.6302
4556 66.6302
4557 66.6302
4558 66.6302
4559 66.6302
4560 66.6302
4561 66.6302
4562 66.6302
4563 66.6302
4564 66.6302
4565 66.6302
4566 66.6302
4567 66.6302
4568 66.6302
4569 66.6302
4570 66.6302
4571 66.6302
4572 66.6302
4573 66.6302
4574 66.6302
4575 66.6302
4576 66.6302
4577 66.6302
4578 66.6302
4579 66.6302
4580 66.6302
4581 66.6302
4582 66.6302
4583 66.6302
4584 66.6302
4585 66.6302
4586 66.6302
4587 66.6302
4588 66.6302
4589 66.6302
4590 66.6302
4591 66.6302
4592 66.6302
4593 66.6302
4594 66.6302
4595 66.6302
4596 66.6302
4597 66.6302
4598 66.6302
4599 66.6302
4600 66.6302
4601 66.6302
4602 66.6302
4603 66.6302
4604 66.6302
4605 66.6302
4606 66.6302
4607 66.6302
4608 66.6302
4609 66.6302
4610 66.6302
4611 66.6302
4612 66.6302
4613 66.6302
4614 66.6302
4615 66.6302
4616 66.6302
4617 66.6302
4618 66.6302
4619 66.6302
4620 66.6302
4621 66.6302
4622 66.6302
4623 66.6302
4624 66.6302
4625 66.6302
4626 66.6302
4627 66.6302
4628 66.6302
4629 66.6302
4630 66.6302
4631 66.6302
4632 66.6302
4633 66.6302
4634 66.6302
4635 66.6302
4636 66.6302
4637 66.6302
4638 66.6302
4639 66.6302
4640 66.6302
4641 66.6302
4642 66.6302
4643 66.6302
4644 66.6302
4645 66.6302
4646 66.6302
4647 66.6302
4648 66.6302
4649 66.6302
4650 66.6302
4651 66.6302
4652 66.6302
4653 66.6302
4654 66.6302
4655 66.6302
4656 66.6302
4657 66.6302
4658 66.6302
4659 66.6302
4660 66.6302
4661 66.6302
4662 66.6302
4663 66.6302
4664 66.6302
4665 66.6302
4666 66.6302
4667 66.6302
4668 66.6302
4669 66.6302
4670 66.6302
4671 66.6302
4672 66.6302
4673 66.6302
4674 66.6302
4675 66.6302
4676 66.6302
4677 66.6302
4678 66.6302
4679 66.6302
4680 66.6302
4681 66.6302
4682 66.6302
4683 66.6302
4684 66.6302
4685 66.6302
4686 66.6302
4687 66.6302
4688 66.6302
4689 66.6302
4690 66.6302
4691 66.6302
4692 66.6302
4693 66.6302
4694 66.6302
4695 66.6302
4696 66.6302
4697 66.6302
4698 66.6302
4699 66.6302
4700 66.6302
4701 66.6302
4702 66.6302
4703 66.6302
4704 66.6302
4705 66.6302
4706 66.6302
4707 66.6302
4708 66.6302
4709 66.6302
4710 66.6302
4711 66.6302
4712 66.6302
4713 66.6302
4714 66.6302
4715 66.6302
4716 66.6302
4717 66.6302
4718 66.6302
4719 66.6302
4720 66.6302
4721 66.6302
4722 66.6302
4723 66.6302
4724 66.6302
4725 66.6302
4726 66.6302
4727 66.6302
4728 66.6302
4729 66.6302
4730 66.6302
4731 66.6302
4732 66.6302
4733 66.6302
4734 66.6302
4735 66.6302
4736 66.6302
4737 66.6302
4738 66.6302
4739 66.6302
4740 66.6302
4741 66.6302
4742 66.6302
4743 66.6302
4744 66.6302
4745 66.6302
4746 66.6302
4747 66.6302
4748 66.6302
4749 66.6302
4750 66.6302
4751 66.6302
4752 66.6302
4753 66.6302
4754 66.6302
4755 66.6302
4756 66.6302
4757 66.6302
4758 66.6302
4759 66.6302
4760 66.6302
4761 66.6302
4762 66.6302
4763 66.6302
4764 66.6302
4765 66.6302
4766 66.6302
4767 66.6302
4768 66.6302
4769 66.6302
4770 66.6302
4771 66.6302
4772 66.6302
4773 66.6302
4774 66.6302
4775 66.6302
4776 66.6302
4777 66.6302
4778 66.6302
4779 66.6302
4780 66.6302
4781 66.6302
4782 66.6302
4783 66.6302
4784 66.6302
4785 66.6302
4786 66.6302
4787 66.6302
4788 66.6302
4789 66.6302
4790 66.6302
4791 66.6302
4792 66.6302
4793 66.6302
4794 66.6302
4795 66.6302
4796 66.6302
4797 66.6302
4798 66.6302
4799 66.6302
4800 66.6302
4801 66.6302
4802 66.6302
4803 66.6302
4804 66.6302
4805 66.6302
4806 66.6302
4807 66.6302
4808 66.6302
4809 66.6302
4810 66.6302
4811 66.6302
4812 66.6302
4813 66.6302
4814 66.6302
4815 66.6302
4816 66.6302
4817 66.6302
4818 66.6302
4819 66.6302
4820 66.6302
4821 66.6302
4822 66.6302
4823 66.6302
4824 66.6302
4825 66.6302
4826 66.6302
4827 66.6302
4828 66.6302
4829 66.6302
4830 66.6302
4831 66.6302
4832 66.6302
4833 66.6302
4834 66.6302
4835 66.6302
4836 66.6302
4837 66.6302
4838 66.6302
4839 66.6302
4840 66.6302
4841 66.6302
4842 66.6302
4843 66.6302
4844 66.6302
4845 66.6302
4846 66.6302
4847 66.6302
4848 66.6302
4849 66.6302
4850 66.6302
4851 66.6302
4852 66.6302
4853 66.6302
4854 66.6302
4855 66.6302
4856 66.6302
4857 66.6302
4858 66.6302
4859 66.6302
4860 66.6302
4861 66.6302
4862 66.6302
4863 66.6302
4864 66.6302
4865 66.6302
4866 66.6302
4867 66.6302
4868 66.6302
4869 66.6302
4870 66.6302
4871 66.6302
4872 66.6302
4873 66.6302
4874 66.6302
4875 66.6302
4876 66.6302
4877 66.6302
4878 66.6302
4879 66.6302
4880 66.6302
4881 66.6302
4882 66.6302
4883 66.6302
4884 66.6302
4885 66.6302
4886 66.6302
4887 66.6302
4888 66.6302
4889 66.6302
4890 66.6302
4891 66.6302
4892 66.6302
4893 66.6302
4894 66.6302
4895 66.6302
4896 66.6302
4897 66.6302
4898 66.6302
4899 66.6302
4900 66.6302
4901 66.6302
4902 66.6302
4903 66.6302
4904 66.6302
4905 66.6302
4906 66.6302
4907 66.6302
4908 66.6302
4909 66.6302
4910 66.6302
4911 66.6302
4912 66.6302
4913 66.6302
4914 66.6302
4915 66.6302
4916 66.6302
4917 66.6302
4918 66.6302
4919 66.6302
4920 66.6302
4921 66.6302
4922 66.6302
4923 66.6302
4924 66.6302
4925 66.6302
4926 66.6302
4927 66.6302
4928 66.6302
4929 66.6302
4930 66.6302
4931 66.6302
4932 66.6302
4933 66.6302
4934 66.6302
4935 66.6302
4936 66.6302
4937 66.6302
4938 66.6302
4939 66.6302
4940 66.6302
4941 66.6302
4942 66.6302
4943 66.6302
4944 66.6302
4945 66.6302
4946 66.6302
4947 66.6302
4948 66.6302
4949 66.6302
4950 66.6302
4951 66.6302
4952 66.6302
4953 66.6302
4954 66.6302
4955 66.6302
4956 66.6302
4957 66.6302
4958 66.6302
4959 66.6302
4960 66.6302
4961 66.6302
4962 66.6302
4963 66.6302
4964 66.6302
4965 66.6302
4966 66.6302
4967 66.6302
4968 66.6302
4969 66.6302
4970 66.6302
4971 66.6302
4972 66.6302
4973 66.6302
4974 66.6302
4975 66.6302
4976 66.6302
4977 66.6302
4978 66.6302
4979 66.6302
4980 66.6302
4981 66.6302
4982 66.6302
4983 66.6302
4984 66.6302
4985 66.6302
4986 66.6302
4987 66.6302
4988 66.6302
4989 66.6302
4990 66.6302
4991 66.6302
4992 66.6302
4993 66.6302
4994 66.6302
4995 66.6302
4996 66.6302
4997 66.6302
4998 66.6302
4999 66.6302
5000 66.6302
5001 66.6302
5002 66.6302
5003 66.6302
5004 66.6302
5005 66.6302
5006 66.6302
5007 66.6302
5008 66.6302
5009 66.6302
5010 66.6302
5011 66.6302
5012 66.6302
5013 66.6302
5014 66.6302
5015 66.6302
5016 66.6302
5017 66.6302
5018 66.6302
5019 66.6302
5020 66.6302
5021 66.6302
5022 66.6302
5023 66.6302
5024 66.6302
5025 66.6302
5026 66.6302
5027 66.6302
5028 66.6302
5029 66.6302
5030 66.6302
5031 66.6302
5032 66.6302
5033 66.6302
5034 66.6302
5035 66.6302
5036 66.6302
5037 66.6302
5038 66.6302
5039 66.6302
5040 66.6302
5041 66.6302
5042 66.6302
5043 66.6302
5044 66.6302
5045 66.6302
5046 66.6302
5047 66.6302
5048 66.6302
5049 66.6302
5050 66.6302
5051 66.6302
5052 66.6302
5053 66.6302
5054 66.6302
5055 66.6302
5056 66.6302
5057 66.6302
5058 66.6302
5059 66.6302
5060 66.6302
5061 66.6302
5062 66.6302
5063 66.6302
5064 66.6302
5065 66.6302
5066 66.6302
5067 66.6302
5068 66.6302
5069 66.6302
5070 66.6302
5071 66.6302
5072 66.6302
5073 66.6302
5074 66.6302
5075 66.6302
5076 66.6302
5077 66.6302
5078 66.6302
5079 66.6302
5080 66.6302
5081 66.6302
5082 66.6302
5083 66.6302
5084 66.6302
5085 66.6302
5086 66.6302
5087 66.6302
5088 66.6302
5089 66.6302
5090 66.6302
5091 66.6302
5092 66.6302
5093 66.6302
5094 66.6302
5095 66.6302
5096 66.6302
5097 66.6302
5098 66.6302
5099 66.6302
5100 66.6302
5101 66.6302
5102 66.6302
5103 66.6302
5104 66.6302
5105 66.6302
5106 66.6302
5107 66.6302
5108 66.6302
5109 66.6302
5110 66.6302
5111 66.6302
5112 66.6302
5113 66.6302
5114 66.6302
5115 66.6302
5116 66.6302
5117 66.6302
5118 66.6302
5119 66.6302
5120 66.6302
5121 66.6302
5122 66.6302
5123 66.6302
5124 66.6302
5125 66.6302
5126 66.6302
5127 66.6302
5128 66.6302
5129 66.6302
5130 66.6302
5131 66.6302
5132 66.6302
5133 66.6302
5134 66.6302
5135 66.6302
5136 66.6302
5137 66.6302
5138 66.6302
5139 66.6302
5140 66.6302
5141 66.6302
5142 66.6302
5143 66.6302
5144 66.6302
5145 66.6302
5146 66.6302
5147 66.6302
5148 66.6302
5149 66.6302
5150 66.6302
5151 66.6302
5152 66.6302
5153 66.6302
5154 66.6302
5155 66.6302
5156 66.6302
5157 66.6302
5158 66.6302
5159 66.6302
5160 66.6302
5161 66.6302
5162 66.6302
5163 66.6302
5164 66.6302
5165 66.6302
5166 66.6302
5167 66.6302
5168 66.6302
5169 66.6302
5170 66.6302
5171 66.6302
5172 66.6302
5173 66.6302
5174 66.6302
5175 66.6302
5176 66.6302
5177 66.6302
5178 66.6302
5179 66.6302
5180 66.6302
5181 66.6302
5182 66.6302
5183 66.6302
5184 66.6302
5185 66.6302
5186 66.6302
5187 66.6302
5188 66.6302
5189 66.6302
5190 66.6302
5191 66.6302
5192 66.6302
5193 66.6302
5194 66.6302
5195 66.6302
5196 66.6302
5197 66.6302
5198 66.6302
5199 66.6302
5200 66.6302
5201 66.2418
5202 66.2418
5203 66.2418
5204 66.2418
5205 66.2418
5206 66.2418
5207 65.729
5208 65.729
5209 65.729
5210 65.729
5211 65.729
5212 65.729
5213 65.729
5214 65.729
5215 65.729
5216 65.729
5217 65.729
5218 65.729
5219 65.729
5220 65.729
5221 65.729
5222 65.729
5223 65.729
5224 65.729
5225 65.729
5226 65.729
5227 65.729
5228 65.729
5229 65.729
5230 65.729
5231 65.729
5232 65.729
5233 65.729
5234 65.729
5235 65.729
5236 65.729
5237 65.729
5238 65.729
5239 65.729
5240 65.729
5241 65.729
5242 65.729
5243 65.729
5244 65.729
5245 65.729
5246 65.729
5247 65.729
5248 65.729
5249 65.729
5250 65.729
5251 65.729
5252 65.729
5253 65.729
5254 65.729
5255 65.729
5256 65.729
5257 65.729
5258 65.729
5259 65.729
5260 65.729
5261 65.729
5262 65.729
5263 65.729
5264 65.729
5265 65.729
5266 65.729
5267 65.729
5268 65.729
5269 65.729
5270 65.729
5271 65.729
5272 65.729
5273 65.729
5274 65.729
5275 65.729
5276 65.729
5277 65.729
5278 65.729
5279 65.729
5280 65.729
5281 65.729
5282 65.729
5283 65.729
5284 65.729
5285 65.729
5286 65.729
5287 65.729
5288 65.729
5289 65.729
5290 65.729
5291 65.729
5292 65.729
5293 65.729
5294 65.729
5295 65.729
5296 65.729
5297 65.729
5298 65.729
5299 65.729
5300 65.729
5301 65.729
5302 65.729
5303 65.729
5304 65.729
5305 65.729
5306 65.729
5307 65.729
5308 65.729
5309 65.729
5310 65.729
5311 65.729
5312 65.729
5313 65.729
5314 65.729
5315 65.729
5316 65.729
5317 65.729
5318 65.729
5319 65.729
5320 65.729
5321 65.729
5322 65.729
5323 65.729
5324 65.729
5325 65.729
5326 65.729
5327 65.729
5328 65.729
5329 65.729
5330 65.729
5331 65.729
5332 65.729
5333 65.729
5334 65.729
5335 65.729
5336 65.729
5337 65.729
5338 65.729
5339 65.729
5340 65.729
5341 65.729
5342 65.729
5343 65.729
5344 65.729
5345 65.729
5346 65.729
5347 65.729
5348 65.729
5349 65.729
5350 65.729
5351 65.729
5352 65.729
5353 65.729
5354 65.729
5355 65.729
5356 65.729
5357 65.729
5358 65.729
5359 65.729
5360 65.729
5361 65.729
5362 65.729
5363 65.729
5364 65.729
5365 65.729
5366 65.729
5367 65.729
5368 65.729
5369 65.729
5370 65.729
5371 65.729
5372 65.729
5373 65.729
5374 65.729
5375 65.729
5376 65.729
5377 65.729
5378 65.729
5379 65.729
5380 65.729
5381 65.729
5382 65.729
5383 65.729
5384 65.729
5385 65.729
5386 65.729
5387 65.729
5388 65.729
5389 65.729
5390 65.729
5391 65.729
5392 65.729
5393 65.729
5394 65.729
5395 65.729
5396 65.729
5397 65.729
5398 65.729
5399 65.729
5400 65.729
5401 65.729
5402 65.729
5403 65.729
5404 65.729
5405 65.729
5406 65.729
5407 65.729
5408 65.729
5409 65.729
5410 65.729
5411 65.729
5412 65.729
5413 65.729
5414 65.729
5415 65.729
5416 65.729
5417 65.729
5418 65.729
5419 65.729
5420 65.729
5421 65.729
5422 65.729
5423 65.729
5424 65.729
5425 65.729
5426 65.729
5427 65.729
5428 65.729
5429 65.729
5430 65.729
5431 65.729
5432 65.729
5433 65.729
5434 65.729
5435 65.729
5436 65.729
5437 65.729
5438 65.729
5439 65.729
5440 65.729
5441 65.729
5442 65.729
5443 65.729
5444 65.729
5445 65.729
5446 65.729
5447 65.729
5448 65.729
5449 65.729
5450 65.729
5451 65.729
5452 65.729
5453 65.729
5454 65.729
5455 65.729
5456 65.729
5457 65.729
5458 65.729
5459 65.729
5460 65.729
5461 65.729
5462 65.729
5463 65.729
5464 65.729
5465 65.729
5466 65.729
5467 65.729
5468 65.729
5469 65.729
5470 65.729
5471 65.729
5472 65.729
5473 65.729
5474 65.729
5475 65.729
5476 65.729
5477 65.729
5478 65.729
5479 65.729
5480 65.729
5481 65.729
5482 65.729
5483 65.729
5484 65.729
5485 65.729
5486 65.729
5487 65.729
5488 65.729
5489 65.729
5490 65.729
5491 65.729
5492 65.729
5493 65.729
5494 65.729
5495 65.729
5496 65.729
5497 65.729
5498 65.729
5499 65.729
5500 65.729
5501 65.729
5502 65.729
5503 65.729
5504 65.729
5505 65.729
5506 65.729
5507 65.729
5508 65.729
5509 65.729
5510 65.729
5511 65.729
5512 65.729
5513 65.729
5514 65.729
5515 65.729
5516 65.729
5517 65.729
5518 65.729
5519 65.729
5520 65.729
5521 65.729
5522 65.729
5523 65.729
5524 65.729
5525 65.729
5526 65.729
5527 65.729
5528 65.729
5529 65.729
5530 65.729
5531 65.729
5532 65.729
5533 65.729
5534 65.729
5535 65.729
5536 65.729
5537 65.729
5538 65.729
5539 65.729
5540 65.729
5541 65.729
5542 65.729
5543 65.729
5544 65.729
5545 65.729
5546 65.729
5547 65.729
5548 65.729
5549 65.729
5550 65.729
5551 65.729
5552 65.729
5553 65.729
5554 65.729
5555 65.729
5556 65.729
5557 65.729
5558 65.729
5559 65.729
5560 65.729
5561 65.729
5562 65.729
5563 65.729
5564 65.729
5565 65.729
5566 65.729
5567 65.729
5568 65.729
5569 65.729
5570 65.729
5571 65.729
5572 65.729
5573 65.729
5574 65.729
5575 65.729
5576 65.729
5577 65.729
5578 65.729
5579 65.729
5580 65.729
5581 65.729
5582 65.729
5583 65.729
5584 65.729
5585 65.729
5586 65.729
5587 65.729
5588 65.729
5589 65.729
5590 65.729
5591 65.729
5592 65.729
5593 65.729
5594 65.729
5595 65.729
5596 65.729
5597 65.729
5598 65.729
5599 65.729
5600 65.729
5601 65.729
5602 65.729
5603 65.729
5604 65.729
5605 65.729
5606 65.729
5607 65.729
5608 65.729
5609 65.729
5610 65.729
5611 65.729
5612 65.729
5613 65.729
5614 65.729
5615 65.729
5616 65.729
5617 65.729
5618 65.729
5619 65.729
5620 65.729
5621 65.729
5622 65.729
5623 65.729
5624 65.729
5625 65.729
5626 65.729
5627 65.729
5628 65.729
5629 65.729
5630 65.729
5631 65.729
5632 65.729
5633 65.729
5634 65.729
5635 65.729
5636 65.729
5637 65.729
5638 65.729
5639 65.729
5640 65.729
5641 65.729
5642 65.729
5643 65.729
5644 65.729
5645 65.729
5646 65.729
5647 65.729
5648 65.729
5649 65.729
5650 65.729
5651 65.729
5652 65.729
5653 65.729
5654 65.729
5655 65.729
5656 65.729
5657 65.729
5658 65.729
5659 65.729
5660 65.729
5661 65.729
5662 65.729
5663 65.729
5664 65.729
5665 65.729
5666 65.729
5667 65.729
5668 65.729
5669 65.729
5670 65.729
5671 65.729
5672 65.729
5673 65.729
5674 65.729
5675 65.729
5676 65.729
5677 65.729
5678 65.729
5679 65.729
5680 65.729
5681 65.729
5682 65.729
5683 65.729
5684 65.729
5685 65.729
5686 65.729
5687 65.729
5688 65.729
5689 65.729
5690 65.729
5691 65.729
5692 65.729
5693 65.729
5694 65.729
5695 65.729
5696 65.729
5697 65.729
5698 65.729
5699 65.729
5700 65.729
5701 65.729
5702 65.729
5703 65.729
5704 65.729
5705 65.729
5706 65.729
5707 65.729
5708 65.729
5709 65.729
5710 65.729
5711 65.729
5712 65.729
5713 65.729
5714 65.729
5715 65.729
5716 65.729
5717 65.729
5718 65.729
5719 65.729
5720 65.729
5721 65.729
5722 65.729
5723 65.729
5724 65.729
5725 65.729
5726 65.729
5727 65.729
5728 65.729
5729 65.729
5730 65.729
5731 65.729
5732 65.729
5733 65.729
5734 65.729
5735 65.729
5736 65.729
5737 65.729
5738 65.729
5739 65.729
5740 65.729
5741 65.729
5742 65.729
5743 65.729
5744 65.729
5745 65.729
5746 65.729
5747 65.729
5748 65.729
5749 65.729
5750 65.729
5751 65.729
5752 65.729
5753 65.729
5754 65.729
5755 65.729
5756 65.729
5757 65.729
5758 65.729
5759 65.729
5760 65.729
5761 65.729
5762 65.729
5763 65.5049
5764 65.5049
5765 65.5049
5766 65.5049
5767 65.5049
5768 65.5049
5769 65.5049
5770 65.5049
5771 65.5049
5772 65.5049
5773 65.5049
5774 65.5049
5775 65.5049
5776 65.5049
5777 65.5049
5778 65.5049
5779 65.5049
5780 65.5049
5781 65.5049
5782 65.5049
5783 65.5049
5784 65.5049
5785 65.5049
5786 65.5049
5787 65.5049
5788 65.5049
5789 65.5049
5790 65.5049
5791 65.5049
5792 65.5049
5793 65.5049
5794 65.5049
5795 65.5049
5796 65.5049
5797 65.5049
5798 65.5049
5799 65.5049
5800 65.5049
5801 65.5049
5802 65.5049
5803 65.5049
5804 65.5049
5805 65.5049
5806 65.5049
5807 65.5049
5808 65.5049
5809 65.5049
5810 65.5049
5811 65.5049
5812 65.5049
5813 65.5049
5814 65.5049
5815 65.5049
5816 65.5049
5817 65.5049
5818 65.5049
5819 65.5049
5820 65.5049
5821 65.5049
5822 65.5049
5823 65.5049
5824 65.5049
5825 65.5049
5826 65.5049
5827 65.5049
5828 65.5049
5829 65.5049
5830 65.5049
5831 65.5049
5832 65.5049
5833 65.5049
5834 65.5049
5835 65.5049
5836 65.5049
5837 65.5049
5838 65.5049
5839 65.5049
5840 65.5049
5841 65.5049
5842 65.5049
5843 65.5049
5844 65.5049
5845 65.5049
5846 65.5049
5847 65.5049
5848 65.5049
5849 65.5049
5850 65.5049
5851 65.5049
5852 65.5049
5853 65.5049
5854 65.5049
5855 65.5049
5856 65.5049
5857 65.5049
5858 65.5049
5859 65.5049
5860 65.5049
5861 65.5049
5862 65.5049
5863 65.5049
5864 65.5049
5865 65.5049
5866 65.5049
5867 65.5049
5868 65.5049
5869 65.5049
5870 65.5049
5871 65.5049
5872 65.5049
5873 65.5049
5874 65.5049
5875 65.5049
5876 65.5049
5877 65.5049
5878 65.5049
5879 65.5049
5880 65.5049
5881 65.5049
5882 65.5049
5883 65.5049
5884 65.5049
5885 65.5049
5886 65.5049
5887 65.5049
5888 65.5049
5889 65.5049
5890 65.5049
5891 65.5049
5892 65.5049
5893 65.5049
5894 65.5049
5895 65.5049
5896 65.5049
5897 65.5049
5898 65.5049
5899 65.5049
5900 65.5049
5901 65.5049
5902 65.5049
5903 65.5049
5904 65.5049
5905 65.5049
5906 65.5049
5907 65.5049
5908 65.5049
5909 65.5049
5910 65.5049
5911 65.5049
5912 65.5049
5913 65.5049
5914 65.5049
5915 65.5049
5916 65.5049
5917 65.5049
5918 65.5049
5919 65.5049
5920 65.5049
5921 65.5049
5922 65.5049
5923 65.5049
5924 65.5049
5925 65.5049
5926 65.5049
5927 65.5049
5928 65.5049
5929 65.5049
5930 65.5049
5931 65.5049
5932 65.5049
5933 65.5049
5934 65.5049
5935 65.5049
5936 65.5049
5937 65.5049
5938 65.5049
5939 65.5049
5940 65.5049
5941 65.5049
5942 65.5049
5943 65.5049
5944 65.5049
5945 65.5049
5946 65.5049
5947 65.5049
5948 65.5049
5949 65.5049
5950 65.5049
5951 65.5049
5952 65.5049
5953 65.5049
5954 65.5049
5955 65.5049
5956 65.5049
5957 65.5049
5958 65.5049
5959 65.5049
5960 65.5049
5961 65.5049
5962 65.5049
5963 65.5049
5964 65.5049
5965 65.5049
5966 65.5049
5967 65.5049
5968 65.5049
5969 65.5049
5970 65.5049
5971 65.5049
5972 65.5049
5973 65.5049
5974 65.5049
5975 65.5049
5976 65.5049
5977 65.5049
5978 65.5049
5979 65.5049
5980 65.5049
5981 65.5049
5982 65.5049
5983 65.5049
5984 65.5049
5985 65.5049
5986 65.5049
5987 65.5049
5988 65.5049
5989 65.5049
5990 65.5049
5991 65.5049
5992 65.5049
5993 65.5049
5994 65.5049
5995 65.5049
5996 65.5049
5997 65.5049
5998 65.5049
5999 65.5049
6000 65.5049
