1 437.922
2 423.757
3 406.744
4 398.169
5 388.394
6 381.298
7 375.525
8 375.525
9 365.07
10 353.992
11 348.712
12 346.99
13 333.188
14 321.884
15 304.237
16 304.237
17 304.237
18 296.394
19 296.394
20 296.394
21 289.901
22 285.696
23 285.696
24 285.148
25 281.238
26 280.457
27 279.907
28 277.41
29 267.978
30 267.978
31 267.654
32 267.654
33 267.078
34 262.869
35 257.28
36 257.28
37 257.28
38 256.751
39 256.572
40 252.313
41 250.972
42 245.492
43 245.492
44 241.036
45 245.492
46 242.316
47 238.272
48 238.791
49 238.105
50 238.105
51 235.976
52 236.867
53 234.452
54 234.452
55 232.785
56 232.785
57 231.764
58 231.764
59 231.344
60 231.344
61 230.568
62 231.059
63 224.549
64 224.549
65 224.549
66 221.75
67 219.814
68 217.231
69 217.231
70 216.676
71 216.676
72 216.362
73 216.362
74 215.858
75 215.799
76 215.329
77 212.132
78 212.132
79 212.132
80 211.156
81 210.897
82 210.527
83 209.927
84 209.927
85 208.685
86 206.418
87 206.418
88 205.998
89 205.227
90 203.53
91 203.53
92 201.392
93 201.335
94 201.335
95 200.443
96 196.901
97 196.901
98 196.901
99 193.005
100 193.005
101 193.005
102 192.997
103 192.997
104 190.039
105 189.936
106 189.936
107 188.659
108 186.214
109 186.214
110 186.214
111 186.214
112 185.493
113 182.645
114 181.607
115 181.607
116 181.607
117 181.607
118 181.607
119 181.607
120 180.599
121 180.599
122 180.573
123 180.573
124 180.573
125 178.975
126 176.587
127 176.587
128 176.587
129 176.587
130 173.147
131 174.028
132 173.192
133 174.028
134 174.028
135 173.331
136 171.076
137 169.478
138 169.478
139 169.478
140 169.478
141 167.761
142 167.761
143 167.761
144 167.761
145 167.761
146 167.585
147 167.585
148 167.761
149 167.761
150 167.761
151 167.761
152 167.761
153 166.375
154 166.69
155 166.045
156 166.045
157 166.045
158 165.931
159 165.062
160 164.992
161 164.699
162 163.96
163 163.96
164 163.785
165 163.156
166 159.896
167 159.896
168 161.152
169 160.256
170 160.256
171 160.102
172 160.102
173 160.102
174 160.102
175 160.071
176 158.567
177 158.413
178 158.413
179 158.413
180 157.639
181 157.476
182 156.001
183 156.001
184 155.847
185 154.926
186 154.91
187 154.91
188 154.91
189 154.91
190 154.312
191 154.312
192 151.72
193 151.72
194 151.72
195 151.72
196 151.68
197 151.68
198 151.596
199 151.596
200 151.336
201 151.214
202 150.6
203 150.421
204 150.421
205 149.646
206 149.646
207 147.537
208 147.537
209 147.537
210 147.537
211 142.445
212 142.445
213 142.269
214 139.405
215 139.405
216 139.405
217 138.073
218 138.073
219 138.073
220 138.073
221 138.073
222 137.314
223 137.546
224 137.546
225 137.307
226 136.636
227 136.636
228 136.636
229 136.636
230 136.355
231 136.355
232 136.355
233 136.355
234 135.792
235 135.792
236 135.599
237 135.45
238 135.45
239 135.45
240 135.45
241 135.45
242 133.878
243 133.878
244 133.878
245 133.878
246 133.878
247 133.878
248 132.911
249 132.911
250 132.911
251 132.442
252 132.442
253 132.442
254 132.442
255 130.258
256 130.194
257 130.194
258 130.194
259 128.786
260 128.786
261 128.51
262 127.294
263 127.294
264 127.294
265 127.294
266 127.294
267 127.294
268 127.294
269 127.294
270 127.294
271 127.294
272 127.294
273 127.294
274 127.294
275 127.294
276 127.294
277 127.294
278 127.294
279 127.294
280 127.294
281 126.639
282 126.639
283 126.639
284 126.639
285 126.639
286 125.214
287 125.214
288 125.214
289 124.58
290 124.58
291 124.58
292 124.58
293 124.58
294 124.58
295 124.328
296 124.328
297 124.328
298 124.328
299 124.328
300 124.328
301 124.328
302 124.328
303 124.328
304 124.328
305 124.328
306 124.328
307 124.328
308 124.328
309 124.136
310 124.136
311 124.029
312 124.029
313 124.029
314 123.563
315 123.563
316 123.563
317 122.059
318 122.059
319 121.532
320 122.059
321 122.059
322 122.059
323 121.276
324 121.276
325 120.901
326 120.901
327 120.51
328 120.51
329 120.024
330 120.024
331 119.383
332 119.312
333 119.208
334 119.208
335 119.208
336 118.176
337 118.176
338 118.176
339 116.936
340 118.176
341 118.176
342 116.943
343 116.943
344 116.943
345 116.943
346 116.943
347 116.277
348 116.187
349 115.981
350 116.187
351 116.187
352 116.187
353 115.27
354 116.015
355 116.015
356 116.015
357 116.015
358 116.015
359 116.015
360 115.349
361 116.015
362 116.015
363 116.015
364 113.556
365 113.556
366 113.556
367 113.556
368 113.556
369 113.556
370 113.311
371 112.25
372 112.687
373 112.687
374 112.687
375 112.687
376 112.687
377 112.308
378 112.687
379 112.687
380 111.139
381 111.139
382 111.139
383 110.799
384 110.799
385 110.799
386 110.799
387 110.799
388 110.799
389 110.799
390 110.799
391 110.345
392 110.345
393 110.345
394 110.345
395 110.345
396 109.264
397 109.264
398 109.264
399 109.264
400 108.632
401 108.632
402 108.632
403 108.632
404 108.425
405 108.425
406 108.425
407 108.425
408 108.046
409 108.046
410 108.046
411 108.046
412 108.022
413 108.022
414 108.022
415 108.022
416 108.022
417 108.022
418 107.493
419 107.493
420 107.493
421 107.493
422 107.493
423 107.493
424 107.493
425 107.493
426 107.493
427 107.493
428 107.493
429 107.09
430 107.09
431 107.493
432 107.493
433 107.114
434 107.114
435 107.114
436 107
437 107
438 107
439 107
440 107
441 107
442 106.987
443 106.98
444 106.98
445 106.98
446 106.833
447 106.833
448 106.28
449 106.28
450 106.28
451 106.107
452 106.107
453 106.107
454 106.107
455 106.107
456 106.006
457 106.006
458 105.514
459 105.514
460 105.514
461 105.514
462 105.514
463 105.514
464 105.445
465 105.445
466 105.445
467 105.291
468 105.291
469 105.175
470 105.175
471 105.175
472 105.175
473 105.052
474 105.052
475 105.052
476 105.052
477 105.052
478 105.025
479 105.025
480 104.812
481 104.812
482 104.812
483 104.812
484 104.812
485 104.689
486 104.025
487 104.511
488 104.511
489 104.689
490 104.689
491 104.418
492 104.689
493 104.689
494 104.689
495 104.689
496 104.689
497 104.689
498 104.689
499 104.689
500 104.484
501 104.689
502 104.689
503 104.689
504 104.689
505 102.979
506 102.979
507 102.979
508 102.979
509 102.979
510 102.979
511 102.979
512 102.845
513 102.845
514 102.845
515 102.845
516 102.845
517 102.415
518 102.415
519 102.415
520 102.415
521 102.415
522 102.415
523 102.415
524 102.415
525 101.732
526 100.091
527 100.091
528 100.091
529 100.091
530 100.091
531 100.091
532 100.091
533 100.091
534 100.091
535 100.091
536 98.607
537 98.607
538 98.607
539 98.607
540 98.607
541 98.607
542 96.0648
543 95.5394
544 95.5394
545 95.3859
546 95.3859
547 95.3859
548 95.1115
549 94.2948
550 94.2948
551 94.2948
552 94.2948
553 94.2948
554 94.2948
555 94.2948
556 94.2948
557 94.2948
558 94.2948
559 94.2948
560 94.2948
561 94.2948
562 94.2948
563 94.2005
564 94.2005
565 94.2005
566 94.2005
567 94.2005
568 94.2005
569 94.2005
570 94.2005
571 94.2005
572 94.2005
573 94.2005
574 94.2005
575 94.2005
576 94.2005
577 94.2005
578 94.2005
579 94.2005
580 94.2005
581 94.0155
582 94.0155
583 93.6152
584 93.6152
585 93.6152
586 93.6152
587 93.6152
588 93.3271
589 93.3271
590 93.3271
591 92.8829
592 92.8829
593 92.8829
594 92.8829
595 92.8829
596 92.8829
597 92.3483
598 92.3483
599 92.3483
600 91.9731
601 91.8468
602 91.8468
603 91.8468
604 91.8468
605 91.8468
606 91.8468
607 91.8468
608 91.8468
609 91.8468
610 91.8468
611 91.8468
612 91.8468
613 91.6578
614 91.6578
615 91.6578
616 91.6578
617 91.6578
618 91.6578
619 91.6578
620 91.6578
621 91.6578
622 91.2239
623 91.2239
624 91.2029
625 91.2029
626 91.2029
627 91.2029
628 91.0706
629 91.0706
630 91.0706
631 91.0706
632 91.0706
633 91.0706
634 91.0706
635 91.0706
636 91.0706
637 90.8599
638 90.8599
639 90.8599
640 90.8599
641 90.8599
642 90.7695
643 90.7695
644 90.7695
645 90.6005
646 90.7695
647 90.7695
648 90.7695
649 90.7695
650 90.5312
651 90.4017
652 90.4017
653 90.3545
654 90.3545
655 90.3545
656 90.0733
657 90.0733
658 90.0733
659 90.0733
660 89.9827
661 89.9827
662 89.9827
663 89.9827
664 89.9827
665 89.9827
666 89.9827
667 89.9827
668 89.9827
669 89.9827
670 89.9827
671 89.9827
672 89.9827
673 89.5829
674 89.5829
675 89.5829
676 89.5829
677 89.5829
678 89.5829
679 89.5829
680 89.5829
681 89.5829
682 89.5829
683 89.5829
684 89.5829
685 89.3432
686 89.3432
687 89.3149
688 89.3149
689 89.3149
690 89.3149
691 89.3149
692 89.3149
693 89.3149
694 89.3149
695 88.9846
696 88.9846
697 88.9846
698 89.1892
699 89.1892
700 89.1892
701 89.1892
702 89.1892
703 89.1892
704 89.1892
705 89.1892
706 89.1892
707 89.1892
708 89.1116
709 89.1116
710 89.1116
711 89.1116
712 89.1116
713 89.1116
714 88.8038
715 88.8038
716 88.8038
717 88.2947
718 88.2947
719 88.2947
720 88.2947
721 88.2947
722 88.2947
723 88.2947
724 88.2947
725 88.2947
726 88.2947
727 88.2947
728 88.2947
729 88.2947
730 88.2041
731 88.2041
732 88.2041
733 88.2041
734 88.2041
735 88.2041
736 88.2041
737 88.064
738 88.064
739 87.9735
740 87.9735
741 87.9735
742 87.9735
743 87.9735
744 87.9735
745 87.3913
746 87.3913
747 87.3913
748 87.3913
749 87.3913
750 87.3913
751 87.3913
752 87.3913
753 87.3429
754 87.3429
755 87.3429
756 87.3429
757 87.3429
758 87.3429
759 87.3429
760 87.3429
761 87.3429
762 87.3429
763 87.3429
764 87.3429
765 87.3429
766 87.3429
767 87.3429
768 87.3429
769 87.3429
770 87.3429
771 87.3429
772 87.2041
773 87.2041
774 87.2041
775 87.2041
776 87.2041
777 87.2041
778 87.2041
779 87.2041
780 86.4429
781 86.4429
782 86.4429
783 86.4429
784 86.4429
785 86.2191
786 86.054
787 86.054
788 86.054
789 86.054
790 86.054
791 86.054
792 86.054
793 85.8302
794 85.8302
795 85.8302
796 85.8302
797 85.8302
798 85.8302
799 85.8302
800 85.8302
801 85.8302
802 85.8302
803 85.8302
804 85.8302
805 85.8302
806 85.8302
807 85.8302
808 85.8302
809 85.8302
810 85.8302
811 85.8302
812 85.8302
813 85.8302
814 85.8302
815 85.8302
816 85.8302
817 85.6929
818 85.6929
819 85.6929
820 85.6929
821 85.365
822 85.365
823 85.365
824 85.365
825 85.365
826 85.365
827 85.2277
828 85.2277
829 85.2277
830 85.2277
831 85.2277
832 85.1417
833 85.1417
834 85.1417
835 84.8434
836 84.8434
837 84.8434
838 84.7574
839 84.6173
840 84.6173
841 84.2329
842 84.2329
843 84.2329
844 84.2329
845 84.2329
846 84.2329
847 84.2329
848 84.2329
849 84.2329
850 84.2329
851 84.15
852 84.15
853 84.15
854 83.7626
855 83.7626
856 83.7626
857 83.695
858 83.695
859 83.695
860 83.695
861 83.695
862 83.695
863 83.695
864 83.695
865 83.695
866 83.695
867 83.695
868 83.695
869 83.6169
870 83.6169
871 83.3688
872 83.3688
873 83.256
874 83.256
875 83.256
876 83.256
877 82.9298
878 82.9298
879 82.9298
880 82.9298
881 82.9298
882 82.9298
883 82.9298
884 82.9298
885 82.9298
886 82.9298
887 82.9298
888 82.9298
889 82.9298
890 82.9298
891 82.9298
892 82.9298
893 82.9298
894 82.9298
895 82.7344
896 82.7344
897 82.4043
898 82.4043
899 82.4043
900 82.4043
901 82.4043
902 82.4043
903 82.4043
904 82.4043
905 82.4043
906 82.4043
907 82.4043
908 82.4043
909 82.2454
910 82.2454
911 82.2454
912 82.2454
913 82.2454
914 82.2454
915 81.8064
916 81.7174
917 81.7174
918 81.2784
919 81.2784
920 81.2784
921 81.2784
922 81.2784
923 81.2784
924 81.2784
925 81.0831
926 81.0831
927 80.7866
928 80.7866
929 80.7866
930 80.7866
931 80.7866
932 80.7866
933 80.7866
934 80.7866
935 80.7866
936 80.7866
937 80.7866
938 80.7866
939 80.7866
940 80.7866
941 80.7866
942 80.7866
943 80.7866
944 80.7866
945 80.7866
946 80.7866
947 80.7866
948 80.7866
949 80.5387
950 80.5387
951 80.5387
952 80.5387
953 80.5387
954 80.5387
955 80.5387
956 80.5387
957 80.5387
958 80.5387
959 80.5387
960 80.5206
961 80.5206
962 80.5206
963 80.5206
964 80.5206
965 80.5206
966 80.5206
967 80.0807
968 80.0807
969 80.0807
970 80.0807
971 80.0807
972 79.9251
973 79.9251
974 79.9124
975 79.9124
976 79.9124
977 79.9124
978 79.9124
979 79.9124
980 79.9124
981 79.852
982 79.852
983 79.852
984 79.852
985 79.852
986 79.2483
987 79.2483
988 79.1879
989 79.1879
990 79.1879
991 79.0274
992 79.0274
993 79.0274
994 79.0274
995 79.0274
996 79.0274
997 79.0274
998 79.0274
999 79.0274
1000 79.0274
1001 79.0274
1002 78.9907
1003 78.9578
1004 78.9578
1005 78.9578
1006 78.9578
1007 78.9578
1008 78.9578
1009 78.6903
1010 78.6903
1011 78.6903
1012 78.5238
1013 78.5238
1014 78.5238
1015 78.5238
1016 78.5238
1017 78.3273
1018 77.8883
1019 77.8883
1020 77.8883
1021 77.8883
1022 77.8883
1023 77.8883
1024 77.8883
1025 77.8883
1026 77.8883
1027 77.8883
1028 77.8883
1029 77.8883
1030 77.8883
1031 77.8883
1032 77.8883
1033 77.8883
1034 77.8883
1035 77.8883
1036 77.63
1037 77.63
1038 77.63
1039 77.63
1040 77.63
1041 76.9817
1042 76.9817
1043 76.9817
1044 76.9817
1045 76.9817
1046 76.9817
1047 76.9817
1048 76.9817
1049 76.9817
1050 76.9817
1051 76.9817
1052 76.9817
1053 76.9817
1054 76.9817
1055 76.9817
1056 76.9817
1057 76.9817
1058 76.9817
1059 76.9817
1060 76.9817
1061 76.9817
1062 76.9817
1063 76.8307
1064 76.8307
1065 76.8307
1066 76.8307
1067 76.8307
1068 76.8307
1069 76.8307
1070 76.8307
1071 76.8307
1072 76.8307
1073 76.8307
1074 76.8307
1075 76.8307
1076 76.8307
1077 76.8307
1078 76.8307
1079 76.8307
1080 76.8307
1081 76.8307
1082 76.8307
1083 76.8307
1084 76.8307
1085 76.8307
1086 76.8307
1087 76.8307
1088 76.8307
1089 76.8307
1090 76.8307
1091 76.8307
1092 76.8307
1093 76.8307
1094 76.8307
1095 76.8307
1096 76.8307
1097 76.8307
1098 76.8307
1099 76.8307
1100 76.8307
1101 76.8307
1102 76.8307
1103 76.8307
1104 76.8307
1105 76.8307
1106 76.8307
1107 76.8307
1108 76.8307
1109 76.8307
1110 76.8307
1111 76.7498
1112 76.7498
1113 76.7498
1114 76.7498
1115 76.7498
1116 76.7498
1117 76.7498
1118 76.7498
1119 76.7498
1120 76.7498
1121 76.7498
1122 76.7498
1123 76.7498
1124 76.7498
1125 76.7498
1126 76.7498
1127 76.7498
1128 76.7498
1129 76.7498
1130 76.7498
1131 76.7498
1132 76.7498
1133 76.7498
1134 76.7498
1135 76.7498
1136 76.7498
1137 76.7498
1138 76.7498
1139 76.7498
1140 76.7498
1141 76.7498
1142 76.7498
1143 76.7498
1144 76.7498
1145 76.7498
1146 76.7498
1147 76.7498
1148 76.7498
1149 76.7498
1150 76.7498
1151 76.7498
1152 76.7498
1153 76.7498
1154 76.7498
1155 76.7498
1156 76.7498
1157 76.7498
1158 76.7498
1159 76.7498
1160 76.7498
1161 76.7498
1162 76.7498
1163 76.7498
1164 76.7498
1165 76.7498
1166 76.7498
1167 76.7498
1168 76.7498
1169 76.7498
1170 76.7498
1171 76.7498
1172 76.7498
1173 76.7498
1174 76.7498
1175 76.7498
1176 76.7498
1177 76.7498
1178 76.7498
1179 76.7498
1180 76.7498
1181 76.7498
1182 76.7498
1183 76.7498
1184 76.7498
1185 76.7498
1186 76.7498
1187 76.7498
1188 76.7498
1189 76.7498
1190 76.7498
1191 76.7498
1192 76.7498
1193 76.7498
1194 76.7498
1195 76.7498
1196 76.7498
1197 76.7498
1198 76.7498
1199 76.7498
1200 76.7498
1201 76.7498
1202 76.7498
1203 76.7498
1204 76.7498
1205 76.7498
1206 76.7498
1207 76.7498
1208 76.7498
1209 76.7498
1210 76.7498
1211 76.7498
1212 76.7498
1213 76.7498
1214 76.5491
1215 76.5491
1216 76.5491
1217 76.5491
1218 76.5491
1219 76.5491
1220 76.5491
1221 76.5491
1222 76.5491
1223 76.5491
1224 76.5491
1225 76.5491
1226 76.5491
1227 76.5491
1228 76.5491
1229 76.5491
1230 76.5491
1231 76.5491
1232 76.5491
1233 76.5491
1234 76.5491
1235 76.5491
1236 76.5491
1237 76.5491
1238 76.5491
1239 76.5491
1240 76.5491
1241 76.5491
1242 76.5491
1243 76.5491
1244 76.5491
1245 76.453
1246 76.453
1247 76.453
1248 76.453
1249 76.453
1250 76.453
1251 76.453
1252 76.453
1253 76.453
1254 76.453
1255 76.453
1256 76.453
1257 76.453
1258 76.453
1259 76.453
1260 76.453
1261 76.453
1262 76.453
1263 76.453
1264 76.453
1265 76.453
1266 76.453
1267 76.453
1268 76.453
1269 76.453
1270 76.453
1271 76.453
1272 76.453
1273 76.453
1274 76.453
1275 76.453
1276 76.453
1277 76.453
1278 76.453
1279 76.453
1280 76.453
1281 76.453
1282 76.453
1283 76.453
1284 76.453
1285 76.453
1286 76.453
1287 76.453
1288 76.453
1289 76.453
1290 76.453
1291 76.453
1292 76.453
1293 76.453
1294 76.453
1295 76.453
1296 76.453
1297 76.453
1298 76.453
1299 76.453
1300 76.453
1301 76.453
1302 76.453
1303 76.453
1304 76.453
1305 76.453
1306 76.453
1307 76.453
1308 76.453
1309 76.453
1310 76.453
1311 76.453
1312 76.453
1313 76.453
1314 76.453
1315 76.453
1316 76.453
1317 76.453
1318 76.453
1319 76.453
1320 76.453
1321 76.453
1322 76.453
1323 76.453
1324 76.453
1325 76.453
1326 76.453
1327 76.453
1328 76.453
1329 76.453
1330 76.453
1331 76.453
1332 76.453
1333 76.453
1334 76.453
1335 76.453
1336 76.453
1337 76.453
1338 76.453
1339 76.453
1340 76.453
1341 76.453
1342 76.453
1343 76.453
1344 76.453
1345 76.453
1346 76.453
1347 76.453
1348 76.453
1349 76.453
1350 76.453
1351 76.453
1352 76.453
1353 76.453
1354 76.453
1355 76.453
1356 76.453
1357 76.453
1358 76.453
1359 76.453
1360 76.453
1361 76.453
1362 76.453
1363 76.453
1364 76.453
1365 76.453
1366 76.453
1367 76.453
1368 76.453
1369 76.453
1370 76.2664
1371 76.2664
1372 76.2664
1373 76.2664
1374 76.2664
1375 76.2664
1376 76.2664
1377 76.2664
1378 76.2664
1379 76.2664
1380 76.2664
1381 76.2664
1382 76.2664
1383 76.2664
1384 76.2664
1385 76.2664
1386 76.2664
1387 76.2664
1388 76.2664
1389 76.2664
1390 76.2664
1391 76.2664
1392 76.2664
1393 76.2664
1394 76.2664
1395 76.2664
1396 76.2664
1397 76.2664
1398 76.2664
1399 76.2664
1400 76.2664
1401 76.2664
1402 76.2664
1403 76.2664
1404 76.2664
1405 76.2664
1406 76.2664
1407 76.2664
1408 76.2664
1409 76.2664
1410 76.2664
1411 76.2664
1412 76.2664
1413 76.2664
1414 76.2664
1415 76.2664
1416 76.2664
1417 76.2664
1418 76.2664
1419 76.2664
1420 76.2664
1421 76.2664
1422 76.2664
1423 76.2664
1424 76.2664
1425 76.2664
1426 76.2664
1427 76.2664
1428 76.2664
1429 76.2664
1430 76.2664
1431 76.2664
1432 76.2664
1433 76.2664
1434 76.2664
1435 76.2664
1436 76.2664
1437 76.2664
1438 76.2664
1439 76.2664
1440 76.2664
1441 76.2664
1442 76.2664
1443 76.2664
1444 76.2664
1445 76.2664
1446 76.2664
1447 76.2664
1448 76.2664
1449 76.2664
1450 76.2664
1451 76.2664
1452 76.2664
1453 76.2664
1454 76.2664
1455 76.2664
1456 76.2664
1457 76.2664
1458 76.2664
1459 76.2664
1460 76.2664
1461 76.2664
1462 76.2664
1463 76.2664
1464 76.2664
1465 76.2664
1466 76.2664
1467 76.2664
1468 76.2664
1469 76.2664
1470 76.2664
1471 76.2664
1472 76.2664
1473 76.2664
1474 76.2664
1475 76.2664
1476 76.2664
1477 76.2664
1478 76.2664
1479 76.2664
1480 76.2664
1481 76.2664
1482 76.2664
1483 76.2664
1484 76.2664
1485 76.2664
1486 76.2664
1487 76.2664
1488 76.2664
1489 76.2664
1490 76.2664
1491 76.2664
1492 76.2664
1493 76.2664
1494 76.2664
1495 76.2664
1496 76.2664
1497 76.2664
1498 76.2664
1499 76.2664
1500 76.2664
1501 76.2664
1502 76.2664
1503 76.2664
1504 76.2664
1505 76.2664
1506 76.2664
1507 76.2664
1508 76.2664
1509 76.2664
1510 76.2664
1511 76.2664
1512 76.2664
1513 76.2664
1514 76.2664
1515 76.2664
1516 76.2664
1517 76.2664
1518 76.2664
1519 76.2664
1520 76.2664
1521 76.2664
1522 76.2664
1523 76.2664
1524 76.2664
1525 76.2664
1526 76.2664
1527 76.2664
1528 76.2664
1529 76.2664
1530 76.2664
1531 76.2664
1532 76.2664
1533 76.2664
1534 76.2664
1535 76.2664
1536 76.2664
1537 76.2664
1538 76.2664
1539 76.2664
1540 76.2664
1541 76.2664
1542 76.2664
1543 76.2664
1544 76.2664
1545 76.2664
1546 76.2664
1547 76.2664
1548 76.2664
1549 76.2664
1550 76.2664
1551 76.2664
1552 76.2664
1553 76.2664
1554 76.2664
1555 76.2664
1556 76.2664
1557 76.2664
1558 76.2664
1559 76.2664
1560 76.2664
1561 76.2664
1562 76.2664
1563 76.2664
1564 76.2664
1565 76.2664
1566 76.2664
1567 76.2664
1568 76.2664
1569 76.2664
1570 76.2664
1571 76.2664
1572 76.2664
1573 76.2664
1574 76.2664
1575 76.2664
1576 76.2664
1577 76.2664
1578 76.2664
1579 76.2664
1580 76.2664
1581 76.2664
1582 76.2664
1583 76.2664
1584 76.2664
1585 76.2664
1586 76.2664
1587 76.2664
1588 76.2664
1589 76.2664
1590 76.2664
1591 76.2664
1592 76.2664
1593 76.2664
1594 76.2664
1595 76.2664
1596 76.2664
1597 76.2664
1598 76.2664
1599 76.2664
1600 76.2664
1601 76.2664
1602 76.2664
1603 76.2664
1604 76.2664
1605 76.2664
1606 76.2664
1607 76.2664
1608 76.2664
1609 76.2664
1610 76.2664
1611 76.2664
1612 76.2664
1613 76.2664
1614 76.2664
1615 76.2664
1616 76.2664
1617 76.2664
1618 76.2664
1619 76.2664
1620 76.2664
1621 76.2664
1622 76.2664
1623 76.2664
1624 76.2664
1625 76.2664
1626 76.2664
1627 76.0212
1628 76.0212
1629 76.0212
1630 76.0212
1631 76.0212
1632 76.0212
1633 76.0212
1634 76.0212
1635 76.0212
1636 76.0212
1637 76.0212
1638 76.0212
1639 76.0212
1640 76.0212
1641 76.0212
1642 76.0212
1643 76.0212
1644 76.0212
1645 76.0212
1646 76.0212
1647 76.0212
1648 76.0212
1649 76.0212
1650 76.0212
1651 76.0212
1652 76.0212
1653 76.0212
1654 76.0212
1655 76.0212
1656 76.0212
1657 76.0212
1658 76.0212
1659 76.0212
1660 76.0212
1661 76.0212
1662 76.0212
1663 76.0212
1664 76.0212
1665 76.0212
1666 76.0212
1667 76.0212
1668 76.0212
1669 76.0212
1670 76.0212
1671 76.0212
1672 76.0212
1673 76.0212
1674 76.0212
1675 76.0212
1676 76.0212
1677 76.0212
1678 76.0212
1679 76.0212
1680 76.0212
1681 76.0212
1682 76.0212
1683 76.0212
1684 76.0212
1685 76.0212
1686 76.0212
1687 76.0212
1688 76.0212
1689 76.0212
1690 76.0212
1691 76.0212
1692 76.0212
1693 76.0212
1694 76.0212
1695 76.0212
1696 76.0212
1697 76.0212
1698 76.0212
1699 76.0212
1700 76.0212
1701 76.0212
1702 76.0212
1703 76.0212
1704 76.0212
1705 76.0212
1706 76.0212
1707 76.0212
1708 76.0212
1709 76.0212
1710 76.0212
1711 76.0212
1712 76.0212
1713 76.0212
1714 76.0212
1715 76.0212
1716 76.0212
1717 76.0212
1718 76.0212
1719 76.0212
1720 76.0212
1721 76.0212
1722 76.0212
1723 76.0212
1724 76.0212
1725 76.0212
1726 76.0212
1727 76.0212
1728 76.0212
1729 76.0212
1730 76.0212
1731 76.0212
1732 76.0212
1733 76.0212
1734 76.0212
1735 76.0212
1736 76.0212
1737 76.0212
1738 76.0212
1739 76.0212
1740 76.0212
1741 76.0212
1742 76.0212
1743 76.0212
1744 76.0212
1745 76.0212
1746 76.0212
1747 76.0212
1748 76.0212
1749 76.0212
1750 76.0212
1751 76.0212
1752 76.0212
1753 76.0212
1754 76.0212
1755 76.0212
1756 76.0212
1757 76.0212
1758 76.0212
1759 76.0212
1760 76.0212
1761 76.0212
1762 76.0212
1763 76.0212
1764 76.0212
1765 76.0212
1766 76.0212
1767 76.0212
1768 76.0212
1769 76.0212
1770 76.0212
1771 76.0212
1772 76.0212
1773 76.0212
1774 76.0212
1775 76.0212
1776 76.0212
1777 76.0212
1778 76.0212
1779 76.0212
1780 76.0212
1781 76.0212
1782 76.0212
1783 76.0212
1784 76.0212
1785 76.0212
1786 76.0212
1787 76.0212
1788 76.0212
1789 76.0212
1790 76.0212
1791 76.0212
1792 76.0212
1793 76.0212
1794 76.0212
1795 76.0212
1796 76.0212
1797 76.0212
1798 76.0212
1799 76.0212
1800 76.0212
1801 76.0212
1802 76.0212
1803 76.0212
1804 76.0212
1805 76.0212
1806 76.0212
1807 76.0212
1808 76.0212
1809 76.0212
1810 76.0212
1811 76.0212
1812 76.0212
1813 76.0212
1814 76.0212
1815 76.0212
1816 76.0212
1817 76.0212
1818 76.0212
1819 76.0212
1820 76.0212
1821 76.0212
1822 76.0212
1823 76.0212
1824 76.0212
1825 76.0212
1826 76.0212
1827 76.0212
1828 76.0212
1829 76.0212
1830 76.0212
1831 76.0212
1832 76.0212
1833 76.0212
1834 76.0212
1835 76.0212
1836 76.0212
1837 76.0212
1838 76.0212
1839 76.0212
1840 76.0212
1841 76.0212
1842 76.0212
1843 76.0212
1844 76.0212
1845 76.0212
1846 76.0212
1847 76.0212
1848 76.0212
1849 76.0212
1850 76.0212
1851 76.0212
1852 76.0212
1853 76.0212
1854 76.0212
1855 76.0212
1856 76.0212
1857 76.0212
1858 76.0212
1859 76.0212
1860 76.0212
1861 76.0212
1862 76.0212
1863 76.0212
1864 76.0212
1865 76.0212
1866 76.0212
1867 76.0212
1868 76.0212
1869 76.0212
1870 76.0212
1871 76.0212
1872 76.0212
1873 76.0212
1874 76.0212
1875 76.0212
1876 76.0212
1877 76.0212
1878 76.0212
1879 76.0212
1880 75.6858
1881 75.6858
1882 75.6858
1883 75.6858
1884 75.6858
1885 75.6858
1886 75.6858
1887 75.6858
1888 75.6858
1889 75.6858
1890 75.6858
1891 75.6858
1892 75.6858
1893 75.6858
1894 75.6858
1895 75.6858
1896 75.6858
1897 75.6858
1898 75.6858
1899 75.6858
1900 75.6858
1901 75.6858
1902 75.6858
1903 75.6858
1904 75.6858
1905 75.6858
1906 75.6184
1907 75.6184
1908 75.6184
1909 75.6184
1910 75.6184
1911 75.2964
1912 75.6184
1913 75.6184
1914 75.6184
1915 75.6184
1916 75.6184
1917 75.6184
1918 75.6184
1919 75.6184
1920 75.6184
1921 75.6184
1922 75.6184
1923 75.6184
1924 75.6184
1925 75.6184
1926 75.6184
1927 75.6184
1928 75.6184
1929 75.6184
1930 75.6184
1931 75.6184
1932 75.6184
1933 75.6184
1934 75.6184
1935 75.6184
1936 75.6184
1937 75.6184
1938 75.6184
1939 75.6184
1940 75.6184
1941 75.6184
1942 75.6184
1943 75.6184
1944 75.6184
1945 75.6184
1946 75.6184
1947 75.6184
1948 75.6184
1949 75.6184
1950 75.6184
1951 75.6184
1952 75.6184
1953 74.5679
1954 74.5679
1955 74.5679
1956 74.5679
1957 74.5679
1958 74.5679
1959 74.5679
1960 74.5679
1961 74.5679
1962 74.5679
1963 74.5679
1964 74.5679
1965 74.5679
1966 74.5679
1967 74.5679
1968 74.5679
1969 74.5679
1970 74.5679
1971 74.5679
1972 74.5679
1973 74.5679
1974 74.5679
1975 74.5679
1976 74.5679
1977 74.5679
1978 74.5679
1979 74.5679
1980 74.5679
1981 74.5679
1982 74.5679
1983 74.5679
1984 74.5679
1985 74.5679
1986 74.5679
1987 74.5679
1988 74.5679
1989 74.5679
1990 74.5679
1991 74.5679
1992 74.5679
1993 74.5679
1994 74.5679
1995 74.5679
1996 74.5679
1997 74.5679
1998 74.5679
1999 74.5679
2000 74.5679
2001 74.5679
2002 74.5679
2003 74.5679
2004 74.5679
2005 74.5679
2006 74.5679
2007 74.5679
2008 74.5679
2009 74.5679
2010 74.5679
2011 74.5679
2012 74.5679
2013 74.5679
2014 74.5679
2015 74.5679
2016 74.5679
2017 74.5679
2018 74.5679
2019 74.5679
2020 74.5679
2021 74.5679
2022 74.5679
2023 74.5679
2024 74.5679
2025 74.5679
2026 74.5679
2027 74.5679
2028 74.5679
2029 74.5679
2030 74.5679
2031 74.5679
2032 74.5679
2033 74.5679
2034 74.5679
2035 74.5679
2036 74.5679
2037 74.5679
2038 74.5679
2039 74.5679
2040 74.5679
2041 74.5679
2042 74.5679
2043 74.5679
2044 74.5248
2045 74.5248
2046 74.5248
2047 74.5248
2048 74.5248
2049 74.5248
2050 74.5248
2051 74.5248
2052 74.5248
2053 74.5248
2054 74.5248
2055 74.5248
2056 74.5248
2057 74.5248
2058 74.5248
2059 74.1732
2060 74.1732
2061 74.1732
2062 74.1732
2063 74.1732
2064 74.1732
2065 74.1732
2066 74.1732
2067 74.1732
2068 74.1732
2069 74.1732
2070 74.1732
2071 74.1732
2072 74.1732
2073 74.1732
2074 74.1732
2075 74.1732
2076 74.1732
2077 74.1732
2078 73.9696
2079 73.9696
2080 73.9696
2081 73.9696
2082 73.9696
2083 73.9696
2084 73.9696
2085 73.9696
2086 73.9696
2087 73.9696
2088 73.9696
2089 73.9696
2090 73.9696
2091 73.9696
2092 73.9696
2093 73.9696
2094 73.9696
2095 73.9696
2096 73.9696
2097 73.9696
2098 73.9696
2099 73.9696
2100 73.9696
2101 73.9696
2102 73.9696
2103 73.9696
2104 73.9696
2105 73.9696
2106 73.9696
2107 73.9696
2108 73.9696
2109 73.9696
2110 73.9696
2111 73.9696
2112 73.9696
2113 73.9696
2114 73.9696
2115 73.9696
2116 73.9696
2117 73.9696
2118 73.9696
2119 73.9696
2120 73.9696
2121 73.9696
2122 73.9696
2123 73.9696
2124 73.9696
2125 73.9696
2126 73.9696
2127 73.9696
2128 73.9696
2129 73.9696
2130 73.9696
2131 73.9696
2132 73.9696
2133 73.9696
2134 73.9696
2135 73.9696
2136 73.9696
2137 73.9696
2138 73.9696
2139 73.9696
2140 73.9696
2141 73.9696
2142 73.9696
2143 73.9696
2144 73.9696
2145 73.9696
2146 73.9696
2147 73.9696
2148 73.9696
2149 73.9696
2150 73.9696
2151 73.9696
2152 73.9696
2153 73.9696
2154 73.9696
2155 73.9696
2156 73.9696
2157 73.9696
2158 73.9696
2159 73.9696
2160 73.9696
2161 73.9696
2162 73.9696
2163 73.9696
2164 73.9696
2165 73.9696
2166 73.9696
2167 73.9696
2168 73.9696
2169 73.9696
2170 73.9696
2171 73.9696
2172 73.9696
2173 73.9696
2174 73.9696
2175 73.9696
2176 73.9696
2177 73.9696
2178 73.9696
2179 73.9696
2180 73.9696
2181 73.9696
2182 73.9696
2183 73.9696
2184 73.9696
2185 73.9696
2186 73.9696
2187 73.9696
2188 73.9696
2189 73.9696
2190 73.9696
2191 73.9696
2192 73.9696
2193 73.9696
2194 73.9696
2195 73.9696
2196 73.9696
2197 73.9696
2198 73.9696
2199 73.9696
2200 73.9696
2201 73.9696
2202 73.9696
2203 73.9696
2204 73.9696
2205 73.9696
2206 73.9696
2207 73.9696
2208 73.9696
2209 73.9696
2210 73.9696
2211 73.9696
2212 73.9696
2213 73.9696
2214 73.9696
2215 73.9696
2216 73.9696
2217 73.9696
2218 73.9696
2219 73.9696
2220 73.9696
2221 73.9696
2222 73.9696
2223 73.9696
2224 73.9696
2225 73.9696
2226 73.9696
2227 73.9696
2228 73.9696
2229 73.9696
2230 73.9696
2231 73.9696
2232 73.9696
2233 73.9696
2234 73.9696
2235 73.9696
2236 73.9696
2237 73.9696
2238 73.9696
2239 73.9696
2240 73.9696
2241 73.9696
2242 73.9696
2243 73.9696
2244 73.9696
2245 73.9696
2246 73.9696
2247 73.9696
2248 73.9696
2249 73.9696
2250 73.9696
2251 73.9696
2252 73.9696
2253 73.9696
2254 73.9696
2255 73.9696
2256 73.9696
2257 73.9696
2258 73.9696
2259 73.9696
2260 73.9696
2261 73.9696
2262 73.9696
2263 73.9696
2264 73.9696
2265 73.9696
2266 73.9696
2267 73.9696
2268 73.9696
2269 73.9696
2270 73.9696
2271 73.9696
2272 73.9696
2273 73.9696
2274 73.9696
2275 73.9696
2276 73.9696
2277 73.9696
2278 73.9696
2279 73.9696
2280 73.9696
2281 73.9696
2282 73.9696
2283 73.9696
2284 73.9696
2285 73.9696
2286 73.9696
2287 73.9696
2288 73.9696
2289 73.9696
2290 73.9696
2291 73.9696
2292 73.9696
2293 73.9696
2294 73.9696
2295 73.9696
2296 73.9696
2297 73.9696
2298 73.9696
2299 73.9696
2300 73.9696
2301 73.9696
2302 73.9433
2303 73.9115
2304 73.9115
2305 73.9115
2306 73.9115
2307 73.9115
2308 73.9115
2309 73.8853
2310 73.8853
2311 73.8853
2312 73.8853
2313 73.8853
2314 73.8853
2315 73.8853
2316 73.8853
2317 73.8853
2318 73.8853
2319 73.8853
2320 73.8776
2321 73.8776
2322 73.8776
2323 73.8776
2324 73.8776
2325 73.8776
2326 73.8776
2327 73.8776
2328 73.8776
2329 73.8513
2330 73.8513
2331 73.8513
2332 73.8513
2333 73.8513
2334 73.8513
2335 73.8513
2336 73.8513
2337 73.8513
2338 73.8513
2339 73.8513
2340 73.8513
2341 73.8513
2342 73.8513
2343 73.8513
2344 73.8513
2345 73.8513
2346 73.8513
2347 73.8513
2348 73.8513
2349 73.8513
2350 73.8513
2351 73.8513
2352 73.8513
2353 73.8513
2354 73.8513
2355 73.8513
2356 73.8513
2357 73.8513
2358 73.8513
2359 73.8513
2360 73.8513
2361 73.8513
2362 73.8513
2363 73.8513
2364 73.8513
2365 73.8513
2366 73.8346
2367 73.8346
2368 73.8346
2369 73.8346
2370 73.8346
2371 73.8346
2372 73.8346
2373 73.8346
2374 73.8346
2375 73.8346
2376 73.8346
2377 73.8346
2378 73.8346
2379 73.8346
2380 73.8346
2381 73.8346
2382 73.8346
2383 73.8346
2384 73.8346
2385 73.8346
2386 73.8346
2387 73.8346
2388 73.8346
2389 73.8346
2390 73.8346
2391 73.8346
2392 73.8346
2393 73.8346
2394 73.8346
2395 73.8346
2396 73.8346
2397 73.8346
2398 73.8346
2399 73.8346
2400 73.8346
2401 73.8346
2402 73.8346
2403 73.8346
2404 73.8346
2405 73.8346
2406 73.8346
2407 73.8346
2408 73.8346
2409 73.8346
2410 73.8346
2411 73.8346
2412 73.8346
2413 73.8346
2414 73.8346
2415 73.8346
2416 73.8346
2417 73.8346
2418 73.8346
2419 73.8346
2420 73.8346
2421 73.8346
2422 73.8346
2423 73.8346
2424 73.8346
2425 73.8346
2426 73.8346
2427 73.8346
2428 73.8346
2429 73.8346
2430 73.8346
2431 73.8346
2432 73.8346
2433 73.8346
2434 73.8346
2435 73.8346
2436 73.8346
2437 73.8346
2438 73.8346
2439 73.8346
2440 73.8346
2441 73.8346
2442 73.8346
2443 73.8346
2444 73.8346
2445 73.8346
2446 73.8346
2447 73.8346
2448 73.8346
2449 73.8346
2450 73.8346
2451 73.5126
2452 73.5126
2453 73.5126
2454 73.5126
2455 73.5126
2456 73.5126
2457 73.5126
2458 73.5126
2459 73.5126
2460 73.5126
2461 73.5126
2462 73.5126
2463 73.5126
2464 73.5126
2465 73.5126
2466 73.5126
2467 73.5126
2468 73.5126
2469 73.5126
2470 73.5126
2471 73.5126
2472 73.5126
2473 73.5126
2474 73.5126
2475 73.5126
2476 73.5126
2477 73.5126
2478 73.5126
2479 73.5126
2480 73.5126
2481 73.5126
2482 73.5126
2483 73.5126
2484 73.5126
2485 73.5126
2486 73.5126
2487 73.5126
2488 73.5126
2489 72.8885
2490 72.8885
2491 72.8885
2492 72.8885
2493 72.8885
2494 72.8885
2495 72.8885
2496 72.8885
2497 72.8885
2498 72.8885
2499 72.8885
2500 72.8885
2501 72.8885
2502 72.8885
2503 72.8885
2504 72.8885
2505 72.8885
2506 72.8885
2507 72.8885
2508 72.8885
2509 72.8885
2510 72.8885
2511 72.8885
2512 72.8885
2513 72.8885
2514 72.8885
2515 72.8885
2516 72.8885
2517 72.8885
2518 72.8885
2519 72.8885
2520 72.8885
2521 72.8885
2522 72.8885
2523 72.8885
2524 72.8885
2525 72.8885
2526 72.8885
2527 72.8885
2528 72.8885
2529 72.8885
2530 72.8885
2531 72.8885
2532 72.8885
2533 72.8885
2534 72.8885
2535 72.8885
2536 72.8885
2537 72.8885
2538 72.8885
2539 72.8885
2540 72.8885
2541 72.8885
2542 72.8885
2543 72.8885
2544 72.8885
2545 72.8885
2546 72.8885
2547 72.8885
2548 72.8885
2549 72.8885
2550 72.8885
2551 72.8885
2552 72.8885
2553 72.8885
2554 72.8885
2555 72.8885
2556 72.8885
2557 72.8885
2558 72.8885
2559 72.8885
2560 72.8885
2561 72.8885
2562 72.8885
2563 72.8885
2564 72.8885
2565 72.8885
2566 72.8885
2567 72.8885
2568 72.8885
2569 72.8885
2570 72.8885
2571 72.8885
2572 72.8885
2573 72.8885
2574 72.8885
2575 72.8885
2576 72.8885
2577 72.8885
2578 72.8885
2579 72.8885
2580 72.8885
2581 72.8885
2582 72.8885
2583 72.8885
2584 72.8885
2585 72.8885
2586 72.8885
2587 72.8885
2588 72.8885
2589 72.8885
2590 72.8885
2591 72.8885
2592 72.8885
2593 72.8885
2594 72.8885
2595 72.8885
2596 72.8885
2597 72.8885
2598 72.8885
2599 72.8885
2600 72.8885
2601 72.8885
2602 72.8885
2603 72.8885
2604 72.8885
2605 72.8885
2606 72.8885
2607 72.8885
2608 72.8885
2609 72.8885
2610 72.8885
2611 72.8885
2612 72.8885
2613 72.8885
2614 72.8885
2615 72.8885
2616 72.8885
2617 72.8885
2618 72.8885
2619 72.8885
2620 72.8885
2621 72.8885
2622 72.8885
2623 72.8885
2624 72.8885
2625 72.8885
2626 72.8885
2627 72.8885
2628 72.8885
2629 72.8885
2630 72.8885
2631 72.8885
2632 72.8885
2633 72.8885
2634 72.8885
2635 72.8885
2636 72.8885
2637 72.8885
2638 72.8885
2639 72.8885
2640 72.8885
2641 72.8885
2642 72.8885
2643 72.8885
2644 72.8885
2645 72.8885
2646 72.8885
2647 72.8885
2648 72.8885
2649 72.8885
2650 72.8885
2651 72.8885
2652 72.8885
2653 72.8885
2654 72.8885
2655 72.8885
2656 72.8885
2657 72.8885
2658 72.8885
2659 72.8885
2660 72.8885
2661 72.8885
2662 72.8885
2663 72.8885
2664 72.8885
2665 72.8885
2666 72.8885
2667 72.8885
2668 72.8885
2669 72.8885
2670 72.8885
2671 72.8885
2672 72.8885
2673 72.8885
2674 72.8885
2675 72.8885
2676 72.8885
2677 72.8885
2678 72.8885
2679 72.8885
2680 72.8885
2681 72.8885
2682 72.8885
2683 72.8885
2684 72.8885
2685 72.8885
2686 72.8885
2687 72.8885
2688 72.8885
2689 72.8885
2690 72.8885
2691 72.8885
2692 72.8885
2693 72.802
2694 72.802
2695 72.802
2696 72.802
2697 72.802
2698 72.802
2699 72.802
2700 72.802
2701 72.802
2702 72.802
2703 72.802
2704 72.802
2705 72.802
2706 72.802
2707 72.802
2708 72.802
2709 72.802
2710 72.802
2711 72.802
2712 72.802
2713 72.802
2714 72.802
2715 72.802
2716 72.802
2717 72.802
2718 72.802
2719 72.802
2720 72.802
2721 72.802
2722 72.802
2723 72.802
2724 72.802
2725 72.802
2726 72.802
2727 72.802
2728 72.802
2729 72.802
2730 72.802
2731 72.802
2732 72.802
2733 72.802
2734 72.802
2735 72.802
2736 72.802
2737 72.802
2738 72.802
2739 72.802
2740 72.802
2741 72.802
2742 72.802
2743 72.802
2744 72.802
2745 72.802
2746 72.802
2747 72.802
2748 72.802
2749 72.802
2750 72.802
2751 72.802
2752 72.802
2753 72.802
2754 72.802
2755 72.802
2756 72.802
2757 72.802
2758 72.802
2759 72.802
2760 72.802
2761 72.802
2762 72.802
2763 72.802
2764 72.802
2765 72.802
2766 72.802
2767 72.802
2768 72.802
2769 72.802
2770 72.802
2771 72.802
2772 72.802
2773 72.802
2774 72.802
2775 72.802
2776 72.802
2777 72.802
2778 72.802
2779 72.802
2780 72.802
2781 72.802
2782 72.802
2783 72.802
2784 72.802
2785 72.802
2786 72.802
2787 72.802
2788 72.802
2789 72.802
2790 72.802
2791 72.802
2792 72.802
2793 72.802
2794 72.802
2795 72.802
2796 72.802
2797 72.802
2798 72.802
2799 72.802
2800 72.802
2801 72.802
2802 72.802
2803 72.802
2804 72.802
2805 72.802
2806 72.802
2807 72.802
2808 72.802
2809 72.802
2810 72.802
2811 72.802
2812 72.802
2813 72.802
2814 72.802
2815 72.802
2816 72.802
2817 72.802
2818 72.802
2819 72.802
2820 72.802
2821 72.802
2822 72.802
2823 72.802
2824 72.802
2825 72.802
2826 72.802
2827 72.802
2828 72.802
2829 72.802
2830 72.802
2831 72.802
2832 72.802
2833 72.802
2834 72.802
2835 72.802
2836 72.802
2837 72.802
2838 72.802
2839 72.802
2840 72.802
2841 72.802
2842 72.802
2843 72.802
2844 72.802
2845 72.802
2846 72.802
2847 72.802
2848 72.802
2849 72.802
2850 72.802
2851 72.802
2852 72.802
2853 72.802
2854 72.802
2855 72.802
2856 72.802
2857 72.802
2858 72.802
2859 72.802
2860 72.802
2861 72.802
2862 72.802
2863 72.802
2864 72.802
2865 72.802
2866 72.802
2867 72.802
2868 72.802
2869 72.802
2870 72.802
2871 72.802
2872 72.802
2873 72.802
2874 72.802
2875 72.802
2876 72.802
2877 72.802
2878 72.802
2879 72.802
2880 72.802
2881 72.802
2882 72.802
2883 72.802
2884 72.802
2885 72.802
2886 72.802
2887 72.802
2888 72.802
2889 72.802
2890 72.802
2891 72.802
2892 72.802
2893 72.802
2894 72.802
2895 72.802
2896 72.802
2897 72.802
2898 72.802
2899 72.802
2900 72.802
2901 72.802
2902 72.802
2903 72.802
2904 72.802
2905 72.802
2906 72.802
2907 72.802
2908 72.802
2909 72.802
2910 72.802
2911 72.802
2912 72.802
2913 72.802
2914 72.802
2915 72.802
2916 72.802
2917 72.802
2918 72.802
2919 72.802
2920 72.802
2921 72.802
2922 72.802
2923 72.802
2924 72.802
2925 72.802
2926 72.802
2927 72.802
2928 72.802
2929 72.802
2930 72.802
2931 72.802
2932 72.802
2933 72.802
2934 72.802
2935 72.802
2936 72.802
2937 72.802
2938 72.802
2939 72.802
2940 72.802
2941 72.802
2942 72.802
2943 72.802
2944 72.802
2945 72.802
2946 72.802
2947 72.802
2948 72.802
2949 72.802
2950 72.802
2951 72.802
2952 72.802
2953 72.802
2954 72.802
2955 72.802
2956 72.802
2957 72.802
2958 72.802
2959 72.802
2960 72.802
2961 72.802
2962 72.802
2963 72.802
2964 72.802
2965 72.802
2966 72.802
2967 72.802
2968 72.802
2969 72.802
2970 72.802
2971 72.802
2972 72.802
2973 72.802
2974 72.802
2975 72.802
2976 72.802
2977 72.802
2978 72.802
2979 72.802
2980 72.802
2981 72.802
2982 72.802
2983 72.802
2984 72.7834
2985 72.7834
2986 72.7834
2987 72.7834
2988 72.7834
2989 72.7834
2990 72.7834
2991 72.7834
2992 72.7834
2993 72.7834
2994 72.7834
2995 72.7834
2996 72.7834
2997 72.7834
2998 72.7834
2999 72.7834
3000 72.7834
3001 72.7834
3002 72.7834
3003 72.7834
3004 72.7834
3005 72.7834
3006 72.7834
3007 72.7834
3008 72.7834
3009 72.7834
3010 72.7834
3011 72.7834
3012 72.7834
3013 72.7834
3014 72.7834
3015 72.7834
3016 72.7834
3017 72.7834
3018 72.7834
3019 72.7834
3020 72.7834
3021 72.7834
3022 72.7834
3023 72.7834
3024 72.7834
3025 72.7834
3026 72.7834
3027 72.7834
3028 72.7834
3029 72.7834
3030 72.7834
3031 72.7834
3032 72.7834
3033 72.7834
3034 72.7834
3035 72.7834
3036 72.7834
3037 72.7834
3038 72.7834
3039 72.7834
3040 72.7834
3041 72.7834
3042 72.7834
3043 72.7834
3044 72.7834
3045 72.7834
3046 72.7834
3047 72.7834
3048 72.7834
3049 72.7834
3050 72.7834
3051 72.7834
3052 72.7834
3053 72.7834
3054 72.7834
3055 72.7834
3056 72.7834
3057 72.7834
3058 72.7834
3059 72.7834
3060 72.7834
3061 72.7834
3062 72.3183
3063 72.3183
3064 72.3183
3065 72.3183
3066 72.3183
3067 72.3183
3068 72.3183
3069 72.3183
3070 72.3183
3071 72.3183
3072 72.3183
3073 72.3183
3074 72.3183
3075 72.3183
3076 72.3183
3077 72.3183
3078 72.3183
3079 72.3183
3080 72.3183
3081 72.3183
3082 72.3183
3083 72.3183
3084 72.3183
3085 72.3183
3086 72.3183
3087 72.3183
3088 72.3183
3089 72.3183
3090 72.3183
3091 72.3183
3092 72.3183
3093 72.3183
3094 72.3183
3095 72.3183
3096 72.3183
3097 72.3183
3098 72.3183
3099 72.3183
3100 72.3183
3101 72.3183
3102 72.3183
3103 72.3183
3104 72.3183
3105 72.3183
3106 72.3183
3107 72.3183
3108 72.3183
3109 72.3183
3110 72.3183
3111 72.3183
3112 72.3183
3113 72.3183
3114 72.3183
3115 72.3183
3116 72.3183
3117 72.3183
3118 72.3183
3119 72.3183
3120 72.3183
3121 72.3183
3122 72.3183
3123 72.3183
3124 72.3183
3125 72.3183
3126 72.3183
3127 72.3183
3128 72.3183
3129 72.3183
3130 72.3183
3131 72.3183
3132 72.3183
3133 72.3183
3134 72.3183
3135 72.3183
3136 72.3183
3137 72.3183
3138 72.3183
3139 72.3183
3140 72.3183
3141 72.3183
3142 72.3183
3143 72.3183
3144 72.3183
3145 72.3183
3146 72.3183
3147 72.3183
3148 72.3183
3149 72.3183
3150 72.3183
3151 72.3183
3152 72.3183
3153 72.3183
3154 72.3183
3155 72.3183
3156 72.3183
3157 72.3183
3158 72.3183
3159 72.3183
3160 72.3183
3161 72.3183
3162 72.3183
3163 72.3183
3164 72.3183
3165 72.3183
3166 72.3183
3167 72.3183
3168 72.3183
3169 72.3183
3170 72.3183
3171 72.3183
3172 72.3183
3173 72.3183
3174 72.3183
3175 72.3183
3176 72.3183
3177 72.3183
3178 72.3183
3179 72.3183
3180 72.3183
3181 72.3183
3182 72.3183
3183 72.3183
3184 72.3183
3185 72.3183
3186 72.3183
3187 72.3183
3188 72.3183
3189 72.3183
3190 72.3183
3191 72.3183
3192 72.3183
3193 72.3183
3194 72.3183
3195 72.3183
3196 72.3183
3197 72.3183
3198 72.3183
3199 72.3183
3200 72.3183
3201 72.3183
3202 72.3183
3203 72.3183
3204 72.3183
3205 72.3183
3206 72.3183
3207 72.3183
3208 72.3183
3209 72.3183
3210 72.3183
3211 72.3183
3212 72.3183
3213 72.0603
3214 72.0603
3215 72.0603
3216 72.0603
3217 72.0603
3218 72.0603
3219 72.0603
3220 72.0603
3221 72.0603
3222 72.0603
3223 72.0603
3224 72.0603
3225 72.0603
3226 72.0603
3227 72.0603
3228 72.0603
3229 72.0603
3230 72.0603
3231 72.0603
3232 72.0603
3233 72.0603
3234 72.0603
3235 72.0603
3236 72.0603
3237 72.0603
3238 72.0603
3239 72.0603
3240 72.0603
3241 72.0603
3242 72.0603
3243 72.0603
3244 72.0603
3245 72.0603
3246 72.0603
3247 72.0603
3248 72.0603
3249 72.0603
3250 72.0603
3251 72.0603
3252 72.0603
3253 72.0603
3254 72.0603
3255 72.0603
3256 72.0603
3257 72.0603
3258 72.0603
3259 72.0603
3260 72.0603
3261 72.0603
3262 72.0603
3263 72.0603
3264 72.0603
3265 72.0603
3266 72.0603
3267 72.0603
3268 72.0603
3269 72.0603
3270 72.0603
3271 72.0603
3272 72.0603
3273 72.0603
3274 72.0603
3275 72.0603
3276 72.0603
3277 72.0603
3278 72.0603
3279 72.0603
3280 72.0603
3281 72.0603
3282 72.0603
3283 72.0603
3284 72.0603
3285 72.0603
3286 72.0603
3287 72.0603
3288 72.0603
3289 72.0603
3290 72.0603
3291 72.0603
3292 72.0603
3293 72.0603
3294 72.0603
3295 72.0603
3296 72.0603
3297 72.0603
3298 72.0603
3299 72.0603
3300 72.0603
3301 72.0603
3302 72.0603
3303 72.0603
3304 72.0603
3305 72.0603
3306 72.0603
3307 72.0603
3308 72.0603
3309 72.0603
3310 72.0603
3311 72.0603
3312 72.0603
3313 72.0603
3314 72.0603
3315 72.0603
3316 72.0603
3317 72.0603
3318 72.0603
3319 72.0603
3320 72.0603
3321 72.0603
3322 72.0603
3323 72.0603
3324 72.0603
3325 72.0603
3326 72.0603
3327 72.0603
3328 72.0603
3329 72.0603
3330 72.0603
3331 72.0603
3332 72.0603
3333 72.0603
3334 72.0603
3335 72.0603
3336 72.0603
3337 72.0603
3338 72.0603
3339 72.0603
3340 72.0603
3341 72.0603
3342 72.0603
3343 72.0603
3344 72.0603
3345 72.0603
3346 72.0603
3347 72.0603
3348 72.0603
3349 72.0603
3350 72.0603
3351 72.0603
3352 72.0603
3353 72.0603
3354 72.0603
3355 72.0603
3356 72.0603
3357 72.0603
3358 72.0603
3359 72.0603
3360 72.0603
3361 69.1975
3362 69.1975
3363 69.1975
3364 69.1975
3365 69.1975
3366 69.1975
3367 69.1975
3368 69.1975
3369 69.1975
3370 69.1975
3371 69.1975
3372 69.1975
3373 69.1975
3374 69.1975
3375 69.1975
3376 69.1975
3377 69.1975
3378 69.1975
3379 69.1975
3380 69.1975
3381 69.1975
3382 69.1975
3383 69.1975
3384 69.1975
3385 69.1975
3386 69.1975
3387 69.1975
3388 69.1975
3389 69.1975
3390 69.1975
3391 69.1975
3392 69.1975
3393 69.1975
3394 69.1975
3395 69.1975
3396 69.1975
3397 69.1975
3398 69.1975
3399 69.1975
3400 69.1975
3401 69.1975
3402 69.1975
3403 69.1975
3404 69.1975
3405 69.1975
3406 69.1975
3407 69.1975
3408 69.1975
3409 69.1975
3410 69.1975
3411 69.1975
3412 69.1975
3413 69.1975
3414 69.1975
3415 69.1975
3416 69.1975
3417 69.1975
3418 69.1975
3419 69.1975
3420 69.1975
3421 69.1975
3422 69.1975
3423 69.1975
3424 69.1975
3425 69.1975
3426 69.1975
3427 69.1975
3428 69.1975
3429 69.1975
3430 69.1975
3431 69.1975
3432 69.1975
3433 69.1975
3434 69.1975
3435 69.1975
3436 69.0767
3437 69.0767
3438 69.0767
3439 69.0767
3440 69.0767
3441 69.0767
3442 69.0767
3443 69.0767
3444 69.0767
3445 69.0767
3446 69.0767
3447 69.0767
3448 69.0767
3449 69.0767
3450 69.0767
3451 69.0767
3452 69.0767
3453 69.0767
3454 69.0767
3455 69.0767
3456 69.0767
3457 69.0767
3458 69.0767
3459 69.0767
3460 69.0767
3461 69.0767
3462 69.0767
3463 69.0767
3464 69.0767
3465 69.0767
3466 69.0767
3467 69.0767
3468 69.0767
3469 69.0767
3470 69.0767
3471 69.0767
3472 69.0767
3473 68.7777
3474 68.7777
3475 68.7777
3476 68.7777
3477 68.7777
3478 68.7777
3479 68.7777
3480 68.7777
3481 68.7777
3482 68.7777
3483 68.7777
3484 68.7777
3485 68.7777
3486 68.7777
3487 68.7777
3488 68.7777
3489 68.7777
3490 68.7777
3491 68.7777
3492 68.7777
3493 68.7777
3494 68.7777
3495 68.7777
3496 68.7777
3497 68.7777
3498 68.7777
3499 68.7777
3500 68.7777
3501 68.7777
3502 68.7777
3503 68.7777
3504 68.7777
3505 68.7777
3506 68.7777
3507 68.7777
3508 68.7777
3509 68.7777
3510 68.7777
3511 68.7777
3512 68.7777
3513 68.7777
3514 68.7777
3515 68.7777
3516 68.7777
3517 68.7777
3518 68.7777
3519 68.7777
3520 68.7777
3521 68.7777
3522 68.7777
3523 68.7777
3524 68.7777
3525 68.7777
3526 68.7777
3527 68.7777
3528 68.7777
3529 68.7777
3530 68.7777
3531 68.7777
3532 68.7777
3533 68.7777
3534 68.7777
3535 68.7777
3536 68.7777
3537 68.7777
3538 68.7777
3539 68.7777
3540 68.7777
3541 68.7777
3542 68.7777
3543 68.7777
3544 68.7777
3545 68.7777
3546 68.7777
3547 68.7777
3548 68.7777
3549 68.7777
3550 68.7777
3551 68.7777
3552 68.7777
3553 68.7777
3554 68.7777
3555 68.7777
3556 68.7777
3557 68.7777
3558 68.7777
3559 68.7777
3560 68.7777
3561 68.7777
3562 68.7777
3563 68.7777
3564 68.5432
3565 68.5432
3566 68.5432
3567 68.5432
3568 68.5432
3569 68.5432
3570 68.5432
3571 68.5432
3572 68.5432
3573 68.5432
3574 68.5432
3575 68.5432
3576 68.5432
3577 68.5432
3578 68.5432
3579 68.5432
3580 68.5432
3581 68.5432
3582 68.5432
3583 68.5432
3584 68.5432
3585 68.5432
3586 68.5432
3587 68.5432
3588 68.5432
3589 68.5432
3590 68.5432
3591 68.5432
3592 68.5432
3593 68.5432
3594 68.5432
3595 68.5432
3596 68.5432
3597 68.5432
3598 68.5432
3599 68.5432
3600 68.5432
3601 68.5432
3602 68.5432
3603 68.5432
3604 68.5432
3605 68.5432
3606 68.5432
3607 68.5432
3608 68.5432
3609 68.5432
3610 68.5432
3611 68.5432
3612 68.5432
3613 68.5432
3614 68.5432
3615 68.5432
3616 68.5432
3617 68.5432
3618 68.5432
3619 68.5432
3620 68.5432
3621 68.5432
3622 68.5432
3623 68.5432
3624 68.5432
3625 68.5432
3626 68.5432
3627 68.5432
3628 68.5432
3629 68.5432
3630 68.5432
3631 68.5432
3632 68.5432
3633 68.5432
3634 68.5432
3635 68.5432
3636 68.5432
3637 68.5432
3638 68.5432
3639 68.5432
3640 68.5432
3641 68.5432
3642 68.5432
3643 68.5432
3644 68.5432
3645 68.5432
3646 68.5432
3647 68.5432
3648 68.5432
3649 68.5432
3650 68.5432
3651 68.5432
3652 68.5432
3653 68.5432
3654 68.5432
3655 68.5432
3656 68.5432
3657 68.5432
3658 68.5432
3659 68.5432
3660 68.5432
3661 68.5432
3662 68.5432
3663 68.5432
3664 68.5432
3665 68.5432
3666 68.5432
3667 68.5432
3668 68.5432
3669 68.5432
3670 68.5432
3671 68.5432
3672 68.5432
3673 68.5432
3674 68.5432
3675 68.5432
3676 68.5432
3677 68.5432
3678 68.5432
3679 68.5432
3680 68.5432
3681 68.5432
3682 68.5432
3683 68.5432
3684 68.5432
3685 68.5432
3686 68.5432
3687 68.5432
3688 68.5432
3689 68.5432
3690 68.5432
3691 68.5432
3692 68.5432
3693 68.5432
3694 68.5432
3695 68.5432
3696 68.5432
3697 68.5432
3698 68.5432
3699 68.5432
3700 68.5432
3701 68.5432
3702 68.5432
3703 68.5432
3704 68.5432
3705 68.5432
3706 68.5432
3707 68.5432
3708 68.5432
3709 68.5432
3710 68.5432
3711 68.5432
3712 68.5432
3713 68.5432
3714 68.5432
3715 68.5432
3716 68.5432
3717 68.5432
3718 68.5432
3719 68.5432
3720 68.5432
3721 68.5432
3722 68.5432
3723 68.5432
3724 68.5432
3725 68.5432
3726 68.5432
3727 68.5432
3728 68.5432
3729 68.5432
3730 68.5432
3731 68.5432
3732 68.5432
3733 68.5432
3734 68.5432
3735 68.5432
3736 68.5432
3737 68.5432
3738 68.5432
3739 68.5432
3740 68.5432
3741 68.5432
3742 68.5432
3743 68.5432
3744 68.5432
3745 68.5432
3746 68.5432
3747 68.5432
3748 68.5432
3749 68.5432
3750 68.5432
3751 68.5432
3752 68.5432
3753 68.5432
3754 68.5432
3755 68.5432
3756 68.5432
3757 68.5432
3758 68.5432
3759 68.5432
3760 68.5432
3761 68.5432
3762 68.5432
3763 68.5432
3764 68.5432
3765 68.5432
3766 68.5432
3767 68.5432
3768 68.5432
3769 68.5432
3770 68.5432
3771 68.5432
3772 68.5432
3773 68.5432
3774 68.5432
3775 68.5432
3776 68.5432
3777 68.5432
3778 68.5432
3779 68.5432
3780 68.5432
3781 68.5432
3782 68.5432
3783 68.5432
3784 68.5432
3785 68.5432
3786 68.5432
3787 68.5432
3788 68.5432
3789 68.5432
3790 68.5432
3791 68.5432
3792 68.5432
3793 68.5432
3794 68.5432
3795 68.5432
3796 68.5432
3797 68.5432
3798 68.5432
3799 68.5432
3800 68.5432
3801 68.5432
3802 68.5432
3803 68.5432
3804 68.5432
3805 68.5432
3806 68.5432
3807 68.5432
3808 68.5432
3809 68.5432
3810 68.5432
3811 68.5432
3812 68.5432
3813 68.5432
3814 68.5432
3815 68.5432
3816 68.5432
3817 68.5432
3818 68.5432
3819 68.5432
3820 68.5432
3821 68.5432
3822 68.5432
3823 68.5432
3824 68.5432
3825 68.5432
3826 68.5432
3827 68.5432
3828 68.5432
3829 68.5432
3830 68.5432
3831 68.5432
3832 68.5432
3833 68.5432
3834 68.5432
3835 68.5432
3836 68.5432
3837 68.5432
3838 68.5432
3839 68.5432
3840 68.5432
3841 68.5432
3842 68.5432
3843 68.5432
3844 68.5432
3845 68.5432
3846 68.5432
3847 68.5432
3848 68.5432
3849 68.5432
3850 68.5432
3851 68.5432
3852 68.5432
3853 68.5432
3854 68.5432
3855 68.5432
3856 68.5432
3857 68.5432
3858 68.5432
3859 68.5432
3860 68.5432
3861 68.5432
3862 68.5432
3863 68.5432
3864 68.5432
3865 68.5432
3866 68.5432
3867 68.5432
3868 68.5432
3869 68.5432
3870 68.5432
3871 68.5432
3872 68.5432
3873 68.5432
3874 68.5432
3875 68.5432
3876 68.5432
3877 68.5432
3878 68.5432
3879 68.5432
3880 68.5432
3881 68.5432
3882 68.5432
3883 68.5432
3884 68.5432
3885 68.5432
3886 68.5432
3887 68.5432
3888 68.5432
3889 68.5432
3890 68.5432
3891 68.5432
3892 68.5432
3893 68.5432
3894 68.5432
3895 68.5432
3896 68.5432
3897 68.5432
3898 68.5432
3899 68.5432
3900 68.5432
3901 68.5432
3902 68.5432
3903 68.5432
3904 68.5432
3905 68.5432
3906 68.5432
3907 68.5432
3908 68.5432
3909 68.5432
3910 68.5432
3911 68.5432
3912 68.5432
3913 68.5432
3914 68.5432
3915 68.5432
3916 68.5432
3917 68.5432
3918 68.5432
3919 68.5432
3920 68.5432
3921 68.5432
3922 68.5432
3923 68.5432
3924 68.5432
3925 68.5432
3926 68.5432
3927 68.5432
3928 68.5432
3929 68.5432
3930 68.5432
3931 68.5432
3932 68.5432
3933 68.5432
3934 68.5432
3935 68.5432
3936 68.5432
3937 68.5432
3938 68.5432
3939 68.5432
3940 68.5432
3941 68.5432
3942 68.5432
3943 68.5432
3944 68.5432
3945 68.5432
3946 68.5432
3947 68.5432
3948 68.5432
3949 68.5432
3950 68.5432
3951 68.5432
3952 68.5432
3953 68.5432
3954 68.5432
3955 68.5432
3956 68.5432
3957 68.5432
3958 68.5432
3959 68.5432
3960 68.5432
3961 68.5432
3962 68.5432
3963 68.5432
3964 68.5432
3965 68.5432
3966 68.5432
3967 68.5432
3968 68.5432
3969 68.5432
3970 68.5432
3971 68.5432
3972 68.5432
3973 68.5432
3974 68.5432
3975 68.5432
3976 68.5432
3977 68.5432
3978 68.5432
3979 68.5432
3980 68.5432
3981 68.5432
3982 68.5432
3983 68.5432
3984 68.5432
3985 68.5432
3986 68.5432
3987 68.5432
3988 68.5432
3989 68.5432
3990 68.5432
3991 68.5432
3992 68.5432
3993 68.5432
3994 68.5432
3995 68.5432
3996 68.5432
3997 68.5432
3998 68.5432
3999 68.5432
4000 68.5432
4001 68.5432
4002 68.5432
4003 68.5432
4004 68.5432
4005 68.5432
4006 68.5432
4007 68.5432
4008 68.5432
4009 68.5432
4010 68.5432
4011 68.5432
4012 68.5432
4013 68.5432
4014 68.5432
4015 68.5432
4016 68.5432
4017 68.5432
4018 68.5432
4019 68.5432
4020 68.5432
4021 68.5432
4022 68.5432
4023 68.5432
4024 68.5432
4025 68.5432
4026 68.5432
4027 68.5432
4028 68.5432
4029 68.5432
4030 68.5432
4031 68.5432
4032 68.5432
4033 68.5432
4034 68.5432
4035 68.5432
4036 68.5432
4037 68.5432
4038 68.5432
4039 68.5432
4040 68.5432
4041 68.5432
4042 68.5432
4043 68.5432
4044 68.5432
4045 68.5432
4046 68.5432
4047 68.5432
4048 68.5432
4049 68.5432
4050 68.5432
4051 68.5432
4052 68.5432
4053 68.5432
4054 68.5432
4055 68.5432
4056 68.5432
4057 68.5432
4058 68.5432
4059 68.5432
4060 68.5432
4061 68.5432
4062 68.5432
4063 68.5432
4064 68.5432
4065 68.5432
4066 68.5432
4067 68.5432
4068 68.5432
4069 68.5432
4070 68.5432
4071 68.5432
4072 68.5432
4073 68.5432
4074 68.5432
4075 68.5432
4076 68.5432
4077 68.5432
4078 68.5432
4079 68.5432
4080 68.5432
4081 68.5432
4082 68.5432
4083 68.5432
4084 68.3942
4085 68.3942
4086 68.3942
4087 68.3942
4088 68.3942
4089 67.9251
4090 67.9251
4091 67.9251
4092 67.9251
4093 67.9251
4094 67.9251
4095 67.9251
4096 67.9251
4097 67.9251
4098 67.9251
4099 67.9251
4100 67.9251
4101 67.9251
4102 67.9251
4103 67.9251
4104 67.9251
4105 67.9251
4106 67.9251
4107 67.9251
4108 67.9251
4109 67.9251
4110 67.9251
4111 67.9251
4112 67.9251
4113 67.9251
4114 67.9251
4115 67.9251
4116 67.9251
4117 67.9251
4118 67.9251
4119 67.9251
4120 67.9251
4121 67.9251
4122 67.9251
4123 67.9251
4124 67.9251
4125 67.9251
4126 67.9251
4127 67.9251
4128 67.9251
4129 67.9251
4130 67.9251
4131 67.9251
4132 67.9251
4133 67.9251
4134 67.9251
4135 67.9251
4136 67.9251
4137 67.9251
4138 67.9251
4139 67.9251
4140 67.9251
4141 67.9251
4142 67.9251
4143 67.9251
4144 67.9251
4145 67.9251
4146 67.9251
4147 67.9251
4148 67.9251
4149 67.9251
4150 67.9251
4151 67.9251
4152 67.9251
4153 67.9251
4154 67.9251
4155 67.9251
4156 67.9251
4157 67.9251
4158 67.9251
4159 67.9251
4160 67.9251
4161 67.9251
4162 67.9251
4163 67.9251
4164 67.9251
4165 67.9251
4166 67.9251
4167 67.9251
4168 67.9251
4169 67.9251
4170 67.9251
4171 67.9251
4172 67.9251
4173 67.9251
4174 67.9251
4175 67.9251
4176 67.9251
4177 67.9251
4178 67.9251
4179 67.9251
4180 67.9251
4181 67.9251
4182 67.9251
4183 67.9251
4184 67.9251
4185 67.9251
4186 67.9251
4187 67.9251
4188 67.9251
4189 67.9251
4190 67.9251
4191 67.9251
4192 67.9251
4193 67.9251
4194 67.9251
4195 67.9251
4196 67.9251
4197 67.9251
4198 67.9251
4199 67.9251
4200 67.9251
4201 67.9251
4202 67.9251
4203 67.9251
4204 67.9251
4205 67.9251
4206 67.9251
4207 67.9251
4208 67.9251
4209 67.9251
4210 67.9251
4211 67.9251
4212 67.9251
4213 67.9251
4214 67.9251
4215 67.9251
4216 67.9251
4217 67.9251
4218 67.9251
4219 67.9251
4220 67.9251
4221 67.9251
4222 67.9251
4223 67.9251
4224 67.9251
4225 67.9251
4226 67.9251
4227 67.9251
4228 67.9251
4229 67.9251
4230 67.9251
4231 67.9251
4232 67.9251
4233 67.9251
4234 67.9251
4235 67.9251
4236 67.9251
4237 67.9251
4238 67.9251
4239 67.9251
4240 67.9251
4241 67.9251
4242 67.9251
4243 67.9251
4244 67.9251
4245 67.9251
4246 67.9251
4247 67.9251
4248 67.9251
4249 67.9251
4250 67.9251
4251 67.9251
4252 67.9251
4253 67.9251
4254 67.9251
4255 67.9251
4256 67.9251
4257 67.9251
4258 67.9251
4259 67.9251
4260 67.9251
4261 67.9251
4262 67.9251
4263 67.9251
4264 67.9251
4265 67.9251
4266 67.9251
4267 67.9251
4268 67.9251
4269 67.9251
4270 67.9251
4271 67.9251
4272 67.9251
4273 67.9251
4274 67.9251
4275 67.9251
4276 67.9251
4277 67.9251
4278 67.9251
4279 67.5711
4280 67.5711
4281 67.5711
4282 67.5711
4283 67.5711
4284 67.5711
4285 67.5711
4286 67.5711
4287 67.5711
4288 67.5711
4289 67.5711
4290 67.5711
4291 67.5711
4292 67.5711
4293 67.5711
4294 67.5711
4295 67.5711
4296 67.5711
4297 67.5711
4298 67.5711
4299 67.5711
4300 67.5711
4301 67.5711
4302 67.5711
4303 67.5711
4304 67.5711
4305 67.5711
4306 67.5711
4307 67.5711
4308 67.5711
4309 67.5711
4310 67.5711
4311 67.5711
4312 67.5711
4313 67.5711
4314 67.5711
4315 67.5711
4316 67.5711
4317 67.5711
4318 67.5711
4319 67.5711
4320 67.5711
4321 67.5711
4322 67.5711
4323 67.5711
4324 67.5711
4325 67.5711
4326 67.5711
4327 67.5711
4328 67.5711
4329 67.5711
4330 67.5711
4331 67.5711
4332 67.5711
4333 67.5711
4334 67.5711
4335 67.5711
4336 67.5711
4337 67.5711
4338 67.5711
4339 67.5711
4340 67.5711
4341 67.5711
4342 67.5711
4343 67.5711
4344 67.5711
4345 67.5711
4346 67.5711
4347 67.5711
4348 67.5711
4349 67.5711
4350 67.5711
4351 67.5711
4352 67.5711
4353 67.5711
4354 67.5711
4355 67.5711
4356 67.5711
4357 67.5711
4358 67.5711
4359 67.5711
4360 67.5711
4361 67.5711
4362 67.5711
4363 67.5711
4364 67.5711
4365 67.5711
4366 67.5711
4367 67.5711
4368 67.5711
4369 67.5711
4370 67.5711
4371 67.5711
4372 67.5711
4373 67.5711
4374 67.5711
4375 67.5711
4376 67.5711
4377 67.5711
4378 67.5711
4379 67.5711
4380 67.5711
4381 67.5711
4382 67.5711
4383 67.5711
4384 67.5711
4385 67.5711
4386 67.5711
4387 67.5711
4388 67.5711
4389 67.5711
4390 67.5711
4391 67.5711
4392 67.5711
4393 67.5711
4394 67.5711
4395 67.5711
4396 67.5711
4397 67.5711
4398 67.5711
4399 67.5711
4400 67.5711
4401 67.5711
4402 67.5711
4403 67.5711
4404 67.5711
4405 67.5711
4406 67.5711
4407 67.5711
4408 67.5711
4409 67.5711
4410 67.5711
4411 67.5711
4412 67.5711
4413 67.5711
4414 67.5711
4415 67.5711
4416 67.5711
4417 67.5711
4418 67.5711
4419 67.5711
4420 67.5711
4421 67.5711
4422 67.5711
4423 67.5711
4424 67.5711
4425 67.5711
4426 67.5711
4427 67.5711
4428 67.5711
4429 67.5711
4430 67.5711
4431 67.5711
4432 67.5711
4433 67.5711
4434 67.5711
4435 67.5711
4436 67.5711
4437 67.5711
4438 67.5711
4439 67.5711
4440 67.5711
4441 67.5711
4442 67.5711
4443 67.5711
4444 67.5711
4445 67.5711
4446 67.5711
4447 67.5711
4448 67.5711
4449 67.5711
4450 67.5711
4451 67.5711
4452 67.5711
4453 67.5711
4454 67.5711
4455 67.5711
4456 67.5711
4457 67.5711
4458 67.5711
4459 67.5711
4460 67.5711
4461 67.5711
4462 67.5711
4463 67.5711
4464 67.5711
4465 67.5711
4466 67.5711
4467 67.5711
4468 67.5711
4469 67.5711
4470 67.5711
4471 67.5711
4472 67.5711
4473 67.5711
4474 67.5711
4475 67.5711
4476 67.5711
4477 67.5711
4478 67.5711
4479 67.5711
4480 67.5711
4481 67.5711
4482 67.5711
4483 67.5711
4484 67.5711
4485 67.5711
4486 67.5711
4487 67.5711
4488 67.5711
4489 67.5711
4490 67.5711
4491 67.5711
4492 67.5711
4493 67.5711
4494 67.5711
4495 67.5711
4496 67.5711
4497 67.5711
4498 67.5711
4499 67.5711
4500 67.5711
4501 67.5711
4502 67.5711
4503 67.5711
4504 67.5711
4505 67.5711
4506 67.5711
4507 67.5711
4508 67.5711
4509 67.5711
4510 67.5711
4511 67.5711
4512 67.5711
4513 67.5711
4514 67.5711
4515 67.5711
4516 67.5711
4517 67.5711
4518 67.5711
4519 67.5711
4520 67.5711
4521 67.5711
4522 67.5711
4523 67.5711
4524 67.5711
4525 67.5711
4526 67.5711
4527 67.5711
4528 67.5711
4529 67.5711
4530 67.5711
4531 67.5711
4532 67.5711
4533 67.5711
4534 67.5711
4535 67.5711
4536 67.5711
4537 67.5711
4538 67.5711
4539 67.5711
4540 67.5711
4541 67.5711
4542 67.5711
4543 67.5711
4544 67.5711
4545 67.5711
4546 67.5711
4547 67.5711
4548 67.5711
4549 67.5711
4550 67.5711
4551 67.5711
4552 67.5711
4553 67.5711
4554 67.5711
4555 67.5711
4556 67.5711
4557 67.5711
4558 67.5711
4559 67.5711
4560 67.5711
4561 67.5711
4562 67.5711
4563 67.5711
4564 67.5711
4565 67.5711
4566 67.5711
4567 67.5711
4568 67.5711
4569 67.5711
4570 67.5711
4571 67.5711
4572 67.5711
4573 67.5711
4574 67.5711
4575 67.5711
4576 67.5711
4577 67.5711
4578 67.5711
4579 67.5711
4580 67.5711
4581 67.5711
4582 67.5711
4583 67.5711
4584 67.5711
4585 67.5711
4586 67.5711
4587 67.5711
4588 67.5711
4589 67.5711
4590 67.5711
4591 67.5711
4592 67.5711
4593 67.5711
4594 67.5711
4595 67.5711
4596 67.5711
4597 67.5711
4598 67.5711
4599 67.5711
4600 67.5711
4601 67.5711
4602 67.5711
4603 67.5711
4604 67.5711
4605 67.5711
4606 67.5711
4607 67.5711
4608 67.5711
4609 67.5711
4610 67.5711
4611 67.5711
4612 67.5711
4613 67.5711
4614 67.5711
4615 67.5711
4616 67.5711
4617 67.5711
4618 67.5711
4619 67.5711
4620 67.5711
4621 67.5711
4622 67.5711
4623 67.5711
4624 67.5711
4625 67.5711
4626 67.5711
4627 67.5711
4628 67.5711
4629 67.5711
4630 67.5711
4631 67.5711
4632 67.5711
4633 67.5711
4634 67.5711
4635 67.5711
4636 67.5711
4637 67.5711
4638 67.5711
4639 67.5711
4640 67.5711
4641 67.5711
4642 67.5711
4643 67.5711
4644 67.5711
4645 67.5711
4646 67.5711
4647 67.5711
4648 67.5711
4649 67.5711
4650 67.5711
4651 67.5711
4652 67.5711
4653 67.5711
4654 67.5711
4655 67.5711
4656 67.5711
4657 67.5711
4658 67.5711
4659 67.5711
4660 67.5711
4661 67.5711
4662 67.5711
4663 67.5711
4664 67.5711
4665 67.5711
4666 67.5711
4667 67.5711
4668 67.5711
4669 67.5711
4670 67.5711
4671 67.5711
4672 67.5711
4673 67.5711
4674 67.5711
4675 67.5711
4676 67.5711
4677 67.5711
4678 67.5711
4679 67.5711
4680 67.5711
4681 67.5711
4682 67.5711
4683 67.5711
4684 67.5711
4685 67.5711
4686 67.5711
4687 67.5711
4688 67.5711
4689 67.5711
4690 67.5711
4691 67.5711
4692 67.5711
4693 67.5711
4694 67.5711
4695 67.5711
4696 67.5711
4697 67.5711
4698 67.5711
4699 67.5711
4700 67.5711
4701 67.5711
4702 67.5711
4703 67.5711
4704 67.5711
4705 67.5711
4706 67.5711
4707 67.5711
4708 67.5711
4709 67.5711
4710 67.5711
4711 67.5711
4712 67.5711
4713 67.5711
4714 67.5711
4715 67.5711
4716 67.5711
4717 67.5711
4718 67.5711
4719 67.5711
4720 67.5711
4721 67.5711
4722 67.5711
4723 67.5711
4724 67.5711
4725 67.5711
4726 67.5711
4727 67.5711
4728 67.5711
4729 67.5711
4730 67.5711
4731 67.5711
4732 67.5711
4733 67.5711
4734 67.5711
4735 67.5711
4736 67.5711
4737 67.5711
4738 67.5711
4739 67.5711
4740 67.5711
4741 67.5711
4742 67.5711
4743 67.5711
4744 67.5711
4745 67.5711
4746 67.5711
4747 67.5711
4748 67.5711
4749 67.5711
4750 67.5711
4751 67.5711
4752 67.5711
4753 67.5711
4754 67.5711
4755 67.5711
4756 67.5711
4757 67.5711
4758 67.5711
4759 67.5711
4760 67.5711
4761 67.5711
4762 67.5711
4763 67.5711
4764 67.5711
4765 67.5711
4766 67.5711
4767 67.5711
4768 67.5711
4769 67.5711
4770 67.5711
4771 67.5711
4772 67.5711
4773 67.5711
4774 67.5711
4775 67.5711
4776 67.5711
4777 67.5711
4778 67.5711
4779 67.5711
4780 67.5711
4781 67.5711
4782 67.5711
4783 67.5711
4784 67.5711
4785 67.5711
4786 67.5711
4787 67.5711
4788 67.5711
4789 67.5711
4790 67.5711
4791 67.5711
4792 67.5711
4793 67.5711
4794 67.5711
4795 67.5711
4796 67.5711
4797 67.5711
4798 67.5711
4799 67.5711
4800 67.5711
4801 67.5711
4802 67.5711
4803 67.5711
4804 67.5711
4805 67.5711
4806 67.5711
4807 67.5711
4808 67.5711
4809 67.5711
4810 67.5711
4811 67.5711
4812 67.5711
4813 67.5711
4814 67.5711
4815 67.5711
4816 67.5711
4817 67.5711
4818 67.5711
4819 67.5711
4820 67.5711
4821 67.5711
4822 67.5711
4823 67.5711
4824 67.5711
4825 67.5711
4826 67.5711
4827 67.5711
4828 67.5711
4829 67.5711
4830 67.5711
4831 67.5711
4832 67.5711
4833 67.5711
4834 67.5711
4835 67.5711
4836 67.5711
4837 67.5711
4838 67.5711
4839 67.5711
4840 67.5711
4841 67.5711
4842 67.5711
4843 67.5711
4844 67.5711
4845 67.5711
4846 67.5711
4847 67.5711
4848 67.5711
4849 67.5711
4850 67.5711
4851 67.5711
4852 67.5711
4853 67.5711
4854 67.5711
4855 67.5711
4856 67.5711
4857 67.5711
4858 67.5711
4859 67.5711
4860 67.5711
4861 67.5711
4862 67.5711
4863 67.5711
4864 67.5711
4865 67.5711
4866 67.5711
4867 67.5711
4868 67.5711
4869 67.5711
4870 67.5711
4871 67.5711
4872 67.5711
4873 67.5711
4874 67.5711
4875 67.5711
4876 67.5711
4877 67.5711
4878 67.5711
4879 67.5711
4880 67.5711
4881 67.5711
4882 67.5711
4883 67.5711
4884 67.5711
4885 67.5711
4886 67.5711
4887 67.5711
4888 67.5711
4889 67.5711
4890 67.5711
4891 67.5711
4892 67.5711
4893 67.5711
4894 67.5711
4895 67.5711
4896 67.5711
4897 67.5711
4898 67.5711
4899 67.5711
4900 67.5711
4901 67.5711
4902 67.5711
4903 67.5711
4904 67.5711
4905 67.5711
4906 67.5711
4907 67.5711
4908 67.5711
4909 67.5711
4910 67.5711
4911 67.5711
4912 67.5711
4913 67.5711
4914 67.5711
4915 67.5711
4916 67.5711
4917 67.5711
4918 67.5711
4919 67.5711
4920 67.5711
4921 67.5711
4922 67.5711
4923 67.5711
4924 67.5711
4925 67.5711
4926 67.5711
4927 67.5711
4928 67.5711
4929 67.5711
4930 67.5711
4931 67.5711
4932 67.5711
4933 67.5711
4934 67.5711
4935 67.5711
4936 67.5711
4937 67.5711
4938 67.5711
4939 67.5711
4940 67.5711
4941 67.5711
4942 67.5711
4943 67.5711
4944 67.5711
4945 67.5711
4946 67.5711
4947 67.5711
4948 67.5711
4949 67.5711
4950 67.5711
4951 67.5711
4952 67.5711
4953 67.5711
4954 67.5711
4955 67.5711
4956 67.5711
4957 67.5711
4958 67.5711
4959 67.5711
4960 67.5711
4961 67.5711
4962 67.5711
4963 67.5711
4964 67.5711
4965 67.5711
4966 67.5711
4967 67.5711
4968 67.5711
4969 67.5711
4970 67.5711
4971 67.5711
4972 67.5711
4973 67.5711
4974 67.5711
4975 67.5711
4976 67.5711
4977 67.5711
4978 67.5711
4979 67.5711
4980 67.5711
4981 67.5711
4982 67.5711
4983 67.5711
4984 67.5711
4985 67.5711
4986 67.5711
4987 67.5711
4988 67.5711
4989 67.5711
4990 67.5711
4991 67.5711
4992 67.5711
4993 67.5711
4994 67.5711
4995 67.5711
4996 67.5711
4997 67.5711
4998 67.5711
4999 67.5711
5000 67.5711
5001 67.5711
5002 67.5711
5003 67.5711
5004 67.5711
5005 67.5711
5006 67.5711
5007 67.5711
5008 67.5711
5009 67.5711
5010 67.5711
5011 67.5711
5012 67.5711
5013 67.5711
5014 67.5711
5015 67.5711
5016 67.5711
5017 67.5711
5018 67.5711
5019 67.5711
5020 67.5711
5021 67.5711
5022 67.5711
5023 67.5711
5024 67.5711
5025 67.5711
5026 67.5711
5027 67.5711
5028 67.5711
5029 67.5711
5030 67.5711
5031 67.5711
5032 67.5711
5033 67.5711
5034 67.5711
5035 67.5711
5036 67.5711
5037 67.5711
5038 67.5711
5039 67.5711
5040 67.5711
5041 67.5711
5042 67.5711
5043 67.5711
5044 67.5711
5045 67.5711
5046 67.5711
5047 67.5711
5048 67.5711
5049 67.5711
5050 67.5711
5051 67.5711
5052 67.5711
5053 67.5711
5054 67.5711
5055 67.5711
5056 67.5711
5057 67.5711
5058 67.5711
5059 67.5711
5060 67.5711
5061 67.5711
5062 67.5711
5063 67.5711
5064 67.5711
5065 67.5711
5066 67.5711
5067 67.5711
5068 67.5711
5069 67.5711
5070 67.5711
5071 67.5711
5072 67.5711
5073 67.5711
5074 67.5711
5075 67.5711
5076 67.5711
5077 67.5711
5078 67.5711
5079 67.5711
5080 67.5711
5081 67.5711
5082 67.5711
5083 67.5711
5084 67.5711
5085 67.5711
5086 67.5711
5087 67.5711
5088 67.5711
5089 67.5711
5090 67.5711
5091 67.5711
5092 67.5711
5093 67.5711
5094 67.5711
5095 67.5711
5096 67.5711
5097 67.5711
5098 67.5711
5099 67.5711
5100 67.5711
5101 67.5711
5102 67.5711
5103 67.5711
5104 67.5711
5105 67.5711
5106 67.5711
5107 67.5711
5108 67.5711
5109 67.5711
5110 67.5711
5111 67.5711
5112 67.5711
5113 67.5711
5114 67.5711
5115 67.5711
5116 67.5711
5117 67.5711
5118 67.5711
5119 67.5711
5120 67.5711
5121 67.5711
5122 67.5711
5123 67.5711
5124 67.5711
5125 67.5711
5126 67.5711
5127 67.5711
5128 67.5711
5129 67.5711
5130 67.5711
5131 67.5711
5132 67.5711
5133 67.5711
5134 67.5711
5135 67.5711
5136 67.5711
5137 67.5711
5138 67.5711
5139 67.5711
5140 67.5711
5141 67.5711
5142 67.5711
5143 67.5711
5144 67.5711
5145 67.5711
5146 67.5711
5147 67.5711
5148 67.5711
5149 67.5711
5150 67.5711
5151 67.5711
5152 67.5711
5153 67.5711
5154 67.5711
5155 67.5711
5156 67.5711
5157 67.5711
5158 67.5711
5159 67.5711
5160 67.5711
5161 67.5711
5162 67.5711
5163 67.5711
5164 67.5711
5165 67.5711
5166 67.5711
5167 67.5711
5168 67.5711
5169 67.5711
5170 67.5711
5171 67.5711
5172 67.5711
5173 67.5711
5174 67.5711
5175 67.5711
5176 67.5711
5177 67.5711
5178 67.5711
5179 67.5711
5180 67.5711
5181 67.5711
5182 67.5711
5183 67.5711
5184 67.5711
5185 67.5711
5186 67.5711
5187 67.5711
5188 67.5711
5189 67.5711
5190 67.5711
5191 67.5711
5192 67.5711
5193 67.5711
5194 67.5711
5195 67.5711
5196 67.5711
5197 67.5711
5198 67.5711
5199 67.5711
5200 67.5711
5201 67.5711
5202 67.5711
5203 67.5711
5204 67.5711
5205 67.5711
5206 67.5711
5207 67.5711
5208 67.5711
5209 67.5711
5210 67.5711
5211 67.5711
5212 67.5711
5213 67.5711
5214 67.5711
5215 67.5711
5216 67.5711
5217 67.5711
5218 67.5711
5219 67.5711
5220 67.5711
5221 67.5711
5222 67.5711
5223 67.5711
5224 67.5711
5225 67.5711
5226 67.5711
5227 67.5711
5228 67.5711
5229 67.5711
5230 67.5711
5231 67.5711
5232 67.5711
5233 67.5711
5234 67.5711
5235 67.5711
5236 67.5711
5237 67.5711
5238 67.5711
5239 67.5711
5240 67.5711
5241 67.5711
5242 67.5711
5243 67.5711
5244 67.5711
5245 67.5711
5246 67.5711
5247 67.5711
5248 67.5711
5249 67.5711
5250 67.5711
5251 67.5711
5252 67.5711
5253 67.5711
5254 67.5711
5255 67.5711
5256 67.5711
5257 67.5711
5258 67.5711
5259 67.5711
5260 67.5711
5261 67.5711
5262 67.5711
5263 67.5711
5264 67.5711
5265 67.5711
5266 67.5711
5267 67.5711
5268 67.5711
5269 67.5711
5270 67.5711
5271 67.5711
5272 67.5711
5273 67.5711
5274 67.5711
5275 67.5711
5276 67.5711
5277 67.5711
5278 67.5711
5279 67.5711
5280 67.5711
5281 67.5711
5282 67.5711
5283 67.5711
5284 67.5711
5285 67.5711
5286 67.5711
5287 67.5711
5288 67.5711
5289 67.5711
5290 67.5711
5291 67.5711
5292 67.5711
5293 67.5711
5294 67.5711
5295 67.5711
5296 67.5711
5297 67.5711
5298 67.5711
5299 67.5711
5300 67.5711
5301 67.5711
5302 67.5711
5303 67.5711
5304 67.5711
5305 67.5711
5306 67.5711
5307 67.5711
5308 67.5711
5309 67.5711
5310 67.5711
5311 67.5711
5312 67.5711
5313 67.5711
5314 67.5711
5315 67.5711
5316 67.5711
5317 67.5711
5318 67.5711
5319 67.5711
5320 67.5711
5321 67.5711
5322 67.5711
5323 67.5711
5324 67.5711
5325 67.5711
5326 67.5711
5327 67.5711
5328 67.5711
5329 67.5711
5330 67.5711
5331 67.5711
5332 67.5711
5333 67.5711
5334 67.5711
5335 67.5711
5336 67.5711
5337 67.5711
5338 67.5711
5339 67.5711
5340 67.5711
5341 67.5711
5342 67.5711
5343 67.5711
5344 67.5711
5345 67.5711
5346 67.5711
5347 67.5711
5348 67.5711
5349 67.5711
5350 67.5711
5351 67.5711
5352 67.5711
5353 67.5711
5354 67.5711
5355 67.5711
5356 67.5711
5357 67.5711
5358 67.5711
5359 67.5711
5360 67.5711
5361 67.5711
5362 67.5711
5363 67.5711
5364 67.5711
5365 67.5711
5366 67.5711
5367 67.5711
5368 67.5711
5369 67.5711
5370 67.5711
5371 67.5711
5372 67.5711
5373 67.5711
5374 67.5711
5375 67.5711
5376 67.5711
5377 67.5711
5378 67.5711
5379 67.5711
5380 67.5711
5381 67.5711
5382 67.5711
5383 67.5711
5384 67.5711
5385 67.5711
5386 67.5711
5387 67.5711
5388 67.5711
5389 67.5711
5390 67.5711
5391 67.5711
5392 67.5711
5393 67.5711
5394 67.5711
5395 67.5711
5396 67.5711
5397 67.5711
5398 67.5711
5399 67.5711
5400 67.5711
5401 67.5711
5402 67.5711
5403 67.5711
5404 67.5711
5405 67.5711
5406 67.5711
5407 67.5711
5408 67.5711
5409 67.5711
5410 67.5711
5411 67.5711
5412 67.5711
5413 67.5711
5414 67.5711
5415 67.5711
5416 67.5711
5417 67.5711
5418 67.5711
5419 67.5711
5420 67.5711
5421 67.5711
5422 67.5711
5423 67.5711
5424 67.5711
5425 67.5711
5426 67.5711
5427 67.5711
5428 67.5711
5429 67.5711
5430 67.5711
5431 67.5711
5432 67.5711
5433 67.5711
5434 67.5711
5435 67.5711
5436 67.5711
5437 67.5711
5438 67.5711
5439 67.5711
5440 67.5711
5441 67.5711
5442 67.5711
5443 67.5711
5444 67.5711
5445 67.5711
5446 67.5711
5447 67.5711
5448 67.5711
5449 67.5711
5450 67.5711
5451 67.5711
5452 67.5711
5453 67.5711
5454 67.5711
5455 67.5711
5456 67.5711
5457 67.5711
5458 67.5711
5459 67.5711
5460 67.5711
5461 67.5711
5462 67.5711
5463 67.5711
5464 67.5711
5465 67.5711
5466 67.5711
5467 67.5711
5468 67.5711
5469 67.5711
5470 67.5711
5471 67.5711
5472 67.5711
5473 67.5711
5474 67.5711
5475 67.5711
5476 67.5711
5477 67.5711
5478 67.5711
5479 67.5711
5480 67.5711
5481 67.5711
5482 67.5711
5483 67.5711
5484 67.5711
5485 67.5711
5486 67.5711
5487 67.5711
5488 67.5711
5489 67.5711
5490 67.5711
5491 67.5711
5492 67.5711
5493 67.5711
5494 67.5711
5495 67.5711
5496 67.5711
5497 67.5711
5498 67.5711
5499 67.5711
5500 67.5711
5501 67.5711
5502 67.5711
5503 67.5711
5504 67.5711
5505 67.5711
5506 67.5711
5507 67.5711
5508 67.5711
5509 67.5711
5510 67.5711
5511 67.5711
5512 67.5711
5513 67.5711
5514 67.5711
5515 67.5711
5516 67.5711
5517 67.5711
5518 67.5711
5519 67.5711
5520 67.5711
5521 67.5711
5522 67.5711
5523 67.5711
5524 67.5711
5525 67.5711
5526 67.5711
5527 67.5711
5528 67.5711
5529 67.5711
5530 67.5711
5531 67.5711
5532 67.5711
5533 67.5711
5534 67.5711
5535 67.5711
5536 67.5711
5537 67.5711
5538 67.5711
5539 67.5711
5540 67.5711
5541 67.5711
5542 67.5711
5543 67.5711
5544 67.5711
5545 67.5711
5546 67.5711
5547 67.5711
5548 67.5711
5549 67.5711
5550 67.5711
5551 67.5711
5552 67.5711
5553 67.5711
5554 67.5711
5555 67.5711
5556 67.5711
5557 67.5711
5558 67.5711
5559 67.5711
5560 67.5711
5561 67.5711
5562 67.5711
5563 67.5711
5564 67.5711
5565 67.5711
5566 67.5711
5567 67.5711
5568 67.5711
5569 67.5711
5570 67.5711
5571 67.5711
5572 67.5711
5573 67.5711
5574 67.5711
5575 67.5711
5576 67.5711
5577 67.5711
5578 67.5711
5579 67.5711
5580 67.5711
5581 67.5711
5582 67.5711
5583 67.5711
5584 67.5711
5585 67.5711
5586 67.5711
5587 67.5711
5588 67.5711
5589 67.5711
5590 67.5711
5591 67.5711
5592 67.5711
5593 67.5711
5594 67.5711
5595 67.5711
5596 67.5711
5597 67.5711
5598 67.5711
5599 67.5711
5600 67.5711
5601 67.5711
5602 67.5711
5603 67.5711
5604 67.5711
5605 67.5711
5606 67.5711
5607 67.5711
5608 67.5711
5609 67.5711
5610 67.5711
5611 67.5711
5612 67.5711
5613 67.5711
5614 67.5711
5615 67.5711
5616 67.5711
5617 67.5711
5618 67.5711
5619 67.5711
5620 67.5711
5621 67.5711
5622 67.5711
5623 67.5711
5624 67.5711
5625 67.5711
5626 67.5711
5627 67.5711
5628 67.5711
5629 67.5711
5630 67.5711
5631 67.5711
5632 67.5711
5633 67.5711
5634 67.5711
5635 67.5711
5636 67.5711
5637 67.5711
5638 67.5711
5639 67.5711
5640 67.5711
5641 67.5711
5642 67.5711
5643 67.5711
5644 67.5711
5645 67.5711
5646 67.5711
5647 67.5711
5648 67.5711
5649 67.5711
5650 67.5711
5651 67.5711
5652 67.5711
5653 67.5711
5654 67.5711
5655 67.5711
5656 67.5711
5657 67.5711
5658 67.5711
5659 67.5711
5660 67.5711
5661 67.5711
5662 67.5711
5663 67.5711
5664 67.5711
5665 67.5711
5666 67.5711
5667 67.5711
5668 67.5711
5669 67.5711
5670 67.5711
5671 67.5711
5672 67.5711
5673 67.5711
5674 67.5711
5675 67.5711
5676 67.5711
5677 67.5711
5678 67.5711
5679 67.5711
5680 67.5711
5681 67.5711
5682 67.5711
5683 67.5711
5684 67.5711
5685 67.5711
5686 67.5711
5687 67.5711
5688 67.5711
5689 67.5711
5690 67.5711
5691 67.5711
5692 67.5711
5693 67.5711
5694 67.5711
5695 67.5711
5696 67.5711
5697 67.5711
5698 67.5711
5699 67.5711
5700 67.5711
5701 67.5711
5702 67.5711
5703 67.5711
5704 67.5711
5705 67.5711
5706 67.5711
5707 67.5711
5708 67.5711
5709 67.5711
5710 67.5711
5711 67.5711
5712 67.5711
5713 67.5711
5714 67.5711
5715 67.5711
5716 67.5711
5717 67.5711
5718 67.5711
5719 67.5711
5720 67.5711
5721 67.5711
5722 67.5711
5723 67.5711
5724 67.5711
5725 67.5711
5726 67.5711
5727 67.5711
5728 67.5711
5729 67.5711
5730 67.5711
5731 67.5711
5732 67.5711
5733 67.5711
5734 67.5711
5735 67.5711
5736 67.5711
5737 67.5711
5738 67.5711
5739 67.5711
5740 67.5711
5741 67.5711
5742 67.5711
5743 67.5711
5744 67.5711
5745 67.5711
5746 67.5711
5747 67.5711
5748 67.5711
5749 67.5711
5750 67.5711
5751 67.5711
5752 67.5711
5753 67.5711
5754 67.5711
5755 67.5711
5756 67.5711
5757 67.5711
5758 67.5711
5759 67.5711
5760 67.5711
5761 67.5711
5762 67.5711
5763 67.5711
5764 67.5711
5765 67.5711
5766 67.5711
5767 67.5711
5768 67.5711
5769 67.5711
5770 67.5711
5771 67.5711
5772 67.5711
5773 67.5711
5774 67.5711
5775 67.5711
5776 67.5711
5777 67.5711
5778 67.5711
5779 67.5711
5780 67.5711
5781 67.5711
5782 67.5711
5783 67.5711
5784 67.5711
5785 67.5711
5786 67.5711
5787 67.5711
5788 67.5711
5789 67.5711
5790 67.5711
5791 67.5711
5792 67.5711
5793 67.5711
5794 67.5711
5795 67.5711
5796 67.5711
5797 67.5711
5798 67.5711
5799 67.5711
5800 67.5711
5801 67.5711
5802 67.5711
5803 67.5711
5804 67.5711
5805 67.5711
5806 67.5711
5807 67.5711
5808 67.5711
5809 67.5711
5810 67.5711
5811 67.5711
5812 67.5711
5813 67.5711
5814 67.5711
5815 67.5711
5816 67.5711
5817 67.5711
5818 67.5711
5819 67.5711
5820 67.5711
5821 67.5711
5822 67.5711
5823 67.5711
5824 67.5711
5825 67.5711
5826 67.5711
5827 67.5711
5828 67.5711
5829 67.5711
5830 67.5711
5831 67.5711
5832 67.5711
5833 67.5711
5834 67.5711
5835 67.5711
5836 67.5711
5837 67.5711
5838 67.5711
5839 67.5711
5840 67.5711
5841 67.5711
5842 67.5711
5843 67.5711
5844 67.5711
5845 67.5711
5846 67.5711
5847 67.5711
5848 67.5711
5849 67.5711
5850 67.5711
5851 67.5711
5852 67.5711
5853 67.5711
5854 67.5711
5855 67.5711
5856 67.5711
5857 67.5711
5858 67.5711
5859 67.5711
5860 67.5711
5861 67.5711
5862 67.5711
5863 67.5711
5864 67.5711
5865 67.5711
5866 67.5711
5867 67.5711
5868 67.5711
5869 67.5711
5870 67.5711
5871 67.5711
5872 67.5711
5873 67.5711
5874 67.5711
5875 67.5711
5876 67.5711
5877 67.5711
5878 67.5711
5879 67.5711
5880 67.5711
5881 67.5711
5882 67.5711
5883 67.5711
5884 67.5711
5885 67.5711
5886 67.5711
5887 67.5711
5888 67.5711
5889 67.5711
5890 67.5711
5891 67.5711
5892 67.5711
5893 67.5711
5894 67.5711
5895 67.5711
5896 67.5711
5897 67.5711
5898 67.5711
5899 67.5711
5900 67.5711
5901 67.5711
5902 67.5711
5903 67.5711
5904 67.5711
5905 67.5711
5906 67.5711
5907 67.5711
5908 67.5711
5909 67.5711
5910 67.5711
5911 67.5711
5912 67.5711
5913 67.5711
5914 67.5711
5915 67.5711
5916 67.5711
5917 67.5711
5918 67.5711
5919 67.5711
5920 67.5711
5921 67.5711
5922 67.5711
5923 67.5711
5924 67.5711
5925 67.5711
5926 67.5711
5927 67.5711
5928 67.5711
5929 67.5711
5930 67.5711
5931 67.5711
5932 67.5711
5933 67.5711
5934 67.5711
5935 67.5711
5936 67.5711
5937 67.5711
5938 67.5711
5939 67.5711
5940 67.5711
5941 67.5711
5942 67.5711
5943 67.5711
5944 67.5711
5945 67.5711
5946 67.5711
5947 67.5711
5948 67.5711
5949 67.5711
5950 67.5711
5951 67.5711
5952 67.5711
5953 67.5711
5954 67.5711
5955 67.5711
5956 67.5711
5957 67.5711
5958 67.5711
5959 67.5711
5960 67.5711
5961 67.5711
5962 67.5711
5963 67.5711
5964 67.5711
5965 67.5711
5966 67.5711
5967 67.5711
5968 67.5711
5969 67.5711
5970 67.5711
5971 67.5711
5972 67.5711
5973 67.5711
5974 67.5711
5975 67.5711
5976 67.5711
5977 67.5711
5978 67.5711
5979 67.5711
5980 67.5711
5981 67.5711
5982 67.5711
5983 67.5711
5984 67.5711
5985 67.5711
5986 67.5711
5987 67.5711
5988 67.5711
5989 67.5711
5990 67.5711
5991 67.5711
5992 67.5711
5993 67.5711
5994 67.5711
5995 67.5711
5996 67.5711
5997 67.5711
5998 67.5711
5999 67.5711
6000 67.5711
