1 428.067
2 422.116
3 422.116
4 408.278
5 393.867
6 393.867
7 382.224
8 380.873
9 380.256
10 366.579
11 364.634
12 357.846
13 355.261
14 352.685
15 348.417
16 338.799
17 333.527
18 329.988
19 320.539
20 319.844
21 311.282
22 308.08
23 297.481
24 296.821
25 296.821
26 294.605
27 294.347
28 290.86
29 289.701
30 289.385
31 288.544
32 288.279
33 288.256
34 282.981
35 282.981
36 277.643
37 275.766
38 271.502
39 271.159
40 269.149
41 266.068
42 264.812
43 260.597
44 260.597
45 259.329
46 259.329
47 256.676
48 256.676
49 256.676
50 254.17
51 249.785
52 249.785
53 249.785
54 249.785
55 248.118
56 244.822
57 244.822
58 241.057
59 241.057
60 241.057
61 240.754
62 236.066
63 233.733
64 233.733
65 233.733
66 229.494
67 227.535
68 226.701
69 226.509
70 224.17
71 224.17
72 222.212
73 221.086
74 219.982
75 214.668
76 214.668
77 214.424
78 212.676
79 212.676
80 212.676
81 211.618
82 212.29
83 211.126
84 208.136
85 208.136
86 208.136
87 208.136
88 207.739
89 203.279
90 205.198
91 203.557
92 201.587
93 201.28
94 201.28
95 198.102
96 198.102
97 198.102
98 198.102
99 196.939
100 195.827
101 195.572
102 194.553
103 193.514
104 192.132
105 191.729
106 190.864
107 189.296
108 188.09
109 187.089
110 187.089
111 187.089
112 185.9
113 184.376
114 184.376
115 184.261
116 184.11
117 182.809
118 182.809
119 182.26
120 179.044
121 179.044
122 176.763
123 176.763
124 176.763
125 176.63
126 176.63
127 175.825
128 172.409
129 172.409
130 172.409
131 169.066
132 169.603
133 169.012
134 167.793
135 165.154
136 165.154
137 165.154
138 165.154
139 162.2
140 162.2
141 162.2
142 162.166
143 162.166
144 162.166
145 160.97
146 160.97
147 160.97
148 160.875
149 160.875
150 160.83
151 158.824
152 158.824
153 160.83
154 160.83
155 158.824
156 158.824
157 158.5
158 157.698
159 155.693
160 155.693
161 155.693
162 154.57
163 154.57
164 154.348
165 153.224
166 152.964
167 152.964
168 152.964
169 152.027
170 152.92
171 152.92
172 152.92
173 152.92
174 149.862
175 149.862
176 149.287
177 148.768
178 148.328
179 148.328
180 148.328
181 148.328
182 147.27
183 147.27
184 147.442
185 147.093
186 146.844
187 145.783
188 145.783
189 145.783
190 143.642
191 143.743
192 143.743
193 143.743
194 143.743
195 142.57
196 142.57
197 142.57
198 142.57
199 142.57
200 141.753
201 141.449
202 140.483
203 140.483
204 139.696
205 139.696
206 139.696
207 139.696
208 139.696
209 137.561
210 137.561
211 136.931
212 136.931
213 136.171
214 135.413
215 135.413
216 135.413
217 135.413
218 132.871
219 132.684
220 132.371
221 132.371
222 131.294
223 131.534
224 131.534
225 131.294
226 131.294
227 129.896
228 129.896
229 129.896
230 129.896
231 129.896
232 129.49
233 129.49
234 129.49
235 129.49
236 129.49
237 129.49
238 129.49
239 129.242
240 129.242
241 129.242
242 129.242
243 128.221
244 128.221
245 128.221
246 128.221
247 127.956
248 128.1
249 128.051
250 127.957
251 127.957
252 127.957
253 126.116
254 127.957
255 127.957
256 127.957
257 127.957
258 127.957
259 127.506
260 127.423
261 127.423
262 127.317
263 127.317
264 127.262
265 127.239
266 127.239
267 126.64
268 126.64
269 126.64
270 126.608
271 125.568
272 125.568
273 125.568
274 125.568
275 125.568
276 124.152
277 124.152
278 124.152
279 124.142
280 124.142
281 123.497
282 123.497
283 123.497
284 123.364
285 123.364
286 123.364
287 123.364
288 122.607
289 122.607
290 122.607
291 122.607
292 122.607
293 121.861
294 121.861
295 121.861
296 121.861
297 121.206
298 121.206
299 121.206
300 121.206
301 121.206
302 120.792
303 120.792
304 120.327
305 120.792
306 120.49
307 120.327
308 120.327
309 120.327
310 120.327
311 120.327
312 119.999
313 119.999
314 119.999
315 119.999
316 119.999
317 119.999
318 119.999
319 119.999
320 119.999
321 119.886
322 119.876
323 119.69
324 119.261
325 119.261
326 119.112
327 118.898
328 118.66
329 118.66
330 118.66
331 118.66
332 118.125
333 118.125
334 118.125
335 118.125
336 118.093
337 117.829
338 117.829
339 117.829
340 115.855
341 115.855
342 114.666
343 114.666
344 114.666
345 114.666
346 114.666
347 114.412
348 114.412
349 114.412
350 114.412
351 114.412
352 114.412
353 113.717
354 113.717
355 113.717
356 113.717
357 113.717
358 113.594
359 113.594
360 113.594
361 113.594
362 113.594
363 113.594
364 113.594
365 113.594
366 113.594
367 113.594
368 113.594
369 113.594
370 113.594
371 113.594
372 112.616
373 112.616
374 112.116
375 112.116
376 112.116
377 112.095
378 112.095
379 111.608
380 111.608
381 111.608
382 111.575
383 111.575
384 111.087
385 111.087
386 111.087
387 111.087
388 111.087
389 111.087
390 111.054
391 111.054
392 111.054
393 111.054
394 111.054
395 111.054
396 111.054
397 111.054
398 111.054
399 111.087
400 111.087
401 110.978
402 110.978
403 110.612
404 110.612
405 110.612
406 109.794
407 109.794
408 110.908
409 109.761
410 109.761
411 109.761
412 109.609
413 109.711
414 109.711
415 109.301
416 109.219
417 109.219
418 109.219
419 108.067
420 108.759
421 108.759
422 108.759
423 106.389
424 106.389
425 106.389
426 106.389
427 106.389
428 106.389
429 106.389
430 106.389
431 106.389
432 106.389
433 106.389
434 105.987
435 105.987
436 105.987
437 105.987
438 105.987
439 105.987
440 105.987
441 105.329
442 105.329
443 105.329
444 105.329
445 105.329
446 105.329
447 104.637
448 104.635
449 104.635
450 104.635
451 104.155
452 104.155
453 104.155
454 104.155
455 104.148
456 104.148
457 104.148
458 104.148
459 103.773
460 103.773
461 103.549
462 102.237
463 102.237
464 102.237
465 102.237
466 102.237
467 102
468 102
469 102
470 102
471 102
472 102
473 102
474 102
475 101.904
476 102
477 102
478 102
479 101.265
480 101.265
481 100.945
482 100.945
483 100.945
484 100.945
485 100.945
486 100.918
487 100.918
488 100.918
489 100.918
490 100.858
491 100.858
492 100.858
493 100.858
494 100.858
495 100.858
496 100.858
497 100.858
498 100.858
499 100.858
500 100.858
501 100.858
502 100.858
503 100.858
504 100.858
505 100.858
506 100.858
507 100.858
508 100.858
509 100.858
510 100.858
511 100.858
512 100.858
513 100.858
514 100.858
515 100.858
516 100.478
517 100.478
518 100.478
519 100.478
520 100.478
521 93.1279
522 93.1279
523 93.1279
524 93.1279
525 93.1279
526 92.3792
527 93.1279
528 93.1279
529 93.1279
530 93.1279
531 93.1279
532 93.1279
533 93.1279
534 92.9912
535 92.6425
536 92.6425
537 92.6425
538 92.5936
539 92.6425
540 92.2153
541 92.2153
542 92.2153
543 92.2153
544 92.0637
545 92.0637
546 92.0637
547 91.9893
548 91.9893
549 91.9893
550 91.8526
551 91.8526
552 91.8526
553 91.8526
554 91.8526
555 91.8526
556 91.8526
557 91.8526
558 91.8526
559 91.8526
560 91.5296
561 91.4876
562 91.4876
563 91.0917
564 90.0707
565 90.0707
566 90.0707
567 90.0707
568 90.0707
569 90.0707
570 89.2935
571 89.2935
572 89.2935
573 89.2163
574 89.2935
575 89.2935
576 89.2935
577 89.2935
578 89.2935
579 89.2935
580 89.2935
581 89.2935
582 89.2935
583 89.2935
584 89.2935
585 89.2935
586 89.2935
587 89.2935
588 89.2935
589 89.2935
590 89.2935
591 89.2935
592 89.0014
593 89.0014
594 89.0014
595 89.0014
596 89.0014
597 89.0014
598 88.9511
599 88.7357
600 88.7357
601 88.7357
602 88.7357
603 88.7357
604 88.7357
605 88.7357
606 88.0035
607 88.0035
608 88.0035
609 88.0035
610 88.0035
611 88.0035
612 88.0035
613 88.0035
614 87.7378
615 87.7378
616 87.7378
617 87.7378
618 87.7378
619 87.7378
620 87.7378
621 87.7378
622 87.7378
623 87.7378
624 87.7378
625 87.7378
626 87.7378
627 86.6469
628 86.6469
629 86.6469
630 86.6469
631 86.6469
632 86.6469
633 86.6469
634 86.6469
635 86.6469
636 86.6469
637 86.6469
638 86.6469
639 86.6469
640 86.3042
641 86.3042
642 86.3042
643 86.3042
644 86.3042
645 86.3042
646 86.3042
647 86.3042
648 86.3042
649 86.3042
650 85.9483
651 86.3042
652 86.3042
653 86.3042
654 86.3042
655 86.2616
656 86.2616
657 86.2616
658 86.2616
659 85.7262
660 85.7262
661 85.7262
662 85.7262
663 85.7262
664 85.7262
665 84.5848
666 84.5848
667 84.3895
668 84.3895
669 84.3895
670 84.3895
671 84.3895
672 84.3895
673 84.3895
674 84.3895
675 84.3469
676 84.3469
677 84.3469
678 84.3469
679 84.3469
680 84.3469
681 84.3469
682 84.3469
683 84.3469
684 84.0374
685 84.0374
686 84.0374
687 84.0374
688 84.0374
689 84.0374
690 84.0374
691 84.0374
692 83.9546
693 83.3974
694 83.3974
695 83.3974
696 82.7806
697 82.7806
698 82.7806
699 82.7806
700 82.7806
701 82.7806
702 82.7806
703 82.7806
704 82.7806
705 82.7806
706 82.7806
707 82.7806
708 82.7806
709 82.7806
710 82.7806
711 82.7806
712 82.7806
713 82.7806
714 82.7806
715 82.7806
716 82.2947
717 82.2947
718 82.2947
719 82.2947
720 82.2947
721 82.2947
722 82.2947
723 82.2947
724 82.2947
725 82.2947
726 82.2947
727 81.814
728 81.814
729 81.814
730 81.814
731 81.814
732 81.4676
733 81.814
734 81.4676
735 80.9316
736 80.9316
737 80.5356
738 80.5356
739 80.5356
740 80.5356
741 80.5356
742 80.5356
743 80.5356
744 80.5356
745 80.5356
746 80.5356
747 80.3504
748 80.3504
749 80.3504
750 80.3504
751 80.3504
752 80.3504
753 80.3504
754 80.3504
755 80.3504
756 80.3504
757 80.3504
758 80.3504
759 80.3504
760 80.3504
761 79.7175
762 79.7175
763 79.7175
764 79.7175
765 79.7175
766 79.7175
767 79.7175
768 79.7175
769 79.7175
770 79.7175
771 79.7175
772 79.7175
773 79.7175
774 79.7175
775 79.7175
776 79.7175
777 79.7175
778 79.7175
779 79.7175
780 79.7175
781 79.7175
782 79.7175
783 79.7175
784 79.7175
785 79.7175
786 79.7175
787 79.7175
788 79.7175
789 79.7175
790 79.7175
791 79.7175
792 79.7175
793 79.7175
794 79.7175
795 79.7175
796 79.7175
797 79.7175
798 79.7175
799 79.7175
800 79.6145
801 79.7175
802 79.7175
803 79.7175
804 79.7175
805 79.7175
806 79.7175
807 79.7175
808 79.7175
809 79.7175
810 79.7175
811 79.7175
812 79.7175
813 79.7175
814 79.7175
815 79.7175
816 79.7175
817 79.7175
818 79.7175
819 79.7175
820 79.7175
821 79.7175
822 79.7175
823 79.7175
824 79.7175
825 79.7175
826 79.7175
827 79.7175
828 79.7175
829 79.7175
830 79.7175
831 79.7175
832 79.7175
833 79.7175
834 79.7175
835 79.7175
836 79.7175
837 79.7175
838 79.7175
839 79.7175
840 79.7175
841 79.7175
842 79.7175
843 79.7175
844 79.7175
845 79.7175
846 79.6274
847 79.6274
848 79.6274
849 79.6274
850 79.6274
851 79.6274
852 79.6274
853 79.1363
854 79.1363
855 79.1363
856 79.1363
857 79.1363
858 79.1363
859 79.1363
860 79.1363
861 79.1363
862 78.3597
863 78.3597
864 78.3597
865 78.0261
866 78.0261
867 78.0261
868 77.2495
869 77.2495
870 77.2495
871 77.2495
872 77.2495
873 77.2495
874 76.5983
875 76.5983
876 76.5983
877 76.5983
878 76.5983
879 76.5983
880 76.5983
881 76.5983
882 76.5983
883 76.5983
884 76.5983
885 76.5983
886 76.5983
887 76.5983
888 76.5983
889 76.5983
890 76.5983
891 76.5983
892 76.5983
893 76.5983
894 76.5983
895 76.5983
896 76.5983
897 76.5983
898 76.5983
899 76.5983
900 76.5983
901 76.5983
902 76.5983
903 76.5983
904 76.5983
905 76.5983
906 76.5983
907 76.5983
908 76.5983
909 76.5983
910 76.5983
911 76.5983
912 76.5983
913 76.4953
914 76.4953
915 76.0716
916 76.0716
917 76.0716
918 76.0716
919 75.7272
920 75.7272
921 75.7272
922 75.7272
923 75.7272
924 75.7272
925 75.7272
926 75.2006
927 75.2006
928 75.2006
929 75.2006
930 75.2006
931 75.2006
932 75.2006
933 75.2006
934 75.2006
935 75.2006
936 75.2006
937 75.2006
938 75.2006
939 75.2006
940 75.2006
941 75.2006
942 75.2006
943 75.2006
944 75.2006
945 75.2006
946 75.2006
947 75.2006
948 75.2006
949 75.2006
950 75.2006
951 75.2006
952 75.2006
953 75.2006
954 75.2006
955 75.2006
956 75.2006
957 75.2006
958 75.2006
959 75.2006
960 75.2006
961 75.2006
962 75.2006
963 75.2006
964 75.2006
965 75.2006
966 75.2006
967 75.2006
968 75.2006
969 75.2006
970 75.2006
971 75.2006
972 75.2006
973 75.2006
974 75.2006
975 75.2006
976 75.2006
977 75.2006
978 75.2006
979 75.2006
980 75.2006
981 75.2006
982 75.2006
983 75.2006
984 75.2006
985 75.2006
986 75.2006
987 75.166
988 75.166
989 75.1198
990 75.1198
991 74.9158
992 74.9158
993 74.9158
994 74.9158
995 74.9158
996 74.9158
997 74.9158
998 74.9158
999 74.9158
1000 74.9158
1001 74.9158
1002 74.9158
1003 74.9158
1004 74.9158
1005 74.9158
1006 74.9158
1007 74.9158
1008 74.9158
1009 74.9158
1010 74.9158
1011 74.9158
1012 74.9158
1013 74.9158
1014 74.9158
1015 74.9158
1016 74.9158
1017 74.9158
1018 74.9158
1019 74.9158
1020 74.9158
1021 74.9158
1022 74.9158
1023 74.9158
1024 74.9158
1025 74.6741
1026 74.6741
1027 74.6741
1028 74.6741
1029 74.6741
1030 74.6741
1031 74.6741
1032 74.6741
1033 74.6741
1034 74.6741
1035 74.6741
1036 74.6741
1037 74.5905
1038 74.6741
1039 74.6741
1040 74.6741
1041 74.6741
1042 74.6741
1043 74.6741
1044 74.6741
1045 74.6741
1046 74.6741
1047 74.6741
1048 74.6741
1049 74.6741
1050 74.6741
1051 74.6741
1052 74.6741
1053 74.6741
1054 74.6741
1055 74.6741
1056 74.6741
1057 74.6741
1058 74.6741
1059 74.6741
1060 74.6741
1061 74.6741
1062 74.6741
1063 74.6741
1064 74.4371
1065 74.6741
1066 74.6741
1067 74.6741
1068 74.6741
1069 74.6741
1070 74.6741
1071 74.6741
1072 74.6741
1073 74.6741
1074 74.6741
1075 74.6741
1076 74.6741
1077 74.6741
1078 74.6741
1079 74.6741
1080 74.6741
1081 74.6741
1082 74.6741
1083 74.6741
1084 74.6741
1085 74.6741
1086 74.6741
1087 74.6741
1088 74.6741
1089 74.6741
1090 74.6741
1091 74.6741
1092 74.6741
1093 74.6741
1094 74.6741
1095 74.6741
1096 74.6741
1097 74.6741
1098 74.6741
1099 74.6741
1100 74.6741
1101 74.6741
1102 74.6741
1103 74.6741
1104 74.113
1105 74.113
1106 74.113
1107 74.113
1108 74.113
1109 74.113
1110 74.113
1111 74.113
1112 74.113
1113 74.113
1114 74.113
1115 74.113
1116 74.113
1117 74.113
1118 74.113
1119 74.113
1120 74.113
1121 74.113
1122 74.113
1123 74.113
1124 74.113
1125 74.113
1126 74.113
1127 74.113
1128 74.113
1129 74.113
1130 74.113
1131 74.113
1132 74.113
1133 74.113
1134 74.113
1135 74.113
1136 74.113
1137 74.0979
1138 74.0979
1139 74.0979
1140 74.0979
1141 74.0979
1142 74.0979
1143 74.0979
1144 74.0979
1145 74.0979
1146 74.0979
1147 74.0979
1148 74.0979
1149 74.0979
1150 74.0979
1151 74.0979
1152 74.0979
1153 74.0979
1154 74.0979
1155 74.0979
1156 74.0979
1157 74.0979
1158 74.0979
1159 74.0979
1160 74.0979
1161 74.0979
1162 74.0979
1163 74.0979
1164 74.0979
1165 74.0979
1166 74.0979
1167 74.0979
1168 74.0979
1169 74.0979
1170 74.0979
1171 74.0979
1172 74.0979
1173 74.0979
1174 74.0979
1175 74.0979
1176 74.0979
1177 74.0979
1178 74.0979
1179 74.0979
1180 74.0979
1181 73.9399
1182 73.9399
1183 73.9399
1184 73.9399
1185 73.9399
1186 73.9399
1187 73.9399
1188 73.9399
1189 73.9399
1190 73.9399
1191 73.9399
1192 73.9399
1193 73.9399
1194 73.9399
1195 73.9399
1196 73.9399
1197 73.9399
1198 73.9399
1199 73.9399
1200 73.9399
1201 73.9399
1202 73.9399
1203 73.9399
1204 73.9399
1205 73.9399
1206 73.9399
1207 73.9399
1208 73.9399
1209 73.9399
1210 73.9399
1211 73.9399
1212 73.9399
1213 73.919
1214 73.919
1215 73.919
1216 73.919
1217 73.919
1218 73.919
1219 73.919
1220 73.919
1221 73.919
1222 73.919
1223 73.919
1224 73.919
1225 73.919
1226 73.919
1227 73.919
1228 73.919
1229 73.919
1230 73.6929
1231 73.6929
1232 73.6929
1233 73.6929
1234 73.6929
1235 73.6929
1236 73.6929
1237 73.6929
1238 73.6929
1239 73.6929
1240 73.6929
1241 73.6929
1242 73.6929
1243 73.6929
1244 73.6929
1245 73.6929
1246 73.6929
1247 73.6929
1248 73.6929
1249 73.6929
1250 73.6929
1251 73.6929
1252 73.6929
1253 73.6929
1254 73.6929
1255 73.6929
1256 73.6929
1257 73.6929
1258 73.6929
1259 73.6929
1260 73.6929
1261 73.6929
1262 73.6929
1263 73.6929
1264 73.5163
1265 73.5163
1266 73.5163
1267 73.5163
1268 73.5163
1269 73.5163
1270 73.5163
1271 73.5163
1272 73.5163
1273 73.5163
1274 73.5163
1275 73.5163
1276 73.5163
1277 73.5163
1278 73.5163
1279 73.5163
1280 73.5163
1281 73.5163
1282 73.5163
1283 73.5163
1284 73.5163
1285 73.5163
1286 73.5163
1287 73.5163
1288 73.5163
1289 73.5163
1290 73.5163
1291 73.5163
1292 73.5163
1293 73.5163
1294 73.5163
1295 73.5163
1296 73.5163
1297 73.5163
1298 73.5163
1299 73.5163
1300 73.5163
1301 73.5163
1302 73.5163
1303 73.5163
1304 73.5163
1305 73.5163
1306 73.5163
1307 73.5163
1308 73.5163
1309 73.5163
1310 73.5163
1311 73.5163
1312 73.5163
1313 73.5163
1314 73.5163
1315 73.5163
1316 73.5163
1317 73.5163
1318 73.5163
1319 73.5163
1320 73.5163
1321 73.5163
1322 73.5163
1323 73.5163
1324 73.5163
1325 73.5163
1326 73.5163
1327 73.5163
1328 73.5163
1329 73.5163
1330 73.5163
1331 73.5163
1332 73.5163
1333 73.5163
1334 73.5163
1335 73.5163
1336 73.5163
1337 73.5163
1338 73.5163
1339 73.5163
1340 73.5163
1341 73.5163
1342 73.5163
1343 73.5163
1344 73.5163
1345 73.5163
1346 73.4133
1347 73.4133
1348 73.4133
1349 73.4133
1350 73.4133
1351 73.4133
1352 73.4133
1353 73.4133
1354 73.4133
1355 73.4133
1356 73.4133
1357 73.4133
1358 73.4133
1359 73.4133
1360 73.4133
1361 73.4133
1362 73.4133
1363 73.4133
1364 73.4133
1365 73.4133
1366 73.4133
1367 73.4133
1368 73.4133
1369 73.4133
1370 73.3966
1371 73.3966
1372 73.3966
1373 73.3966
1374 73.3966
1375 73.3966
1376 73.3966
1377 73.3966
1378 73.3966
1379 73.3966
1380 73.3966
1381 73.3966
1382 73.313
1383 73.313
1384 73.313
1385 73.313
1386 73.313
1387 73.313
1388 73.313
1389 73.313
1390 73.313
1391 73.313
1392 73.313
1393 73.313
1394 73.313
1395 73.313
1396 73.313
1397 73.313
1398 73.313
1399 73.313
1400 73.313
1401 73.313
1402 73.313
1403 73.313
1404 73.313
1405 73.313
1406 73.313
1407 73.313
1408 73.313
1409 73.313
1410 73.313
1411 73.313
1412 73.313
1413 73.313
1414 73.313
1415 73.313
1416 73.313
1417 73.313
1418 73.313
1419 73.313
1420 73.313
1421 73.313
1422 73.313
1423 73.313
1424 73.313
1425 73.313
1426 73.313
1427 73.313
1428 73.313
1429 73.313
1430 73.313
1431 73.313
1432 73.313
1433 73.313
1434 73.313
1435 73.313
1436 73.313
1437 73.313
1438 73.313
1439 73.313
1440 73.313
1441 73.313
1442 73.313
1443 73.313
1444 73.313
1445 73.313
1446 73.313
1447 73.313
1448 73.313
1449 73.313
1450 73.313
1451 73.313
1452 73.313
1453 73.313
1454 73.313
1455 73.313
1456 73.313
1457 73.313
1458 73.313
1459 73.313
1460 73.313
1461 73.313
1462 73.313
1463 73.313
1464 73.313
1465 73.313
1466 73.313
1467 73.313
1468 73.313
1469 73.313
1470 73.313
1471 73.313
1472 73.313
1473 73.313
1474 73.313
1475 73.313
1476 73.313
1477 73.313
1478 73.313
1479 73.313
1480 73.313
1481 73.313
1482 73.313
1483 73.313
1484 73.313
1485 73.313
1486 73.313
1487 73.313
1488 73.313
1489 73.313
1490 73.313
1491 73.313
1492 73.313
1493 73.313
1494 73.313
1495 73.313
1496 73.313
1497 73.313
1498 73.313
1499 73.313
1500 73.313
1501 73.313
1502 73.313
1503 73.313
1504 73.313
1505 73.313
1506 73.313
1507 73.313
1508 73.313
1509 73.313
1510 73.313
1511 73.313
1512 73.313
1513 73.313
1514 73.313
1515 73.313
1516 73.313
1517 73.313
1518 73.313
1519 73.313
1520 73.313
1521 73.313
1522 73.313
1523 73.313
1524 73.313
1525 73.313
1526 73.313
1527 73.313
1528 73.313
1529 73.313
1530 73.313
1531 73.313
1532 73.313
1533 73.313
1534 73.313
1535 73.313
1536 73.313
1537 73.313
1538 73.313
1539 73.313
1540 73.313
1541 73.313
1542 73.313
1543 73.2604
1544 73.2604
1545 73.2604
1546 73.2604
1547 73.2604
1548 73.2604
1549 73.2604
1550 73.2604
1551 73.2604
1552 73.2604
1553 73.2604
1554 73.2604
1555 73.2604
1556 73.2604
1557 73.2604
1558 73.2604
1559 73.2604
1560 73.2604
1561 73.2604
1562 73.2604
1563 73.2604
1564 73.2604
1565 73.2604
1566 73.2604
1567 73.2604
1568 73.2604
1569 73.2604
1570 73.2604
1571 73.2604
1572 73.2604
1573 73.2604
1574 73.2604
1575 73.2604
1576 73.2604
1577 73.2604
1578 73.2604
1579 73.2604
1580 73.2604
1581 73.2604
1582 73.2604
1583 73.2604
1584 73.2604
1585 73.2604
1586 73.2604
1587 73.2604
1588 73.2604
1589 73.2604
1590 73.2604
1591 73.2604
1592 73.2604
1593 73.2604
1594 73.2604
1595 73.2604
1596 73.2604
1597 73.1434
1598 73.1434
1599 73.1434
1600 73.1434
1601 73.1434
1602 73.1434
1603 73.1434
1604 73.1434
1605 73.1434
1606 73.1434
1607 73.1434
1608 73.1434
1609 73.1434
1610 73.1434
1611 73.1434
1612 73.1434
1613 73.1434
1614 73.1434
1615 73.1434
1616 73.1434
1617 73.1434
1618 73.1434
1619 73.1434
1620 73.1434
1621 73.1434
1622 73.1434
1623 73.1434
1624 73.1434
1625 73.1434
1626 73.1434
1627 73.1434
1628 73.1434
1629 73.1434
1630 73.1434
1631 73.1434
1632 73.1434
1633 73.1434
1634 73.1434
1635 73.1434
1636 73.1434
1637 73.1434
1638 73.1434
1639 73.1434
1640 73.1434
1641 73.1434
1642 73.1434
1643 73.1434
1644 73.1434
1645 73.1434
1646 73.1434
1647 73.1434
1648 73.1434
1649 73.1434
1650 73.1434
1651 73.1434
1652 73.1434
1653 73.1434
1654 73.1434
1655 73.1434
1656 73.1434
1657 73.1434
1658 73.1434
1659 73.1434
1660 73.1434
1661 72.952
1662 72.952
1663 72.952
1664 72.952
1665 72.952
1666 72.7121
1667 72.7121
1668 72.7121
1669 72.952
1670 72.952
1671 72.952
1672 72.952
1673 72.952
1674 72.952
1675 72.952
1676 72.952
1677 72.952
1678 72.952
1679 72.952
1680 72.952
1681 72.952
1682 72.952
1683 72.952
1684 72.952
1685 72.952
1686 72.952
1687 72.952
1688 72.952
1689 72.952
1690 72.952
1691 72.952
1692 72.952
1693 72.952
1694 72.952
1695 72.952
1696 72.952
1697 72.952
1698 72.952
1699 72.952
1700 72.952
1701 72.952
1702 72.952
1703 72.655
1704 72.655
1705 72.655
1706 72.655
1707 72.655
1708 72.2326
1709 72.2326
1710 72.2326
1711 72.2326
1712 72.2326
1713 72.2326
1714 72.2326
1715 72.2326
1716 72.2326
1717 72.2326
1718 72.2326
1719 72.2326
1720 72.2326
1721 72.2326
1722 72.2326
1723 72.2326
1724 72.2326
1725 72.2326
1726 72.2326
1727 72.2326
1728 72.2326
1729 72.2326
1730 72.2326
1731 72.2326
1732 72.2326
1733 72.2326
1734 72.2326
1735 72.2326
1736 72.2326
1737 72.2326
1738 72.2326
1739 72.2326
1740 72.2326
1741 72.2326
1742 72.2326
1743 72.2326
1744 72.2326
1745 72.2326
1746 72.2326
1747 72.2326
1748 72.2326
1749 72.2326
1750 72.2326
1751 72.2326
1752 72.2326
1753 72.2326
1754 72.2326
1755 72.2326
1756 72.2326
1757 72.2326
1758 72.2326
1759 72.2326
1760 72.2326
1761 72.2326
1762 72.2326
1763 72.2326
1764 72.2326
1765 72.2326
1766 72.2326
1767 72.2326
1768 72.2326
1769 72.2326
1770 72.2326
1771 72.2326
1772 72.2326
1773 72.2326
1774 72.2326
1775 72.2326
1776 72.2326
1777 72.2326
1778 72.2326
1779 72.2326
1780 72.2326
1781 72.2326
1782 72.2326
1783 72.2326
1784 72.2326
1785 72.2326
1786 72.2326
1787 72.2326
1788 72.2326
1789 72.2326
1790 72.2326
1791 71.9713
1792 71.9713
1793 71.9713
1794 71.9713
1795 71.9713
1796 71.9713
1797 71.9713
1798 71.9713
1799 71.9713
1800 71.9713
1801 71.9713
1802 71.9713
1803 71.9713
1804 71.9713
1805 71.9713
1806 71.9713
1807 71.9713
1808 71.9713
1809 71.9713
1810 71.9713
1811 71.9713
1812 71.9713
1813 71.9713
1814 71.9713
1815 71.9713
1816 71.9713
1817 71.9713
1818 71.9713
1819 71.9713
1820 71.9713
1821 71.9713
1822 71.9713
1823 71.9713
1824 71.9713
1825 71.9713
1826 71.9713
1827 71.9713
1828 71.9713
1829 71.9713
1830 71.9713
1831 71.9713
1832 71.9713
1833 71.9713
1834 71.9713
1835 71.9713
1836 71.9713
1837 71.9713
1838 71.9713
1839 71.9713
1840 71.9713
1841 71.9713
1842 71.9713
1843 71.9713
1844 71.9713
1845 71.9713
1846 71.9713
1847 71.9713
1848 71.9713
1849 71.9713
1850 71.9713
1851 71.9713
1852 71.9713
1853 71.9713
1854 71.9713
1855 71.9713
1856 71.9713
1857 71.9713
1858 71.9713
1859 71.9713
1860 71.9513
1861 71.9513
1862 71.9513
1863 71.9513
1864 71.9513
1865 71.9513
1866 71.9513
1867 71.9513
1868 71.9513
1869 71.9513
1870 71.9513
1871 71.9513
1872 71.9513
1873 71.9513
1874 71.9513
1875 71.9513
1876 71.9513
1877 71.9513
1878 71.9513
1879 71.9513
1880 71.9513
1881 71.9513
1882 71.9513
1883 71.9513
1884 71.9513
1885 71.9513
1886 71.9513
1887 71.9513
1888 71.9513
1889 71.9513
1890 71.9513
1891 71.9513
1892 71.9513
1893 71.9513
1894 71.9513
1895 71.9513
1896 71.9513
1897 71.9513
1898 71.9513
1899 71.9513
1900 71.9513
1901 71.9513
1902 71.9513
1903 71.9513
1904 71.9513
1905 71.9513
1906 71.9513
1907 71.9513
1908 71.9513
1909 71.9513
1910 71.9513
1911 71.9513
1912 71.9513
1913 71.9513
1914 71.9513
1915 71.9513
1916 71.9513
1917 71.9513
1918 71.9513
1919 71.9513
1920 71.9513
1921 71.9513
1922 71.9513
1923 71.9513
1924 71.9513
1925 71.9513
1926 71.9513
1927 71.9513
1928 71.9513
1929 71.9513
1930 71.9513
1931 71.9513
1932 71.9513
1933 71.9513
1934 71.9513
1935 71.9513
1936 71.9513
1937 71.9513
1938 71.9513
1939 71.9513
1940 71.9513
1941 71.9513
1942 71.9513
1943 71.9513
1944 71.9513
1945 71.9513
1946 71.9513
1947 71.9513
1948 71.9513
1949 71.9513
1950 71.9513
1951 71.9513
1952 71.9513
1953 71.9513
1954 71.9513
1955 71.9513
1956 71.9513
1957 71.9513
1958 71.9513
1959 71.9513
1960 71.9513
1961 71.9513
1962 71.9513
1963 71.9513
1964 71.9513
1965 71.9513
1966 71.9513
1967 71.9513
1968 71.9513
1969 71.9513
1970 71.9513
1971 71.9513
1972 71.9513
1973 71.9513
1974 71.9513
1975 71.9513
1976 71.9513
1977 71.9513
1978 71.9513
1979 71.9513
1980 71.9513
1981 71.9513
1982 71.9513
1983 71.9513
1984 71.9513
1985 71.9513
1986 71.9513
1987 71.9513
1988 71.9513
1989 71.9513
1990 71.9513
1991 71.9513
1992 71.9513
1993 71.9513
1994 71.9513
1995 71.9513
1996 71.9513
1997 71.9513
1998 71.9513
1999 71.9513
2000 71.9513
2001 71.9513
2002 71.9513
2003 71.9513
2004 71.9513
2005 71.9513
2006 71.9513
2007 71.9513
2008 71.9513
2009 71.9513
2010 71.9513
2011 71.9513
2012 71.9513
2013 71.9513
2014 71.9513
2015 71.9513
2016 71.9513
2017 71.9513
2018 71.9513
2019 71.9513
2020 71.9513
2021 71.9513
2022 71.9513
2023 71.9513
2024 71.9513
2025 71.9513
2026 71.9513
2027 71.9513
2028 71.9513
2029 71.9513
2030 71.9513
2031 71.9513
2032 71.9513
2033 71.9513
2034 71.9513
2035 71.9513
2036 71.9513
2037 71.9513
2038 71.9513
2039 71.9513
2040 71.9513
2041 71.9513
2042 71.9513
2043 71.9513
2044 71.9513
2045 71.9513
2046 71.9513
2047 71.9513
2048 71.9513
2049 71.9513
2050 71.9513
2051 71.9513
2052 71.9513
2053 71.9513
2054 71.9513
2055 71.9513
2056 71.9513
2057 71.9513
2058 71.9513
2059 71.9513
2060 71.9513
2061 71.9513
2062 71.9513
2063 71.9513
2064 71.9513
2065 71.9513
2066 71.9513
2067 71.9513
2068 71.9513
2069 71.9513
2070 71.9513
2071 71.9513
2072 71.9513
2073 71.9513
2074 71.7075
2075 71.7075
2076 71.7075
2077 71.7075
2078 71.7075
2079 71.7075
2080 71.7075
2081 71.7075
2082 71.7075
2083 71.7075
2084 71.7075
2085 71.7075
2086 71.7075
2087 71.7075
2088 71.7075
2089 71.7075
2090 71.7075
2091 71.7075
2092 71.7075
2093 71.7075
2094 71.7075
2095 71.7075
2096 71.7075
2097 71.7075
2098 71.7075
2099 71.7075
2100 71.7075
2101 71.7075
2102 71.7075
2103 71.7075
2104 71.7075
2105 71.7075
2106 71.7075
2107 71.7075
2108 71.7075
2109 71.7075
2110 71.7075
2111 71.7075
2112 71.7075
2113 71.7075
2114 71.7075
2115 71.647
2116 71.647
2117 71.647
2118 71.647
2119 71.647
2120 71.647
2121 71.647
2122 71.647
2123 71.647
2124 71.647
2125 71.647
2126 71.647
2127 71.647
2128 71.647
2129 71.647
2130 71.647
2131 71.647
2132 71.647
2133 71.647
2134 71.647
2135 71.647
2136 71.647
2137 71.647
2138 71.647
2139 71.647
2140 71.647
2141 71.647
2142 71.647
2143 71.647
2144 71.647
2145 71.647
2146 71.647
2147 71.647
2148 71.647
2149 71.6245
2150 71.6245
2151 71.6245
2152 71.6245
2153 71.6245
2154 71.6245
2155 71.5472
2156 71.5472
2157 71.5472
2158 71.5472
2159 71.5472
2160 71.5472
2161 71.5472
2162 71.5472
2163 71.5472
2164 71.5472
2165 71.5472
2166 71.5472
2167 71.5472
2168 71.5472
2169 71.5472
2170 71.5472
2171 71.5472
2172 71.5472
2173 71.5472
2174 71.5472
2175 71.5472
2176 71.5472
2177 71.5472
2178 71.5472
2179 71.5472
2180 71.5472
2181 71.5472
2182 71.5472
2183 71.5472
2184 71.5472
2185 71.5472
2186 71.5472
2187 71.5472
2188 71.5472
2189 71.5472
2190 71.5472
2191 71.5472
2192 71.5472
2193 71.5472
2194 71.5472
2195 71.5472
2196 71.5472
2197 71.5472
2198 71.5472
2199 71.5472
2200 71.5472
2201 71.5472
2202 71.5472
2203 71.5472
2204 71.5472
2205 71.5472
2206 71.0678
2207 71.0678
2208 71.0678
2209 71.0678
2210 71.0678
2211 71.0678
2212 71.0678
2213 71.0678
2214 71.0678
2215 71.0678
2216 71.0678
2217 71.0678
2218 71.0678
2219 71.0678
2220 71.0678
2221 71.0678
2222 71.0678
2223 71.0678
2224 71.0678
2225 71.0678
2226 71.0678
2227 71.0678
2228 71.0678
2229 71.0678
2230 71.0678
2231 71.0678
2232 71.0678
2233 71.0678
2234 70.728
2235 70.728
2236 70.728
2237 70.728
2238 70.728
2239 70.728
2240 70.728
2241 70.728
2242 70.728
2243 70.728
2244 70.728
2245 70.728
2246 70.728
2247 70.728
2248 70.728
2249 70.728
2250 70.2633
2251 70.2633
2252 70.2633
2253 70.2633
2254 70.2633
2255 70.2633
2256 70.2633
2257 70.2633
2258 70.2633
2259 70.2633
2260 70.2633
2261 70.2633
2262 70.2633
2263 70.2633
2264 70.2633
2265 70.2633
2266 70.2633
2267 70.2633
2268 70.2633
2269 70.2633
2270 70.2633
2271 70.2633
2272 70.2633
2273 70.2633
2274 70.2633
2275 70.2633
2276 70.2633
2277 70.2633
2278 70.2633
2279 70.2633
2280 70.2633
2281 70.2633
2282 70.2633
2283 70.2633
2284 70.2633
2285 70.2633
2286 70.2633
2287 70.2633
2288 70.2633
2289 70.2633
2290 70.2633
2291 70.2633
2292 70.2633
2293 70.2633
2294 70.2633
2295 70.2633
2296 70.2633
2297 70.2633
2298 70.2633
2299 70.2633
2300 70.2633
2301 70.2633
2302 70.2633
2303 70.2633
2304 70.2633
2305 70.2633
2306 70.2633
2307 70.2633
2308 70.2633
2309 70.2633
2310 70.2633
2311 70.2633
2312 70.2633
2313 70.2633
2314 70.2633
2315 70.2633
2316 70.2633
2317 70.2633
2318 70.2633
2319 70.2633
2320 69.6416
2321 69.6416
2322 69.6416
2323 69.6416
2324 69.6416
2325 69.6416
2326 69.6416
2327 69.6416
2328 69.6416
2329 69.6416
2330 69.6416
2331 69.6416
2332 69.6416
2333 69.6416
2334 69.6416
2335 69.6416
2336 69.6416
2337 69.6416
2338 69.6416
2339 69.6416
2340 69.6416
2341 69.6416
2342 69.6416
2343 69.6416
2344 69.6416
2345 69.6416
2346 69.6416
2347 69.6416
2348 69.6416
2349 69.6416
2350 69.6416
2351 69.6416
2352 69.6416
2353 69.6416
2354 69.6416
2355 69.6416
2356 69.6416
2357 69.6416
2358 69.6416
2359 69.6416
2360 69.6416
2361 69.6416
2362 69.6416
2363 69.6416
2364 69.6416
2365 69.6416
2366 69.6416
2367 69.6416
2368 69.6416
2369 69.6416
2370 69.6416
2371 69.6416
2372 69.6416
2373 69.6416
2374 69.6416
2375 69.6416
2376 69.6416
2377 69.6416
2378 69.6416
2379 69.6416
2380 69.6416
2381 69.6416
2382 69.6416
2383 69.6416
2384 69.6416
2385 69.6416
2386 69.6416
2387 69.6416
2388 69.6416
2389 69.6416
2390 69.6416
2391 69.6416
2392 69.6416
2393 69.6416
2394 69.6416
2395 69.6416
2396 69.6416
2397 69.6416
2398 69.6416
2399 69.6416
2400 69.6416
2401 69.6416
2402 69.6416
2403 69.6416
2404 69.6416
2405 69.6416
2406 69.6416
2407 69.6416
2408 69.6416
2409 69.6416
2410 69.6416
2411 69.6416
2412 69.6416
2413 69.6416
2414 69.6416
2415 69.6416
2416 69.6416
2417 69.6416
2418 69.6416
2419 69.6416
2420 69.6416
2421 69.6416
2422 69.6416
2423 69.6416
2424 69.6416
2425 69.6416
2426 69.6416
2427 69.6416
2428 69.6416
2429 69.6416
2430 69.6416
2431 69.6416
2432 69.6416
2433 69.6416
2434 69.6416
2435 69.6416
2436 69.6416
2437 69.6416
2438 69.6416
2439 69.6416
2440 69.6416
2441 69.6416
2442 69.6416
2443 69.6416
2444 69.6416
2445 69.6416
2446 69.6416
2447 69.6416
2448 69.6416
2449 69.6416
2450 69.6416
2451 69.6416
2452 69.6416
2453 69.6416
2454 69.6416
2455 69.6416
2456 69.6416
2457 69.6416
2458 69.6416
2459 69.6416
2460 69.6416
2461 69.6416
2462 69.6416
2463 69.6416
2464 69.6416
2465 69.6416
2466 69.6416
2467 69.6416
2468 69.6416
2469 69.6416
2470 69.6416
2471 69.6416
2472 69.6416
2473 69.6416
2474 69.6416
2475 69.6416
2476 69.6416
2477 69.6416
2478 69.6416
2479 69.6416
2480 69.6416
2481 69.6416
2482 69.6416
2483 69.6416
2484 69.6416
2485 69.6416
2486 69.6416
2487 69.6416
2488 69.6416
2489 69.6416
2490 69.6416
2491 69.6416
2492 69.6416
2493 69.6416
2494 69.6416
2495 69.6416
2496 69.6416
2497 69.6416
2498 69.6416
2499 69.6416
2500 69.6416
2501 69.6416
2502 69.6416
2503 69.6416
2504 69.6416
2505 69.5861
2506 69.5861
2507 69.5861
2508 69.5861
2509 69.5861
2510 69.5861
2511 69.5861
2512 69.5861
2513 69.5861
2514 69.5861
2515 69.5861
2516 69.5861
2517 69.5861
2518 69.5861
2519 69.5861
2520 69.5861
2521 69.5861
2522 69.5861
2523 69.5861
2524 69.5861
2525 69.5861
2526 69.5861
2527 69.5861
2528 69.5861
2529 69.5861
2530 69.5861
2531 69.5861
2532 69.5861
2533 69.5861
2534 69.5861
2535 69.5861
2536 69.5861
2537 69.5861
2538 69.5861
2539 69.5861
2540 69.5861
2541 69.5861
2542 69.5861
2543 69.5861
2544 69.5861
2545 69.5861
2546 69.5861
2547 69.5861
2548 69.5861
2549 69.5861
2550 69.5861
2551 69.5861
2552 69.5861
2553 69.5861
2554 69.5861
2555 69.5861
2556 69.5861
2557 69.5861
2558 69.5861
2559 69.5861
2560 69.5861
2561 69.5861
2562 69.5861
2563 69.5861
2564 69.5861
2565 69.5861
2566 69.5861
2567 69.5861
2568 69.5861
2569 69.5861
2570 69.5861
2571 69.5861
2572 69.5861
2573 69.5861
2574 69.5861
2575 69.5861
2576 69.5861
2577 69.5861
2578 69.5861
2579 69.5861
2580 69.5861
2581 69.5861
2582 69.5861
2583 69.5861
2584 69.5861
2585 69.5861
2586 69.5861
2587 69.5861
2588 69.5861
2589 69.5861
2590 69.5861
2591 69.5861
2592 69.5861
2593 69.5861
2594 69.5861
2595 69.5861
2596 69.5861
2597 69.5861
2598 69.5861
2599 69.5861
2600 69.5861
2601 69.5861
2602 69.5861
2603 69.5861
2604 69.5861
2605 69.5861
2606 69.5861
2607 69.5861
2608 69.5861
2609 69.5861
2610 69.5861
2611 69.5861
2612 69.5861
2613 69.5861
2614 69.5861
2615 69.5861
2616 69.5861
2617 69.5861
2618 69.5861
2619 69.5861
2620 69.5861
2621 69.5861
2622 69.5861
2623 69.5861
2624 69.5861
2625 69.5861
2626 69.5861
2627 69.5861
2628 69.5861
2629 69.5861
2630 69.5861
2631 69.5861
2632 69.5861
2633 69.5861
2634 69.5861
2635 69.5861
2636 69.5861
2637 69.5861
2638 69.5861
2639 69.5861
2640 69.5861
2641 69.5861
2642 69.5861
2643 69.5861
2644 69.5861
2645 69.5861
2646 69.5861
2647 69.5861
2648 69.5861
2649 69.5861
2650 69.5861
2651 69.5861
2652 69.5861
2653 69.5861
2654 69.5861
2655 69.5861
2656 69.5861
2657 69.5861
2658 69.5861
2659 69.5861
2660 69.5861
2661 69.5861
2662 69.5861
2663 69.5861
2664 69.5861
2665 69.5861
2666 69.5861
2667 69.5861
2668 69.5861
2669 69.5861
2670 69.5861
2671 69.5861
2672 69.5861
2673 69.5861
2674 69.5861
2675 69.5861
2676 69.5861
2677 69.5861
2678 69.5861
2679 69.5861
2680 69.5861
2681 69.5861
2682 69.5861
2683 69.5861
2684 69.5861
2685 69.5861
2686 69.5861
2687 69.5861
2688 69.5861
2689 69.5861
2690 69.5861
2691 69.5861
2692 69.5861
2693 69.5861
2694 69.5861
2695 69.5861
2696 69.5861
2697 69.5861
2698 69.5861
2699 69.5861
2700 69.5861
2701 69.5861
2702 69.5861
2703 69.5861
2704 69.5861
2705 69.5861
2706 69.5861
2707 69.5861
2708 69.5861
2709 69.5861
2710 69.5861
2711 69.5861
2712 69.5861
2713 69.5861
2714 69.5861
2715 69.5861
2716 69.5861
2717 69.5861
2718 69.5861
2719 69.5861
2720 69.5861
2721 69.5861
2722 69.5861
2723 69.5861
2724 69.5861
2725 69.5861
2726 69.4954
2727 69.4954
2728 69.4954
2729 69.4954
2730 69.4954
2731 69.4954
2732 69.4954
2733 69.4954
2734 69.4954
2735 69.4954
2736 69.4954
2737 69.4954
2738 69.4954
2739 69.4954
2740 69.4954
2741 69.4954
2742 69.4954
2743 69.4954
2744 69.4954
2745 69.4954
2746 69.4954
2747 69.4954
2748 69.4954
2749 69.4954
2750 69.4954
2751 69.4954
2752 69.4954
2753 69.4954
2754 69.4954
2755 69.4954
2756 69.4954
2757 69.4954
2758 69.4954
2759 69.4954
2760 69.4954
2761 69.4954
2762 69.4954
2763 69.4954
2764 69.4954
2765 69.4954
2766 69.4954
2767 69.4954
2768 69.4954
2769 69.4954
2770 69.4954
2771 69.4954
2772 69.4954
2773 69.4954
2774 69.4954
2775 69.4954
2776 69.4954
2777 69.4954
2778 69.4954
2779 69.4954
2780 69.4954
2781 69.4954
2782 69.4954
2783 69.4954
2784 69.4954
2785 69.4954
2786 69.4954
2787 69.4954
2788 69.4954
2789 69.4954
2790 69.4954
2791 69.4954
2792 69.4954
2793 69.4954
2794 69.4954
2795 69.4954
2796 69.4954
2797 69.4954
2798 69.4954
2799 69.4954
2800 69.4954
2801 69.4954
2802 69.4954
2803 69.4954
2804 69.4954
2805 69.4954
2806 69.4954
2807 69.4954
2808 69.4954
2809 69.4954
2810 69.4954
2811 69.4954
2812 69.4954
2813 69.4954
2814 69.4954
2815 69.4954
2816 69.4954
2817 69.4954
2818 69.4954
2819 69.4954
2820 69.4954
2821 69.4954
2822 69.4954
2823 69.4954
2824 69.4954
2825 69.4954
2826 69.4954
2827 69.4954
2828 69.4954
2829 69.4954
2830 69.4954
2831 69.4954
2832 69.4954
2833 69.4954
2834 69.4954
2835 69.4954
2836 69.4954
2837 69.4954
2838 69.4954
2839 69.4954
2840 69.4954
2841 69.4954
2842 69.4954
2843 69.4954
2844 69.4954
2845 69.4954
2846 69.4954
2847 69.4954
2848 69.4954
2849 69.4954
2850 69.4954
2851 69.4954
2852 69.4954
2853 69.4954
2854 69.4954
2855 69.4954
2856 69.4954
2857 69.4954
2858 69.4954
2859 69.4954
2860 69.4954
2861 69.4954
2862 69.4954
2863 69.4954
2864 69.4954
2865 69.4954
2866 69.4954
2867 69.4954
2868 69.4954
2869 69.4954
2870 69.4954
2871 69.4954
2872 69.4954
2873 69.4954
2874 69.4954
2875 69.4954
2876 69.4954
2877 69.4954
2878 69.4954
2879 69.4954
2880 69.4954
2881 69.4954
2882 69.4954
2883 69.4954
2884 69.4954
2885 69.4954
2886 69.4954
2887 69.4954
2888 69.4954
2889 69.4954
2890 69.4954
2891 69.4954
2892 69.4954
2893 69.4954
2894 69.4954
2895 69.4954
2896 69.4954
2897 69.4954
2898 69.4954
2899 69.4954
2900 69.4954
2901 69.4954
2902 69.4954
2903 69.4954
2904 69.4954
2905 69.4954
2906 69.4954
2907 69.4954
2908 69.4954
2909 69.4954
2910 69.4954
2911 69.4954
2912 69.4954
2913 69.4954
2914 69.4954
2915 69.4954
2916 69.4954
2917 69.4954
2918 69.4954
2919 69.4954
2920 69.4954
2921 69.4954
2922 69.4954
2923 69.4954
2924 69.4954
2925 69.4954
2926 69.4954
2927 69.4954
2928 69.4954
2929 69.4954
2930 69.4954
2931 69.4954
2932 69.4954
2933 69.4954
2934 69.4954
2935 69.4954
2936 69.4954
2937 69.4954
2938 69.4954
2939 69.4954
2940 69.4954
2941 69.4954
2942 69.4954
2943 69.4954
2944 69.4954
2945 69.4954
2946 69.4954
2947 69.4954
2948 69.4954
2949 69.4954
2950 69.4954
2951 69.4954
2952 69.4954
2953 69.4954
2954 69.4954
2955 69.4954
2956 69.4954
2957 69.4954
2958 69.4954
2959 69.4954
2960 69.4954
2961 69.4954
2962 69.4954
2963 69.4954
2964 69.4954
2965 69.4954
2966 69.4954
2967 69.4954
2968 69.4954
2969 69.4954
2970 69.4954
2971 69.4954
2972 69.4954
2973 69.4954
2974 69.4954
2975 69.4954
2976 69.4954
2977 69.4954
2978 69.4954
2979 69.4954
2980 69.4954
2981 69.4954
2982 69.4954
2983 69.4954
2984 69.4954
2985 69.4954
2986 69.4954
2987 69.4954
2988 69.4954
2989 69.4954
2990 69.4954
2991 69.4954
2992 69.4954
2993 69.4954
2994 69.4954
2995 69.4954
2996 69.4954
2997 69.4515
2998 69.4954
2999 69.4954
3000 69.4954
3001 69.4954
3002 69.4954
3003 69.4954
3004 69.4954
3005 69.4954
3006 69.4954
3007 69.4954
3008 69.4954
3009 69.4954
3010 69.4954
3011 69.4954
3012 69.4954
3013 69.4954
3014 69.4954
3015 69.4954
3016 69.4954
3017 69.4954
3018 69.4954
3019 69.4954
3020 69.4954
3021 69.4954
3022 69.4954
3023 69.4954
3024 69.4954
3025 69.4954
3026 69.4954
3027 69.4954
3028 69.4954
3029 69.4954
3030 69.4954
3031 69.4954
3032 69.4954
3033 69.4954
3034 69.4954
3035 69.4954
3036 69.4954
3037 69.4954
3038 69.4954
3039 69.4954
3040 69.4954
3041 69.4954
3042 69.4954
3043 69.4954
3044 69.4954
3045 69.4954
3046 69.4954
3047 69.4954
3048 69.4954
3049 69.4954
3050 69.4954
3051 69.4954
3052 69.4954
3053 69.4954
3054 69.4954
3055 69.4954
3056 69.4954
3057 69.4954
3058 69.4954
3059 69.4954
3060 69.4954
3061 69.4954
3062 69.4954
3063 69.4954
3064 69.4954
3065 69.4954
3066 69.4954
3067 69.4954
3068 69.4954
3069 69.4954
3070 69.4954
3071 69.4954
3072 69.4954
3073 69.4954
3074 69.4954
3075 69.4954
3076 69.4954
3077 69.4954
3078 69.4954
3079 69.4954
3080 69.4954
3081 69.4954
3082 69.4954
3083 69.4954
3084 69.4954
3085 69.4954
3086 69.4954
3087 69.4954
3088 69.4954
3089 69.4954
3090 69.4879
3091 69.4879
3092 69.4879
3093 69.4879
3094 69.4879
3095 69.4879
3096 69.4879
3097 69.4879
3098 69.4879
3099 69.4879
3100 69.4879
3101 69.4879
3102 69.4879
3103 69.4879
3104 69.4879
3105 69.4879
3106 69.4879
3107 69.4879
3108 69.4879
3109 69.4879
3110 69.4879
3111 69.4879
3112 69.4879
3113 69.4879
3114 69.4879
3115 69.4879
3116 69.4879
3117 69.4879
3118 69.4879
3119 69.4879
3120 69.4879
3121 69.4879
3122 69.4879
3123 69.4879
3124 69.4879
3125 69.4879
3126 69.4879
3127 69.4879
3128 69.4879
3129 69.4879
3130 69.4879
3131 69.4879
3132 69.4879
3133 69.4879
3134 69.4879
3135 69.4879
3136 69.4879
3137 69.4879
3138 69.4879
3139 69.4879
3140 69.4879
3141 69.4879
3142 69.4879
3143 69.4879
3144 69.4879
3145 69.4879
3146 69.4879
3147 69.4879
3148 69.4879
3149 69.4879
3150 69.4879
3151 69.4879
3152 69.4879
3153 69.4879
3154 69.4879
3155 69.4879
3156 69.4879
3157 69.4879
3158 69.4879
3159 69.4879
3160 69.4879
3161 69.4879
3162 69.4879
3163 69.4879
3164 69.4879
3165 69.4879
3166 69.4879
3167 69.4879
3168 69.4879
3169 69.4879
3170 69.4879
3171 69.4879
3172 69.4879
3173 69.4879
3174 69.4879
3175 69.4879
3176 69.4879
3177 69.4879
3178 69.4879
3179 69.4879
3180 69.4879
3181 69.4879
3182 69.4879
3183 69.4879
3184 69.4879
3185 69.4879
3186 69.4879
3187 69.4879
3188 69.4879
3189 69.4879
3190 69.4879
3191 69.4879
3192 69.4879
3193 69.4879
3194 69.4879
3195 69.4879
3196 69.4879
3197 69.4879
3198 69.4879
3199 69.4879
3200 69.4879
3201 69.4879
3202 69.4879
3203 69.4879
3204 69.4879
3205 69.4879
3206 69.4879
3207 69.4879
3208 69.4879
3209 69.4879
3210 69.4879
3211 69.4879
3212 69.4879
3213 69.4879
3214 69.4879
3215 69.4879
3216 69.4879
3217 69.4879
3218 69.4879
3219 69.4879
3220 69.4879
3221 69.4879
3222 69.4879
3223 69.4879
3224 69.4879
3225 69.4879
3226 69.4879
3227 69.444
3228 69.444
3229 69.444
3230 69.444
3231 69.444
3232 69.444
3233 69.444
3234 69.444
3235 69.444
3236 69.444
3237 69.444
3238 69.444
3239 69.444
3240 69.444
3241 69.444
3242 69.444
3243 69.444
3244 69.444
3245 69.444
3246 69.444
3247 69.444
3248 69.444
3249 69.444
3250 69.444
3251 69.444
3252 69.444
3253 69.444
3254 69.444
3255 69.444
3256 69.444
3257 69.444
3258 69.444
3259 69.444
3260 69.444
3261 69.444
3262 69.444
3263 69.444
3264 69.444
3265 69.444
3266 69.444
3267 69.444
3268 69.444
3269 69.444
3270 69.444
3271 69.444
3272 69.444
3273 69.444
3274 69.444
3275 69.444
3276 69.444
3277 69.444
3278 69.444
3279 69.444
3280 69.444
3281 69.444
3282 69.444
3283 69.444
3284 69.444
3285 69.444
3286 69.444
3287 69.444
3288 69.444
3289 69.444
3290 69.444
3291 69.444
3292 69.444
3293 69.444
3294 69.444
3295 69.444
3296 69.444
3297 69.444
3298 69.444
3299 69.444
3300 69.444
3301 69.444
3302 69.444
3303 69.444
3304 69.444
3305 69.444
3306 69.444
3307 69.444
3308 69.444
3309 69.444
3310 69.444
3311 69.444
3312 69.444
3313 69.444
3314 69.444
3315 69.444
3316 69.444
3317 69.444
3318 69.444
3319 69.444
3320 69.444
3321 69.444
3322 69.444
3323 69.444
3324 69.444
3325 69.444
3326 69.444
3327 69.444
3328 69.444
3329 69.444
3330 69.444
3331 69.444
3332 69.444
3333 69.444
3334 69.444
3335 69.444
3336 69.444
3337 69.444
3338 69.444
3339 69.444
3340 69.444
3341 69.444
3342 69.444
3343 69.444
3344 69.444
3345 69.444
3346 69.444
3347 69.444
3348 69.444
3349 69.444
3350 69.444
3351 69.444
3352 69.444
3353 69.444
3354 69.444
3355 69.444
3356 69.444
3357 69.444
3358 69.444
3359 69.444
3360 69.444
3361 69.444
3362 69.444
3363 69.444
3364 69.444
3365 69.444
3366 69.444
3367 69.444
3368 69.444
3369 69.444
3370 69.444
3371 69.444
3372 69.444
3373 69.444
3374 69.444
3375 69.444
3376 69.444
3377 69.444
3378 69.444
3379 69.444
3380 69.444
3381 69.444
3382 69.444
3383 69.444
3384 69.444
3385 69.444
3386 69.444
3387 69.444
3388 69.444
3389 69.444
3390 69.444
3391 69.444
3392 69.444
3393 69.444
3394 69.444
3395 69.444
3396 69.444
3397 69.444
3398 69.444
3399 69.444
3400 69.444
3401 69.444
3402 69.444
3403 69.444
3404 69.444
3405 69.444
3406 69.444
3407 69.444
3408 69.444
3409 69.444
3410 69.444
3411 69.444
3412 69.444
3413 69.444
3414 69.444
3415 69.444
3416 69.444
3417 69.444
3418 69.444
3419 69.444
3420 69.444
3421 69.444
3422 69.444
3423 69.444
3424 69.444
3425 69.444
3426 69.444
3427 69.444
3428 69.444
3429 69.444
3430 69.444
3431 69.444
3432 69.444
3433 69.4055
3434 69.4055
3435 69.4055
3436 69.4055
3437 69.4055
3438 69.4055
3439 69.4055
3440 69.4055
3441 69.4055
3442 69.4055
3443 69.4055
3444 69.4055
3445 69.4055
3446 69.4055
3447 69.4055
3448 69.4055
3449 69.4055
3450 69.4055
3451 69.4055
3452 69.4055
3453 69.4055
3454 69.4055
3455 69.4055
3456 69.4055
3457 69.4055
3458 69.4055
3459 69.4055
3460 69.4055
3461 69.4055
3462 69.4055
3463 69.4055
3464 69.4055
3465 69.4055
3466 69.4055
3467 69.4055
3468 69.4055
3469 69.4055
3470 69.4055
3471 69.4055
3472 69.4055
3473 69.4055
3474 69.4055
3475 69.4055
3476 69.4055
3477 69.4055
3478 69.4055
3479 69.4055
3480 69.4055
3481 69.4055
3482 69.4055
3483 69.4055
3484 69.4055
3485 69.4055
3486 69.4055
3487 69.4055
3488 69.4055
3489 69.4055
3490 69.4055
3491 69.4055
3492 69.4055
3493 69.4055
3494 69.4055
3495 69.4055
3496 69.4055
3497 69.4055
3498 69.4055
3499 69.4055
3500 69.4055
3501 69.4055
3502 69.4055
3503 69.4055
3504 69.4055
3505 69.4055
3506 69.4055
3507 69.4055
3508 69.4055
3509 69.4055
3510 69.4055
3511 69.4055
3512 69.4055
3513 69.4055
3514 69.4055
3515 69.4055
3516 69.4055
3517 69.4055
3518 69.4055
3519 69.4055
3520 69.4055
3521 66.8665
3522 66.8665
3523 66.8665
3524 66.8665
3525 66.8665
3526 66.7771
3527 66.7771
3528 66.7771
3529 66.7771
3530 66.7771
3531 66.7771
3532 66.7771
3533 66.7771
3534 66.7771
3535 66.7771
3536 66.7771
3537 66.7771
3538 66.7771
3539 66.7771
3540 66.7771
3541 66.7771
3542 66.7771
3543 66.7771
3544 66.7771
3545 66.7771
3546 66.7771
3547 66.7771
3548 66.7771
3549 66.7771
3550 66.7771
3551 66.7771
3552 66.7771
3553 66.7771
3554 66.7771
3555 66.7771
3556 66.7771
3557 66.7771
3558 66.7771
3559 66.7771
3560 66.7771
3561 66.7771
3562 66.7771
3563 66.7771
3564 66.7771
3565 66.7771
3566 66.7771
3567 66.7771
3568 66.7771
3569 66.7771
3570 66.7771
3571 66.7771
3572 66.7771
3573 66.7771
3574 66.7771
3575 66.7771
3576 66.7771
3577 66.7771
3578 66.7771
3579 66.7771
3580 66.7771
3581 66.7771
3582 66.7771
3583 66.7771
3584 66.7771
3585 66.7771
3586 66.7771
3587 66.7771
3588 66.7771
3589 66.7771
3590 66.7771
3591 66.7771
3592 66.7771
3593 66.7771
3594 66.7771
3595 66.7771
3596 66.7771
3597 66.7771
3598 66.7771
3599 66.7771
3600 66.7771
3601 66.7771
3602 66.7771
3603 66.7771
3604 66.7771
3605 66.7771
3606 66.7771
3607 66.7771
3608 66.7771
3609 66.7771
3610 66.7771
3611 66.7771
3612 66.7771
3613 66.7771
3614 66.7771
3615 66.7771
3616 66.7771
3617 66.7771
3618 66.7771
3619 66.7771
3620 66.7771
3621 66.7771
3622 66.7771
3623 66.7771
3624 66.7771
3625 66.7771
3626 66.7771
3627 66.7771
3628 66.7771
3629 66.7771
3630 66.7771
3631 66.7771
3632 66.7771
3633 66.7771
3634 66.7771
3635 66.7771
3636 66.7771
3637 66.7771
3638 66.7771
3639 66.7771
3640 66.7771
3641 66.7771
3642 66.7771
3643 66.7771
3644 66.7771
3645 66.7771
3646 66.7771
3647 66.7771
3648 66.7771
3649 66.7771
3650 66.7771
3651 66.7771
3652 66.7771
3653 66.7771
3654 66.7771
3655 66.7771
3656 66.7771
3657 66.7771
3658 66.7771
3659 66.7771
3660 66.7771
3661 66.7771
3662 66.7771
3663 66.7771
3664 66.7771
3665 66.7771
3666 66.7771
3667 66.7771
3668 66.7771
3669 66.7771
3670 66.7771
3671 66.7771
3672 66.7771
3673 66.7771
3674 66.7771
3675 66.7771
3676 66.7771
3677 66.7771
3678 66.7771
3679 66.7771
3680 66.7771
3681 66.7771
3682 66.7771
3683 66.7771
3684 66.7771
3685 66.7771
3686 66.7771
3687 66.7771
3688 66.7771
3689 66.7771
3690 66.7771
3691 66.7771
3692 66.7771
3693 66.7771
3694 66.7771
3695 66.7771
3696 66.7771
3697 66.7771
3698 66.7771
3699 66.7771
3700 66.7771
3701 66.7771
3702 66.7771
3703 66.7771
3704 66.7771
3705 66.7771
3706 66.7771
3707 66.7771
3708 66.7771
3709 66.7771
3710 66.7771
3711 66.7771
3712 66.7771
3713 66.7771
3714 66.7771
3715 66.7771
3716 66.7771
3717 66.7771
3718 66.7771
3719 66.7771
3720 66.7771
3721 66.7771
3722 66.7771
3723 66.7771
3724 66.7771
3725 66.7771
3726 66.7771
3727 66.7771
3728 66.7771
3729 66.7771
3730 66.7771
3731 66.7771
3732 66.7771
3733 66.7771
3734 66.7771
3735 66.7771
3736 66.7771
3737 66.7771
3738 66.7771
3739 66.7771
3740 66.7771
3741 66.7771
3742 66.7771
3743 66.7771
3744 66.7771
3745 66.7771
3746 66.7771
3747 66.7771
3748 66.7771
3749 66.7771
3750 66.7771
3751 66.7771
3752 66.7771
3753 66.7771
3754 66.7771
3755 66.7771
3756 66.7771
3757 66.7771
3758 66.7771
3759 66.7771
3760 66.7771
3761 66.7771
3762 66.7771
3763 66.7771
3764 66.7771
3765 66.7771
3766 66.7771
3767 66.7771
3768 66.7771
3769 66.7771
3770 66.7771
3771 66.7771
3772 66.7771
3773 66.7771
3774 66.7771
3775 66.7771
3776 66.7771
3777 66.7771
3778 66.7771
3779 66.7771
3780 66.7771
3781 66.7771
3782 66.7771
3783 66.7771
3784 66.7771
3785 66.7771
3786 66.7771
3787 66.7771
3788 66.7771
3789 66.7771
3790 66.7771
3791 66.7771
3792 66.7771
3793 66.7771
3794 66.7771
3795 66.7771
3796 66.7771
3797 66.7771
3798 66.7771
3799 66.7771
3800 66.7771
3801 66.7771
3802 66.7771
3803 66.7771
3804 66.7771
3805 66.7771
3806 66.7771
3807 66.7771
3808 66.7771
3809 66.7771
3810 66.7771
3811 66.7771
3812 66.7771
3813 66.7771
3814 66.7771
3815 66.7771
3816 66.7771
3817 66.7771
3818 66.7771
3819 66.7771
3820 66.7771
3821 66.7771
3822 66.7771
3823 66.7771
3824 66.7771
3825 66.7771
3826 66.7771
3827 66.7771
3828 66.7771
3829 66.7771
3830 66.7771
3831 66.7771
3832 66.7771
3833 66.7771
3834 66.7771
3835 66.7771
3836 66.7771
3837 66.7771
3838 66.7771
3839 66.7771
3840 66.7771
3841 66.7771
3842 66.7771
3843 66.7771
3844 66.7771
3845 66.7771
3846 66.7771
3847 66.7771
3848 66.7771
3849 66.7771
3850 66.7771
3851 66.7771
3852 66.7771
3853 66.7771
3854 66.7771
3855 66.7771
3856 66.7771
3857 66.7771
3858 66.7771
3859 66.7771
3860 66.7771
3861 66.7771
3862 66.7771
3863 66.7771
3864 66.7771
3865 66.7771
3866 66.7771
3867 66.7771
3868 66.7771
3869 66.7771
3870 66.7771
3871 66.7771
3872 66.7771
3873 66.7771
3874 66.7771
3875 66.7771
3876 66.7771
3877 66.7771
3878 66.7771
3879 66.7771
3880 66.7771
3881 66.7771
3882 66.7771
3883 66.7771
3884 66.7771
3885 66.7771
3886 66.7771
3887 66.7771
3888 66.7771
3889 66.7771
3890 66.7771
3891 66.7771
3892 66.7771
3893 66.7771
3894 66.7771
3895 66.7771
3896 66.7771
3897 66.7771
3898 66.7771
3899 66.7771
3900 66.7771
3901 66.7771
3902 66.7771
3903 66.7771
3904 66.7771
3905 66.7771
3906 66.7771
3907 66.7771
3908 66.7771
3909 66.7771
3910 66.7771
3911 66.7771
3912 66.7771
3913 66.7771
3914 66.7771
3915 66.7771
3916 66.7771
3917 66.7771
3918 66.7771
3919 66.7771
3920 66.7771
3921 66.7771
3922 66.7771
3923 66.7771
3924 66.7771
3925 66.7771
3926 66.7771
3927 66.7771
3928 66.7771
3929 66.7771
3930 66.7771
3931 66.7771
3932 66.7771
3933 66.7771
3934 66.7771
3935 66.7771
3936 66.7771
3937 66.7771
3938 66.7771
3939 66.7771
3940 66.7771
3941 66.7771
3942 66.7771
3943 66.7771
3944 66.7771
3945 66.7771
3946 66.7771
3947 66.7771
3948 66.7771
3949 66.7771
3950 66.7771
3951 66.7771
3952 66.7771
3953 66.7771
3954 66.7771
3955 66.7771
3956 66.7771
3957 66.7771
3958 66.7771
3959 66.7771
3960 66.7771
3961 66.7771
3962 66.7771
3963 66.7771
3964 66.7771
3965 66.7771
3966 66.7771
3967 66.7771
3968 66.7771
3969 66.7771
3970 66.7771
3971 66.7771
3972 66.7771
3973 66.7771
3974 66.7771
3975 66.7771
3976 66.7771
3977 66.7771
3978 66.7771
3979 66.7771
3980 66.7771
3981 66.7771
3982 66.7771
3983 66.7771
3984 66.7771
3985 66.7771
3986 66.7771
3987 66.7771
3988 66.7771
3989 66.7771
3990 66.7771
3991 66.7771
3992 66.7771
3993 66.7771
3994 66.7771
3995 66.7771
3996 66.7771
3997 66.7771
3998 66.7771
3999 66.7771
4000 66.7771
4001 66.7771
4002 66.7771
4003 66.7771
4004 66.7771
4005 66.7771
4006 66.7771
4007 66.7771
4008 66.7771
4009 66.7771
4010 66.7771
4011 66.7771
4012 66.7771
4013 66.7771
4014 66.7771
4015 66.7771
4016 66.7771
4017 66.7771
4018 66.7771
4019 66.7771
4020 66.7771
4021 66.7771
4022 66.7771
4023 66.7771
4024 66.7771
4025 66.7771
4026 66.7771
4027 66.7771
4028 66.7771
4029 66.7771
4030 66.7771
4031 66.7771
4032 66.7771
4033 66.7771
4034 66.7771
4035 66.7771
4036 66.7771
4037 66.7771
4038 66.7771
4039 66.7771
4040 66.7771
4041 66.7771
4042 66.7771
4043 66.7771
4044 66.7771
4045 66.7771
4046 66.7771
4047 66.7771
4048 66.7771
4049 66.7771
4050 66.7771
4051 66.7771
4052 66.7771
4053 66.7771
4054 66.7771
4055 66.7771
4056 66.7771
4057 66.7771
4058 66.7771
4059 66.7771
4060 66.7771
4061 66.7771
4062 66.7771
4063 66.7771
4064 66.7771
4065 66.7771
4066 66.7771
4067 66.7771
4068 66.7771
4069 66.7771
4070 66.7771
4071 66.7771
4072 66.7771
4073 66.7771
4074 66.7771
4075 66.7771
4076 66.7771
4077 66.7771
4078 66.7771
4079 66.7771
4080 66.7771
4081 66.7771
4082 66.7771
4083 66.7771
4084 66.7771
4085 66.7771
4086 66.7771
4087 66.7771
4088 66.7771
4089 66.7771
4090 66.7771
4091 66.7771
4092 66.7771
4093 66.7771
4094 66.7771
4095 66.7771
4096 66.7771
4097 66.7771
4098 66.7771
4099 66.7771
4100 66.7771
4101 66.7771
4102 66.7771
4103 66.7771
4104 66.7771
4105 66.7771
4106 66.7771
4107 66.7771
4108 66.7771
4109 66.7771
4110 66.7771
4111 66.7771
4112 66.7771
4113 66.7771
4114 66.7771
4115 66.7771
4116 66.7771
4117 66.7771
4118 66.7771
4119 66.7771
4120 66.7771
4121 66.7771
4122 66.7771
4123 66.7771
4124 66.7771
4125 66.7771
4126 66.7771
4127 66.7771
4128 66.7771
4129 66.7771
4130 66.7771
4131 66.7771
4132 66.7771
4133 66.7771
4134 66.7771
4135 66.7771
4136 66.7771
4137 66.7771
4138 66.7771
4139 66.7771
4140 66.7771
4141 66.7771
4142 66.7771
4143 66.7771
4144 66.7771
4145 66.7771
4146 66.7771
4147 66.7771
4148 66.7771
4149 66.7771
4150 66.7771
4151 66.7771
4152 66.7771
4153 66.7771
4154 66.7771
4155 66.7771
4156 66.7771
4157 66.7771
4158 66.7771
4159 66.7771
4160 66.7771
4161 66.7771
4162 66.7771
4163 66.7771
4164 66.7771
4165 66.7771
4166 66.7771
4167 66.7771
4168 66.7771
4169 66.7771
4170 66.7771
4171 66.7771
4172 66.7771
4173 66.7771
4174 66.7771
4175 66.7771
4176 66.7771
4177 66.7771
4178 66.7771
4179 66.7771
4180 66.7771
4181 66.7771
4182 66.7771
4183 66.7771
4184 66.7771
4185 66.7771
4186 66.7771
4187 66.7771
4188 66.7771
4189 66.7771
4190 66.7771
4191 66.7771
4192 66.7771
4193 66.7771
4194 66.7771
4195 66.7771
4196 66.7771
4197 66.7771
4198 66.7771
4199 66.7771
4200 66.7771
4201 66.7771
4202 66.7771
4203 66.7771
4204 66.7771
4205 66.7771
4206 66.7771
4207 66.7771
4208 66.7771
4209 66.7771
4210 66.7771
4211 66.7771
4212 66.7771
4213 66.7771
4214 66.7771
4215 66.7771
4216 66.7771
4217 66.7771
4218 66.7771
4219 66.7771
4220 66.7771
4221 66.7771
4222 66.7771
4223 66.7771
4224 66.7771
4225 66.7771
4226 66.7771
4227 66.7771
4228 66.7771
4229 66.7771
4230 66.7771
4231 66.7771
4232 66.7771
4233 66.7771
4234 66.7771
4235 66.7771
4236 66.7771
4237 66.7771
4238 66.7771
4239 66.7771
4240 66.7771
4241 66.7771
4242 66.7771
4243 66.7771
4244 66.7771
4245 66.7771
4246 66.7771
4247 66.7771
4248 66.7771
4249 66.7771
4250 66.7771
4251 66.7771
4252 66.7771
4253 66.7771
4254 66.7771
4255 66.7771
4256 66.7771
4257 66.7771
4258 66.7771
4259 66.7771
4260 66.7771
4261 66.7771
4262 66.7771
4263 66.7771
4264 66.7771
4265 66.7771
4266 66.7771
4267 66.7771
4268 66.7771
4269 66.7771
4270 66.7771
4271 66.7771
4272 66.7771
4273 66.7771
4274 66.7771
4275 66.7771
4276 66.7771
4277 66.7771
4278 66.7771
4279 66.7771
4280 66.7771
4281 66.7771
4282 66.7771
4283 66.7771
4284 66.7771
4285 66.7771
4286 66.7771
4287 66.7771
4288 66.7771
4289 66.7771
4290 66.7771
4291 66.7771
4292 66.7771
4293 66.7771
4294 66.7771
4295 66.7771
4296 66.7771
4297 66.7771
4298 66.7771
4299 66.7771
4300 66.7771
4301 66.7771
4302 66.7771
4303 66.7771
4304 66.7771
4305 66.7771
4306 66.7771
4307 66.7771
4308 66.7771
4309 66.7771
4310 66.7771
4311 66.7771
4312 66.7771
4313 66.7771
4314 66.7771
4315 66.7771
4316 66.7771
4317 66.7771
4318 66.7771
4319 66.7771
4320 66.7771
4321 66.7771
4322 66.7771
4323 66.7771
4324 66.7771
4325 66.7771
4326 66.7771
4327 66.7771
4328 66.7771
4329 66.7771
4330 66.7771
4331 66.7771
4332 66.7771
4333 66.7771
4334 66.7771
4335 66.7771
4336 66.7771
4337 66.7771
4338 66.7771
4339 66.7771
4340 66.7771
4341 66.7771
4342 66.7771
4343 66.7771
4344 66.7771
4345 66.7771
4346 66.7771
4347 66.7771
4348 66.7771
4349 66.7771
4350 66.7771
4351 66.7771
4352 66.7771
4353 66.7771
4354 66.7771
4355 66.7771
4356 66.7771
4357 66.7771
4358 66.7771
4359 66.7771
4360 66.7771
4361 66.7771
4362 66.7771
4363 66.7771
4364 66.7771
4365 66.7771
4366 66.7771
4367 66.7771
4368 66.7771
4369 66.7771
4370 66.7771
4371 66.7771
4372 66.7771
4373 66.7771
4374 66.7771
4375 66.7771
4376 66.7771
4377 66.7771
4378 66.7771
4379 66.7771
4380 66.7771
4381 66.7771
4382 66.7771
4383 66.7771
4384 66.7771
4385 66.7771
4386 66.7771
4387 66.7771
4388 66.7771
4389 66.7771
4390 66.7771
4391 66.7771
4392 66.7771
4393 66.7771
4394 66.7771
4395 66.7771
4396 66.7771
4397 66.7771
4398 66.7771
4399 66.7771
4400 66.7771
4401 66.7771
4402 66.7771
4403 66.7771
4404 66.7771
4405 66.7771
4406 66.7771
4407 66.7771
4408 66.7771
4409 66.7771
4410 66.7771
4411 66.7771
4412 66.7771
4413 66.7771
4414 66.7771
4415 66.7771
4416 66.7771
4417 66.7771
4418 66.7771
4419 66.7771
4420 66.7771
4421 66.7771
4422 66.7771
4423 66.7771
4424 66.7771
4425 66.7771
4426 66.7771
4427 66.7771
4428 66.7771
4429 66.7771
4430 66.7771
4431 66.7771
4432 66.7771
4433 66.7771
4434 66.7771
4435 66.7771
4436 66.7771
4437 66.7771
4438 66.7771
4439 66.7771
4440 66.7771
4441 66.7771
4442 66.7771
4443 66.7771
4444 66.7771
4445 66.7771
4446 66.7771
4447 66.7771
4448 66.7771
4449 66.7771
4450 66.7771
4451 66.7771
4452 66.7771
4453 66.7771
4454 66.7771
4455 66.7771
4456 66.7771
4457 66.7771
4458 66.7771
4459 66.7771
4460 66.7771
4461 66.7771
4462 66.7771
4463 66.7771
4464 66.7771
4465 66.7771
4466 66.7771
4467 66.7771
4468 66.7771
4469 66.7771
4470 66.7771
4471 66.7771
4472 66.7771
4473 66.7771
4474 66.7771
4475 66.7771
4476 66.7771
4477 66.7771
4478 66.7771
4479 66.7771
4480 66.7771
4481 66.7771
4482 66.7771
4483 66.7771
4484 66.7771
4485 66.7771
4486 66.7771
4487 66.7771
4488 66.7771
4489 66.7771
4490 66.7771
4491 66.7771
4492 66.7771
4493 66.7771
4494 66.7771
4495 66.7771
4496 66.7771
4497 66.7771
4498 66.7771
4499 66.7771
4500 66.7771
4501 66.7771
4502 66.7771
4503 66.7771
4504 66.7771
4505 66.7771
4506 66.7771
4507 66.7771
4508 66.7771
4509 66.7771
4510 66.7771
4511 66.7771
4512 66.7771
4513 66.7771
4514 66.7771
4515 66.7771
4516 66.7771
4517 66.7771
4518 66.7771
4519 66.7771
4520 66.7771
4521 66.7771
4522 66.7771
4523 66.7771
4524 66.7771
4525 66.7771
4526 66.7771
4527 66.7771
4528 66.7771
4529 66.7771
4530 66.7771
4531 66.7771
4532 66.7771
4533 66.7771
4534 66.7771
4535 66.7771
4536 66.7771
4537 66.7771
4538 66.7771
4539 66.7771
4540 66.7771
4541 66.7771
4542 66.7771
4543 66.7771
4544 66.7771
4545 66.7771
4546 66.7771
4547 66.7771
4548 66.7771
4549 66.7771
4550 66.7771
4551 66.7771
4552 66.7771
4553 66.7771
4554 66.7771
4555 66.7771
4556 66.7771
4557 66.7771
4558 66.7771
4559 66.7771
4560 66.7771
4561 66.7771
4562 66.7771
4563 66.7771
4564 66.7771
4565 66.7771
4566 66.7771
4567 66.7771
4568 66.7771
4569 66.7771
4570 66.7771
4571 66.7771
4572 66.7771
4573 66.7771
4574 66.7771
4575 66.7771
4576 66.7771
4577 66.7771
4578 66.7771
4579 66.7771
4580 66.7771
4581 66.7771
4582 66.7771
4583 66.7771
4584 66.7771
4585 66.7771
4586 66.7771
4587 66.7771
4588 66.7771
4589 66.7771
4590 66.7771
4591 66.7771
4592 66.7771
4593 66.7771
4594 66.7771
4595 66.7771
4596 66.7771
4597 66.7771
4598 66.7771
4599 66.7771
4600 66.7771
4601 66.7771
4602 66.7771
4603 66.7771
4604 66.7771
4605 66.7771
4606 66.7771
4607 66.7771
4608 66.7771
4609 66.7771
4610 66.7771
4611 66.7771
4612 66.7771
4613 66.7771
4614 66.7771
4615 66.7771
4616 66.7771
4617 66.7771
4618 66.7771
4619 66.7771
4620 66.7771
4621 66.7771
4622 66.7771
4623 66.7771
4624 66.7771
4625 66.7771
4626 66.7771
4627 66.7771
4628 66.7771
4629 66.7771
4630 66.7771
4631 66.7771
4632 66.7771
4633 66.7771
4634 66.7771
4635 66.7771
4636 66.7771
4637 66.7771
4638 66.7771
4639 66.7771
4640 66.7771
4641 66.7771
4642 66.7771
4643 66.7771
4644 66.7771
4645 66.7771
4646 66.7771
4647 66.7771
4648 66.7771
4649 66.7771
4650 66.7771
4651 66.7771
4652 66.7771
4653 66.7771
4654 66.7771
4655 66.7771
4656 66.7771
4657 66.7771
4658 66.7771
4659 66.7771
4660 66.7771
4661 66.7771
4662 66.7771
4663 66.7771
4664 66.7771
4665 66.7771
4666 66.7771
4667 66.7771
4668 66.7771
4669 66.7771
4670 66.7771
4671 66.7771
4672 66.7771
4673 66.7771
4674 66.7771
4675 66.7771
4676 66.7771
4677 66.7771
4678 66.7771
4679 66.7771
4680 66.7771
4681 66.7771
4682 66.7771
4683 66.7771
4684 66.7771
4685 66.7771
4686 66.7771
4687 66.7771
4688 66.7771
4689 66.7771
4690 66.7771
4691 66.7771
4692 66.7771
4693 66.7771
4694 66.7771
4695 66.7771
4696 66.7771
4697 66.7771
4698 66.7771
4699 66.7771
4700 66.7771
4701 66.7771
4702 66.7771
4703 66.7771
4704 66.7771
4705 66.7771
4706 66.7771
4707 66.7771
4708 66.7771
4709 66.7771
4710 66.7771
4711 66.7771
4712 66.7771
4713 66.7771
4714 66.7771
4715 66.7771
4716 66.7771
4717 66.7771
4718 66.7771
4719 66.7771
4720 66.7771
4721 66.7771
4722 66.7771
4723 66.7771
4724 66.7771
4725 66.7771
4726 66.7771
4727 66.7771
4728 66.7771
4729 66.7771
4730 66.7771
4731 66.7771
4732 66.7771
4733 66.7771
4734 66.7771
4735 66.7771
4736 66.7771
4737 66.7771
4738 66.7771
4739 66.7771
4740 66.7771
4741 66.7771
4742 66.7771
4743 66.7771
4744 66.7771
4745 66.7771
4746 66.7771
4747 66.7771
4748 66.7771
4749 66.7771
4750 66.7771
4751 66.7771
4752 66.7771
4753 66.7771
4754 66.7771
4755 66.7771
4756 66.7771
4757 66.7771
4758 66.7771
4759 66.7771
4760 66.7771
4761 66.7771
4762 66.7771
4763 66.7771
4764 66.7771
4765 66.7771
4766 66.7771
4767 66.7771
4768 66.7771
4769 66.7771
4770 66.7771
4771 66.7771
4772 66.7771
4773 66.7771
4774 66.7771
4775 66.7771
4776 66.7771
4777 66.7771
4778 66.7771
4779 66.7771
4780 66.7771
4781 66.7771
4782 66.7771
4783 66.7771
4784 66.7771
4785 66.7771
4786 66.7771
4787 66.7771
4788 66.7771
4789 66.7771
4790 66.7771
4791 66.7771
4792 66.7771
4793 66.7771
4794 66.7771
4795 66.7771
4796 66.7771
4797 66.7771
4798 66.7771
4799 66.7771
4800 66.7771
4801 66.7771
4802 66.7771
4803 66.7771
4804 66.7771
4805 66.7771
4806 66.7771
4807 66.7771
4808 66.7771
4809 66.7771
4810 66.7771
4811 66.7771
4812 66.7771
4813 66.7771
4814 66.7771
4815 66.7771
4816 66.7771
4817 66.7771
4818 66.7771
4819 66.7771
4820 66.7771
4821 66.7771
4822 66.7771
4823 66.7771
4824 66.7771
4825 66.7771
4826 66.7771
4827 66.7771
4828 66.7771
4829 66.7771
4830 66.7771
4831 66.7771
4832 66.7771
4833 66.7771
4834 66.7771
4835 66.7771
4836 66.7771
4837 66.7771
4838 66.7771
4839 66.7771
4840 66.7771
4841 66.7771
4842 66.7771
4843 66.7771
4844 66.7771
4845 66.7771
4846 66.7771
4847 66.7771
4848 66.7771
4849 66.7771
4850 66.7771
4851 66.7771
4852 66.7771
4853 66.7771
4854 66.7771
4855 66.7771
4856 66.7771
4857 66.7771
4858 66.7771
4859 66.7771
4860 66.7771
4861 66.7771
4862 66.7771
4863 66.7771
4864 66.7771
4865 66.7771
4866 66.7771
4867 66.7771
4868 66.7771
4869 66.7771
4870 66.7771
4871 66.7771
4872 66.7771
4873 66.7771
4874 66.7771
4875 66.7771
4876 66.7771
4877 66.7771
4878 66.7771
4879 66.7771
4880 66.7771
4881 66.7771
4882 66.7771
4883 66.7771
4884 66.7771
4885 66.7771
4886 66.7771
4887 66.7771
4888 66.7771
4889 66.7771
4890 66.7771
4891 66.7771
4892 66.7771
4893 66.7771
4894 66.7771
4895 66.7771
4896 66.7771
4897 66.7771
4898 66.7771
4899 66.7771
4900 66.7771
4901 66.7771
4902 66.7771
4903 66.7771
4904 66.7771
4905 66.7771
4906 66.7771
4907 66.7771
4908 66.7771
4909 66.7771
4910 66.7771
4911 66.7771
4912 66.7771
4913 66.7771
4914 66.7771
4915 66.7771
4916 66.7771
4917 66.7771
4918 66.7771
4919 66.7771
4920 66.7771
4921 66.7771
4922 66.7771
4923 66.7771
4924 66.7771
4925 66.7771
4926 66.7771
4927 66.7771
4928 66.7771
4929 66.7771
4930 66.7771
4931 66.7771
4932 66.7771
4933 66.7771
4934 66.7771
4935 66.7771
4936 66.7771
4937 66.7771
4938 66.7771
4939 66.7771
4940 66.7771
4941 66.7771
4942 66.7771
4943 66.7771
4944 66.7771
4945 66.7771
4946 66.7771
4947 66.7771
4948 66.7771
4949 66.7771
4950 66.7771
4951 66.7771
4952 66.7771
4953 66.7771
4954 66.7771
4955 66.7771
4956 66.7771
4957 66.7771
4958 66.7771
4959 66.7771
4960 66.7771
4961 66.7771
4962 66.7771
4963 66.7771
4964 66.7771
4965 66.7771
4966 66.7771
4967 66.7771
4968 66.7771
4969 66.7771
4970 66.7771
4971 66.7771
4972 66.7771
4973 66.7771
4974 66.7771
4975 66.7771
4976 66.7771
4977 66.7771
4978 66.7771
4979 66.7771
4980 66.7771
4981 66.7771
4982 66.7771
4983 66.7771
4984 66.7771
4985 66.7771
4986 66.7771
4987 66.7771
4988 66.7771
4989 66.7771
4990 66.7771
4991 66.7771
4992 66.7771
4993 66.7771
4994 66.7771
4995 66.7771
4996 66.7771
4997 66.7771
4998 66.7771
4999 66.7771
5000 66.7771
5001 66.7771
5002 66.7771
5003 66.7771
5004 66.7771
5005 66.7771
5006 66.7771
5007 66.7771
5008 66.7771
5009 66.7771
5010 66.7771
5011 66.7771
5012 66.7771
5013 66.7771
5014 66.7771
5015 66.7771
5016 66.7771
5017 66.7771
5018 66.7771
5019 66.7771
5020 66.7771
5021 66.7771
5022 66.7771
5023 66.7771
5024 66.7771
5025 66.7771
5026 66.7771
5027 66.7771
5028 66.7771
5029 66.7771
5030 66.7771
5031 66.7771
5032 66.7771
5033 66.7771
5034 66.7771
5035 66.7771
5036 66.7771
5037 66.7771
5038 66.7771
5039 66.7771
5040 66.7771
5041 66.7771
5042 66.7771
5043 66.7771
5044 66.7771
5045 66.7771
5046 66.7771
5047 66.7771
5048 66.7771
5049 66.7771
5050 66.7771
5051 66.7771
5052 66.7771
5053 66.7771
5054 66.7771
5055 66.7771
5056 66.7771
5057 66.7771
5058 66.7771
5059 66.7771
5060 66.7771
5061 66.7771
5062 66.7771
5063 66.7771
5064 66.7771
5065 66.7771
5066 66.7771
5067 66.7771
5068 66.7771
5069 66.7771
5070 66.7771
5071 66.7771
5072 66.7771
5073 66.7771
5074 66.7771
5075 66.7771
5076 66.7771
5077 66.7771
5078 66.7771
5079 66.7771
5080 66.7771
5081 66.7771
5082 66.7771
5083 66.7771
5084 66.7771
5085 66.7771
5086 66.7771
5087 66.7771
5088 66.7771
5089 66.7771
5090 66.7771
5091 66.7771
5092 66.7771
5093 66.7771
5094 66.7771
5095 66.7771
5096 66.7771
5097 66.7771
5098 66.7771
5099 66.7771
5100 66.7771
5101 66.7771
5102 66.7771
5103 66.7771
5104 66.7771
5105 66.7771
5106 66.7771
5107 66.7771
5108 66.7771
5109 66.7771
5110 66.7771
5111 66.7771
5112 66.7771
5113 66.7771
5114 66.7771
5115 66.7771
5116 66.7771
5117 66.7771
5118 66.7771
5119 66.7771
5120 66.7771
5121 66.7771
5122 66.7771
5123 66.7771
5124 66.7771
5125 66.7771
5126 66.7771
5127 66.7771
5128 66.7771
5129 66.7771
5130 66.7771
5131 66.7771
5132 66.7771
5133 66.7771
5134 66.7771
5135 66.7771
5136 66.7771
5137 66.7771
5138 66.7771
5139 66.7771
5140 66.7771
5141 66.7771
5142 66.7771
5143 66.7771
5144 66.7771
5145 66.7771
5146 66.7771
5147 66.7771
5148 66.7771
5149 66.7771
5150 66.7771
5151 66.7771
5152 66.7771
5153 66.7771
5154 66.7771
5155 66.7771
5156 66.7771
5157 66.7771
5158 66.7771
5159 66.7771
5160 66.7771
5161 66.7771
5162 66.7771
5163 66.7771
5164 66.7771
5165 66.7771
5166 66.7771
5167 66.7771
5168 66.7771
5169 66.7771
5170 66.7771
5171 66.7771
5172 66.7771
5173 66.7771
5174 66.7771
5175 66.7771
5176 66.7771
5177 66.7771
5178 66.7771
5179 66.7771
5180 66.7771
5181 66.7771
5182 66.7771
5183 66.7771
5184 66.7771
5185 66.7771
5186 66.7771
5187 66.7771
5188 66.7771
5189 66.7771
5190 66.7771
5191 66.7771
5192 66.7771
5193 66.7771
5194 66.7771
5195 66.7771
5196 66.7771
5197 66.7771
5198 66.7771
5199 66.7771
5200 66.7771
5201 66.7771
5202 66.7771
5203 66.7771
5204 66.7771
5205 66.7771
5206 66.7771
5207 66.7771
5208 66.7771
5209 66.7771
5210 66.7771
5211 66.7771
5212 66.7771
5213 66.7771
5214 66.7771
5215 66.7771
5216 66.7771
5217 66.7771
5218 66.7771
5219 66.7771
5220 66.7771
5221 66.7771
5222 66.7771
5223 66.7771
5224 66.7771
5225 66.7771
5226 66.7771
5227 66.7771
5228 66.7771
5229 66.7771
5230 66.7771
5231 66.7771
5232 66.7771
5233 66.7771
5234 66.7771
5235 66.7771
5236 66.7771
5237 66.7771
5238 66.7771
5239 66.7771
5240 66.7771
5241 66.7771
5242 66.7771
5243 66.7771
5244 66.7771
5245 66.7771
5246 66.7771
5247 66.7771
5248 66.7771
5249 66.7771
5250 66.7771
5251 66.7771
5252 66.7771
5253 66.7771
5254 66.7771
5255 66.7771
5256 66.7771
5257 66.7771
5258 66.7771
5259 66.7771
5260 66.7771
5261 66.7771
5262 66.7771
5263 66.7771
5264 66.7771
5265 66.7771
5266 66.7771
5267 66.7771
5268 66.7771
5269 66.7771
5270 66.7771
5271 66.7771
5272 66.7771
5273 66.7771
5274 66.7771
5275 66.7771
5276 66.7771
5277 66.7771
5278 66.7771
5279 66.7771
5280 66.7771
5281 66.7771
5282 66.7771
5283 66.7771
5284 66.7771
5285 66.7771
5286 66.7771
5287 66.7771
5288 66.7771
5289 66.7771
5290 66.7771
5291 66.7771
5292 66.7771
5293 66.7771
5294 66.7771
5295 66.7771
5296 66.7771
5297 66.7771
5298 66.7771
5299 66.7771
5300 66.7771
5301 66.7771
5302 66.7771
5303 66.7771
5304 66.7771
5305 66.7771
5306 66.7771
5307 66.7771
5308 66.7771
5309 66.7771
5310 66.7519
5311 66.7519
5312 66.7519
5313 66.7519
5314 66.7519
5315 66.7519
5316 66.7519
5317 66.7519
5318 66.7519
5319 66.7519
5320 66.7519
5321 66.7519
5322 66.7519
5323 66.7519
5324 66.7519
5325 66.7519
5326 66.7519
5327 66.7519
5328 66.7519
5329 66.7519
5330 66.7519
5331 66.7519
5332 66.7519
5333 66.7519
5334 66.7519
5335 66.7519
5336 66.7519
5337 66.7519
5338 66.7519
5339 66.7519
5340 66.7519
5341 66.7519
5342 66.7519
5343 66.7519
5344 66.7519
5345 66.7519
5346 66.7519
5347 66.7519
5348 66.7519
5349 66.7519
5350 66.7519
5351 66.7519
5352 66.7519
5353 66.7519
5354 66.7519
5355 66.7519
5356 66.7519
5357 66.7519
5358 66.7519
5359 66.7519
5360 66.7519
5361 66.7519
5362 66.7519
5363 66.7519
5364 66.7519
5365 66.7519
5366 66.7519
5367 66.7519
5368 66.7519
5369 66.7519
5370 66.7519
5371 66.7519
5372 66.7519
5373 66.7519
5374 66.7519
5375 66.7519
5376 66.7519
5377 66.7519
5378 66.7519
5379 66.7519
5380 66.7519
5381 66.7519
5382 66.7519
5383 66.7519
5384 66.7519
5385 66.7519
5386 66.7519
5387 66.7519
5388 66.7519
5389 66.7519
5390 66.7519
5391 66.7519
5392 66.7519
5393 66.7519
5394 66.7519
5395 66.7519
5396 66.7519
5397 66.7519
5398 66.7519
5399 66.7519
5400 66.7519
5401 66.7519
5402 66.7519
5403 66.7519
5404 66.7519
5405 66.7519
5406 66.7519
5407 66.7519
5408 66.7519
5409 66.7519
5410 66.7519
5411 66.7519
5412 66.7519
5413 66.7519
5414 66.7519
5415 66.7519
5416 66.7519
5417 66.7519
5418 66.7519
5419 66.7519
5420 66.7519
5421 66.7519
5422 66.7519
5423 66.7519
5424 66.7519
5425 66.7519
5426 66.7519
5427 66.7519
5428 66.7519
5429 66.7519
5430 66.7519
5431 66.7519
5432 66.7519
5433 66.7519
5434 66.7519
5435 66.7519
5436 66.7519
5437 66.7519
5438 66.7519
5439 66.7519
5440 66.7519
5441 66.7519
5442 66.7519
5443 66.7519
5444 66.7519
5445 66.7519
5446 66.7519
5447 66.7519
5448 66.7519
5449 66.7519
5450 66.7519
5451 66.7519
5452 66.7519
5453 66.7519
5454 66.7519
5455 66.7519
5456 66.7519
5457 66.7519
5458 66.7519
5459 66.7519
5460 66.7519
5461 66.7519
5462 66.7519
5463 66.7519
5464 66.7519
5465 66.7519
5466 66.7519
5467 66.7519
5468 66.7519
5469 66.7519
5470 66.7519
5471 66.7519
5472 66.7519
5473 66.7519
5474 66.7519
5475 66.7519
5476 66.7519
5477 66.7519
5478 66.7519
5479 66.7519
5480 66.7519
5481 66.7519
5482 66.7519
5483 66.7519
5484 66.7519
5485 66.7519
5486 66.7519
5487 66.7519
5488 66.7519
5489 66.7519
5490 66.7519
5491 66.7519
5492 66.7519
5493 66.7519
5494 66.7519
5495 66.7519
5496 66.7519
5497 66.7519
5498 66.7519
5499 66.7519
5500 66.7519
5501 66.7519
5502 66.7519
5503 66.7519
5504 66.7519
5505 66.7519
5506 66.7519
5507 66.7519
5508 66.7519
5509 66.7519
5510 66.7519
5511 66.7519
5512 66.7519
5513 66.7519
5514 66.7519
5515 66.7519
5516 66.7519
5517 66.7519
5518 66.7519
5519 66.7519
5520 66.7519
5521 66.7519
5522 66.7519
5523 66.7519
5524 66.7519
5525 66.7519
5526 66.7519
5527 66.7519
5528 66.7519
5529 66.7519
5530 66.7519
5531 66.7519
5532 66.7519
5533 66.7519
5534 66.7519
5535 66.7519
5536 66.7519
5537 66.7519
5538 66.7519
5539 66.7519
5540 66.7519
5541 66.7519
5542 66.7519
5543 66.7519
5544 66.7519
5545 66.7519
5546 66.7519
5547 66.7519
5548 66.7519
5549 66.7519
5550 66.7519
5551 66.7519
5552 66.7519
5553 66.7519
5554 66.7519
5555 66.7519
5556 66.7519
5557 66.7519
5558 66.7519
5559 66.7519
5560 66.7519
5561 66.7519
5562 66.7519
5563 66.7519
5564 66.7519
5565 66.7519
5566 66.7519
5567 66.7519
5568 66.7519
5569 66.7519
5570 66.7519
5571 66.7519
5572 66.7519
5573 66.7519
5574 66.7519
5575 66.7519
5576 66.7519
5577 66.7519
5578 66.7519
5579 66.7519
5580 66.7519
5581 66.7519
5582 66.7519
5583 66.7519
5584 66.7519
5585 66.7519
5586 66.7519
5587 66.7519
5588 66.7519
5589 66.7519
5590 66.7519
5591 66.7519
5592 66.7519
5593 66.7519
5594 66.7519
5595 66.7519
5596 66.7519
5597 66.7519
5598 66.7519
5599 66.7519
5600 66.7519
5601 66.7519
5602 66.7519
5603 66.7519
5604 66.7519
5605 66.7519
5606 66.7519
5607 66.7519
5608 66.7519
5609 66.7519
5610 66.7519
5611 66.7519
5612 66.7519
5613 66.7519
5614 66.7519
5615 66.7519
5616 66.7519
5617 66.7519
5618 66.7519
5619 66.7519
5620 66.7519
5621 66.7519
5622 66.7519
5623 66.7519
5624 66.7519
5625 66.7519
5626 66.7519
5627 66.7519
5628 66.7519
5629 66.7519
5630 66.7519
5631 66.7519
5632 66.7519
5633 66.7519
5634 66.7519
5635 66.7519
5636 66.7519
5637 66.7519
5638 66.7519
5639 66.7519
5640 66.7519
5641 66.7519
5642 66.7519
5643 66.7519
5644 66.7519
5645 66.7519
5646 66.7519
5647 66.7519
5648 66.7519
5649 66.7519
5650 66.7519
5651 66.7519
5652 66.7519
5653 66.7519
5654 66.7519
5655 66.7519
5656 66.7519
5657 66.7519
5658 66.7519
5659 66.7519
5660 66.7519
5661 66.7519
5662 66.7519
5663 66.7519
5664 66.7519
5665 66.7519
5666 66.7519
5667 66.7519
5668 66.7519
5669 66.7519
5670 66.7519
5671 66.7519
5672 66.7519
5673 66.7519
5674 66.7519
5675 66.7519
5676 66.7519
5677 66.7519
5678 66.7519
5679 66.7519
5680 66.7519
5681 66.7519
5682 66.7519
5683 66.7519
5684 66.7519
5685 66.7519
5686 66.7519
5687 66.7519
5688 66.7519
5689 66.7519
5690 66.7519
5691 66.7519
5692 66.7519
5693 66.7519
5694 66.7519
5695 66.7519
5696 66.7519
5697 66.7519
5698 66.7519
5699 66.7519
5700 66.7519
5701 66.7519
5702 66.7519
5703 66.7519
5704 66.7519
5705 66.7519
5706 66.7519
5707 66.7519
5708 66.7519
5709 66.7519
5710 66.7519
5711 66.7519
5712 66.7519
5713 66.7519
5714 66.7519
5715 66.7519
5716 66.7519
5717 66.7519
5718 66.7519
5719 66.7519
5720 66.7519
5721 66.7519
5722 66.7519
5723 66.7519
5724 66.7519
5725 66.7519
5726 66.7519
5727 66.7519
5728 66.7519
5729 66.7519
5730 66.7519
5731 66.7519
5732 66.7519
5733 66.7519
5734 66.7519
5735 66.7519
5736 66.7519
5737 66.7519
5738 66.7519
5739 66.7519
5740 66.7519
5741 66.7519
5742 66.7519
5743 66.7519
5744 66.7519
5745 66.7519
5746 66.7519
5747 66.7519
5748 66.7519
5749 66.7519
5750 66.7519
5751 66.7519
5752 66.7519
5753 66.7519
5754 66.7519
5755 66.7519
5756 66.7519
5757 66.7519
5758 66.7519
5759 66.7519
5760 66.7519
5761 66.7519
5762 66.7519
5763 66.7519
5764 66.7519
5765 66.7519
5766 66.7519
5767 66.7519
5768 66.7519
5769 66.7519
5770 66.7519
5771 66.7519
5772 66.7519
5773 66.7519
5774 66.7519
5775 66.7519
5776 66.7519
5777 66.7519
5778 66.7519
5779 66.7519
5780 66.7519
5781 66.7519
5782 66.7519
5783 66.7519
5784 66.7519
5785 66.7519
5786 66.7519
5787 66.7519
5788 66.7519
5789 66.7519
5790 66.7519
5791 66.7519
5792 66.7519
5793 66.7519
5794 66.7519
5795 66.7519
5796 66.7519
5797 66.7519
5798 66.7519
5799 66.7519
5800 66.7519
5801 66.7519
5802 66.7519
5803 66.7519
5804 66.7519
5805 66.7519
5806 66.7519
5807 66.7519
5808 66.7519
5809 66.7519
5810 66.7519
5811 66.7519
5812 66.7519
5813 66.7519
5814 66.7519
5815 66.7519
5816 66.7519
5817 66.7519
5818 66.7519
5819 66.7519
5820 66.7519
5821 66.7519
5822 66.7519
5823 66.7519
5824 66.7519
5825 66.7519
5826 66.7519
5827 66.7519
5828 66.7519
5829 66.7519
5830 66.7519
5831 66.7519
5832 66.7519
5833 66.7519
5834 66.7519
5835 66.7519
5836 66.7519
5837 66.7519
5838 66.7519
5839 66.7519
5840 66.7519
5841 66.7519
5842 66.7519
5843 66.7519
5844 66.7519
5845 66.7519
5846 66.7519
5847 66.7519
5848 66.7519
5849 66.7519
5850 66.7519
5851 66.7519
5852 66.7519
5853 66.7519
5854 66.5558
5855 66.5558
5856 66.5558
5857 66.5558
5858 66.5558
5859 66.5558
5860 66.5558
5861 66.5558
5862 66.5558
5863 66.5558
5864 66.5558
5865 66.5558
5866 66.5558
5867 66.5558
5868 66.5558
5869 66.5558
5870 66.5558
5871 66.5558
5872 66.5558
5873 66.5558
5874 66.5558
5875 66.5558
5876 66.5558
5877 66.5558
5878 66.5558
5879 66.5558
5880 66.5558
5881 66.5558
5882 66.5558
5883 66.5558
5884 66.5558
5885 66.5558
5886 66.5558
5887 66.5558
5888 66.5558
5889 66.5558
5890 66.5558
5891 66.5558
5892 66.5558
5893 66.5558
5894 66.5558
5895 66.5558
5896 66.5558
5897 66.5558
5898 66.5558
5899 66.5558
5900 66.5558
5901 66.5558
5902 66.5558
5903 66.5558
5904 66.5558
5905 66.5558
5906 66.5558
5907 66.5558
5908 66.5558
5909 66.5558
5910 66.5558
5911 66.5558
5912 66.5558
5913 66.5558
5914 66.5558
5915 66.5558
5916 66.5558
5917 66.5558
5918 66.5558
5919 66.5558
5920 66.5558
5921 66.5558
5922 66.5558
5923 66.5558
5924 66.5558
5925 66.5558
5926 66.5558
5927 66.5558
5928 66.5558
5929 66.5558
5930 66.5558
5931 66.5558
5932 66.5558
5933 66.5558
5934 66.5558
5935 66.5558
5936 66.5558
5937 66.5558
5938 66.5558
5939 66.5558
5940 66.5558
5941 66.5558
5942 66.5558
5943 66.5558
5944 66.5558
5945 66.5558
5946 66.5558
5947 66.5558
5948 66.5558
5949 66.5558
5950 66.5558
5951 66.5558
5952 66.5558
5953 66.5558
5954 66.5558
5955 66.5558
5956 66.5558
5957 66.5558
5958 66.5558
5959 66.5558
5960 66.5558
5961 66.5558
5962 66.5558
5963 66.5558
5964 66.5558
5965 66.5558
5966 66.5558
5967 66.5558
5968 66.5558
5969 66.5558
5970 66.5558
5971 66.5558
5972 66.5558
5973 66.5558
5974 66.5558
5975 66.5558
5976 66.5558
5977 66.5558
5978 66.5558
5979 66.5558
5980 66.5558
5981 66.5558
5982 66.5558
5983 66.5558
5984 66.5558
5985 66.5558
5986 66.5558
5987 66.5558
5988 66.5558
5989 66.5558
5990 66.5558
5991 66.5558
5992 66.5558
5993 66.5558
5994 66.5558
5995 66.5558
5996 66.5558
5997 66.5558
5998 66.5558
5999 66.5558
4000 66.5558
