1 430.95
2 424.267
3 400.287
4 395.405
5 388.983
6 384.761
7 377.415
8 365.044
9 354.873
10 354.873
11 352.321
12 347.969
13 338.953
14 338.953
15 328.233
16 328.233
17 322.901
18 315.826
19 316.255
20 308.927
21 308.927
22 306.274
23 307.423
24 297.83
25 291.581
26 291.581
27 291.581
28 284.157
29 284.157
30 281.72
31 279.916
32 279.916
33 271.81
34 271.625
35 268.176
36 266.896
37 264.232
38 260.967
39 252.819
40 252.819
41 252.813
42 244.456
43 241.261
44 240.347
45 240.346
46 234.871
47 233.686
48 233.686
49 227.439
50 225.354
51 225.354
52 224.811
53 222.429
54 222.332
55 221.918
56 221.369
57 222.332
58 222.332
59 220.66
60 220.66
61 217.353
62 215.92
63 215.92
64 210.568
65 210.568
66 207
67 209.88
68 206.964
69 206.964
70 204.786
71 200.802
72 200.802
73 200.802
74 200.802
75 200.802
76 200.532
77 200.532
78 200.532
79 200.802
80 200.439
81 200.439
82 197.797
83 197.797
84 197.797
85 196.48
86 195.585
87 195.585
88 195.585
89 195.585
90 194.662
91 194.662
92 194.662
93 194.662
94 194.239
95 193.02
96 193.02
97 190.709
98 190.709
99 189.845
100 189.845
101 189.811
102 187.344
103 187.344
104 187.344
105 187.344
106 187.29
107 186.01
108 186.01
109 186.01
110 186.01
111 183.195
112 182.578
113 182.578
114 178.582
115 178.582
116 177.774
117 177.774
118 177.774
119 176.879
120 176.879
121 176.879
122 175.715
123 175.715
124 175.715
125 175.715
126 173.925
127 173.925
128 173.925
129 173.925
130 170.988
131 170.988
132 170.988
133 168.931
134 168.203
135 167.508
136 167.508
137 167.358
138 162.944
139 162.944
140 162.944
141 162.944
142 162.944
143 162.626
144 162.626
145 162.626
146 162.34
147 162.34
148 161.081
149 160.476
150 160.158
151 160.158
152 160.158
153 160.099
154 160.099
155 160.099
156 157.47
157 157.47
158 157.47
159 157.47
160 155.047
161 155.047
162 155.047
163 154.3
164 153.84
165 153.671
166 153.84
167 153.478
168 149.345
169 149.345
170 149.345
171 147.906
172 147.906
173 147.906
174 147.906
175 147.906
176 146.042
177 146.042
178 146.042
179 146.027
180 146.027
181 144.806
182 144.806
183 144.411
184 144.411
185 144.411
186 144.411
187 144.169
188 144.411
189 142.587
190 142.299
191 142.299
192 142.299
193 142.299
194 142.299
195 142.299
196 142.299
197 142.084
198 139.006
199 139.006
200 139.006
201 139.006
202 138.119
203 138.119
204 138.119
205 138.119
206 138.119
207 138.119
208 138.119
209 136.983
210 136.983
211 136.983
212 136.253
213 136.253
214 136.253
215 136.023
216 136.023
217 136.023
218 135.908
219 135.908
220 135.908
221 135.181
222 135.181
223 135.181
224 135.135
225 133.776
226 132.934
227 132.934
228 132.934
229 131.715
230 131.715
231 131.715
232 131.715
233 130.485
234 130.485
235 130.485
236 130.485
237 130.485
238 130.485
239 129.844
240 129.844
241 129.844
242 129.844
243 129.757
244 129.757
245 129.757
246 127.513
247 127.513
248 127.513
249 127.513
250 127.292
251 127.292
252 126.535
253 126.535
254 126.535
255 126.392
256 126.392
257 125.738
258 125.738
259 125.162
260 125.162
261 125.033
262 125.033
263 125.033
264 125.033
265 124.279
266 124.279
267 124.279
268 123.64
269 123.64
270 123.64
271 123.64
272 123.64
273 123.64
274 122.308
275 122.308
276 122.308
277 122.308
278 121.513
279 121.513
280 121.513
281 121.513
282 121.394
283 121.394
284 121.394
285 121.394
286 121.394
287 121.394
288 121.394
289 121.394
290 121.394
291 121.394
292 121.394
293 121.379
294 121.22
295 121.22
296 120.781
297 120.781
298 120.781
299 120.781
300 120.781
301 120.677
302 120.677
303 120.677
304 120.09
305 120.09
306 120.09
307 120.09
308 119.875
309 118.977
310 118.977
311 118.977
312 118.977
313 118.977
314 118.273
315 118.273
316 118.273
317 118.259
318 118.259
319 118.259
320 118.259
321 118.259
322 117.349
323 117.349
324 117.349
325 117.349
326 117.349
327 117.349
328 117.349
329 117.349
330 117.349
331 117.349
332 116.536
333 116.536
334 116.536
335 116.536
336 116.536
337 116.536
338 115.126
339 115.126
340 115.126
341 115.126
342 115.126
343 114.938
344 114.938
345 114.938
346 114.938
347 114.938
348 114.938
349 114.938
350 114.938
351 114.938
352 114.938
353 114.35
354 114.35
355 113.853
356 113.853
357 113.853
358 113.853
359 113.853
360 113.086
361 113.086
362 113.086
363 113.086
364 113.086
365 113.086
366 113.086
367 113.086
368 113.086
369 113.086
370 113.086
371 113.086
372 113.086
373 113.086
374 113.086
375 113.086
376 113.086
377 113.086
378 113.086
379 113.086
380 113.086
381 113.086
382 112.917
383 112.917
384 112.917
385 112.917
386 112.917
387 112.419
388 112.419
389 112.419
390 112.419
391 112.419
392 112.25
393 111.473
394 111.473
395 111.473
396 111.473
397 111.473
398 110.786
399 110.786
400 110.693
401 110.693
402 110.693
403 110.693
404 110.693
405 110.693
406 110.693
407 110.693
408 110.486
409 110.486
410 110.414
411 110.414
412 110.414
413 110.414
414 110.414
415 110.414
416 110.414
417 110.414
418 110.414
419 110.414
420 110.414
421 110.414
422 110.414
423 110.414
424 110.298
425 109.669
426 109.669
427 109.669
428 109.669
429 109.669
430 109.125
431 109.125
432 109.125
433 109.125
434 109.125
435 109.125
436 109.125
437 109.125
438 109.125
439 109.125
440 109.125
441 109.125
442 109.125
443 109.125
444 109.125
445 109.113
446 109.113
447 109.113
448 109.113
449 109.113
450 109.113
451 109.113
452 109.113
453 109.113
454 108.787
455 109.113
456 109.113
457 108.98
458 108.98
459 108.98
460 108.98
461 108.98
462 108.98
463 108.98
464 108.98
465 108.98
466 108.98
467 108.98
468 108.809
469 108.809
470 108.809
471 108.809
472 108.809
473 108.809
474 108.809
475 108.809
476 108.809
477 108.809
478 108.516
479 108.516
480 107.781
481 107.781
482 107.781
483 107.781
484 107.781
485 107.781
486 107.484
487 107.484
488 107.484
489 107.484
490 107.484
491 107.484
492 107.484
493 107.484
494 107.484
495 107.484
496 107.484
497 107.484
498 106.771
499 106.771
500 106.771
501 106.771
502 106.641
503 106.436
504 106.436
505 106.436
506 106.436
507 106.436
508 106.436
509 106.436
510 106.436
511 106.436
512 106.436
513 106.436
514 105.95
515 105.95
516 105.95
517 105.95
518 105.95
519 105.95
520 105.95
521 105.95
522 105.95
523 105.618
524 105.618
525 105.618
526 105.618
527 105.618
528 105.618
529 105.618
530 105.618
531 105.618
532 105.618
533 105.618
534 105.618
535 105.618
536 105.618
537 105.618
538 104.747
539 104.747
540 103.689
541 103.689
542 103.689
543 103.689
544 103.689
545 103.661
546 103.661
547 103.661
548 103.425
549 103.075
550 103.075
551 103.075
552 103.075
553 103.075
554 103.075
555 103.075
556 102.944
557 102.944
558 102.944
559 102.944
560 102.639
561 102.639
562 102.547
563 101.358
564 101.358
565 101.358
566 101.358
567 101.358
568 101.358
569 101.358
570 101.358
571 101.358
572 101.358
573 101.358
574 101.358
575 101.358
576 101.358
577 101.358
578 101.358
579 101.358
580 101.358
581 101.358
582 101.238
583 101.358
584 101.238
585 101.238
586 101.238
587 101.238
588 101.238
589 101.238
590 100.026
591 100.026
592 100.026
593 100.026
594 100.026
595 100.026
596 100.026
597 100.026
598 99.5591
599 99.5591
600 99.5591
601 99.5591
602 99.5591
603 99.5375
604 99.5375
605 99.5375
606 99.5375
607 99.5375
608 99.5375
609 99.5375
610 99.4652
611 99.4652
612 99.4652
613 99.2173
614 99.2173
615 99.4652
616 99.2173
617 99.2173
618 99.2173
619 99.2173
620 99.2173
621 99.2173
622 99.2173
623 99.2173
624 99.2173
625 99.2173
626 98.7916
627 98.7916
628 98.7916
629 98.7916
630 98.7916
631 98.7916
632 98.7916
633 98.7916
634 98.7916
635 98.7916
636 98.7916
637 98.2549
638 98.2549
639 98.2549
640 98.2549
641 98.2549
642 98.2549
643 98.2549
644 97.4352
645 98.0028
646 97.9719
647 97.9719
648 97.9719
649 97.9719
650 97.4352
651 97.4008
652 97.4008
653 97.4008
654 97.4008
655 97.3207
656 97.3207
657 97.3207
658 97.3207
659 97.3207
660 97.3207
661 97.3207
662 97.3207
663 97.3207
664 97.3207
665 97.1232
666 97.1232
667 97.1232
668 97.1232
669 97.1232
670 96.8899
671 96.8899
672 96.8899
673 96.8899
674 96.8899
675 96.7898
676 96.7898
677 96.7898
678 96.7898
679 96.5565
680 96.5565
681 89.0798
682 89.0798
683 89.0798
684 89.0798
685 89.0798
686 89.0798
687 89.0798
688 89.0798
689 89.0798
690 89.0798
691 89.0798
692 89.0798
693 89.0798
694 89.0798
695 89.0798
696 89.0798
697 89.0798
698 89.0798
699 89.0798
700 88.7687
701 88.7687
702 88.7687
703 88.7687
704 88.7687
705 88.7687
706 88.7687
707 88.7687
708 88.7687
709 88.7687
710 88.7687
711 88.7687
712 88.7687
713 88.7687
714 88.7687
715 88.7687
716 88.7687
717 88.7687
718 88.7687
719 88.7687
720 88.7687
721 88.7687
722 88.7687
723 88.7687
724 88.7687
725 88.7687
726 88.7687
727 88.7687
728 88.7687
729 88.7687
730 88.7687
731 88.7687
732 88.5917
733 88.5917
734 88.5917
735 88.5917
736 88.5917
737 88.5917
738 88.5917
739 88.5917
740 88.5917
741 88.5917
742 88.5917
743 88.5917
744 88.404
745 88.5917
746 88.5917
747 88.5917
748 88.5917
749 88.5917
750 88.5917
751 88.5917
752 88.5917
753 88.5917
754 88.5917
755 88.5917
756 88.5917
757 88.5917
758 88.5736
759 88.5917
760 88.5736
761 88.5736
762 88.5736
763 88.5736
764 88.5736
765 88.5736
766 88.5736
767 88.3234
768 88.3053
769 88.3053
770 88.3053
771 88.3053
772 88.3053
773 88.3053
774 88.3053
775 88.3053
776 88.3053
777 88.3053
778 88.3053
779 88.3053
780 88.3053
781 88.3053
782 88.3053
783 88.3053
784 88.3053
785 88.3053
786 88.3053
787 88.3053
788 88.3053
789 88.3053
790 88.3053
791 88.3053
792 88.3053
793 88.3053
794 88.3053
795 88.3053
796 88.3053
797 88.3053
798 88.3053
799 88.3053
800 88.3053
801 88.3053
802 88.3053
803 88.3053
804 88.3053
805 87.5371
806 87.5371
807 87.5371
808 87.5371
809 87.1081
810 87.1081
811 87.0052
812 87.1081
813 87.0052
814 87.0052
815 87.0052
816 87.0052
817 87.0052
818 87.0052
819 87.0052
820 87.0052
821 87.0052
822 87.0052
823 86.6179
824 86.6179
825 86.6179
826 86.6179
827 86.6179
828 86.6179
829 86.6179
830 86.6179
831 86.6179
832 86.6179
833 86.6179
834 86.0412
835 86.0412
836 85.5783
837 85.5783
838 85.5783
839 85.147
840 85.147
841 85.147
842 85.147
843 85.147
844 85.147
845 85.147
846 85.147
847 85.147
848 85.147
849 85.147
850 85.147
851 84.8135
852 84.8135
853 84.8135
854 84.8135
855 84.8135
856 84.8135
857 84.8135
858 84.8135
859 84.8135
860 84.8135
861 84.8135
862 84.8135
863 84.8135
864 84.8135
865 84.8135
866 84.8135
867 84.8135
868 84.8135
869 84.8135
870 84.8135
871 84.8135
872 84.8135
873 84.8135
874 84.8135
875 84.8135
876 84.8135
877 84.8135
878 84.8135
879 84.8135
880 84.8135
881 84.8135
882 84.8135
883 84.8135
884 84.8135
885 84.8135
886 84.8135
887 84.8135
888 84.8135
889 84.8135
890 84.8135
891 84.4857
892 84.4857
893 84.4857
894 84.4857
895 84.4857
896 84.4857
897 84.4857
898 84.4857
899 84.4857
900 84.4857
901 84.4857
902 84.4461
903 84.4461
904 84.4461
905 84.4461
906 84.4461
907 84.4365
908 84.4365
909 84.4365
910 84.4365
911 84.4365
912 84.4365
913 84.4365
914 84.4365
915 84.4365
916 84.4365
917 84.1061
918 84.1061
919 84.1006
920 84.1006
921 84.1006
922 84.1006
923 84.1006
924 84.1006
925 84.1006
926 84.1006
927 84.1006
928 84.1006
929 84.1006
930 84.1006
931 84.1006
932 84.1006
933 84.1006
934 84.1006
935 84.1006
936 84.1006
937 84.1006
938 84.1006
939 84.1006
940 84.1006
941 84.1006
942 84.1006
943 84.1006
944 84.1006
945 84.1006
946 84.1006
947 84.1006
948 84.1006
949 83.8124
950 83.8124
951 83.6401
952 83.6401
953 83.6401
954 83.6401
955 83.6401
956 83.6401
957 83.6401
958 83.6401
959 83.6401
960 83.6401
961 83.6401
962 83.6401
963 83.6401
964 83.6401
965 83.6401
966 83.6401
967 83.6401
968 83.6401
969 83.6401
970 83.6401
971 83.6401
972 83.6401
973 83.6401
974 83.6401
975 83.6401
976 83.6401
977 83.6401
978 83.6401
979 83.6401
980 83.6401
981 83.6401
982 83.6401
983 83.6401
984 83.6401
985 83.6401
986 83.6401
987 83.6401
988 83.6401
989 83.6401
990 83.6401
991 83.6401
992 83.6401
993 83.6401
994 83.6401
995 83.6401
996 83.6401
997 83.6401
998 83.6071
999 83.6071
1000 83.6071
1001 83.6071
1002 83.6071
1003 83.6071
1004 83.6071
1005 83.0299
1006 83.0299
1007 83.0299
1008 83.0299
1009 83.0299
1010 83.0299
1011 83.0299
1012 83.0299
1013 83.0299
1014 83.0299
1015 83.0299
1016 83.0299
1017 83.0299
1018 83.0299
1019 83.0299
1020 83.0299
1021 83.0299
1022 83.0299
1023 83.0299
1024 83.0299
1025 83.0299
1026 83.0299
1027 83.0299
1028 83.0299
1029 83.0299
1030 83.0299
1031 83.0299
1032 83.0299
1033 83.0299
1034 83.0299
1035 83.0299
1036 83.0299
1037 83.0299
1038 83.0299
1039 83.0299
1040 83.0299
1041 82.1095
1042 82.1095
1043 81.2273
1044 81.2273
1045 81.2273
1046 81.1334
1047 81.1334
1048 81.1334
1049 81.1334
1050 81.1334
1051 81.1334
1052 81.1334
1053 81.1334
1054 80.8705
1055 80.8705
1056 80.8705
1057 80.8705
1058 80.8705
1059 80.8705
1060 80.8705
1061 80.8705
1062 80.8705
1063 80.8705
1064 80.8705
1065 80.8705
1066 80.8705
1067 80.8705
1068 80.8705
1069 80.8705
1070 80.8705
1071 80.8705
1072 80.8705
1073 80.8705
1074 80.8705
1075 80.8705
1076 80.8705
1077 80.8705
1078 80.8705
1079 80.8705
1080 80.8705
1081 80.8705
1082 80.8705
1083 80.8705
1084 80.8705
1085 80.8705
1086 80.8705
1087 80.8705
1088 80.8705
1089 80.8705
1090 80.8705
1091 80.8705
1092 80.8705
1093 80.8705
1094 80.6412
1095 80.3395
1096 80.3395
1097 80.3395
1098 80.3395
1099 80.3395
1100 80.1225
1101 80.1225
1102 80.1225
1103 80.1225
1104 80.1225
1105 80.1225
1106 79.8933
1107 79.8933
1108 79.8933
1109 79.8933
1110 79.8933
1111 79.8933
1112 79.8933
1113 79.8933
1114 79.8933
1115 79.8933
1116 79.8933
1117 79.8933
1118 79.8933
1119 79.8933
1120 79.8933
1121 79.8933
1122 79.8933
1123 79.8933
1124 79.8933
1125 79.8933
1126 79.8318
1127 79.8318
1128 79.8318
1129 79.8318
1130 79.8318
1131 79.8318
1132 79.8318
1133 79.8318
1134 79.8318
1135 79.8318
1136 79.8318
1137 79.8318
1138 79.8318
1139 79.8318
1140 79.8318
1141 79.8318
1142 79.8318
1143 79.8318
1144 79.8318
1145 79.8318
1146 79.4809
1147 79.8318
1148 79.8318
1149 79.8318
1150 79.8318
1151 79.8318
1152 79.8318
1153 79.8318
1154 79.8318
1155 79.8318
1156 79.8318
1157 79.8318
1158 79.8318
1159 79.8318
1160 79.8318
1161 79.8318
1162 79.8318
1163 79.8318
1164 79.7017
1165 79.7017
1166 79.7017
1167 79.7017
1168 79.7017
1169 79.7017
1170 79.7017
1171 79.7017
1172 79.7017
1173 79.7017
1174 79.7017
1175 79.7017
1176 79.7017
1177 79.7017
1178 79.7017
1179 79.7017
1180 79.7017
1181 79.7017
1182 79.7017
1183 79.7017
1184 79.7017
1185 79.7017
1186 79.7017
1187 79.6589
1188 79.7017
1189 79.7017
1190 79.7017
1191 79.7017
1192 79.7017
1193 79.7017
1194 79.7017
1195 79.7017
1196 79.7017
1197 79.7017
1198 79.7017
1199 79.7017
1200 79.6798
1201 79.6798
1202 79.6798
1203 79.6798
1204 79.6798
1205 77.9351
1206 77.9351
1207 77.9351
1208 77.9351
1209 77.9351
1210 77.9351
1211 77.9351
1212 77.9351
1213 77.9351
1214 77.9351
1215 77.9351
1216 77.9351
1217 77.9351
1218 77.9351
1219 77.9351
1220 77.9351
1221 77.9351
1222 77.6421
1223 77.6421
1224 77.6421
1225 77.6421
1226 77.6421
1227 77.3
1228 77.3
1229 77.3
1230 77.3
1231 77.3
1232 77.3
1233 77.3
1234 77.3
1235 77.3
1236 77.3
1237 77.3
1238 77.3
1239 77.3
1240 77.3
1241 77.3
1242 77.0626
1243 77.0626
1244 77.0626
1245 77.0626
1246 77.0626
1247 77.0626
1248 77.0626
1249 77.0626
1250 77.0626
1251 77.0626
1252 77.0626
1253 77.0626
1254 77.0626
1255 77.0626
1256 77.0626
1257 77.0626
1258 77.0626
1259 77.0626
1260 77.0626
1261 77.0626
1262 77.0626
1263 77.0626
1264 77.0626
1265 77.0626
1266 77.0626
1267 77.0626
1268 77.0626
1269 77.0626
1270 77.0626
1271 77.0626
1272 77.0626
1273 77.0626
1274 77.0626
1275 77.0626
1276 77.0626
1277 77.0626
1278 77.0626
1279 77.0626
1280 77.0626
1281 77.0626
1282 77.0626
1283 77.0626
1284 77.0626
1285 77.0626
1286 76.551
1287 76.551
1288 76.551
1289 76.551
1290 76.551
1291 76.551
1292 76.551
1293 76.551
1294 76.551
1295 76.551
1296 76.551
1297 76.551
1298 76.551
1299 76.551
1300 76.551
1301 76.551
1302 76.551
1303 76.551
1304 76.551
1305 76.551
1306 76.551
1307 76.551
1308 76.551
1309 76.551
1310 76.551
1311 76.551
1312 76.551
1313 76.551
1314 76.551
1315 76.551
1316 76.551
1317 76.551
1318 76.551
1319 76.551
1320 76.551
1321 76.551
1322 76.551
1323 76.551
1324 76.551
1325 76.551
1326 76.551
1327 76.551
1328 76.551
1329 76.551
1330 76.551
1331 76.551
1332 76.551
1333 76.551
1334 76.551
1335 76.551
1336 76.551
1337 76.551
1338 76.551
1339 76.551
1340 76.551
1341 76.551
1342 76.551
1343 76.551
1344 76.551
1345 76.551
1346 76.5233
1347 75.8074
1348 75.8074
1349 75.8074
1350 75.8074
1351 75.8074
1352 75.8074
1353 75.8074
1354 75.7797
1355 75.7797
1356 75.7797
1357 75.7797
1358 74.9854
1359 74.9854
1360 74.9854
1361 74.9854
1362 74.9854
1363 74.9854
1364 74.9854
1365 74.9854
1366 74.9854
1367 74.9854
1368 74.4711
1369 74.4711
1370 74.4711
1371 74.4711
1372 74.4711
1373 74.4711
1374 74.4711
1375 74.4711
1376 74.4711
1377 74.4711
1378 74.4711
1379 74.4711
1380 74.4711
1381 74.4711
1382 74.4711
1383 74.4711
1384 74.4711
1385 74.4711
1386 74.4711
1387 74.0948
1388 74.0948
1389 74.0948
1390 74.0948
1391 74.0948
1392 74.0948
1393 74.0948
1394 74.0948
1395 74.0948
1396 74.0948
1397 74.0948
1398 74.0948
1399 74.0948
1400 74.0948
1401 74.0948
1402 74.0948
1403 74.0948
1404 74.0948
1405 74.0948
1406 74.0948
1407 74.0948
1408 74.0948
1409 74.0948
1410 74.0948
1411 74.0948
1412 74.0656
1413 74.0656
1414 74.0656
1415 74.0656
1416 74.0656
1417 74.0656
1418 73.8462
1419 73.8462
1420 73.8462
1421 73.8462
1422 73.8462
1423 73.8462
1424 73.8462
1425 73.8462
1426 73.8462
1427 73.8462
1428 73.7725
1429 73.7725
1430 73.7725
1431 73.7725
1432 73.7725
1433 73.7725
1434 73.7725
1435 73.7725
1436 73.7725
1437 73.7725
1438 73.7725
1439 73.7725
1440 73.7725
1441 73.313
1442 73.313
1443 73.313
1444 73.313
1445 73.313
1446 73.313
1447 73.313
1448 73.313
1449 72.532
1450 72.532
1451 73.313
1452 73.313
1453 73.313
1454 73.313
1455 73.313
1456 73.313
1457 73.313
1458 73.313
1459 73.313
1460 73.313
1461 73.313
1462 73.313
1463 73.313
1464 73.313
1465 73.313
1466 73.313
1467 73.313
1468 73.313
1469 73.313
1470 73.313
1471 73.313
1472 73.313
1473 73.313
1474 73.313
1475 73.313
1476 73.313
1477 73.313
1478 73.313
1479 73.313
1480 73.313
1481 73.313
1482 73.313
1483 73.313
1484 73.313
1485 73.313
1486 73.313
1487 73.313
1488 73.313
1489 73.313
1490 72.6527
1491 72.6527
1492 72.6527
1493 72.6527
1494 72.6527
1495 72.6498
1496 72.6498
1497 72.6498
1498 72.6498
1499 72.6498
1500 72.6498
1501 72.6498
1502 72.6498
1503 72.6498
1504 72.6498
1505 72.6498
1506 72.6498
1507 72.6498
1508 72.6498
1509 72.6498
1510 72.6498
1511 72.6498
1512 72.6498
1513 72.6498
1514 72.6498
1515 72.6498
1516 72.6498
1517 72.6498
1518 72.6498
1519 72.6498
1520 72.6498
1521 72.6498
1522 72.4226
1523 72.4226
1524 72.4226
1525 72.4226
1526 72.4226
1527 72.4226
1528 72.4226
1529 72.4226
1530 72.4226
1531 72.4226
1532 72.4226
1533 72.4226
1534 72.4226
1535 72.4226
1536 72.4226
1537 72.4226
1538 72.4226
1539 72.4226
1540 72.4226
1541 72.4226
1542 72.4226
1543 72.4226
1544 72.4226
1545 72.4226
1546 72.4226
1547 72.4226
1548 72.4226
1549 72.4226
1550 72.4226
1551 72.4226
1552 72.4226
1553 72.4226
1554 72.4226
1555 72.4226
1556 72.4226
1557 72.4226
1558 72.4226
1559 72.4226
1560 72.4226
1561 72.4226
1562 72.4226
1563 72.4226
1564 72.4226
1565 72.4226
1566 72.4226
1567 72.4226
1568 72.4226
1569 72.4226
1570 72.4226
1571 72.4226
1572 72.4226
1573 72.4226
1574 72.4226
1575 72.4226
1576 72.4226
1577 72.4226
1578 72.4226
1579 72.4226
1580 72.4226
1581 72.4122
1582 72.4226
1583 72.4226
1584 72.4226
1585 72.4226
1586 72.4226
1587 72.4226
1588 72.4226
1589 72.4226
1590 72.4226
1591 72.4226
1592 72.4226
1593 72.4226
1594 72.4226
1595 72.4226
1596 72.4226
1597 72.4226
1598 72.4226
1599 72.4226
1600 72.4226
1601 72.4226
1602 72.4226
1603 72.4226
1604 72.4226
1605 72.4226
1606 72.4226
1607 72.4226
1608 72.4226
1609 72.4226
1610 72.4226
1611 72.4226
1612 72.4226
1613 72.4226
1614 72.4226
1615 72.4226
1616 72.4226
1617 72.4226
1618 72.4226
1619 72.4226
1620 72.4226
1621 72.4226
1622 72.4226
1623 72.4226
1624 72.4226
1625 72.4226
1626 72.4226
1627 72.4226
1628 72.1788
1629 72.1788
1630 72.1788
1631 72.1788
1632 72.1788
1633 72.1788
1634 72.1788
1635 72.1788
1636 72.1788
1637 72.1788
1638 72.1788
1639 72.1788
1640 72.1788
1641 72.1788
1642 72.1788
1643 72.1788
1644 72.1788
1645 72.1788
1646 72.1788
1647 72.1788
1648 72.1788
1649 72.1788
1650 72.1788
1651 72.1788
1652 72.1788
1653 72.1788
1654 72.1788
1655 72.1788
1656 72.1788
1657 72.1788
1658 72.1788
1659 72.1788
1660 72.1788
1661 72.1788
1662 72.1788
1663 72.1788
1664 72.1788
1665 72.1788
1666 72.1788
1667 72.1788
1668 72.1788
1669 72.1788
1670 72.1788
1671 72.1788
1672 72.1788
1673 72.1788
1674 71.7242
1675 71.7242
1676 71.7242
1677 71.7242
1678 71.7242
1679 71.7242
1680 71.7242
1681 71.7242
1682 71.7242
1683 71.7242
1684 71.7242
1685 71.7242
1686 71.7242
1687 71.7242
1688 71.7242
1689 71.7242
1690 71.7242
1691 71.7242
1692 71.7242
1693 71.7242
1694 71.7242
1695 71.7242
1696 71.7242
1697 71.7242
1698 71.7242
1699 71.7242
1700 71.7242
1701 71.7242
1702 71.7242
1703 71.7242
1704 71.7242
1705 71.7242
1706 71.7242
1707 71.7242
1708 71.7242
1709 71.7242
1710 71.7242
1711 71.7242
1712 71.7242
1713 71.7242
1714 71.7242
1715 71.7242
1716 71.7242
1717 71.7242
1718 71.7242
1719 71.7242
1720 71.7242
1721 71.7242
1722 71.7242
1723 71.7242
1724 71.7242
1725 71.7242
1726 71.7242
1727 71.7242
1728 71.7242
1729 71.7242
1730 71.7242
1731 71.7242
1732 71.7242
1733 71.7242
1734 71.7242
1735 71.7242
1736 71.7242
1737 71.7242
1738 71.7242
1739 71.7242
1740 71.7242
1741 71.7242
1742 71.7242
1743 71.7242
1744 71.7242
1745 71.7242
1746 71.7242
1747 71.7242
1748 71.7242
1749 71.7242
1750 71.7242
1751 71.7242
1752 71.7242
1753 71.7242
1754 71.7242
1755 71.7242
1756 71.7242
1757 71.7242
1758 71.7242
1759 71.7242
1760 71.7242
1761 71.7242
1762 71.7242
1763 71.7242
1764 71.7242
1765 71.7242
1766 71.7242
1767 71.7242
1768 71.7242
1769 71.7242
1770 71.7242
1771 71.7242
1772 71.7242
1773 71.7242
1774 71.7242
1775 71.7242
1776 71.7242
1777 71.7242
1778 71.7242
1779 71.7242
1780 71.7242
1781 71.7242
1782 71.7242
1783 71.7242
1784 71.7242
1785 71.7242
1786 71.7242
1787 71.7242
1788 71.7242
1789 71.7242
1790 71.7242
1791 71.7242
1792 71.7242
1793 71.7242
1794 71.7242
1795 71.7242
1796 71.7242
1797 71.7242
1798 71.7242
1799 71.7242
1800 71.7242
1801 71.7242
1802 71.7242
1803 71.7242
1804 71.7242
1805 71.7242
1806 71.7242
1807 71.7242
1808 71.7242
1809 71.7242
1810 71.7242
1811 71.7242
1812 71.7242
1813 71.7242
1814 71.7242
1815 71.7242
1816 71.7242
1817 71.7242
1818 71.7242
1819 71.7242
1820 71.7242
1821 71.7242
1822 71.7242
1823 71.7242
1824 71.5346
1825 71.5346
1826 71.5346
1827 71.5346
1828 71.5346
1829 71.5346
1830 71.5346
1831 71.5346
1832 71.5346
1833 71.5346
1834 71.5346
1835 71.5346
1836 71.5346
1837 71.5346
1838 71.5346
1839 71.5346
1840 71.5346
1841 71.5346
1842 71.5346
1843 71.5346
1844 71.5346
1845 71.5346
1846 71.5346
1847 71.5346
1848 71.5346
1849 71.5346
1850 71.5346
1851 71.5346
1852 71.5346
1853 71.5346
1854 71.5346
1855 71.5346
1856 71.5346
1857 71.5346
1858 71.5346
1859 71.5346
1860 71.5346
1861 71.5346
1862 71.5346
1863 71.5346
1864 71.5346
1865 71.5346
1866 71.5346
1867 71.5346
1868 71.5346
1869 71.5346
1870 71.5346
1871 71.5346
1872 71.5346
1873 71.5346
1874 71.5346
1875 71.5346
1876 71.5346
1877 71.5346
1878 71.5346
1879 71.5346
1880 71.5346
1881 71.5346
1882 71.5346
1883 71.5346
1884 71.5346
1885 71.5346
1886 71.5346
1887 71.5346
1888 71.5346
1889 71.5346
1890 71.5346
1891 71.5346
1892 71.5346
1893 71.5346
1894 71.5346
1895 71.5346
1896 71.5346
1897 71.5346
1898 71.5346
1899 71.5346
1900 71.5346
1901 71.5346
1902 71.5346
1903 71.5346
1904 71.5346
1905 71.5346
1906 71.5346
1907 71.5346
1908 71.5346
1909 71.0711
1910 71.0711
1911 71.0711
1912 71.0711
1913 71.0711
1914 71.0711
1915 71.0711
1916 71.0711
1917 71.0711
1918 71.0711
1919 71.0711
1920 71.0711
1921 71.0711
1922 71.0711
1923 71.0711
1924 71.0711
1925 71.0711
1926 71.0711
1927 71.0711
1928 71.0711
1929 71.0711
1930 71.0711
1931 71.0711
1932 71.0711
1933 71.0711
1934 71.0711
1935 71.0711
1936 71.0711
1937 71.0711
1938 71.0711
1939 71.0711
1940 71.0711
1941 71.0711
1942 71.0711
1943 71.0711
1944 71.0711
1945 71.0711
1946 71.0711
1947 71.0711
1948 71.0711
1949 71.0711
1950 71.0711
1951 71.0711
1952 71.0711
1953 71.0711
1954 71.0711
1955 71.0711
1956 71.0711
1957 71.0711
1958 71.0711
1959 71.0711
1960 71.0711
1961 71.0711
1962 71.0711
1963 71.0711
1964 71.0711
1965 71.0711
1966 71.0711
1967 71.0711
1968 71.0711
1969 71.0711
1970 71.0711
1971 71.0711
1972 71.0711
1973 71.0711
1974 71.0711
1975 71.0711
1976 71.0711
1977 71.0711
1978 71.0711
1979 71.0711
1980 71.0711
1981 71.0711
1982 71.0711
1983 71.0711
1984 71.0711
1985 71.0711
1986 71.0711
1987 71.0711
1988 71.0711
1989 71.0711
1990 71.0711
1991 71.0711
1992 71.0711
1993 71.0711
1994 71.0711
1995 71.0711
1996 71.0711
1997 71.0711
1998 71.0711
1999 71.0711
2000 71.0711
2001 71.0711
2002 71.0711
2003 71.0711
2004 71.0711
2005 71.0711
2006 71.0711
2007 71.0711
2008 71.0711
2009 71.0711
2010 71.0711
2011 71.0711
2012 71.0711
2013 71.0711
2014 71.0711
2015 71.0711
2016 71.0711
2017 71.0711
2018 71.0711
2019 71.0711
2020 71.0711
2021 71.0711
2022 71.0711
2023 71.0711
2024 71.0711
2025 71.0711
2026 71.0711
2027 71.0711
2028 71.0711
2029 71.0711
2030 71.0711
2031 71.0711
2032 71.0711
2033 71.0711
2034 71.0711
2035 71.0711
2036 71.0711
2037 71.0711
2038 71.0711
2039 71.0711
2040 71.0711
2041 71.0711
2042 71.0711
2043 71.0711
2044 71.0711
2045 71.0711
2046 71.0711
2047 71.0711
2048 71.0711
2049 71.0711
2050 71.0711
2051 71.0711
2052 71.0711
2053 71.0711
2054 71.0711
2055 71.0711
2056 71.0711
2057 71.0711
2058 71.0711
2059 71.0711
2060 71.0711
2061 71.0711
2062 71.0711
2063 71.0711
2064 71.0711
2065 71.0711
2066 71.0711
2067 71.0711
2068 71.0711
2069 71.0711
2070 71.0711
2071 71.0711
2072 71.0711
2073 71.0711
2074 71.0711
2075 71.0711
2076 71.0711
2077 71.0711
2078 71.0711
2079 71.0711
2080 71.0711
2081 71.0711
2082 71.0711
2083 71.0711
2084 71.0711
2085 71.0711
2086 71.0711
2087 71.0711
2088 71.0711
2089 71.0711
2090 71.0711
2091 71.0711
2092 71.0711
2093 71.0711
2094 71.0711
2095 71.0711
2096 71.0711
2097 71.0711
2098 71.0711
2099 71.0711
2100 71.0711
2101 71.0711
2102 71.0711
2103 71.0711
2104 71.0711
2105 71.0711
2106 71.0711
2107 71.0711
2108 71.0711
2109 71.0711
2110 71.0711
2111 71.0711
2112 71.0711
2113 71.0711
2114 71.0711
2115 71.0711
2116 71.0711
2117 71.0711
2118 71.0711
2119 71.0711
2120 71.0711
2121 71.0711
2122 71.0711
2123 71.0711
2124 71.0711
2125 71.0711
2126 71.0711
2127 71.0711
2128 71.0711
2129 70.8068
2130 70.8068
2131 70.8068
2132 70.8068
2133 70.8068
2134 70.8068
2135 70.8068
2136 70.8068
2137 70.8068
2138 70.8068
2139 70.8068
2140 70.8068
2141 70.8068
2142 70.8068
2143 70.8068
2144 70.8068
2145 70.8068
2146 70.8068
2147 70.8068
2148 70.8068
2149 70.8068
2150 70.8068
2151 70.8068
2152 70.8068
2153 70.8068
2154 70.8068
2155 70.8068
2156 70.8068
2157 70.8068
2158 70.8068
2159 70.8068
2160 70.8068
2161 70.8068
2162 70.8068
2163 70.8068
2164 70.8068
2165 70.8068
2166 70.8068
2167 70.8068
2168 70.8068
2169 70.8068
2170 70.8068
2171 70.8068
2172 70.8068
2173 70.8068
2174 70.8068
2175 70.8068
2176 70.8068
2177 70.8068
2178 70.8068
2179 70.8068
2180 70.8068
2181 70.8068
2182 70.8068
2183 70.8068
2184 70.8068
2185 70.8068
2186 70.8068
2187 70.8068
2188 70.8068
2189 70.8068
2190 70.8068
2191 70.8068
2192 70.8068
2193 70.8068
2194 70.8068
2195 70.8068
2196 70.8068
2197 70.8068
2198 70.8068
2199 70.8068
2200 70.8068
2201 70.8068
2202 70.8068
2203 70.8068
2204 70.8068
2205 70.8068
2206 70.8068
2207 70.8068
2208 70.8068
2209 70.8068
2210 70.8068
2211 70.8068
2212 70.8068
2213 70.8068
2214 70.8068
2215 70.8068
2216 70.8068
2217 70.8068
2218 70.8068
2219 70.8068
2220 70.8068
2221 70.8068
2222 70.8068
2223 70.8068
2224 70.8068
2225 70.8068
2226 70.8068
2227 70.8068
2228 70.8068
2229 70.8068
2230 70.8068
2231 70.8068
2232 70.8068
2233 70.8068
2234 70.8068
2235 70.8068
2236 70.8068
2237 70.8068
2238 70.8068
2239 70.8068
2240 70.8068
2241 70.8068
2242 70.8068
2243 70.8068
2244 70.8068
2245 70.8068
2246 70.8068
2247 70.8068
2248 70.8068
2249 70.8068
2250 70.8068
2251 70.8068
2252 70.8068
2253 70.8068
2254 70.8068
2255 70.8068
2256 70.8068
2257 70.8068
2258 70.8068
2259 70.8068
2260 70.8068
2261 70.8068
2262 70.8068
2263 70.8068
2264 70.8068
2265 70.8068
2266 70.8068
2267 70.8068
2268 70.8068
2269 70.8068
2270 70.8068
2271 70.8068
2272 70.8068
2273 70.8068
2274 70.8068
2275 70.8068
2276 70.8068
2277 70.8068
2278 70.8068
2279 70.8068
2280 70.8068
2281 70.8068
2282 70.8068
2283 70.8068
2284 70.8068
2285 70.8068
2286 70.8068
2287 70.8068
2288 70.8068
2289 70.8068
2290 70.8068
2291 70.8068
2292 70.8068
2293 70.8068
2294 70.8068
2295 70.8068
2296 70.8068
2297 70.8068
2298 70.8068
2299 70.8068
2300 70.8068
2301 70.8068
2302 70.8068
2303 70.8068
2304 70.8068
2305 70.8068
2306 70.8068
2307 70.8068
2308 70.8068
2309 70.8068
2310 70.8068
2311 70.8068
2312 70.8068
2313 70.8068
2314 70.8068
2315 70.8068
2316 70.8068
2317 70.8068
2318 70.8068
2319 70.8068
2320 70.8068
2321 70.8068
2322 70.8068
2323 70.8068
2324 70.8068
2325 70.8068
2326 70.8068
2327 70.8068
2328 70.8068
2329 70.8068
2330 70.8068
2331 70.8068
2332 70.8068
2333 70.8068
2334 70.8068
2335 70.8068
2336 70.8068
2337 70.8068
2338 70.8068
2339 70.8068
2340 70.8068
2341 70.8068
2342 70.8068
2343 70.8068
2344 70.8068
2345 70.8068
2346 70.8068
2347 70.8068
2348 70.8068
2349 70.8068
2350 70.8068
2351 70.8068
2352 70.8068
2353 70.8068
2354 70.8068
2355 70.8068
2356 70.8068
2357 70.8068
2358 70.8068
2359 70.8068
2360 70.7977
2361 70.7977
2362 70.7977
2363 70.7977
2364 70.7977
2365 70.7977
2366 70.7977
2367 70.7977
2368 70.7977
2369 70.7977
2370 70.7977
2371 70.7977
2372 70.7977
2373 70.7977
2374 70.7977
2375 70.7977
2376 70.6079
2377 70.6079
2378 70.6079
2379 70.6079
2380 70.6079
2381 70.6079
2382 70.6079
2383 70.6079
2384 70.6079
2385 70.6079
2386 70.6079
2387 70.6079
2388 70.6079
2389 70.6079
2390 70.6079
2391 70.6079
2392 70.5553
2393 70.5553
2394 70.5553
2395 70.5553
2396 70.5553
2397 70.5553
2398 70.5553
2399 70.5553
2400 70.5553
2401 70.5553
2402 70.5553
2403 70.5553
2404 70.5553
2405 70.5553
2406 70.5553
2407 70.5553
2408 70.5553
2409 70.5553
2410 70.5553
2411 70.5553
2412 70.5553
2413 70.5553
2414 70.5553
2415 70.5553
2416 70.5553
2417 70.5553
2418 70.5553
2419 70.5553
2420 70.5553
2421 70.5553
2422 70.5553
2423 70.5553
2424 70.5553
2425 70.5553
2426 70.5553
2427 70.5553
2428 70.5553
2429 70.5553
2430 70.5553
2431 70.5553
2432 70.5553
2433 70.5553
2434 70.5553
2435 70.5553
2436 70.5553
2437 70.5553
2438 70.5553
2439 70.5553
2440 70.5553
2441 70.5553
2442 70.5553
2443 70.5553
2444 70.5553
2445 70.5553
2446 70.5553
2447 70.5553
2448 70.5553
2449 70.5553
2450 70.5553
2451 70.5553
2452 70.5553
2453 70.5553
2454 70.5553
2455 70.5553
2456 70.5553
2457 70.5553
2458 70.5553
2459 70.5553
2460 70.5553
2461 70.5553
2462 70.5553
2463 70.5553
2464 70.5553
2465 70.5553
2466 70.5553
2467 70.5553
2468 70.5553
2469 70.5553
2470 70.5553
2471 70.5553
2472 70.5553
2473 70.5553
2474 70.5553
2475 70.5553
2476 70.5553
2477 70.5553
2478 70.5553
2479 70.5553
2480 70.5553
2481 70.5553
2482 70.5553
2483 70.5553
2484 70.5553
2485 70.5553
2486 70.5553
2487 70.5553
2488 70.5553
2489 70.5553
2490 70.5553
2491 70.5553
2492 70.5553
2493 70.5553
2494 70.5553
2495 70.5553
2496 70.5553
2497 70.5553
2498 70.5553
2499 70.5553
2500 70.5553
2501 70.5553
2502 70.5553
2503 70.5553
2504 70.5553
2505 70.5553
2506 70.5553
2507 70.5553
2508 70.5553
2509 70.5553
2510 70.5553
2511 70.5553
2512 70.5553
2513 70.5553
2514 70.5553
2515 70.5553
2516 70.5553
2517 70.5553
2518 70.5553
2519 70.5553
2520 70.5553
2521 70.5553
2522 70.5553
2523 70.5553
2524 70.5553
2525 70.5553
2526 70.5553
2527 70.5553
2528 70.5553
2529 70.5553
2530 70.5553
2531 70.5553
2532 70.5553
2533 70.5553
2534 70.5553
2535 70.5553
2536 70.5553
2537 70.5553
2538 70.5553
2539 70.5553
2540 70.5553
2541 70.5553
2542 70.5553
2543 70.5553
2544 70.5553
2545 70.5553
2546 70.5553
2547 70.5553
2548 70.5553
2549 70.5553
2550 70.5553
2551 70.5553
2552 70.5553
2553 70.5553
2554 70.5553
2555 70.5553
2556 70.5553
2557 70.5553
2558 70.5553
2559 70.5553
2560 70.5553
2561 70.5553
2562 70.5553
2563 70.5553
2564 70.5553
2565 70.5553
2566 70.5553
2567 70.5553
2568 70.5553
2569 70.5553
2570 70.5553
2571 70.5553
2572 70.5553
2573 70.5553
2574 70.5553
2575 70.5553
2576 70.5553
2577 70.5553
2578 70.5553
2579 70.5553
2580 70.5553
2581 70.5553
2582 70.5553
2583 70.5553
2584 70.5553
2585 70.5553
2586 70.5553
2587 70.5553
2588 70.5553
2589 70.5553
2590 70.5553
2591 70.5553
2592 70.5553
2593 70.5553
2594 70.5553
2595 70.5553
2596 70.5553
2597 70.5553
2598 70.5553
2599 70.5553
2600 70.5553
2601 70.5553
2602 70.5553
2603 70.5553
2604 70.5553
2605 70.5553
2606 70.5553
2607 70.5553
2608 70.5553
2609 70.5553
2610 70.5553
2611 70.5553
2612 70.5553
2613 70.5553
2614 70.5553
2615 70.5553
2616 70.5553
2617 70.5553
2618 70.5553
2619 70.5553
2620 70.5553
2621 70.5553
2622 70.5553
2623 70.5553
2624 70.5553
2625 70.5553
2626 70.5553
2627 70.5553
2628 70.5553
2629 70.5553
2630 70.5553
2631 70.5553
2632 70.5553
2633 70.5553
2634 70.5553
2635 70.5553
2636 70.5553
2637 70.5553
2638 70.5553
2639 70.5553
2640 70.5553
2641 70.5553
2642 70.5553
2643 70.5553
2644 70.5553
2645 70.5553
2646 70.5553
2647 70.5553
2648 70.5553
2649 70.5553
2650 70.5553
2651 70.5553
2652 70.5553
2653 70.5553
2654 70.5553
2655 70.5553
2656 70.5553
2657 70.5553
2658 70.5553
2659 70.5553
2660 70.5553
2661 70.5553
2662 70.5553
2663 70.5553
2664 70.5553
2665 70.5553
2666 70.5553
2667 70.5553
2668 70.5553
2669 70.5553
2670 70.5553
2671 70.5553
2672 70.5553
2673 70.5553
2674 70.5553
2675 70.5553
2676 70.5553
2677 70.5553
2678 70.5553
2679 70.5553
2680 70.5553
2681 70.5553
2682 70.5553
2683 70.5553
2684 70.5553
2685 70.5553
2686 70.5553
2687 70.5553
2688 70.5553
2689 70.5553
2690 70.5553
2691 70.5553
2692 70.5553
2693 70.5553
2694 70.5553
2695 70.5553
2696 70.5553
2697 70.5553
2698 70.5553
2699 70.5553
2700 70.5553
2701 70.5553
2702 70.5553
2703 70.5553
2704 70.5553
2705 70.5553
2706 70.5553
2707 70.5553
2708 70.5553
2709 70.5553
2710 70.5553
2711 70.5553
2712 70.5553
2713 70.5553
2714 70.5553
2715 70.5553
2716 70.5553
2717 70.5553
2718 70.5553
2719 70.5553
2720 70.5553
2721 70.5553
2722 70.5553
2723 70.5553
2724 70.5553
2725 70.5553
2726 70.5553
2727 70.5553
2728 70.5553
2729 70.5553
2730 70.5553
2731 70.5553
2732 70.5553
2733 70.5553
2734 70.4972
2735 70.5553
2736 70.5553
2737 70.5553
2738 70.5553
2739 70.5553
2740 70.5553
2741 70.5553
2742 70.5553
2743 70.5553
2744 70.5553
2745 70.5553
2746 70.5553
2747 70.5553
2748 70.5553
2749 70.5553
2750 70.5553
2751 70.5553
2752 70.5553
2753 70.5553
2754 70.5553
2755 70.5553
2756 70.5553
2757 70.5553
2758 70.5553
2759 70.5553
2760 70.5553
2761 70.5553
2762 70.5553
2763 70.5553
2764 70.5553
2765 70.5553
2766 70.5553
2767 70.5553
2768 70.5553
2769 70.5553
2770 70.5553
2771 70.5553
2772 70.5553
2773 70.5553
2774 70.5553
2775 70.5553
2776 70.5553
2777 70.5553
2778 70.5553
2779 70.5553
2780 70.5553
2781 70.5553
2782 70.5553
2783 70.5553
2784 70.5553
2785 70.5553
2786 70.5553
2787 70.5553
2788 70.5553
2789 70.5553
2790 70.5553
2791 70.5553
2792 70.5553
2793 70.5553
2794 70.5553
2795 70.5553
2796 70.5553
2797 70.5553
2798 70.5553
2799 70.5553
2800 70.5553
2801 70.5553
2802 70.5553
2803 70.5553
2804 70.5553
2805 70.5553
2806 70.5553
2807 70.5553
2808 70.5553
2809 70.5553
2810 70.5553
2811 70.5553
2812 70.5553
2813 70.5553
2814 70.5553
2815 70.5553
2816 70.5553
2817 70.5553
2818 70.5553
2819 70.5553
2820 70.5553
2821 70.5553
2822 70.5553
2823 70.5553
2824 70.5553
2825 70.5553
2826 70.5553
2827 70.5553
2828 70.5553
2829 70.5553
2830 70.5553
2831 70.5553
2832 70.5553
2833 70.5553
2834 70.5553
2835 70.5553
2836 70.5553
2837 70.5553
2838 70.5553
2839 70.5553
2840 70.5553
2841 70.5553
2842 70.5553
2843 70.5553
2844 70.5553
2845 70.5553
2846 70.5553
2847 70.5553
2848 70.5553
2849 70.5553
2850 70.5553
2851 70.5553
2852 70.5553
2853 70.5553
2854 70.5553
2855 70.5553
2856 70.5553
2857 70.5553
2858 70.5553
2859 70.5553
2860 70.5553
2861 70.5553
2862 70.5553
2863 70.5553
2864 70.5553
2865 70.5553
2866 70.5553
2867 70.5553
2868 70.5553
2869 70.5553
2870 70.5553
2871 70.5553
2872 70.5553
2873 70.5553
2874 70.5553
2875 70.5553
2876 70.5553
2877 70.5553
2878 70.5553
2879 70.5553
2880 70.5553
2881 70.5553
2882 70.5553
2883 70.5553
2884 70.5553
2885 70.5553
2886 70.5553
2887 70.5553
2888 70.5553
2889 70.5553
2890 70.5553
2891 70.5553
2892 70.5553
2893 70.5553
2894 70.5553
2895 70.5553
2896 70.5553
2897 70.5553
2898 70.5553
2899 70.5553
2900 70.5553
2901 70.5553
2902 70.5553
2903 70.5553
2904 70.5553
2905 70.5553
2906 70.5553
2907 70.5553
2908 70.5553
2909 70.5553
2910 70.5553
2911 70.5553
2912 70.5553
2913 70.5553
2914 70.5553
2915 70.5553
2916 70.5553
2917 70.5553
2918 70.5553
2919 70.5553
2920 70.5553
2921 70.5553
2922 70.5553
2923 70.5553
2924 70.5553
2925 70.5553
2926 70.5553
2927 70.5553
2928 70.5553
2929 70.5553
2930 70.5553
2931 70.5553
2932 70.5553
2933 70.5553
2934 70.5553
2935 70.5553
2936 70.5553
2937 70.5553
2938 70.5553
2939 70.5553
2940 70.5553
2941 70.5553
2942 70.5553
2943 70.5553
2944 70.5553
2945 70.5553
2946 70.5553
2947 70.4383
2948 70.4383
2949 70.4383
2950 70.4383
2951 70.4383
2952 70.4383
2953 70.4383
2954 70.4383
2955 70.4383
2956 70.4383
2957 70.4383
2958 70.4383
2959 70.4383
2960 70.4383
2961 70.4383
2962 70.4383
2963 70.4383
2964 70.4383
2965 70.4383
2966 70.4383
2967 70.4383
2968 70.4383
2969 70.4383
2970 70.4383
2971 70.4383
2972 70.4383
2973 70.4383
2974 70.4383
2975 70.4383
2976 70.4383
2977 70.4383
2978 70.4383
2979 70.4383
2980 70.4383
2981 70.4383
2982 70.4383
2983 70.4383
2984 70.4383
2985 70.4383
2986 70.4383
2987 70.4383
2988 70.4383
2989 70.4383
2990 70.4383
2991 70.4383
2992 70.4383
2993 70.4383
2994 70.4383
2995 70.4383
2996 70.4383
2997 70.4383
2998 70.4383
2999 70.4383
3000 70.4383
3001 70.4383
3002 70.4383
3003 70.4383
3004 70.4383
3005 70.4383
3006 70.4383
3007 70.4383
3008 70.4383
3009 70.4383
3010 70.4383
3011 70.4383
3012 70.4383
3013 70.4383
3014 70.4383
3015 70.4383
3016 70.4383
3017 70.4383
3018 70.4383
3019 70.4383
3020 70.4383
3021 70.4383
3022 70.4383
3023 70.4383
3024 70.4383
3025 70.4383
3026 70.4383
3027 70.4383
3028 70.4383
3029 70.4383
3030 70.4383
3031 70.4383
3032 70.4383
3033 70.4383
3034 70.4383
3035 70.4383
3036 70.4383
3037 70.4383
3038 70.4383
3039 70.4383
3040 70.4383
3041 69.4954
3042 69.4954
3043 69.4954
3044 69.4954
3045 69.4954
3046 69.4954
3047 69.4954
3048 69.4954
3049 69.4954
3050 69.4954
3051 69.4954
3052 69.4369
3053 69.4369
3054 69.4954
3055 69.4954
3056 69.4369
3057 69.4369
3058 69.4369
3059 69.4369
3060 69.3545
3061 69.3545
3062 69.3545
3063 69.3545
3064 69.3545
3065 69.3545
3066 69.3545
3067 69.3545
3068 69.3545
3069 69.3545
3070 69.3545
3071 69.3545
3072 69.3545
3073 69.3545
3074 69.3545
3075 69.3545
3076 69.3545
3077 69.3545
3078 69.3545
3079 69.3545
3080 69.3545
3081 69.3545
3082 69.3545
3083 69.3545
3084 69.3545
3085 69.3545
3086 69.3545
3087 69.3545
3088 69.3545
3089 69.3545
3090 69.3545
3091 69.3545
3092 69.3545
3093 69.3545
3094 69.3545
3095 69.3545
3096 69.3545
3097 69.3545
3098 69.3545
3099 69.3545
3100 69.3545
3101 69.3545
3102 69.3545
3103 69.3545
3104 69.3545
3105 69.3545
3106 69.3545
3107 69.3545
3108 69.3545
3109 69.3545
3110 69.3545
3111 69.3545
3112 69.3545
3113 69.3545
3114 69.3545
3115 69.3545
3116 69.3545
3117 69.3545
3118 69.3545
3119 69.3545
3120 69.3545
3121 69.3545
3122 69.3545
3123 69.3545
3124 69.3545
3125 69.3545
3126 69.3545
3127 69.3545
3128 69.3545
3129 69.3545
3130 69.3545
3131 69.3545
3132 69.3545
3133 69.3545
3134 69.3545
3135 69.3545
3136 69.3545
3137 69.3545
3138 69.3545
3139 69.3545
3140 69.3545
3141 69.3545
3142 69.3545
3143 69.3545
3144 69.3545
3145 69.3545
3146 69.3545
3147 69.3545
3148 69.3545
3149 69.3545
3150 69.3545
3151 69.3545
3152 69.3545
3153 69.3545
3154 69.3545
3155 69.3545
3156 69.3545
3157 69.3545
3158 69.3545
3159 69.3545
3160 69.3545
3161 69.3545
3162 69.3545
3163 69.3545
3164 69.3545
3165 69.3545
3166 69.3545
3167 69.3545
3168 69.3545
3169 69.3545
3170 69.3545
3171 69.3545
3172 69.3545
3173 69.3545
3174 69.3545
3175 69.3545
3176 69.3545
3177 69.3545
3178 69.3545
3179 69.3545
3180 69.3545
3181 69.3545
3182 69.3545
3183 69.3545
3184 69.3545
3185 69.3545
3186 69.3545
3187 69.3545
3188 69.3545
3189 69.3545
3190 69.3545
3191 69.3545
3192 69.3545
3193 69.3545
3194 69.3545
3195 69.3545
3196 69.3545
3197 69.3545
3198 69.3545
3199 69.3545
3200 69.3545
3201 69.3545
3202 69.3545
3203 69.3545
3204 69.3545
3205 69.3545
3206 69.3545
3207 69.3545
3208 69.3545
3209 69.3545
3210 69.3545
3211 69.3545
3212 69.3545
3213 69.3545
3214 69.3545
3215 69.3545
3216 69.3545
3217 69.3545
3218 69.3545
3219 69.3545
3220 69.3545
3221 69.3545
3222 69.3545
3223 69.3545
3224 69.3545
3225 69.3545
3226 69.3545
3227 69.3545
3228 69.3545
3229 69.3545
3230 69.3545
3231 69.3545
3232 69.3545
3233 69.3545
3234 69.3545
3235 69.3545
3236 69.3545
3237 69.3545
3238 69.3545
3239 69.3545
3240 69.3545
3241 69.3545
3242 69.3545
3243 69.3545
3244 69.3545
3245 69.3545
3246 69.3545
3247 69.3545
3248 69.3545
3249 69.3545
3250 69.3545
3251 69.3545
3252 69.3545
3253 69.3545
3254 69.3545
3255 69.3545
3256 69.3545
3257 69.3545
3258 69.3545
3259 69.3545
3260 69.3545
3261 69.3545
3262 69.3545
3263 69.3545
3264 69.3545
3265 69.3545
3266 69.3545
3267 69.3545
3268 69.3545
3269 69.3545
3270 69.3545
3271 69.3545
3272 69.3545
3273 69.3545
3274 69.3545
3275 69.3545
3276 69.3545
3277 69.3545
3278 69.3545
3279 69.3545
3280 69.3545
3281 69.3545
3282 69.3545
3283 69.3545
3284 69.3545
3285 69.3545
3286 69.3545
3287 69.3545
3288 69.3545
3289 69.3545
3290 69.3545
3291 69.3545
3292 69.3545
3293 69.3545
3294 69.3545
3295 69.3545
3296 69.3545
3297 69.3545
3298 69.3545
3299 69.3545
3300 69.3545
3301 69.3545
3302 69.3545
3303 69.3545
3304 69.3545
3305 69.3545
3306 69.3545
3307 69.3545
3308 69.3545
3309 69.3545
3310 69.3545
3311 69.3545
3312 69.3545
3313 69.3545
3314 69.3545
3315 69.3545
3316 69.3545
3317 69.3545
3318 69.3545
3319 69.3545
3320 69.3545
3321 69.3545
3322 69.3545
3323 69.3545
3324 69.3545
3325 69.3545
3326 69.3545
3327 69.3545
3328 69.3545
3329 69.3545
3330 69.3545
3331 69.3545
3332 69.3545
3333 69.3545
3334 69.3545
3335 69.3545
3336 69.3545
3337 69.3545
3338 69.3545
3339 69.3545
3340 69.3545
3341 69.3545
3342 69.3545
3343 69.3545
3344 69.3545
3345 69.3545
3346 69.3545
3347 69.3545
3348 69.3545
3349 69.3545
3350 69.3545
3351 69.3545
3352 69.3545
3353 69.3545
3354 69.3545
3355 69.3545
3356 69.3545
3357 69.3545
3358 69.3545
3359 69.3545
3360 69.3545
3361 69.3545
3362 69.3545
3363 69.3545
3364 69.3545
3365 69.3545
3366 69.3545
3367 69.3545
3368 69.3545
3369 69.3545
3370 69.3545
3371 69.3545
3372 69.3545
3373 69.3545
3374 69.3545
3375 69.3545
3376 69.3545
3377 69.3545
3378 69.3545
3379 69.3545
3380 69.3545
3381 69.3545
3382 69.3545
3383 69.3545
3384 69.3545
3385 69.3545
3386 69.3545
3387 69.3545
3388 69.3545
3389 69.3545
3390 69.3545
3391 69.3545
3392 69.3545
3393 69.3545
3394 69.3545
3395 69.3545
3396 69.3545
3397 69.3545
3398 69.3545
3399 69.3545
3400 69.3545
3401 69.3545
3402 69.3545
3403 69.3545
3404 69.3545
3405 69.3545
3406 69.3545
3407 69.3545
3408 69.3545
3409 69.3545
3410 69.3545
3411 69.3545
3412 69.3545
3413 69.3545
3414 69.3545
3415 69.3545
3416 69.3545
3417 69.3545
3418 69.3545
3419 69.3545
3420 69.3545
3421 69.3545
3422 69.3545
3423 69.3545
3424 69.3545
3425 69.3545
3426 69.3545
3427 69.3545
3428 69.3545
3429 69.3545
3430 69.3545
3431 69.3545
3432 69.3545
3433 69.3545
3434 69.3545
3435 69.3545
3436 69.3545
3437 69.3545
3438 69.3545
3439 69.3545
3440 69.3545
3441 69.3545
3442 69.3545
3443 69.3545
3444 69.3545
3445 69.3545
3446 69.3545
3447 69.3545
3448 69.3545
3449 69.3545
3450 69.3545
3451 69.3545
3452 69.3545
3453 69.3545
3454 69.3545
3455 69.3545
3456 69.3545
3457 69.3545
3458 69.3545
3459 69.3545
3460 69.3545
3461 69.3545
3462 69.3545
3463 69.3545
3464 69.3545
3465 69.3545
3466 69.3545
3467 69.3545
3468 69.3545
3469 69.3545
3470 69.3545
3471 69.3545
3472 69.3545
3473 69.3545
3474 69.3545
3475 69.3545
3476 69.3545
3477 69.3545
3478 69.3545
3479 69.3545
3480 69.3545
3481 69.3545
3482 69.3545
3483 69.3545
3484 69.3545
3485 69.3545
3486 69.3545
3487 69.3545
3488 69.3545
3489 69.3545
3490 69.3545
3491 69.3545
3492 69.3545
3493 69.3545
3494 69.3545
3495 69.3545
3496 69.3545
3497 69.3545
3498 69.3545
3499 69.3545
3500 69.3545
3501 69.3545
3502 69.3545
3503 69.3545
3504 69.3545
3505 69.3545
3506 69.3545
3507 69.3545
3508 69.3545
3509 69.3545
3510 69.3545
3511 69.3545
3512 69.3545
3513 69.3545
3514 69.3545
3515 69.3545
3516 69.3545
3517 69.3545
3518 69.3545
3519 69.3545
3520 69.3545
3521 69.3545
3522 69.3545
3523 69.3545
3524 69.3545
3525 69.3545
3526 69.3545
3527 69.3545
3528 69.3545
3529 69.3545
3530 69.3545
3531 69.3545
3532 69.3545
3533 69.3545
3534 69.3545
3535 69.3545
3536 69.3545
3537 69.3545
3538 69.3545
3539 69.3545
3540 69.3545
3541 69.3545
3542 69.3545
3543 69.3545
3544 69.3545
3545 69.3545
3546 69.3545
3547 69.3545
3548 69.3545
3549 69.3545
3550 69.3545
3551 69.3545
3552 69.3545
3553 69.3545
3554 69.3545
3555 69.3545
3556 69.3545
3557 69.3545
3558 69.3545
3559 69.3545
3560 69.3545
3561 69.3545
3562 69.3545
3563 69.3545
3564 69.3545
3565 69.3545
3566 69.3545
3567 69.3545
3568 69.3545
3569 69.3545
3570 69.3545
3571 69.3545
3572 69.3545
3573 69.3545
3574 69.3545
3575 69.3545
3576 69.3545
3577 69.3545
3578 69.3545
3579 69.3545
3580 69.3545
3581 69.3545
3582 69.3545
3583 69.3545
3584 69.3545
3585 69.3545
3586 69.3545
3587 69.3545
3588 69.3545
3589 69.3545
3590 69.3545
3591 69.3545
3592 69.3545
3593 69.3545
3594 69.3545
3595 69.3545
3596 69.3545
3597 69.3545
3598 69.3545
3599 69.3545
3600 69.3545
3601 69.3545
3602 69.3545
3603 69.3545
3604 69.3545
3605 69.3545
3606 69.3545
3607 69.3545
3608 69.3545
3609 69.3545
3610 69.3545
3611 69.3545
3612 69.3545
3613 69.3545
3614 69.3545
3615 69.3545
3616 69.3545
3617 69.3545
3618 69.3545
3619 69.3545
3620 69.3545
3621 69.3545
3622 69.3545
3623 69.3545
3624 69.3545
3625 69.3545
3626 69.3545
3627 69.3545
3628 69.3545
3629 69.3545
3630 69.3545
3631 69.3545
3632 69.3545
3633 69.3545
3634 69.3545
3635 69.3545
3636 69.3545
3637 69.3545
3638 69.3545
3639 69.3545
3640 69.3545
3641 69.3545
3642 69.3545
3643 69.3545
3644 69.3545
3645 69.3545
3646 69.3545
3647 69.3545
3648 69.3545
3649 69.3545
3650 69.3545
3651 69.3545
3652 69.3545
3653 69.3545
3654 69.3545
3655 69.3545
3656 69.3545
3657 69.3545
3658 69.3545
3659 69.3545
3660 69.3545
3661 69.3545
3662 69.3545
3663 69.3545
3664 69.3545
3665 69.3545
3666 69.3545
3667 69.3545
3668 69.3545
3669 69.3545
3670 69.3545
3671 69.3545
3672 69.3545
3673 69.3545
3674 69.3545
3675 69.3545
3676 69.3545
3677 69.3545
3678 69.3545
3679 69.3545
3680 69.3545
3681 69.3545
3682 69.3545
3683 69.3545
3684 69.3545
3685 69.3545
3686 69.3545
3687 69.3545
3688 69.3545
3689 69.3545
3690 69.3545
3691 69.3545
3692 69.3545
3693 69.3545
3694 69.3545
3695 69.3545
3696 69.3545
3697 69.3545
3698 69.3545
3699 69.3545
3700 69.3545
3701 69.3545
3702 69.3545
3703 69.3545
3704 69.3545
3705 69.3545
3706 69.3545
3707 69.3545
3708 69.3545
3709 69.3545
3710 69.3545
3711 69.3545
3712 69.3545
3713 69.3545
3714 69.3545
3715 69.3545
3716 69.3545
3717 69.3545
3718 69.3545
3719 69.3545
3720 69.3545
3721 69.3545
3722 69.3545
3723 69.3545
3724 69.3545
3725 69.3545
3726 69.3545
3727 69.3545
3728 69.3545
3729 69.3545
3730 69.3545
3731 69.3545
3732 69.3545
3733 69.3545
3734 69.3545
3735 69.3545
3736 69.3545
3737 69.3545
3738 69.3545
3739 69.3545
3740 69.3545
3741 69.3545
3742 69.3545
3743 69.3545
3744 69.3545
3745 69.3545
3746 69.3545
3747 69.3545
3748 69.3545
3749 69.3545
3750 69.3545
3751 69.3545
3752 69.3545
3753 69.3545
3754 69.3545
3755 69.3545
3756 69.3545
3757 69.3545
3758 69.3545
3759 69.3545
3760 69.3545
3761 69.3545
3762 69.3545
3763 69.3545
3764 69.3545
3765 69.3545
3766 69.3545
3767 69.3545
3768 69.3545
3769 69.3545
3770 69.3545
3771 69.3545
3772 69.3545
3773 69.3545
3774 69.3545
3775 69.3545
3776 69.3545
3777 69.3545
3778 69.3545
3779 69.3545
3780 69.3545
3781 69.3545
3782 69.3545
3783 69.3545
3784 69.3545
3785 69.3545
3786 69.3545
3787 69.3545
3788 69.3545
3789 69.3545
3790 69.3545
3791 69.3545
3792 69.3545
3793 69.3545
3794 69.3545
3795 69.3545
3796 69.3545
3797 69.3545
3798 69.3545
3799 69.3545
3800 69.3545
3801 69.3545
3802 69.3545
3803 69.3545
3804 69.3545
3805 69.3545
3806 69.3545
3807 69.3545
3808 69.3545
3809 69.3545
3810 69.3545
3811 69.3545
3812 69.3545
3813 69.3545
3814 69.3545
3815 69.3545
3816 69.3545
3817 69.3545
3818 69.3545
3819 69.3545
3820 69.3545
3821 69.3545
3822 69.3545
3823 69.3545
3824 69.3545
3825 69.3545
3826 69.3545
3827 69.3545
3828 69.3545
3829 69.3545
3830 69.3545
3831 69.3545
3832 69.3545
3833 69.3545
3834 69.3545
3835 69.3545
3836 69.3545
3837 69.3545
3838 69.3545
3839 69.3545
3840 69.3545
3841 69.3545
3842 69.3545
3843 69.3545
3844 69.3545
3845 69.3545
3846 69.3545
3847 69.3545
3848 69.3545
3849 69.3545
3850 69.3545
3851 69.3545
3852 69.3545
3853 69.3545
3854 69.3545
3855 69.3545
3856 69.3545
3857 69.3545
3858 69.3545
3859 69.3545
3860 69.3545
3861 69.3545
3862 69.3545
3863 69.3545
3864 69.3545
3865 69.3545
3866 69.3545
3867 69.3545
3868 69.3545
3869 69.3545
3870 69.3545
3871 69.3545
3872 69.3545
3873 69.3545
3874 69.3545
3875 69.3545
3876 69.3545
3877 69.3545
3878 69.3545
3879 69.3545
3880 69.3545
3881 69.3545
3882 69.3545
3883 69.3545
3884 69.3545
3885 69.3545
3886 69.3545
3887 69.3545
3888 69.3545
3889 69.3545
3890 69.3545
3891 69.3545
3892 69.3545
3893 69.3545
3894 69.3545
3895 69.3545
3896 69.3545
3897 69.3545
3898 69.3545
3899 69.3545
3900 69.3545
3901 69.3545
3902 69.3545
3903 69.3545
3904 69.3545
3905 69.3545
3906 69.3545
3907 69.3545
3908 69.3545
3909 69.3545
3910 69.3545
3911 69.3545
3912 69.3545
3913 69.3545
3914 69.3545
3915 69.3545
3916 69.3545
3917 69.3545
3918 69.3545
3919 69.3545
3920 69.3545
3921 69.3545
3922 69.3545
3923 69.3545
3924 69.3545
3925 69.3545
3926 69.3545
3927 69.3545
3928 69.3545
3929 69.3545
3930 69.3545
3931 69.3545
3932 69.3545
3933 69.3545
3934 69.3545
3935 69.3545
3936 69.3545
3937 69.3545
3938 69.3545
3939 69.3545
3940 69.3545
3941 69.3545
3942 69.3545
3943 69.3545
3944 69.3545
3945 69.3545
3946 69.3545
3947 69.3545
3948 69.3545
3949 69.3545
3950 69.3545
3951 69.3545
3952 69.3545
3953 69.3545
3954 69.3545
3955 69.3545
3956 69.3545
3957 69.3545
3958 69.3545
3959 69.3545
3960 69.3545
3961 69.3545
3962 69.3545
3963 69.3545
3964 69.3545
3965 69.3545
3966 69.3545
3967 69.3545
3968 69.3545
3969 69.3545
3970 69.3545
3971 69.3545
3972 69.3545
3973 69.3545
3974 69.3545
3975 69.3545
3976 69.3545
3977 69.3545
3978 69.3545
3979 69.3545
3980 69.3545
3981 69.3545
3982 69.3545
3983 69.3545
3984 69.3545
3985 69.3545
3986 69.3545
3987 69.3545
3988 69.3545
3989 69.3545
3990 69.3545
3991 69.3545
3992 69.3545
3993 69.3545
3994 69.3545
3995 69.3545
3996 69.3545
3997 69.3545
3998 69.3545
3999 69.3545
4000 69.3545
4001 69.3545
4002 69.3545
4003 69.3545
4004 69.3545
4005 69.3545
4006 69.3545
4007 69.3545
4008 69.3545
4009 69.3545
4010 69.3545
4011 69.3545
4012 69.3545
4013 69.3545
4014 69.3545
4015 69.3545
4016 69.3545
4017 69.3545
4018 69.3545
4019 69.3545
4020 69.3545
4021 69.3545
4022 69.3545
4023 69.3545
4024 69.3545
4025 69.3545
4026 69.3545
4027 69.3545
4028 69.3545
4029 69.3545
4030 69.3545
4031 69.3545
4032 69.3545
4033 69.3545
4034 69.3545
4035 69.3545
4036 69.3545
4037 69.3545
4038 69.3545
4039 69.3545
4040 69.3545
4041 69.3545
4042 69.3545
4043 69.3545
4044 69.3545
4045 69.3545
4046 69.3545
4047 69.3545
4048 69.3545
4049 69.3545
4050 69.3545
4051 69.3545
4052 69.3545
4053 69.3545
4054 69.3545
4055 69.3545
4056 69.3545
4057 69.3545
4058 69.3545
4059 69.3545
4060 69.3545
4061 69.3545
4062 69.3545
4063 69.3545
4064 69.3545
4065 69.3545
4066 69.3545
4067 69.3545
4068 69.3545
4069 69.3545
4070 69.3545
4071 69.3545
4072 69.3545
4073 69.3545
4074 69.3545
4075 69.3545
4076 69.3545
4077 69.3545
4078 69.3545
4079 69.3545
4080 69.3545
4081 69.3545
4082 69.3545
4083 69.3545
4084 69.3545
4085 69.3545
4086 69.3545
4087 69.3545
4088 69.3545
4089 69.3545
4090 69.3545
4091 69.3545
4092 69.3545
4093 69.3545
4094 69.3545
4095 69.3545
4096 69.3545
4097 69.3545
4098 69.3545
4099 69.3545
4100 69.3545
4101 69.3545
4102 69.3545
4103 69.3545
4104 69.3545
4105 69.3545
4106 69.3545
4107 69.3545
4108 69.3545
4109 69.3545
4110 69.3545
4111 69.3545
4112 69.3545
4113 69.3545
4114 69.3545
4115 69.3545
4116 69.3545
4117 69.3545
4118 69.3545
4119 69.3545
4120 69.3545
4121 69.3545
4122 69.3545
4123 69.3545
4124 69.3545
4125 69.3545
4126 69.3545
4127 69.3545
4128 69.3545
4129 69.3545
4130 69.3545
4131 69.3545
4132 69.3545
4133 69.3545
4134 69.3545
4135 69.3545
4136 69.3545
4137 69.3545
4138 69.3545
4139 69.3545
4140 69.3545
4141 69.3545
4142 69.3545
4143 69.3545
4144 69.3545
4145 69.3545
4146 69.3545
4147 69.3545
4148 69.3545
4149 69.3545
4150 69.3545
4151 69.3545
4152 69.3545
4153 69.3545
4154 69.3545
4155 69.3545
4156 69.3545
4157 69.3545
4158 69.3545
4159 69.3545
4160 69.3545
4161 69.3545
4162 69.3545
4163 69.3545
4164 69.3545
4165 69.3545
4166 69.3545
4167 69.3545
4168 69.3545
4169 69.3545
4170 69.3545
4171 69.3545
4172 69.3545
4173 69.3545
4174 69.3545
4175 69.3545
4176 69.3545
4177 69.2295
4178 69.3545
4179 69.3545
4180 69.3545
4181 69.3545
4182 69.3545
4183 69.3545
4184 69.3545
4185 69.3545
4186 69.3545
4187 69.3545
4188 69.3545
4189 69.3545
4190 69.3545
4191 69.3545
4192 69.3545
4193 69.3545
4194 69.3545
4195 69.3545
4196 69.3545
4197 69.3545
4198 69.3545
4199 69.3545
4200 69.3545
4201 69.3545
4202 69.3545
4203 69.3545
4204 69.3545
4205 69.3545
4206 69.3545
4207 69.3545
4208 69.3545
4209 69.3545
4210 69.3545
4211 69.3545
4212 69.3545
4213 69.3545
4214 69.3545
4215 69.3545
4216 69.3545
4217 69.3545
4218 69.3545
4219 69.3545
4220 69.3545
4221 69.3545
4222 69.3545
4223 69.3545
4224 69.3545
4225 69.3545
4226 69.3545
4227 69.3545
4228 69.3545
4229 69.3545
4230 69.3545
4231 69.3545
4232 69.3545
4233 69.3545
4234 69.3545
4235 69.3545
4236 69.3545
4237 69.3545
4238 69.3545
4239 69.3545
4240 69.3545
4241 69.3545
4242 69.3545
4243 69.3545
4244 69.3545
4245 69.3545
4246 69.3545
4247 69.3545
4248 69.3545
4249 69.3545
4250 69.3545
4251 69.3545
4252 69.3545
4253 69.2295
4254 69.2295
4255 69.2295
4256 69.2295
4257 69.2295
4258 69.2295
4259 69.2295
4260 69.2295
4261 69.2295
4262 69.2295
4263 69.2295
4264 69.2295
4265 69.2295
4266 69.2295
4267 69.2295
4268 69.2295
4269 69.2295
4270 69.2295
4271 69.2295
4272 69.2295
4273 69.2295
4274 69.2295
4275 69.2295
4276 69.2295
4277 69.2295
4278 69.2295
4279 69.2295
4280 69.2295
4281 69.2295
4282 69.2295
4283 69.2295
4284 69.2295
4285 69.2295
4286 69.2295
4287 69.2295
4288 69.2295
4289 69.2295
4290 69.2295
4291 69.2295
4292 69.2295
4293 69.2295
4294 69.2295
4295 69.2295
4296 69.2295
4297 69.2295
4298 69.2295
4299 69.2295
4300 69.2295
4301 69.2295
4302 69.2295
4303 69.2295
4304 69.2295
4305 69.2295
4306 69.2295
4307 69.2295
4308 69.2295
4309 69.2295
4310 69.2295
4311 69.2295
4312 69.2295
4313 69.2295
4314 69.2295
4315 69.2295
4316 69.2295
4317 69.2295
4318 69.2295
4319 69.2295
4320 69.2295
4321 69.2295
4322 69.2295
4323 69.2295
4324 69.2295
4325 69.2295
4326 69.2295
4327 69.2295
4328 69.2295
4329 69.2295
4330 69.2295
4331 69.2295
4332 69.2295
4333 69.2295
4334 69.2295
4335 69.2295
4336 69.2295
4337 69.2295
4338 69.2295
4339 69.2295
4340 69.2295
4341 69.2295
4342 69.2295
4343 69.2295
4344 69.2295
4345 69.2295
4346 69.2295
4347 69.2295
4348 69.2295
4349 69.2295
4350 69.2295
4351 69.2295
4352 69.2295
4353 69.2295
4354 69.2295
4355 69.2295
4356 69.2295
4357 69.2295
4358 69.2295
4359 69.2295
4360 69.2295
4361 69.2295
4362 69.2295
4363 69.2295
4364 69.2295
4365 69.2295
4366 69.2295
4367 69.2295
4368 69.2295
4369 69.2295
4370 69.2295
4371 69.2295
4372 69.2295
4373 69.2295
4374 69.2295
4375 69.2295
4376 69.2295
4377 69.2295
4378 69.2295
4379 69.2295
4380 69.2295
4381 69.2295
4382 69.2295
4383 69.2295
4384 69.2295
4385 69.2295
4386 69.2295
4387 69.2295
4388 69.2295
4389 69.2295
4390 69.2295
4391 69.2295
4392 69.2295
4393 69.2295
4394 69.2295
4395 69.2295
4396 69.2295
4397 69.2295
4398 69.2295
4399 69.2295
4400 69.2295
4401 69.2295
4402 69.2295
4403 69.2295
4404 69.2295
4405 69.2295
4406 69.2295
4407 69.2295
4408 69.2295
4409 69.2295
4410 69.2295
4411 69.2295
4412 69.2295
4413 69.2295
4414 69.2295
4415 69.2295
4416 69.2295
4417 69.2295
4418 69.2295
4419 69.2295
4420 69.2295
4421 69.2295
4422 69.2295
4423 69.2295
4424 69.2295
4425 69.2295
4426 69.2295
4427 69.2295
4428 69.2295
4429 69.2295
4430 69.2295
4431 69.2295
4432 69.2295
4433 69.2295
4434 69.2295
4435 69.2295
4436 69.2295
4437 69.2295
4438 69.2295
4439 69.2295
4440 69.2295
4441 69.2295
4442 69.2295
4443 69.2295
4444 69.2295
4445 69.2295
4446 69.2295
4447 69.2295
4448 69.2295
4449 69.2295
4450 69.2295
4451 69.2295
4452 69.2295
4453 69.2295
4454 69.2295
4455 69.2295
4456 69.2295
4457 69.2295
4458 69.2295
4459 69.2295
4460 69.2295
4461 69.2295
4462 69.2295
4463 69.2295
4464 69.2295
4465 69.2295
4466 69.2295
4467 69.2295
4468 69.2295
4469 69.2295
4470 69.2295
4471 69.2295
4472 69.2295
4473 69.2295
4474 69.2295
4475 69.2295
4476 69.2295
4477 69.2295
4478 69.2295
4479 69.2295
4480 69.2295
4481 69.2295
4482 69.2295
4483 69.2295
4484 69.2295
4485 69.2295
4486 69.2295
4487 69.2295
4488 69.2295
4489 69.2295
4490 69.2295
4491 69.2295
4492 69.2295
4493 69.2295
4494 69.2295
4495 69.2295
4496 69.2295
4497 69.2295
4498 69.2295
4499 69.2295
4500 69.2295
4501 69.2295
4502 69.2295
4503 69.2295
4504 69.2295
4505 69.2295
4506 69.2295
4507 69.2295
4508 69.2295
4509 69.2295
4510 69.2295
4511 69.2295
4512 69.2295
4513 69.2295
4514 69.2295
4515 69.2295
4516 69.2295
4517 69.2295
4518 69.2295
4519 69.2295
4520 69.2295
4521 69.2295
4522 69.2295
4523 69.2295
4524 69.2295
4525 69.2295
4526 69.2295
4527 69.2295
4528 69.2295
4529 69.2295
4530 69.2295
4531 69.2295
4532 69.2295
4533 69.2295
4534 69.2295
4535 69.2295
4536 69.2295
4537 69.2295
4538 69.2295
4539 69.2295
4540 69.2295
4541 69.2295
4542 69.2295
4543 69.2295
4544 69.2295
4545 69.2295
4546 69.2295
4547 69.2295
4548 69.2295
4549 69.2295
4550 69.2295
4551 69.2295
4552 69.2295
4553 69.2295
4554 69.2295
4555 69.2295
4556 69.2295
4557 69.2295
4558 69.2295
4559 69.2295
4560 69.2295
4561 69.2295
4562 69.2295
4563 69.2295
4564 69.2295
4565 69.2295
4566 69.2295
4567 69.2295
4568 69.2295
4569 69.2295
4570 69.2295
4571 69.2295
4572 69.2295
4573 69.2295
4574 69.2295
4575 69.2295
4576 69.2295
4577 69.2295
4578 69.2295
4579 69.2295
4580 69.2295
4581 69.2295
4582 69.2295
4583 69.2295
4584 69.2295
4585 69.2295
4586 69.2295
4587 69.2295
4588 69.2295
4589 69.2295
4590 69.2295
4591 69.2295
4592 69.2295
4593 69.2295
4594 69.2295
4595 69.2295
4596 69.2295
4597 69.2295
4598 69.2295
4599 69.2295
4600 69.2295
4601 69.2295
4602 69.2295
4603 69.2295
4604 69.2295
4605 69.2295
4606 69.2295
4607 69.2295
4608 69.2295
4609 69.2295
4610 69.2295
4611 69.2295
4612 69.2295
4613 69.2295
4614 69.2295
4615 69.2295
4616 69.2295
4617 69.2295
4618 69.2295
4619 69.2295
4620 69.2295
4621 69.2295
4622 69.2295
4623 69.2295
4624 69.2295
4625 69.2295
4626 69.2295
4627 69.2295
4628 69.2295
4629 69.2295
4630 69.2295
4631 69.2295
4632 69.2295
4633 69.2295
4634 69.2295
4635 69.2295
4636 69.2295
4637 69.2295
4638 69.2295
4639 69.2295
4640 69.2295
4641 69.2295
4642 69.2295
4643 69.2295
4644 69.2295
4645 69.2295
4646 69.2295
4647 69.2295
4648 69.2295
4649 69.2295
4650 69.2295
4651 69.2295
4652 69.2295
4653 69.2295
4654 69.2295
4655 69.2295
4656 69.2295
4657 69.2295
4658 69.2295
4659 69.2295
4660 69.2295
4661 69.2295
4662 69.2295
4663 69.2295
4664 69.2295
4665 69.2295
4666 69.2295
4667 69.2295
4668 69.2295
4669 69.2295
4670 69.2295
4671 69.2295
4672 69.2295
4673 69.2295
4674 69.2295
4675 69.2295
4676 69.2295
4677 69.2295
4678 69.2295
4679 69.2295
4680 69.2295
4681 69.2295
4682 69.2295
4683 69.2295
4684 69.2295
4685 69.2295
4686 69.2295
4687 69.2295
4688 69.2295
4689 69.2295
4690 69.2295
4691 69.2295
4692 69.2295
4693 69.2295
4694 69.2295
4695 69.2295
4696 69.2295
4697 69.2295
4698 69.2295
4699 69.2295
4700 69.2295
4701 69.222
4702 69.222
4703 69.222
4704 69.222
4705 69.222
4706 69.222
4707 69.222
4708 69.222
4709 69.222
4710 69.222
4711 69.222
4712 69.222
4713 69.222
4714 69.222
4715 69.222
4716 69.222
4717 69.222
4718 69.222
4719 69.222
4720 69.222
4721 69.222
4722 69.222
4723 69.222
4724 69.222
4725 69.222
4726 69.222
4727 69.222
4728 69.222
4729 69.222
4730 69.222
4731 69.222
4732 69.222
4733 69.222
4734 69.222
4735 69.222
4736 69.222
4737 69.222
4738 69.222
4739 69.222
4740 69.222
4741 69.222
4742 69.222
4743 69.222
4744 69.222
4745 69.222
4746 69.222
4747 69.222
4748 69.222
4749 69.222
4750 69.222
4751 69.222
4752 69.222
4753 69.222
4754 69.222
4755 69.222
4756 69.222
4757 69.222
4758 69.222
4759 69.222
4760 69.222
4761 69.222
4762 69.222
4763 69.222
4764 69.222
4765 69.222
4766 69.222
4767 69.222
4768 69.222
4769 69.222
4770 69.222
4771 69.222
4772 69.222
4773 69.222
4774 69.222
4775 69.222
4776 69.222
4777 69.222
4778 69.222
4779 69.222
4780 69.222
4781 69.222
4782 69.222
4783 69.222
4784 69.222
4785 69.222
4786 69.222
4787 69.222
4788 69.222
4789 69.222
4790 69.222
4791 69.222
4792 69.222
4793 69.222
4794 69.222
4795 69.222
4796 69.222
4797 69.222
4798 69.222
4799 69.222
4800 69.222
4801 69.222
4802 69.222
4803 69.222
4804 69.222
4805 69.222
4806 69.222
4807 69.222
4808 69.222
4809 69.222
4810 69.222
4811 69.222
4812 69.222
4813 69.222
4814 69.222
4815 69.222
4816 69.222
4817 69.222
4818 69.222
4819 69.222
4820 69.222
4821 69.222
4822 69.222
4823 69.222
4824 69.222
4825 69.222
4826 69.222
4827 69.222
4828 69.222
4829 69.222
4830 69.222
4831 69.222
4832 69.222
4833 69.222
4834 69.222
4835 69.222
4836 69.222
4837 69.222
4838 69.222
4839 69.222
4840 69.222
4841 69.222
4842 69.222
4843 69.222
4844 69.222
4845 69.222
4846 69.222
4847 69.222
4848 69.222
4849 69.222
4850 69.222
4851 69.222
4852 69.222
4853 69.222
4854 69.222
4855 69.222
4856 69.222
4857 69.222
4858 69.222
4859 69.222
4860 69.222
4861 69.222
4862 69.222
4863 69.222
4864 69.222
4865 69.222
4866 69.222
4867 69.222
4868 69.222
4869 69.222
4870 69.222
4871 69.222
4872 69.222
4873 69.222
4874 69.222
4875 69.222
4876 69.222
4877 69.222
4878 69.222
4879 69.222
4880 69.222
4881 69.222
4882 69.222
4883 69.222
4884 69.222
4885 69.222
4886 69.222
4887 69.222
4888 69.222
4889 69.222
4890 69.222
4891 69.222
4892 69.222
4893 69.222
4894 69.222
4895 69.222
4896 69.222
4897 69.222
4898 69.222
4899 69.222
4900 69.222
4901 69.222
4902 69.222
4903 69.222
4904 69.222
4905 69.222
4906 69.222
4907 69.222
4908 69.222
4909 69.222
4910 69.222
4911 69.222
4912 69.222
4913 69.222
4914 69.222
4915 69.222
4916 69.222
4917 69.222
4918 69.222
4919 69.222
4920 69.222
4921 69.222
4922 69.222
4923 69.222
4924 69.222
4925 69.222
4926 69.222
4927 69.222
4928 69.222
4929 69.222
4930 69.222
4931 69.222
4932 69.222
4933 69.222
4934 69.222
4935 69.222
4936 69.222
4937 69.222
4938 69.222
4939 69.222
4940 69.222
4941 69.222
4942 69.222
4943 69.222
4944 69.222
4945 69.222
4946 69.222
4947 69.222
4948 69.222
4949 69.222
4950 69.222
4951 69.222
4952 69.222
4953 69.222
4954 69.222
4955 69.222
4956 69.222
4957 69.222
4958 69.222
4959 69.222
4960 69.222
4961 69.222
4962 69.222
4963 69.222
4964 69.222
4965 69.222
4966 69.222
4967 69.222
4968 69.222
4969 69.222
4970 69.222
4971 69.222
4972 69.222
4973 69.222
4974 69.222
4975 69.222
4976 69.222
4977 69.222
4978 69.222
4979 69.222
4980 69.222
4981 69.222
4982 69.222
4983 69.222
4984 69.222
4985 69.222
4986 69.222
4987 69.222
4988 69.222
4989 69.222
4990 69.222
4991 69.222
4992 69.222
4993 69.222
4994 69.222
4995 69.222
4996 69.222
4997 69.222
4998 69.222
4999 69.222
5000 69.222
5001 69.222
5002 69.222
5003 69.222
5004 69.222
5005 69.222
5006 69.222
5007 69.222
5008 69.222
5009 69.222
5010 69.222
5011 69.222
5012 69.222
5013 69.222
5014 69.222
5015 69.222
5016 69.222
5017 69.222
5018 69.222
5019 69.222
5020 69.222
5021 69.222
5022 69.222
5023 69.222
5024 69.222
5025 69.222
5026 69.222
5027 69.222
5028 69.222
5029 69.222
5030 69.222
5031 69.222
5032 69.222
5033 69.222
5034 69.222
5035 69.222
5036 69.222
5037 69.222
5038 69.222
5039 69.222
5040 69.222
5041 69.222
5042 69.222
5043 69.222
5044 69.222
5045 69.222
5046 69.222
5047 69.222
5048 69.222
5049 69.222
5050 69.222
5051 69.222
5052 69.222
5053 69.222
5054 69.222
5055 69.222
5056 69.222
5057 69.222
5058 69.222
5059 69.222
5060 69.222
5061 69.222
5062 69.222
5063 69.222
5064 69.222
5065 69.222
5066 69.222
5067 69.222
5068 69.222
5069 69.222
5070 69.222
5071 69.222
5072 69.222
5073 69.222
5074 69.222
5075 69.222
5076 69.222
5077 69.222
5078 69.222
5079 69.222
5080 69.222
5081 69.222
5082 69.222
5083 69.222
5084 69.222
5085 69.222
5086 69.222
5087 69.222
5088 69.222
5089 69.222
5090 69.222
5091 69.222
5092 69.222
5093 69.222
5094 69.222
5095 69.222
5096 69.222
5097 69.222
5098 69.222
5099 69.222
5100 69.222
5101 69.222
5102 69.222
5103 69.222
5104 69.222
5105 69.222
5106 69.222
5107 69.222
5108 69.222
5109 69.222
5110 69.222
5111 69.222
5112 69.222
5113 69.222
5114 69.222
5115 69.222
5116 69.222
5117 69.222
5118 69.222
5119 69.222
5120 69.222
5121 69.222
5122 69.222
5123 69.222
5124 69.222
5125 69.222
5126 69.222
5127 69.222
5128 69.222
5129 69.222
5130 69.222
5131 69.222
5132 69.222
5133 69.222
5134 69.222
5135 69.222
5136 69.222
5137 69.222
5138 69.222
5139 69.222
5140 69.222
5141 69.222
5142 69.222
5143 69.222
5144 69.222
5145 69.222
5146 69.222
5147 69.222
5148 69.222
5149 69.222
5150 69.222
5151 69.222
5152 69.222
5153 69.222
5154 69.222
5155 69.222
5156 69.222
5157 69.222
5158 69.222
5159 69.222
5160 69.222
5161 69.222
5162 69.222
5163 69.222
5164 69.222
5165 69.222
5166 69.222
5167 69.222
5168 69.222
5169 69.222
5170 69.222
5171 69.222
5172 69.222
5173 69.222
5174 69.222
5175 69.222
5176 69.222
5177 69.222
5178 69.222
5179 69.222
5180 69.222
5181 69.222
5182 69.222
5183 69.222
5184 69.222
5185 69.222
5186 69.222
5187 69.222
5188 69.222
5189 69.222
5190 69.222
5191 69.222
5192 69.222
5193 69.222
5194 69.222
5195 69.222
5196 69.222
5197 69.222
5198 69.222
5199 69.222
5200 69.222
5201 69.222
5202 69.222
5203 69.222
5204 69.222
5205 69.222
5206 69.222
5207 69.222
5208 69.222
5209 69.222
5210 69.222
5211 69.222
5212 69.222
5213 69.222
5214 69.222
5215 69.222
5216 69.222
5217 69.222
5218 69.222
5219 69.222
5220 69.222
5221 69.222
5222 69.222
5223 69.222
5224 69.222
5225 69.222
5226 69.222
5227 69.222
5228 69.222
5229 69.222
5230 69.222
5231 69.222
5232 69.222
5233 69.222
5234 69.222
5235 69.222
5236 69.222
5237 69.222
5238 69.222
5239 69.222
5240 69.222
5241 69.222
5242 69.222
5243 69.222
5244 69.222
5245 69.222
5246 69.222
5247 69.222
5248 69.222
5249 69.222
5250 69.222
5251 69.222
5252 69.222
5253 69.222
5254 69.222
5255 69.222
5256 69.222
5257 69.222
5258 69.222
5259 69.222
5260 69.222
5261 69.222
5262 69.222
5263 69.222
5264 69.222
5265 69.222
5266 69.222
5267 69.222
5268 69.222
5269 69.222
5270 69.222
5271 69.222
5272 69.222
5273 69.222
5274 69.222
5275 69.222
5276 69.222
5277 69.222
5278 69.222
5279 69.222
5280 69.222
5281 69.222
5282 69.222
5283 69.222
5284 69.222
5285 69.222
5286 69.222
5287 69.222
5288 69.222
5289 69.222
5290 69.222
5291 69.222
5292 69.222
5293 69.222
5294 69.222
5295 69.222
5296 69.222
5297 69.222
5298 69.222
5299 69.222
5300 69.222
5301 69.222
5302 69.222
5303 69.222
5304 69.222
5305 69.222
5306 69.222
5307 69.222
5308 69.222
5309 69.222
5310 69.222
5311 69.222
5312 69.222
5313 69.222
5314 69.222
5315 69.222
5316 69.222
5317 69.222
5318 69.222
5319 69.222
5320 69.222
5321 69.222
5322 69.222
5323 69.222
5324 69.222
5325 69.222
5326 69.222
5327 69.222
5328 69.222
5329 69.222
5330 69.222
5331 69.222
5332 69.222
5333 69.222
5334 69.222
5335 69.222
5336 69.222
5337 69.222
5338 69.222
5339 69.222
5340 69.222
5341 69.222
5342 69.222
5343 69.222
5344 69.222
5345 69.222
5346 69.222
5347 69.222
5348 69.222
5349 69.222
5350 69.222
5351 69.222
5352 69.222
5353 69.222
5354 69.222
5355 69.222
5356 69.222
5357 69.222
5358 69.222
5359 69.222
5360 69.222
5361 69.222
5362 69.222
5363 69.222
5364 69.222
5365 69.222
5366 69.222
5367 69.222
5368 69.222
5369 69.222
5370 69.222
5371 69.222
5372 69.222
5373 69.222
5374 69.222
5375 69.222
5376 69.222
5377 69.222
5378 69.222
5379 69.222
5380 69.222
5381 69.222
5382 69.222
5383 69.222
5384 69.222
5385 69.222
5386 69.222
5387 69.222
5388 69.222
5389 69.222
5390 69.222
5391 69.222
5392 69.222
5393 69.222
5394 69.222
5395 69.222
5396 69.222
5397 69.222
5398 69.222
5399 69.222
5400 69.222
5401 69.222
5402 69.222
5403 69.222
5404 69.222
5405 69.222
5406 69.222
5407 69.222
5408 69.222
5409 69.222
5410 69.222
5411 69.222
5412 69.222
5413 69.222
5414 69.222
5415 69.222
5416 69.222
5417 69.222
5418 69.222
5419 69.222
5420 69.222
5421 69.222
5422 69.222
5423 69.222
5424 69.222
5425 69.222
5426 69.222
5427 69.222
5428 69.222
5429 69.222
5430 69.222
5431 69.222
5432 69.222
5433 69.222
5434 69.222
5435 69.222
5436 69.222
5437 69.222
5438 69.222
5439 69.222
5440 69.222
5441 69.222
5442 69.222
5443 69.222
5444 69.222
5445 69.222
5446 69.222
5447 69.222
5448 69.222
5449 69.222
5450 69.222
5451 69.222
5452 69.222
5453 69.222
5454 69.222
5455 69.222
5456 69.222
5457 69.222
5458 69.222
5459 69.222
5460 69.222
5461 69.222
5462 69.222
5463 69.222
5464 69.222
5465 69.222
5466 69.222
5467 69.222
5468 69.222
5469 69.222
5470 69.222
5471 69.222
5472 69.222
5473 69.222
5474 69.222
5475 69.222
5476 69.222
5477 69.222
5478 69.222
5479 69.222
5480 69.222
5481 69.222
5482 69.222
5483 69.222
5484 69.222
5485 69.222
5486 69.222
5487 69.222
5488 69.222
5489 69.222
5490 69.222
5491 69.222
5492 69.222
5493 69.222
5494 69.222
5495 69.222
5496 69.222
5497 69.222
5498 69.222
5499 69.222
5500 69.222
5501 69.222
5502 69.222
5503 69.222
5504 69.222
5505 69.1639
5506 69.1639
5507 69.1639
5508 69.1639
5509 69.1639
5510 69.1639
5511 69.1639
5512 69.1639
5513 69.1639
5514 69.1639
5515 69.1639
5516 69.1639
5517 69.1639
5518 69.1639
5519 69.1639
5520 69.1639
5521 69.1639
5522 69.1639
5523 69.1639
5524 69.1639
5525 69.1639
5526 69.1639
5527 69.1639
5528 69.1639
5529 69.1639
5530 69.1639
5531 69.1639
5532 69.1639
5533 69.1639
5534 69.1639
5535 69.1639
5536 69.1639
5537 69.1639
5538 69.1639
5539 69.1639
5540 69.1639
5541 69.1639
5542 69.1639
5543 69.1639
5544 69.1639
5545 69.1639
5546 69.1639
5547 69.1639
5548 69.1639
5549 69.1639
5550 69.1639
5551 69.1639
5552 69.1639
5553 69.1639
5554 69.1639
5555 69.1639
5556 69.1639
5557 69.1639
5558 69.1639
5559 69.1639
5560 69.1639
5561 69.1639
5562 69.1639
5563 69.1639
5564 69.1639
5565 69.1639
5566 69.1639
5567 69.1639
5568 69.1639
5569 69.1639
5570 69.1639
5571 69.1639
5572 69.1639
5573 69.1639
5574 69.1639
5575 69.1639
5576 69.1639
5577 69.1639
5578 69.1639
5579 69.1639
5580 69.1639
5581 69.1639
5582 69.1639
5583 69.1639
5584 69.1639
5585 69.1639
5586 69.1639
5587 69.1639
5588 69.1639
5589 69.1639
5590 69.1639
5591 69.1639
5592 69.1639
5593 69.1639
5594 69.1639
5595 69.1639
5596 69.1639
5597 69.1639
5598 69.1639
5599 69.1639
5600 69.1639
5601 69.1639
5602 69.1639
5603 69.1639
5604 69.1639
5605 69.1639
5606 69.1639
5607 69.1639
5608 69.1639
5609 69.1639
5610 69.1639
5611 69.1639
5612 69.1639
5613 69.1639
5614 69.1639
5615 69.1639
5616 69.1639
5617 69.1639
5618 69.1639
5619 69.1639
5620 69.1639
5621 69.1639
5622 69.1639
5623 69.1639
5624 69.1639
5625 69.1639
5626 69.1639
5627 69.1639
5628 69.1639
5629 69.1639
5630 69.1639
5631 69.1639
5632 69.1639
5633 69.1639
5634 69.1639
5635 69.1639
5636 69.1639
5637 69.1639
5638 69.1639
5639 69.1639
5640 69.1639
5641 69.1639
5642 69.1639
5643 69.1639
5644 69.1639
5645 69.1639
5646 69.1639
5647 69.1639
5648 69.1639
5649 69.1639
5650 69.1639
5651 69.1639
5652 69.1639
5653 69.1639
5654 69.1639
5655 69.1639
5656 69.1639
5657 69.1639
5658 69.1639
5659 69.1639
5660 69.1639
5661 69.1639
5662 69.1639
5663 69.1639
5664 69.1639
5665 69.1639
5666 69.1639
5667 69.1639
5668 69.1639
5669 69.1639
5670 69.1639
5671 69.1639
5672 69.1639
5673 69.1639
5674 69.1639
5675 69.1639
5676 69.1639
5677 69.1639
5678 69.1639
5679 69.1639
5680 69.1639
5681 69.1639
5682 69.1639
5683 69.1639
5684 69.1639
5685 69.1639
5686 69.1639
5687 69.1639
5688 69.1639
5689 69.1639
5690 69.1639
5691 69.1639
5692 69.1639
5693 69.1639
5694 69.1639
5695 69.1639
5696 69.1639
5697 69.1639
5698 69.1639
5699 69.1639
5700 69.1639
5701 69.1639
5702 69.1639
5703 69.1639
5704 69.1639
5705 69.1639
5706 69.1639
5707 69.1639
5708 69.1639
5709 69.1639
5710 69.1639
5711 69.1639
5712 69.1639
5713 69.1639
5714 69.1639
5715 69.1639
5716 69.1639
5717 69.1639
5718 69.1639
5719 69.1639
5720 69.1639
5721 69.1639
5722 69.1639
5723 69.1639
5724 69.1639
5725 69.1639
5726 69.1639
5727 69.1639
5728 69.1639
5729 69.1639
5730 69.1639
5731 69.1639
5732 69.1639
5733 69.1639
5734 69.1639
5735 69.1639
5736 69.1639
5737 69.1639
5738 69.1639
5739 69.1639
5740 69.1639
5741 69.1639
5742 69.1639
5743 69.1639
5744 69.1639
5745 69.1639
5746 69.1639
5747 69.1639
5748 69.1639
5749 69.1639
5750 69.1639
5751 69.1639
5752 69.1639
5753 69.1639
5754 69.1639
5755 69.1639
5756 69.1639
5757 69.1639
5758 69.1639
5759 69.1639
5760 69.1639
5761 69.1639
5762 69.1639
5763 69.1639
5764 69.1639
5765 69.1639
5766 69.1639
5767 69.1639
5768 69.1639
5769 69.1639
5770 69.1639
5771 69.1639
5772 69.1639
5773 69.1639
5774 69.1639
5775 69.1639
5776 69.1639
5777 69.1639
5778 69.1639
5779 69.1639
5780 69.1639
5781 69.1639
5782 69.1639
5783 69.1639
5784 69.1639
5785 69.1639
5786 69.1639
5787 69.1639
5788 69.1639
5789 69.1639
5790 69.1639
5791 69.1639
5792 69.1639
5793 69.1639
5794 69.1639
5795 69.1639
5796 69.1639
5797 69.1639
5798 69.1639
5799 69.1639
5800 69.1639
5801 69.1639
5802 69.1639
5803 69.1639
5804 69.1639
5805 69.1639
5806 69.1639
5807 69.1639
5808 69.1639
5809 69.1639
5810 69.1639
5811 69.1639
5812 69.1639
5813 69.1639
5814 69.1639
5815 69.1639
5816 69.1639
5817 69.1639
5818 69.1639
5819 69.1639
5820 69.1639
5821 69.1639
5822 69.1639
5823 69.1639
5824 69.1639
5825 69.1639
5826 69.1639
5827 69.1639
5828 69.1639
5829 69.1639
5830 69.1639
5831 69.1639
5832 69.1639
5833 69.1639
5834 69.1639
5835 69.1639
5836 69.1639
5837 69.1639
5838 69.1639
5839 69.1639
5840 69.1639
5841 69.1639
5842 69.1639
5843 69.1639
5844 69.1639
5845 69.1639
5846 69.1639
5847 69.1639
5848 69.1639
5849 69.1639
5850 69.1639
5851 69.1639
5852 69.1639
5853 69.1639
5854 69.1639
5855 69.1639
5856 69.1639
5857 69.1639
5858 69.1639
5859 69.1639
5860 69.1639
5861 69.1639
5862 69.1639
5863 69.1639
5864 69.1639
5865 69.1639
5866 69.1639
5867 69.1639
5868 69.1639
5869 69.1639
5870 69.1639
5871 69.1639
5872 69.1639
5873 69.1639
5874 69.1639
5875 69.1639
5876 69.1639
5877 69.1639
5878 69.1639
5879 69.1639
5880 69.1639
5881 69.1639
5882 69.1639
5883 69.1639
5884 69.1639
5885 69.1639
5886 69.1639
5887 69.1639
5888 69.1639
5889 69.1639
5890 69.1639
5891 69.1639
5892 69.1639
5893 69.1639
5894 69.1639
5895 69.1639
5896 69.1639
5897 69.1639
5898 69.1639
5899 69.1639
5900 69.1639
5901 69.1639
5902 69.1639
5903 69.1639
5904 69.1639
5905 69.1639
5906 69.1639
5907 69.1639
5908 69.1639
5909 69.1639
5910 69.1639
5911 69.1639
5912 69.1639
5913 69.1639
5914 69.1639
5915 69.1639
5916 69.1639
5917 69.1639
5918 69.1639
5919 69.1639
5920 69.1639
5921 69.1639
5922 69.1639
5923 69.1639
5924 69.1639
5925 69.1639
5926 69.1639
5927 69.1639
5928 69.1639
5929 69.1639
5930 69.1639
5931 69.1639
5932 69.1639
5933 69.1639
5934 69.1639
5935 69.1639
5936 69.1639
5937 69.1639
5938 69.1639
5939 69.1639
5940 69.1639
5941 69.1639
5942 69.1639
5943 69.1639
5944 69.1639
5945 69.1639
5946 69.1639
5947 69.1639
5948 69.1639
5949 69.1639
5950 69.1639
5951 69.1639
5952 69.1639
5953 69.1639
5954 69.1639
5955 69.1639
5956 69.1639
5957 69.1639
5958 69.1639
5959 69.1639
5960 69.1639
5961 69.1639
5962 69.1639
5963 69.1639
5964 69.1639
5965 69.1639
5966 69.1639
5967 69.1639
5968 69.1639
5969 69.1639
5970 69.1639
5971 69.1639
5972 69.1639
5973 69.1639
5974 69.1639
5975 69.1639
5976 69.1639
5977 69.1639
5978 69.1639
5979 69.1639
5980 69.1639
5981 69.1639
5982 69.1639
5983 69.1639
5984 69.1639
5985 69.1639
5986 69.1639
5987 69.1639
5988 69.1639
5989 69.1639
5990 69.1639
5991 69.1639
5992 69.1639
5993 69.1639
5994 69.1639
5995 69.1639
5996 69.1639
5997 69.1639
5998 69.1639
5999 69.1639
4000 69.1639
