1 435.246
2 427.453
3 412.932
4 407.82
5 390.894
6 390.894
7 375.955
8 375.955
9 374.401
10 374.782
11 368.076
12 366.41
13 362.463
14 349.976
15 346.526
16 341.081
17 335.089
18 332.246
19 332.246
20 313.735
21 311.121
22 309.16
23 305.608
24 305.316
25 300.546
26 295.003
27 295.003
28 294.794
29 290.807
30 287.095
31 285.941
32 283.784
33 283.784
34 276.409
35 275.806
36 275.559
37 273.383
38 269.648
39 259.78
40 251.602
41 253.545
42 251.602
43 251.602
44 251.602
45 249.649
46 249.649
47 246.681
48 246.272
49 242.36
50 242.36
51 238.221
52 238.221
53 235.052
54 235.052
55 235.052
56 233.79
57 231.268
58 231.268
59 231.268
60 231.268
61 225.763
62 225.763
63 225.695
64 224.705
65 221.429
66 221.429
67 220.669
68 220.487
69 220.487
70 217.861
71 217.861
72 217.519
73 217.309
74 216.811
75 216.348
76 215.287
77 210.227
78 210.067
79 210.061
80 205.856
81 205.856
82 204.011
83 204.011
84 201.886
85 201.886
86 201.886
87 201.161
88 201.229
89 200.395
90 199.921
91 198.004
92 197.723
93 197.931
94 197.754
95 196.85
96 196.85
97 196.85
98 196.85
99 195.044
100 196.85
101 195.352
102 194.146
103 195.352
104 194.146
105 194.146
106 194.146
107 194.146
108 192.995
109 192.995
110 192.995
111 191.188
112 191.139
113 191.139
114 191.139
115 191.015
116 190.443
117 190.443
118 190.443
119 190.443
120 188.476
121 188.476
122 186.987
123 186.987
124 186.987
125 186.987
126 186.375
127 185.323
128 185.323
129 185.323
130 185.323
131 185.323
132 185.323
133 185.156
134 182.951
135 182.951
136 182.086
137 182.086
138 179.579
139 179.579
140 179.579
141 178.551
142 178.551
143 178.551
144 178.551
145 178.551
146 178.42
147 178.407
148 175.947
149 174.53
150 174.53
151 174.53
152 174.53
153 174.53
154 174.22
155 174.22
156 174.22
157 174.22
158 174.22
159 171.326
160 171.326
161 171.326
162 171.326
163 171.326
164 171.326
165 171.326
166 170.206
167 170.206
168 168.19
169 165.643
170 165.643
171 165.643
172 165.643
173 165.219
174 165.219
175 165.219
176 164.718
177 164.718
178 164.718
179 164.445
180 164.445
181 164.197
182 163.343
183 163.343
184 163.343
185 163.343
186 162.499
187 161.759
188 161.759
189 158.509
190 158.509
191 158.032
192 158.509
193 158.509
194 158.509
195 158.509
196 158.509
197 158.509
198 156.873
199 156.873
200 156.221
201 156.221
202 155.346
203 154.491
204 153.627
205 155.457
206 155.457
207 153.712
208 153.533
209 153.712
210 153.712
211 152.759
212 152.759
213 152.759
214 151.146
215 150.862
216 150.862
217 150.752
218 150.752
219 150.752
220 150.11
221 149.394
222 147.382
223 147.382
224 147.382
225 147.382
226 147.382
227 147.382
228 147.382
229 147.382
230 147.382
231 147.005
232 146.381
233 146.381
234 146.381
235 144.508
236 144.508
237 144.508
238 144.508
239 144.191
240 143.302
241 143.302
242 143.302
243 143.302
244 142.631
245 142.631
246 142.444
247 142.444
248 142.444
249 142.444
250 142.444
251 140.951
252 140.951
253 140.951
254 140.951
255 140.812
256 140.951
257 140.951
258 140.951
259 140.894
260 140.894
261 140.894
262 140.894
263 140.894
264 139.833
265 139.852
266 139.852
267 137.71
268 137.71
269 137.667
270 137.667
271 134.259
272 134.259
273 134.259
274 134.259
275 134.213
276 134.213
277 134.009
278 133.83
279 133.83
280 133.83
281 133.23
282 132.566
283 132.566
284 132.566
285 132.566
286 132.566
287 132.566
288 132.566
289 132.566
290 132.552
291 131.403
292 131.403
293 131.657
294 130.856
295 129.926
296 129.926
297 129.926
298 129.843
299 129.843
300 129.843
301 128.803
302 128.803
303 128.803
304 128.582
305 128.582
306 128.582
307 128.582
308 128.582
309 128.582
310 128.582
311 128.582
312 128.582
313 128.582
314 128.582
315 128.582
316 128.407
317 128.407
318 128.407
319 128.407
320 128.407
321 128.407
322 128.407
323 128.219
324 128.206
325 128.206
326 128.206
327 127.475
328 126.977
329 126.977
330 126.601
331 126.601
332 125.218
333 125.218
334 125.218
335 124.842
336 124.071
337 124.071
338 124.002
339 123.695
340 123.695
341 123.493
342 123.493
343 123.493
344 123.493
345 123.493
346 123.493
347 121.511
348 121.511
349 121.511
350 121.511
351 121.511
352 121.511
353 121.511
354 121.511
355 121.511
356 121.497
357 121.497
358 121.497
359 121.497
360 121.497
361 121.497
362 121.497
363 121.497
364 121.497
365 121.497
366 121.497
367 121.497
368 121.073
369 121.073
370 121.073
371 121.073
372 121.073
373 121.073
374 121.02
375 120.829
376 120.829
377 120.829
378 119.963
379 119.963
380 119.963
381 119.963
382 119.963
383 119.963
384 119.963
385 119.362
386 119.362
387 119.362
388 119.362
389 119.362
390 119.362
391 119.362
392 119.362
393 119.362
394 119.362
395 119.249
396 119.249
397 119.249
398 119.249
399 119.249
400 119.249
401 119.249
402 119.249
403 118.057
404 118.057
405 118.012
406 118.027
407 118.027
408 118.027
409 118.027
410 118.027
411 118.027
412 118.027
413 117.986
414 117.986
415 117.971
416 117.986
417 117.983
418 117.942
419 116.976
420 116.976
421 116.976
422 116.932
423 116.932
424 116.932
425 116.932
426 116.932
427 116.932
428 116.932
429 116.932
430 116.932
431 116.932
432 115.924
433 115.924
434 115.924
435 115.924
436 115.924
437 115.924
438 115.924
439 115.924
440 115.026
441 115.026
442 115.026
443 115.026
444 115.026
445 114.982
446 114.982
447 114.982
448 114.982
449 114.982
450 114.73
451 114.73
452 114.73
453 114.73
454 114.73
455 114.73
456 114.73
457 114.73
458 114.73
459 114.73
460 114.73
461 114.73
462 114.73
463 114.73
464 113.34
465 113.34
466 113.34
467 113.34
468 112.206
469 112.206
470 112.151
471 112.148
472 112.148
473 112.085
474 112.148
475 112.148
476 112.148
477 112.148
478 112.148
479 112.148
480 112.148
481 112.148
482 112.139
483 112.139
484 112.139
485 112.139
486 112.139
487 112.085
488 110.645
489 110.645
490 110.645
491 110.044
492 110.044
493 109.246
494 109.246
495 109.246
496 109.246
497 109.246
498 109.246
499 109.246
500 109.246
501 109.182
502 109.182
503 109.182
504 109.182
505 108.724
506 109.182
507 109.182
508 109.182
509 108.724
510 107.402
511 107.402
512 107.402
513 107.402
514 107.402
515 106.792
516 106.728
517 106.728
518 106.728
519 106.728
520 106.728
521 106.728
522 106.728
523 106.728
524 106.728
525 106.728
526 106.728
527 106.728
528 106.728
529 106.293
530 106.293
531 106.293
532 106.293
533 104.543
534 104.543
535 104.543
536 104.543
537 104.543
538 104.295
539 104.295
540 104.295
541 103.894
542 103.876
543 103.812
544 103.812
545 103.792
546 103.439
547 103.439
548 103.315
549 103.315
550 103.067
551 103.067
552 103.067
553 103.067
554 103.067
555 103.067
556 103.067
557 103.067
558 103.067
559 103.067
560 103.067
561 102.232
562 102.232
563 102.232
564 102.232
565 102.232
566 102.173
567 101.338
568 101.338
569 101.783
570 101.783
571 100.889
572 100.889
573 100.889
574 100.889
575 100.889
576 100.889
577 100.825
578 100.825
579 100.044
580 100.825
581 100.463
582 100.463
583 100.437
584 100.437
585 100.437
586 100.437
587 100.437
588 100.374
589 99.7764
590 99.7764
591 99.7764
592 99.7764
593 99.7764
594 99.7764
595 99.3796
596 99.3796
597 99.3796
598 99.3796
599 99.3796
600 99.3796
601 99.3796
602 99.3796
603 99.3796
604 99.3796
605 99.3796
606 99.3796
607 99.3796
608 99.3372
609 99.3372
610 99.2158
611 99.1734
612 99.1734
613 99.0669
614 99.1734
615 99.0245
616 99.0883
617 99.0883
618 99.0883
619 98.8921
620 98.9612
621 98.9612
622 98.8974
623 98.8974
624 98.3492
625 98.3492
626 98.3492
627 98.3492
628 98.3492
629 98.3492
630 98.2221
631 98.2221
632 97.9634
633 97.9634
634 97.9634
635 97.9634
636 97.9634
637 97.9634
638 97.8363
639 97.7664
640 97.8363
641 97.8363
642 97.8363
643 97.8363
644 97.8363
645 97.8363
646 97.7652
647 97.7652
648 96.9878
649 96.9878
650 96.0324
651 96.0324
652 96.0324
653 96.0324
654 95.5474
655 95.5474
656 95.5474
657 95.5474
658 94.9236
659 94.9236
660 94.9236
661 94.9236
662 94.9236
663 94.9236
664 94.9236
665 94.1554
666 94.1554
667 94.1554
668 94.1554
669 94.1554
670 94.1554
671 94.1554
672 94.1554
673 93.1989
674 93.1989
675 93.1989
676 93.1989
677 93.1989
678 93.1989
679 93.1989
680 93.1989
681 92.9711
682 92.9711
683 92.9711
684 92.9711
685 92.9711
686 92.9711
687 92.9711
688 92.9711
689 92.9711
690 92.9711
691 92.9711
692 92.9711
693 92.9711
694 92.9711
695 92.9711
696 92.9711
697 92.9711
698 92.9711
699 92.9711
700 92.9711
701 92.9711
702 92.9711
703 92.8225
704 92.8225
705 92.8225
706 92.8225
707 92.8225
708 92.8225
709 92.8225
710 92.8225
711 92.8225
712 92.6498
713 92.6498
714 92.6498
715 92.6498
716 91.4375
717 91.4375
718 91.4375
719 91.4375
720 91.4375
721 91.4375
722 91.4375
723 91.4375
724 91.4375
725 91.4375
726 90.583
727 90.583
728 90.4025
729 90.4025
730 90.4025
731 90.4025
732 90.4025
733 90.4025
734 90.4025
735 90.4025
736 90.4025
737 90.4025
738 90.0238
739 90.0238
740 90.0238
741 90.0238
742 90.0238
743 90.0238
744 89.476
745 89.476
746 89.476
747 89.476
748 89.476
749 89.0972
750 89.0972
751 89.0972
752 89.0972
753 89.0972
754 89.0972
755 89.0972
756 89.0972
757 89.0972
758 88.599
759 88.599
760 88.599
761 88.599
762 88.599
763 88.599
764 88.599
765 88.599
766 88.599
767 88.599
768 88.391
769 87.9755
770 87.9755
771 87.9755
772 87.9755
773 87.9755
774 87.9755
775 87.9755
776 87.9755
777 87.9755
778 87.9755
779 87.9755
780 87.9755
781 87.9755
782 87.5817
783 87.5817
784 87.5817
785 87.5817
786 87.5817
787 87.5817
788 87.5817
789 87.5817
790 87.5817
791 87.5817
792 87.5817
793 87.5817
794 87.5817
795 87.5817
796 87.5817
797 87.5817
798 87.5817
799 87.5817
800 87.5817
801 87.5817
802 87.5817
803 87.5817
804 87.5817
805 87.5817
806 87.5817
807 87.5817
808 87.5817
809 87.5817
810 87.4357
811 87.4357
812 87.4357
813 87.5817
814 87.5817
815 87.5817
816 87.5817
817 87.5817
818 87.5817
819 86.6425
820 86.6425
821 86.6425
822 86.6425
823 86.6425
824 86.6425
825 86.2412
826 86.2412
827 86.2412
828 86.2412
829 86.2412
830 86.2412
831 86.2412
832 86.2412
833 86.2412
834 86.2412
835 86.2412
836 86.2412
837 86.2412
838 86.2412
839 86.2412
840 86.2412
841 86.2412
842 86.2412
843 86.2412
844 86.2412
845 86.2412
846 86.2412
847 86.2412
848 86.2412
849 86.2412
850 86.2412
851 86.2412
852 86.2412
853 86.2074
854 86.0085
855 86.0085
856 86.0085
857 86.0085
858 86.0085
859 86.0085
860 86.0085
861 86.0085
862 86.0085
863 86.0085
864 86.0085
865 86.0085
866 86.0085
867 86.0085
868 86.0085
869 86.0085
870 86.0085
871 86.0085
872 86.0085
873 85.8015
874 85.8015
875 85.8015
876 85.8015
877 85.5723
878 85.5723
879 85.5723
880 85.5723
881 85.5723
882 85.5465
883 85.5465
884 85.5465
885 85.5465
886 85.3713
887 85.3713
888 85.3455
889 85.3713
890 85.3713
891 85.3713
892 85.3713
893 85.3713
894 85.3713
895 85.3713
896 85.3713
897 85.3713
898 85.3713
899 85.0458
900 85.0458
901 85.0458
902 85.0458
903 85.0458
904 85.0458
905 85.0458
906 85.0458
907 84.7587
908 85.0458
909 85.0458
910 85.0458
911 85.0458
912 85.0458
913 85.0458
914 85.0458
915 85.0119
916 85.0458
917 85.0458
918 85.0458
919 84.7495
920 84.7495
921 84.7495
922 84.7495
923 84.7495
924 84.7495
925 84.7495
926 84.7495
927 84.7495
928 84.7495
929 84.7495
930 84.7495
931 84.7495
932 84.3598
933 84.3598
934 84.3598
935 84.3598
936 84.3598
937 84.3598
938 84.3598
939 84.113
940 84.113
941 84.113
942 84.113
943 84.113
944 84.113
945 84.0558
946 84.0558
947 83.6769
948 83.6769
949 83.6769
950 83.6769
951 83.6769
952 83.5864
953 83.5864
954 83.5864
955 83.5864
956 83.5864
957 83.5864
958 83.5864
959 83.5864
960 83.5864
961 83.5864
962 83.5864
963 83.5864
964 83.4868
965 83.4868
966 83.2714
967 83.2714
968 83.2714
969 83.2714
970 83.2714
971 83.2714
972 83.2714
973 83.2714
974 83.2714
975 83.2714
976 83.2714
977 83.2714
978 83.2714
979 83.212
980 83.212
981 83.212
982 83.212
983 83.212
984 83.212
985 83.212
986 83.212
987 83.212
988 83.212
989 83.212
990 83.212
991 83.212
992 83.212
993 83.212
994 83.212
995 83.212
996 83.212
997 83.212
998 83.212
999 83.212
1000 83.212
1001 83.212
1002 83.212
1003 83.212
1004 83.212
1005 82.6866
1006 82.6866
1007 82.6866
1008 82.6866
1009 82.6866
1010 82.6866
1011 82.6866
1012 82.6866
1013 82.6866
1014 82.6866
1015 82.6866
1016 82.6866
1017 82.6866
1018 82.0653
1019 82.0653
1020 82.0653
1021 82.0653
1022 82.0653
1023 82.0653
1024 82.0653
1025 82.0653
1026 82.0653
1027 82.0653
1028 82.0653
1029 82.0653
1030 82.0653
1031 82.0653
1032 82.0653
1033 82.0653
1034 82.0395
1035 82.0653
1036 82.0653
1037 82.0653
1038 81.6249
1039 81.6249
1040 81.6249
1041 81.6249
1042 81.4961
1043 81.4961
1044 81.4961
1045 81.4961
1046 81.4961
1047 81.4961
1048 81.4961
1049 81.4961
1050 81.4961
1051 81.4961
1052 81.0006
1053 81.0006
1054 81.0006
1055 81.0006
1056 81.0006
1057 81.0006
1058 80.6427
1059 80.1482
1060 80.1482
1061 80.1482
1062 80.1482
1063 80.1482
1064 79.7903
1065 79.7903
1066 79.7903
1067 79.7903
1068 79.7903
1069 79.7903
1070 79.7903
1071 79.7903
1072 79.7903
1073 79.7903
1074 79.7903
1075 79.7903
1076 79.7903
1077 79.7903
1078 79.7903
1079 79.7903
1080 79.7903
1081 79.7903
1082 79.7903
1083 79.7903
1084 79.7903
1085 79.7903
1086 79.7903
1087 79.7903
1088 79.7903
1089 79.7903
1090 79.7903
1091 79.7903
1092 79.7903
1093 79.7903
1094 79.7903
1095 79.7903
1096 79.7903
1097 79.7903
1098 79.7903
1099 79.7903
1100 79.7903
1101 79.7903
1102 79.7903
1103 79.7903
1104 79.7903
1105 79.7854
1106 79.7854
1107 79.7854
1108 79.7854
1109 79.7854
1110 79.7854
1111 79.7854
1112 79.7854
1113 79.7854
1114 79.7854
1115 79.7854
1116 79.7854
1117 79.7854
1118 79.7854
1119 79.7854
1120 79.7854
1121 79.7854
1122 79.7854
1123 79.7854
1124 79.7854
1125 79.7854
1126 79.7854
1127 79.7854
1128 79.7854
1129 79.7854
1130 79.7854
1131 79.7854
1132 79.7854
1133 79.4591
1134 79.4591
1135 79.4591
1136 79.4591
1137 79.4591
1138 79.4591
1139 79.4591
1140 79.4591
1141 79.4591
1142 79.4591
1143 79.4591
1144 79.4591
1145 79.4591
1146 79.4591
1147 79.4591
1148 79.4591
1149 79.4591
1150 79.4591
1151 79.4591
1152 79.4591
1153 79.4591
1154 79.4591
1155 79.4591
1156 79.4591
1157 79.4591
1158 79.4591
1159 79.4591
1160 78.9103
1161 78.9103
1162 78.9103
1163 78.9103
1164 78.9103
1165 78.9103
1166 78.9103
1167 78.9103
1168 78.9103
1169 78.9103
1170 78.9103
1171 78.9103
1172 78.9103
1173 78.9103
1174 78.9103
1175 78.9103
1176 78.9103
1177 78.9103
1178 78.9103
1179 78.9103
1180 78.9103
1181 78.9103
1182 78.9103
1183 78.9103
1184 78.9103
1185 78.9103
1186 78.9103
1187 78.9103
1188 78.8735
1189 78.8735
1190 78.8735
1191 78.8735
1192 78.8735
1193 78.8735
1194 78.8735
1195 78.8735
1196 78.8735
1197 78.8735
1198 78.8735
1199 78.8735
1200 78.8735
1201 78.8735
1202 78.8735
1203 78.3412
1204 78.3412
1205 78.3412
1206 78.3412
1207 78.3412
1208 78.3412
1209 78.3412
1210 78.1768
1211 78.1768
1212 78.1768
1213 78.1768
1214 78.1768
1215 78.1768
1216 78.1768
1217 78.1768
1218 78.1768
1219 78.1768
1220 78.1768
1221 78.1768
1222 78.1768
1223 78.1768
1224 78.1768
1225 78.1768
1226 78.1768
1227 78.1768
1228 78.1768
1229 78.1768
1230 78.1768
1231 78.1768
1232 78.1768
1233 78.1768
1234 78.1768
1235 78.1768
1236 78.1768
1237 78.1768
1238 78.1768
1239 78.1768
1240 78.1768
1241 78.1768
1242 78.1768
1243 77.8984
1244 77.8984
1245 77.8984
1246 77.8984
1247 77.8984
1248 77.8984
1249 77.8984
1250 77.8984
1251 77.8984
1252 77.8984
1253 77.8984
1254 77.8984
1255 77.8984
1256 77.8984
1257 77.8984
1258 77.7821
1259 77.7821
1260 77.7821
1261 77.7821
1262 77.7821
1263 77.7821
1264 77.7821
1265 77.7821
1266 77.7821
1267 77.7821
1268 77.7821
1269 77.7821
1270 77.7821
1271 77.7821
1272 77.7821
1273 77.7821
1274 77.7821
1275 77.7821
1276 77.7821
1277 77.7821
1278 77.7821
1279 77.7821
1280 77.7821
1281 77.7821
1282 77.7821
1283 77.7821
1284 77.7821
1285 77.7821
1286 77.7821
1287 77.7821
1288 77.7821
1289 77.7821
1290 77.7821
1291 77.7821
1292 77.7821
1293 77.7821
1294 77.5272
1295 77.5272
1296 77.5272
1297 77.5272
1298 77.5272
1299 77.5272
1300 77.5272
1301 77.5272
1302 77.5272
1303 77.5272
1304 77.4815
1305 77.4815
1306 77.4815
1307 77.2661
1308 77.2661
1309 77.2661
1310 77.2661
1311 77.2661
1312 77.2661
1313 77.2661
1314 77.2661
1315 77.2661
1316 77.2661
1317 77.2661
1318 77.2661
1319 77.2661
1320 77.2661
1321 77.2661
1322 77.2661
1323 77.2661
1324 77.2661
1325 77.2661
1326 77.2661
1327 77.2661
1328 77.2661
1329 76.9773
1330 76.9773
1331 76.9773
1332 76.9773
1333 76.9773
1334 76.9773
1335 76.9773
1336 76.9773
1337 76.9773
1338 76.9773
1339 76.9773
1340 76.9773
1341 76.9773
1342 76.9773
1343 76.9773
1344 76.9773
1345 76.9773
1346 76.9773
1347 76.9773
1348 76.9773
1349 76.9773
1350 76.9773
1351 76.9773
1352 76.9773
1353 76.9773
1354 76.9773
1355 76.9773
1356 76.9773
1357 76.9773
1358 76.9773
1359 76.9773
1360 76.9773
1361 76.9773
1362 76.9773
1363 76.9773
1364 76.9773
1365 76.9773
1366 76.9773
1367 76.9773
1368 76.9773
1369 76.9773
1370 76.9773
1371 76.9773
1372 76.9773
1373 76.8751
1374 76.8751
1375 76.8751
1376 76.8751
1377 76.8751
1378 76.8751
1379 76.8751
1380 76.8751
1381 76.8751
1382 76.8751
1383 76.8751
1384 76.8751
1385 76.8751
1386 76.8751
1387 76.8751
1388 76.8751
1389 76.8751
1390 76.8751
1391 76.8751
1392 76.8751
1393 76.8751
1394 76.8751
1395 76.8751
1396 76.8751
1397 76.8751
1398 76.8751
1399 76.8751
1400 76.8751
1401 76.8751
1402 76.8751
1403 76.8751
1404 76.8751
1405 76.8751
1406 76.8751
1407 76.8751
1408 76.8751
1409 76.8302
1410 76.8302
1411 76.8302
1412 76.8302
1413 76.8302
1414 76.8302
1415 76.8302
1416 76.8302
1417 76.8302
1418 76.8302
1419 76.8302
1420 76.8302
1421 76.8302
1422 76.8302
1423 76.8302
1424 76.8302
1425 76.8302
1426 76.8302
1427 76.8302
1428 76.8302
1429 76.8302
1430 76.8302
1431 76.8302
1432 76.8302
1433 76.8302
1434 76.8302
1435 76.8302
1436 76.8302
1437 76.8302
1438 76.8302
1439 76.8302
1440 76.8302
1441 76.8302
1442 76.8302
1443 76.8302
1444 76.8302
1445 76.8302
1446 76.8302
1447 76.8302
1448 76.8302
1449 76.8302
1450 76.8302
1451 76.8302
1452 76.8302
1453 76.8302
1454 76.8302
1455 76.8302
1456 76.8302
1457 76.8302
1458 76.8302
1459 76.8302
1460 76.8302
1461 76.8302
1462 76.8302
1463 76.8302
1464 76.8302
1465 76.8302
1466 76.8302
1467 76.8302
1468 76.8302
1469 76.8302
1470 76.8302
1471 76.7986
1472 76.7986
1473 76.7986
1474 76.7986
1475 76.7986
1476 76.7986
1477 76.7986
1478 76.7986
1479 76.7986
1480 76.7986
1481 76.7986
1482 76.7986
1483 76.7986
1484 76.7986
1485 76.7986
1486 76.7986
1487 76.7986
1488 76.7986
1489 76.7986
1490 76.7986
1491 76.7986
1492 76.7986
1493 76.7986
1494 76.7986
1495 76.7986
1496 76.7986
1497 76.7986
1498 76.4089
1499 76.4089
1500 76.4089
1501 76.4089
1502 76.4089
1503 76.4089
1504 76.4089
1505 76.4089
1506 76.4089
1507 76.4089
1508 76.4089
1509 76.4089
1510 76.4089
1511 76.4089
1512 76.4089
1513 76.4089
1514 76.4089
1515 76.4089
1516 76.4089
1517 76.4089
1518 76.4089
1519 76.4089
1520 76.4089
1521 76.4089
1522 76.4089
1523 76.4089
1524 76.4089
1525 76.4089
1526 76.4089
1527 76.4089
1528 76.4089
1529 76.4089
1530 76.4089
1531 76.2382
1532 76.2382
1533 76.2382
1534 76.2382
1535 76.2382
1536 76.2382
1537 76.2382
1538 76.2382
1539 76.2382
1540 76.2382
1541 76.2382
1542 76.2382
1543 76.2382
1544 76.2382
1545 76.2382
1546 76.2382
1547 76.2382
1548 76.2382
1549 76.2382
1550 76.1228
1551 76.2382
1552 76.2382
1553 76.2382
1554 76.2382
1555 76.2382
1556 76.2382
1557 76.2382
1558 76.2382
1559 76.2382
1560 76.2382
1561 76.2382
1562 76.2382
1563 76.2382
1564 76.2382
1565 76.2382
1566 76.2382
1567 76.2382
1568 76.2382
1569 76.2382
1570 76.2382
1571 76.2382
1572 76.2382
1573 76.2382
1574 76.2382
1575 76.2382
1576 76.2382
1577 76.2382
1578 76.2382
1579 76.2382
1580 76.2382
1581 76.2382
1582 76.2382
1583 76.2382
1584 76.2382
1585 76.2382
1586 76.2382
1587 76.2382
1588 76.2382
1589 76.2382
1590 76.2382
1591 76.2382
1592 76.2382
1593 76.2382
1594 76.2382
1595 76.2382
1596 76.2382
1597 76.2382
1598 76.2382
1599 76.2382
1600 76.2382
1601 76.2382
1602 76.2382
1603 76.2382
1604 76.2382
1605 76.2382
1606 76.2382
1607 76.2382
1608 76.2382
1609 76.2382
1610 76.2382
1611 76.2382
1612 76.2382
1613 76.2382
1614 76.2382
1615 76.2382
1616 76.2234
1617 76.2234
1618 76.2234
1619 76.2234
1620 76.2234
1621 76.2234
1622 76.2234
1623 76.2234
1624 76.2234
1625 76.2234
1626 76.2234
1627 76.2234
1628 76.2234
1629 76.2234
1630 76.2234
1631 76.2234
1632 76.0278
1633 76.2234
1634 76.0278
1635 76.0278
1636 76.0278
1637 76.0278
1638 76.0278
1639 76.0278
1640 76.0278
1641 76.0278
1642 76.0278
1643 76.0278
1644 76.0278
1645 75.9627
1646 75.9627
1647 75.9627
1648 75.9627
1649 75.8767
1650 75.8767
1651 75.8767
1652 75.8767
1653 75.8767
1654 75.8767
1655 75.8767
1656 75.8767
1657 75.8767
1658 75.8767
1659 75.8767
1660 75.8767
1661 75.8767
1662 75.8767
1663 75.8767
1664 75.8767
1665 75.8767
1666 75.8767
1667 75.8767
1668 75.8767
1669 75.8767
1670 75.8767
1671 75.8767
1672 75.8767
1673 75.8767
1674 75.8767
1675 75.8767
1676 75.8767
1677 75.8767
1678 75.8767
1679 75.8767
1680 75.8767
1681 75.8767
1682 75.8767
1683 75.8767
1684 75.8767
1685 75.8767
1686 75.8767
1687 75.8767
1688 75.8767
1689 75.8767
1690 75.8767
1691 75.8767
1692 75.8767
1693 75.8767
1694 75.8767
1695 75.8767
1696 75.8767
1697 75.8767
1698 75.8767
1699 75.8767
1700 75.8767
1701 75.8767
1702 75.8767
1703 75.8767
1704 75.8767
1705 75.8767
1706 75.8767
1707 75.8767
1708 75.8767
1709 75.8767
1710 75.8767
1711 75.8767
1712 75.8767
1713 75.8767
1714 75.8767
1715 75.8767
1716 75.8767
1717 75.8767
1718 75.8767
1719 75.8767
1720 75.8767
1721 75.8767
1722 75.8767
1723 75.8767
1724 75.8767
1725 75.8767
1726 75.8767
1727 75.8767
1728 75.8767
1729 75.8767
1730 75.8767
1731 75.8767
1732 75.8767
1733 75.8767
1734 75.8767
1735 75.8767
1736 75.8767
1737 75.8767
1738 75.8767
1739 75.8767
1740 75.8767
1741 75.8767
1742 75.8767
1743 75.8767
1744 75.8767
1745 75.8767
1746 75.8767
1747 75.8767
1748 75.8767
1749 75.8315
1750 75.8315
1751 75.8315
1752 75.8315
1753 75.8315
1754 75.8315
1755 75.8315
1756 75.8315
1757 75.8315
1758 75.8315
1759 75.8315
1760 75.8315
1761 75.8315
1762 75.8315
1763 75.8315
1764 75.8315
1765 75.8315
1766 75.8315
1767 75.8315
1768 75.8315
1769 75.8315
1770 75.8315
1771 75.8315
1772 75.8315
1773 75.8315
1774 75.8315
1775 75.8315
1776 75.8315
1777 75.8315
1778 75.8315
1779 75.8315
1780 75.8315
1781 75.8315
1782 75.8315
1783 75.8315
1784 75.8315
1785 75.8315
1786 75.8315
1787 75.8315
1788 75.8315
1789 75.8315
1790 75.8315
1791 75.8315
1792 75.8315
1793 75.8315
1794 75.8315
1795 75.8315
1796 75.8315
1797 75.8315
1798 75.8315
1799 75.8315
1800 75.8315
1801 75.8315
1802 75.8315
1803 75.8315
1804 75.8315
1805 75.8315
1806 75.8315
1807 75.8315
1808 75.8315
1809 75.8315
1810 75.8315
1811 75.8315
1812 75.8315
1813 75.8315
1814 75.8315
1815 75.8315
1816 75.8315
1817 75.8315
1818 75.8315
1819 75.8315
1820 75.8315
1821 75.8315
1822 75.8315
1823 75.8315
1824 75.8315
1825 75.8315
1826 75.8315
1827 75.8315
1828 75.8315
1829 75.8315
1830 75.8315
1831 75.8315
1832 75.8315
1833 75.8315
1834 75.8315
1835 75.8315
1836 75.8315
1837 75.8315
1838 75.8315
1839 75.8315
1840 75.8315
1841 75.8315
1842 75.8315
1843 75.8315
1844 75.8315
1845 75.8315
1846 75.8315
1847 75.8315
1848 75.8315
1849 75.8315
1850 75.8315
1851 75.8315
1852 75.8315
1853 75.8315
1854 75.8315
1855 75.8315
1856 75.8315
1857 75.8315
1858 75.8315
1859 75.8315
1860 75.8315
1861 75.8315
1862 75.8315
1863 75.8315
1864 75.8315
1865 75.8315
1866 75.8315
1867 75.8315
1868 75.8315
1869 75.8315
1870 75.8315
1871 75.8315
1872 75.8315
1873 75.8315
1874 75.8315
1875 75.8315
1876 75.8315
1877 75.8315
1878 75.8315
1879 75.8315
1880 75.8315
1881 75.8315
1882 75.8315
1883 75.8315
1884 75.8315
1885 75.8315
1886 75.8315
1887 75.8315
1888 75.8315
1889 75.8315
1890 75.8315
1891 75.8315
1892 75.8315
1893 75.8243
1894 75.8243
1895 75.8243
1896 75.8243
1897 75.8243
1898 75.8243
1899 75.8243
1900 75.8243
1901 75.8243
1902 75.8243
1903 75.8243
1904 75.8243
1905 75.8243
1906 75.8243
1907 75.8243
1908 75.8243
1909 75.8243
1910 75.8243
1911 75.8243
1912 75.8243
1913 75.8243
1914 75.8243
1915 75.8243
1916 75.8243
1917 75.8243
1918 75.8243
1919 75.8243
1920 75.8243
1921 75.8243
1922 75.8243
1923 75.8243
1924 75.8243
1925 75.8243
1926 75.8243
1927 75.8243
1928 75.8243
1929 75.8243
1930 75.8243
1931 75.8243
1932 75.8243
1933 75.8243
1934 75.8243
1935 75.8243
1936 75.8243
1937 75.8243
1938 75.8243
1939 75.8243
1940 75.8243
1941 75.8243
1942 75.8243
1943 75.8243
1944 75.8243
1945 75.8243
1946 75.8243
1947 75.8243
1948 75.8243
1949 75.8243
1950 75.8243
1951 75.8243
1952 75.8243
1953 75.8243
1954 75.8243
1955 75.8243
1956 75.8243
1957 75.8243
1958 75.8243
1959 75.8243
1960 75.8243
1961 75.8243
1962 75.8243
1963 75.8243
1964 75.8243
1965 75.8243
1966 75.8243
1967 75.8243
1968 75.8243
1969 75.8243
1970 75.8243
1971 75.8243
1972 75.8243
1973 75.8243
1974 75.8243
1975 75.8243
1976 75.8243
1977 75.8243
1978 75.8243
1979 75.8243
1980 75.8243
1981 75.8243
1982 75.8243
1983 75.8243
1984 75.8243
1985 75.8243
1986 75.8243
1987 75.8243
1988 75.8243
1989 75.8243
1990 75.8243
1991 75.8243
1992 75.8243
1993 75.8243
1994 75.8243
1995 75.8243
1996 75.8243
1997 75.8243
1998 75.8243
1999 75.8243
2000 75.8243
2001 75.8243
2002 75.8243
2003 75.8243
2004 75.8243
2005 75.8243
2006 75.8243
2007 75.8243
2008 75.8243
2009 75.8243
2010 75.8243
2011 75.8243
2012 75.8243
2013 75.8243
2014 75.8243
2015 75.8243
2016 75.8243
2017 75.8243
2018 75.8243
2019 75.8243
2020 75.8243
2021 75.8243
2022 75.8243
2023 75.8243
2024 75.8243
2025 75.8243
2026 75.8243
2027 75.8243
2028 75.8243
2029 75.8243
2030 75.8243
2031 75.8243
2032 75.8243
2033 75.8243
2034 75.8243
2035 75.8243
2036 75.8243
2037 75.8243
2038 75.8243
2039 75.8243
2040 75.8243
2041 75.8243
2042 75.8243
2043 75.8243
2044 75.8243
2045 75.8243
2046 75.8243
2047 75.8243
2048 75.8243
2049 75.8243
2050 75.8243
2051 75.8243
2052 75.8243
2053 75.8243
2054 75.8243
2055 75.8243
2056 75.8243
2057 75.6608
2058 75.6608
2059 75.6608
2060 75.6608
2061 75.6608
2062 75.6608
2063 75.6608
2064 75.6608
2065 75.6608
2066 75.6608
2067 75.6608
2068 75.6608
2069 75.6608
2070 75.6608
2071 75.6608
2072 75.6608
2073 75.6608
2074 75.6608
2075 75.6608
2076 75.6608
2077 75.6608
2078 75.6608
2079 75.6608
2080 75.6608
2081 75.6608
2082 75.6608
2083 75.6608
2084 75.6608
2085 75.6608
2086 75.6608
2087 75.6608
2088 75.6608
2089 75.6608
2090 75.6608
2091 75.6608
2092 75.6608
2093 75.6608
2094 75.6608
2095 75.6608
2096 75.6608
2097 75.6608
2098 75.6608
2099 75.6608
2100 75.6608
2101 75.6608
2102 75.6608
2103 75.6608
2104 75.6608
2105 75.6608
2106 75.6608
2107 75.6608
2108 75.6608
2109 75.6608
2110 75.6608
2111 75.6608
2112 75.6608
2113 75.6608
2114 75.2655
2115 75.2655
2116 75.2655
2117 75.2655
2118 75.2655
2119 75.2655
2120 75.2655
2121 75.2655
2122 75.2655
2123 75.2655
2124 75.2655
2125 75.2655
2126 75.2655
2127 75.2655
2128 75.2655
2129 75.2655
2130 75.2655
2131 75.2655
2132 75.2655
2133 75.2655
2134 75.2655
2135 75.2655
2136 75.2655
2137 75.2655
2138 75.2655
2139 75.2655
2140 75.2655
2141 75.2655
2142 75.2655
2143 75.2655
2144 75.2655
2145 75.2655
2146 75.2655
2147 75.2655
2148 75.2655
2149 75.2655
2150 75.2655
2151 75.2655
2152 75.2655
2153 75.2655
2154 75.2655
2155 75.2655
2156 75.2655
2157 75.2655
2158 75.2655
2159 75.2655
2160 75.2655
2161 75.2655
2162 75.2655
2163 75.2655
2164 75.2655
2165 75.2655
2166 75.2655
2167 75.2655
2168 75.2655
2169 75.0994
2170 75.0994
2171 75.0994
2172 75.0994
2173 75.0994
2174 75.0994
2175 75.0994
2176 75.0994
2177 75.0994
2178 75.0994
2179 75.0994
2180 75.0994
2181 75.0994
2182 75.0994
2183 75.0994
2184 75.0571
2185 75.0571
2186 75.0571
2187 75.0571
2188 75.0571
2189 75.0571
2190 75.0571
2191 75.0571
2192 75.0571
2193 75.0571
2194 75.0571
2195 75.0571
2196 75.0571
2197 75.0571
2198 75.0571
2199 75.0571
2200 75.0571
2201 75.0571
2202 75.0571
2203 75.0571
2204 75.0571
2205 75.0571
2206 75.0571
2207 75.0571
2208 75.0571
2209 75.0571
2210 75.0571
2211 75.0571
2212 74.9941
2213 74.9941
2214 74.9941
2215 74.9941
2216 74.6561
2217 74.6561
2218 74.6561
2219 74.6561
2220 74.6561
2221 74.6561
2222 74.6561
2223 74.6561
2224 74.6561
2225 74.6561
2226 74.6561
2227 74.6561
2228 74.6561
2229 74.6561
2230 74.6561
2231 74.6561
2232 74.6561
2233 74.6561
2234 74.6561
2235 74.6561
2236 74.6561
2237 74.6561
2238 74.6561
2239 74.6561
2240 74.6561
2241 71.9041
2242 71.9041
2243 71.9041
2244 71.9041
2245 71.9041
2246 71.9041
2247 71.9041
2248 71.9041
2249 71.9041
2250 71.9041
2251 71.9041
2252 71.9041
2253 71.9041
2254 71.9041
2255 71.9041
2256 71.9041
2257 71.9041
2258 71.9041
2259 71.9041
2260 71.9041
2261 71.9041
2262 71.9041
2263 71.9041
2264 71.9041
2265 71.9041
2266 71.9041
2267 71.9041
2268 71.9041
2269 71.9041
2270 71.9041
2271 71.9041
2272 71.842
2273 71.842
2274 71.842
2275 71.842
2276 71.842
2277 71.842
2278 71.842
2279 71.4992
2280 71.4992
2281 71.4992
2282 71.4992
2283 71.4992
2284 71.4992
2285 71.4992
2286 71.4992
2287 71.4992
2288 71.4992
2289 71.4992
2290 71.4992
2291 71.4992
2292 71.4992
2293 71.3821
2294 71.3821
2295 71.3821
2296 71.3821
2297 71.3821
2298 71.3821
2299 71.3821
2300 71.3821
2301 71.3821
2302 71.3821
2303 71.3821
2304 71.3821
2305 71.3821
2306 71.3821
2307 71.3821
2308 71.3821
2309 71.3821
2310 71.3821
2311 71.3821
2312 71.3821
2313 71.3821
2314 71.3821
2315 71.3821
2316 71.3821
2317 71.3821
2318 71.3821
2319 71.3821
2320 71.3821
2321 71.3821
2322 71.3821
2323 71.3821
2324 71.3821
2325 71.3821
2326 71.3821
2327 71.3821
2328 71.1701
2329 71.1701
2330 71.1701
2331 71.1701
2332 71.1701
2333 71.1701
2334 71.1701
2335 71.1701
2336 71.1701
2337 71.1701
2338 71.1701
2339 71.1701
2340 71.1701
2341 71.1701
2342 71.1701
2343 71.1701
2344 71.1701
2345 71.1701
2346 71.1701
2347 71.1701
2348 69.887
2349 69.887
2350 69.887
2351 69.887
2352 69.887
2353 69.887
2354 69.887
2355 69.887
2356 69.887
2357 69.887
2358 69.887
2359 69.887
2360 69.887
2361 69.887
2362 69.887
2363 69.887
2364 69.887
2365 69.887
2366 69.8645
2367 69.8645
2368 69.8645
2369 69.8645
2370 69.8645
2371 69.8483
2372 69.8483
2373 69.8483
2374 69.8483
2375 69.8645
2376 69.5177
2377 69.5177
2378 69.5177
2379 69.5177
2380 69.477
2381 69.477
2382 69.477
2383 69.477
2384 69.477
2385 69.477
2386 69.477
2387 69.477
2388 69.477
2389 69.477
2390 69.477
2391 69.477
2392 69.477
2393 69.477
2394 69.477
2395 69.477
2396 69.477
2397 69.477
2398 69.477
2399 69.477
2400 69.477
2401 69.477
2402 69.477
2403 69.477
2404 69.477
2405 69.477
2406 69.477
2407 69.477
2408 69.477
2409 69.477
2410 69.477
2411 69.477
2412 69.477
2413 69.477
2414 69.477
2415 69.477
2416 69.477
2417 69.477
2418 69.477
2419 69.477
2420 69.477
2421 69.477
2422 69.477
2423 69.477
2424 69.477
2425 69.477
2426 69.477
2427 69.477
2428 69.477
2429 69.477
2430 69.477
2431 69.477
2432 69.477
2433 69.477
2434 69.477
2435 69.477
2436 69.477
2437 69.477
2438 69.477
2439 69.477
2440 69.477
2441 69.477
2442 69.477
2443 69.477
2444 69.477
2445 69.477
2446 69.477
2447 69.477
2448 69.477
2449 69.477
2450 69.477
2451 69.477
2452 69.477
2453 69.477
2454 69.477
2455 69.477
2456 69.477
2457 69.477
2458 69.477
2459 69.477
2460 69.477
2461 69.477
2462 69.477
2463 69.477
2464 69.477
2465 69.477
2466 69.477
2467 69.477
2468 69.477
2469 69.477
2470 69.477
2471 69.477
2472 69.477
2473 69.477
2474 69.477
2475 69.477
2476 69.477
2477 69.477
2478 69.477
2479 69.477
2480 69.477
2481 69.477
2482 69.477
2483 69.477
2484 69.477
2485 69.477
2486 69.4255
2487 69.4255
2488 69.4255
2489 69.4255
2490 69.4255
2491 69.4255
2492 69.4255
2493 69.4255
2494 69.4255
2495 69.4255
2496 69.4255
2497 69.4255
2498 69.4255
2499 69.4255
2500 69.4255
2501 69.4255
2502 69.4255
2503 69.4255
2504 69.4255
2505 69.4255
2506 69.4255
2507 69.4255
2508 69.4255
2509 69.4255
2510 69.4255
2511 69.4255
2512 69.4255
2513 69.4255
2514 69.4255
2515 69.4255
2516 69.4255
2517 69.4255
2518 69.4255
2519 69.4255
2520 69.4255
2521 69.4255
2522 69.4255
2523 69.4255
2524 69.4255
2525 69.4255
2526 69.4255
2527 69.4255
2528 69.4255
2529 69.4255
2530 69.4255
2531 69.4255
2532 69.4255
2533 69.4255
2534 69.4255
2535 69.4255
2536 69.4255
2537 69.4255
2538 69.4255
2539 69.4255
2540 69.4255
2541 69.4255
2542 69.4255
2543 69.4255
2544 69.4255
2545 69.4255
2546 69.4255
2547 69.4255
2548 69.4255
2549 69.4255
2550 69.4255
2551 69.4255
2552 69.4255
2553 69.4255
2554 69.4255
2555 69.4255
2556 69.4255
2557 69.4255
2558 69.4255
2559 69.4255
2560 69.4255
2561 69.4255
2562 69.4255
2563 69.4255
2564 69.4255
2565 69.4255
2566 69.4255
2567 69.4255
2568 69.4255
2569 69.4255
2570 69.4255
2571 69.4255
2572 69.4255
2573 69.4255
2574 69.4255
2575 69.4255
2576 69.4255
2577 69.4255
2578 69.4255
2579 69.4255
2580 69.4255
2581 69.4255
2582 69.4255
2583 69.4255
2584 69.4255
2585 69.4255
2586 69.4255
2587 69.4255
2588 69.4255
2589 69.4255
2590 69.4255
2591 69.4255
2592 69.4255
2593 69.4255
2594 69.4255
2595 69.4255
2596 69.4255
2597 69.4255
2598 69.4255
2599 69.4255
2600 68.5138
2601 68.5138
2602 69.4255
2603 69.4255
2604 69.4255
2605 69.4255
2606 69.4255
2607 69.4255
2608 69.4028
2609 69.4028
2610 69.4028
2611 69.4028
2612 69.4028
2613 69.4028
2614 69.4028
2615 69.4028
2616 69.4028
2617 69.4028
2618 69.4028
2619 69.4028
2620 69.4028
2621 69.4028
2622 69.4028
2623 69.4028
2624 69.4028
2625 69.4028
2626 69.4028
2627 69.4028
2628 69.4028
2629 69.4028
2630 69.2355
2631 69.2355
2632 69.2355
2633 69.2355
2634 69.2355
2635 69.2355
2636 67.9521
2637 67.9521
2638 67.9521
2639 67.9521
2640 67.9521
2641 67.9521
2642 67.9521
2643 67.9521
2644 67.9521
2645 67.9521
2646 67.9521
2647 67.9521
2648 67.9521
2649 67.9521
2650 67.9521
2651 67.9521
2652 67.9521
2653 67.9521
2654 67.9521
2655 67.9521
2656 67.9521
2657 67.9521
2658 67.9521
2659 67.9521
2660 67.9521
2661 67.9521
2662 67.9521
2663 67.9521
2664 67.9521
2665 67.9521
2666 67.9521
2667 67.9521
2668 67.9521
2669 67.9521
2670 67.9521
2671 67.9521
2672 67.9521
2673 67.9521
2674 67.9521
2675 67.9521
2676 67.9521
2677 67.9521
2678 67.9521
2679 67.9521
2680 67.9521
2681 67.9521
2682 67.9521
2683 67.9521
2684 67.9521
2685 67.9521
2686 67.9521
2687 67.9521
2688 67.9521
2689 67.9521
2690 67.9521
2691 67.9521
2692 67.9521
2693 67.9521
2694 67.9521
2695 67.9521
2696 67.9521
2697 67.9521
2698 67.9521
2699 67.9521
2700 67.9521
2701 67.9521
2702 67.9521
2703 67.9521
2704 67.9521
2705 67.9521
2706 67.9521
2707 67.9521
2708 67.2634
2709 67.2634
2710 67.2634
2711 67.2634
2712 67.2634
2713 67.2634
2714 67.2634
2715 67.2634
2716 67.2634
2717 67.2634
2718 67.2634
2719 67.2634
2720 67.2634
2721 67.2634
2722 67.0317
2723 67.0317
2724 67.0317
2725 67.0317
2726 67.0317
2727 67.0317
2728 67.0317
2729 67.0317
2730 67.0317
2731 67.0317
2732 67.0317
2733 67.0317
2734 67.0317
2735 67.0317
2736 67.0317
2737 67.0317
2738 67.0317
2739 67.0317
2740 67.0317
2741 67.0317
2742 67.0317
2743 67.0317
2744 67.0317
2745 67.0317
2746 67.0317
2747 67.0317
2748 67.0317
2749 67.0317
2750 67.0317
2751 67.0317
2752 67.0317
2753 67.0317
2754 67.0317
2755 67.0317
2756 67.0317
2757 67.0317
2758 67.0317
2759 67.0317
2760 67.0317
2761 67.0317
2762 67.0317
2763 67.0317
2764 67.0317
2765 67.0317
2766 67.0317
2767 67.0317
2768 67.0317
2769 67.0317
2770 67.0317
2771 67.0317
2772 67.0317
2773 67.0317
2774 67.0317
2775 67.0317
2776 67.0317
2777 67.0317
2778 67.0317
2779 67.0317
2780 67.0317
2781 67.0317
2782 67.0317
2783 67.0317
2784 67.0317
2785 67.0317
2786 67.0317
2787 67.0317
2788 67.0317
2789 67.0317
2790 67.0317
2791 67.0317
2792 67.0317
2793 67.0317
2794 67.0317
2795 67.0317
2796 67.0317
2797 67.0317
2798 67.0317
2799 67.0317
2800 67.0317
2801 67.0317
2802 67.0317
2803 67.0317
2804 67.0317
2805 67.0317
2806 67.0317
2807 67.0317
2808 67.0317
2809 67.0317
2810 67.0317
2811 67.0317
2812 67.0317
2813 67.0317
2814 67.0317
2815 67.0317
2816 67.0317
2817 67.0317
2818 67.0317
2819 67.0317
2820 67.0317
2821 67.0317
2822 67.0317
2823 67.0317
2824 67.0317
2825 67.0317
2826 67.0317
2827 67.0317
2828 67.0317
2829 67.0317
2830 67.0317
2831 67.0317
2832 67.0317
2833 67.0317
2834 67.0317
2835 67.0317
2836 67.0317
2837 67.0317
2838 67.0317
2839 67.0317
2840 67.0317
2841 67.0317
2842 67.0317
2843 67.0317
2844 67.0317
2845 67.0317
2846 67.0317
2847 67.0317
2848 67.0317
2849 67.0317
2850 67.0317
2851 67.0317
2852 67.0317
2853 67.0317
2854 67.0317
2855 67.0317
2856 67.0317
2857 67.0317
2858 67.0317
2859 67.0317
2860 67.0317
2861 67.0317
2862 67.0317
2863 67.0317
2864 67.0317
2865 67.0317
2866 67.0317
2867 67.0317
2868 67.0317
2869 67.0317
2870 67.0317
2871 67.0317
2872 67.0317
2873 67.0317
2874 67.0317
2875 67.0317
2876 67.0317
2877 67.0317
2878 67.0317
2879 67.0317
2880 67.0317
2881 67.0317
2882 67.0317
2883 67.0317
2884 67.0317
2885 67.0317
2886 67.0317
2887 67.0317
2888 67.0317
2889 67.0317
2890 67.0317
2891 67.0317
2892 67.0317
2893 67.0317
2894 67.0317
2895 67.0317
2896 67.0317
2897 67.0317
2898 67.0317
2899 67.0317
2900 67.0317
2901 67.0317
2902 67.0317
2903 67.0317
2904 67.0317
2905 67.0317
2906 67.0317
2907 67.0317
2908 67.0317
2909 67.0317
2910 67.0317
2911 67.0317
2912 67.0317
2913 67.0317
2914 67.0317
2915 67.0317
2916 67.0317
2917 67.0317
2918 67.0317
2919 67.0317
2920 67.0317
2921 66.6634
2922 66.6634
2923 66.6634
2924 66.6634
2925 66.6634
2926 66.6634
2927 66.6634
2928 66.6634
2929 66.6634
2930 66.6634
2931 66.6634
2932 66.6634
2933 66.6634
2934 66.6634
2935 66.6634
2936 66.6634
2937 66.6634
2938 66.6634
2939 66.6634
2940 66.6634
2941 66.6634
2942 66.6634
2943 66.6634
2944 66.6634
2945 66.6634
2946 66.6634
2947 66.6634
2948 66.6634
2949 66.6634
2950 66.6634
2951 66.6634
2952 66.6634
2953 66.6634
2954 66.6634
2955 66.6634
2956 66.6634
2957 66.6634
2958 66.6634
2959 66.6634
2960 66.6634
2961 66.6634
2962 66.6634
2963 66.6634
2964 66.6634
2965 66.6634
2966 66.6634
2967 66.6634
2968 66.6634
2969 66.6634
2970 66.6634
2971 66.6634
2972 66.6634
2973 66.6634
2974 66.6634
2975 66.6634
2976 66.6634
2977 66.6634
2978 66.6634
2979 66.6634
2980 66.6634
2981 66.6634
2982 66.6634
2983 66.6634
2984 66.6634
2985 66.6634
2986 66.6634
2987 66.6634
2988 66.6634
2989 66.6634
2990 66.6634
2991 66.6634
2992 66.6634
2993 66.6634
2994 66.6634
2995 66.6634
2996 66.6634
2997 66.6634
2998 66.6634
2999 66.6634
3000 66.6634
3001 66.6634
3002 66.6634
3003 66.6634
3004 66.6634
3005 66.6634
3006 66.6634
3007 66.6634
3008 66.6634
3009 66.6634
3010 66.6634
3011 66.6634
3012 66.6634
3013 66.6634
3014 66.6634
3015 66.6634
3016 66.6634
3017 66.6634
3018 66.6634
3019 66.6634
3020 66.6634
3021 66.6634
3022 66.6634
3023 66.6634
3024 66.6634
3025 66.6634
3026 66.6634
3027 66.6634
3028 66.6634
3029 66.6634
3030 66.6634
3031 66.6634
3032 66.6634
3033 66.6634
3034 66.6634
3035 66.6634
3036 66.6634
3037 66.6634
3038 66.6634
3039 66.6634
3040 66.6634
3041 66.6634
3042 66.6634
3043 66.6634
3044 66.6634
3045 66.6634
3046 66.6634
3047 66.6634
3048 66.6634
3049 66.6634
3050 66.6634
3051 66.6634
3052 66.6634
3053 66.6634
3054 66.6634
3055 66.6634
3056 66.6634
3057 66.6634
3058 66.6634
3059 66.6634
3060 66.6634
3061 66.6634
3062 66.6634
3063 66.6634
3064 66.6634
3065 66.6634
3066 66.6634
3067 66.6634
3068 66.6634
3069 66.6634
3070 66.6634
3071 66.6634
3072 66.6634
3073 66.6634
3074 66.6634
3075 66.6634
3076 66.6634
3077 66.6634
3078 66.6634
3079 66.6634
3080 66.6634
3081 66.6057
3082 66.6057
3083 66.6057
3084 66.6057
3085 66.6057
3086 66.6057
3087 66.6057
3088 66.6057
3089 66.6057
3090 66.6057
3091 66.6057
3092 66.6057
3093 66.6057
3094 66.6057
3095 66.6057
3096 66.6057
3097 66.6057
3098 66.6057
3099 66.6057
3100 66.6057
3101 66.6057
3102 66.6057
3103 66.6057
3104 66.6057
3105 66.6057
3106 66.6057
3107 66.6057
3108 66.6057
3109 66.6057
3110 66.6057
3111 66.6057
3112 66.6057
3113 66.6057
3114 66.6057
3115 66.6057
3116 66.6057
3117 66.6057
3118 66.6057
3119 66.6057
3120 66.0213
3121 66.6057
3122 66.6057
3123 66.6057
3124 66.6057
3125 66.6057
3126 66.6057
3127 66.6057
3128 66.6057
3129 66.6057
3130 66.6057
3131 66.6057
3132 66.6057
3133 66.6057
3134 66.6057
3135 66.6057
3136 66.6057
3137 66.6057
3138 66.6057
3139 66.6057
3140 66.6057
3141 66.6057
3142 66.6057
3143 66.6057
3144 66.6057
3145 66.6057
3146 66.6057
3147 66.6057
3148 66.6057
3149 66.6057
3150 66.6057
3151 66.6057
3152 66.6057
3153 66.6057
3154 66.6057
3155 66.6057
3156 66.6057
3157 66.6057
3158 66.6057
3159 66.6057
3160 66.6057
3161 66.6057
3162 66.6057
3163 66.6057
3164 66.6057
3165 66.6057
3166 66.6057
3167 66.6057
3168 66.6057
3169 66.6057
3170 66.6057
3171 66.6057
3172 66.6057
3173 66.6057
3174 66.6057
3175 66.6057
3176 66.6057
3177 66.6057
3178 66.6057
3179 66.6057
3180 66.6057
3181 66.6057
3182 66.6057
3183 66.6057
3184 66.6057
3185 66.6057
3186 66.6057
3187 66.6057
3188 66.6057
3189 66.6057
3190 66.6057
3191 66.6057
3192 66.6057
3193 66.6057
3194 66.6057
3195 66.6057
3196 66.6057
3197 66.6057
3198 66.6057
3199 66.6057
3200 66.6057
3201 66.6057
3202 66.6057
3203 66.6057
3204 66.6057
3205 66.6057
3206 66.6057
3207 66.6057
3208 66.6057
3209 66.6057
3210 66.6057
3211 66.6057
3212 66.6057
3213 66.6057
3214 66.6057
3215 66.6057
3216 66.6057
3217 66.6057
3218 66.6057
3219 66.6057
3220 66.6057
3221 66.6057
3222 66.6057
3223 66.6057
3224 66.6057
3225 66.6057
3226 66.6057
3227 66.6057
3228 66.6057
3229 66.6057
3230 66.6057
3231 66.6057
3232 66.6057
3233 66.6057
3234 66.6057
3235 66.6057
3236 66.6057
3237 66.6057
3238 66.6057
3239 66.6057
3240 66.6057
3241 66.6057
3242 66.6057
3243 66.6057
3244 66.6057
3245 66.6057
3246 66.6057
3247 66.6057
3248 66.6057
3249 66.6057
3250 66.6057
3251 66.6057
3252 66.6057
3253 66.6057
3254 66.6057
3255 66.6057
3256 66.6057
3257 66.6057
3258 66.6057
3259 66.6057
3260 66.6057
3261 66.6057
3262 66.6057
3263 66.6057
3264 66.6057
3265 66.6057
3266 66.6057
3267 66.6057
3268 66.6057
3269 66.6057
3270 66.6057
3271 66.6057
3272 66.6057
3273 66.6057
3274 66.6057
3275 66.6057
3276 66.6057
3277 66.6057
3278 66.6057
3279 66.6057
3280 66.6057
3281 66.6057
3282 66.6057
3283 66.6057
3284 66.6057
3285 66.6057
3286 66.6057
3287 66.6057
3288 66.6057
3289 66.6057
3290 66.6057
3291 66.6057
3292 66.6057
3293 66.6057
3294 66.6057
3295 66.6057
3296 66.6057
3297 66.6057
3298 66.6057
3299 66.6057
3300 66.6057
3301 66.6057
3302 66.6057
3303 66.6057
3304 66.6057
3305 66.6057
3306 66.6057
3307 66.6057
3308 66.6057
3309 66.6057
3310 66.6057
3311 66.6057
3312 66.6057
3313 66.6057
3314 66.6057
3315 66.6057
3316 66.6057
3317 66.6057
3318 66.6057
3319 66.6057
3320 66.6057
3321 66.6057
3322 66.6057
3323 66.6057
3324 66.6057
3325 66.6057
3326 66.6057
3327 66.6057
3328 66.6057
3329 66.6057
3330 66.6057
3331 66.6057
3332 66.6057
3333 66.6057
3334 66.6057
3335 66.6057
3336 66.6057
3337 66.6057
3338 66.6057
3339 66.6057
3340 66.6057
3341 66.6057
3342 66.6057
3343 66.6057
3344 66.6057
3345 66.6057
3346 66.6057
3347 66.6057
3348 66.6057
3349 66.0213
3350 66.0213
3351 66.0213
3352 66.0213
3353 66.0213
3354 66.0213
3355 66.0213
3356 66.0213
3357 66.0213
3358 66.0213
3359 66.0213
3360 66.0213
3361 66.0213
3362 66.0213
3363 66.0213
3364 66.0213
3365 66.0213
3366 66.0213
3367 66.0213
3368 66.0213
3369 66.0213
3370 66.0213
3371 66.0213
3372 66.0213
3373 66.0213
3374 66.0213
3375 66.0213
3376 66.0213
3377 66.0213
3378 66.0213
3379 66.0213
3380 66.0213
3381 66.0213
3382 66.0213
3383 66.0213
3384 66.0213
3385 66.0213
3386 66.0213
3387 66.0213
3388 66.0213
3389 66.0213
3390 66.0213
3391 66.0213
3392 66.0213
3393 66.0213
3394 66.0213
3395 66.0213
3396 66.0213
3397 66.0213
3398 66.0213
3399 66.0213
3400 66.0213
3401 66.0213
3402 66.0213
3403 66.0213
3404 66.0213
3405 66.0213
3406 66.0213
3407 66.0213
3408 66.0213
3409 66.0213
3410 66.0213
3411 66.0213
3412 66.0213
3413 66.0213
3414 66.0213
3415 66.0213
3416 66.0213
3417 66.0213
3418 66.0213
3419 66.0213
3420 66.0213
3421 66.0213
3422 66.0213
3423 66.0213
3424 66.0213
3425 66.0213
3426 66.0213
3427 66.0213
3428 66.0213
3429 66.0213
3430 66.0213
3431 66.0213
3432 66.0213
3433 66.0213
3434 66.0213
3435 66.0213
3436 66.0213
3437 66.0213
3438 66.0213
3439 66.0213
3440 66.0213
3441 66.0213
3442 66.0213
3443 66.0213
3444 66.0213
3445 66.0213
3446 66.0213
3447 66.0213
3448 66.0213
3449 66.0213
3450 66.0213
3451 66.0213
3452 66.0213
3453 66.0213
3454 66.0213
3455 66.0213
3456 66.0213
3457 66.0213
3458 66.0213
3459 66.0213
3460 66.0213
3461 66.0213
3462 66.0213
3463 66.0213
3464 66.0213
3465 66.0213
3466 66.0213
3467 66.0213
3468 66.0213
3469 66.0213
3470 66.0213
3471 66.0213
3472 66.0213
3473 66.0213
3474 66.0213
3475 66.0213
3476 66.0213
3477 66.0213
3478 66.0213
3479 66.0213
3480 66.0213
3481 66.0213
3482 66.0213
3483 66.0213
3484 66.0213
3485 66.0213
3486 66.0213
3487 66.0213
3488 66.0213
3489 66.0213
3490 66.0213
3491 66.0213
3492 66.0213
3493 66.0213
3494 66.0213
3495 66.0213
3496 66.0213
3497 66.0213
3498 66.0213
3499 66.0213
3500 66.0213
3501 66.0213
3502 66.0213
3503 66.0213
3504 66.0213
3505 66.0213
3506 66.0213
3507 66.0213
3508 66.0213
3509 66.0213
3510 66.0213
3511 66.0213
3512 66.0213
3513 66.0213
3514 66.0213
3515 66.0213
3516 66.0213
3517 66.0213
3518 66.0213
3519 66.0213
3520 66.0213
3521 66.0213
3522 66.0213
3523 66.0213
3524 66.0213
3525 66.0213
3526 66.0213
3527 66.0213
3528 66.0213
3529 66.0213
3530 66.0213
3531 66.0213
3532 66.0213
3533 66.0213
3534 66.0213
3535 66.0213
3536 66.0213
3537 66.0213
3538 66.0213
3539 66.0213
3540 66.0213
3541 66.0213
3542 66.0213
3543 66.0213
3544 66.0213
3545 66.0213
3546 66.0213
3547 66.0213
3548 66.0213
3549 66.0213
3550 66.0213
3551 66.0213
3552 66.0213
3553 66.0213
3554 66.0213
3555 66.0213
3556 66.0213
3557 66.0213
3558 66.0213
3559 66.0213
3560 66.0213
3561 66.0213
3562 66.0213
3563 66.0213
3564 66.0213
3565 66.0213
3566 66.0213
3567 66.0213
3568 66.0213
3569 66.0213
3570 66.0213
3571 66.0213
3572 66.0213
3573 66.0213
3574 66.0213
3575 66.0213
3576 66.0213
3577 66.0213
3578 66.0213
3579 66.0213
3580 66.0213
3581 66.0213
3582 66.0213
3583 66.0213
3584 65.7257
3585 65.7257
3586 65.7257
3587 65.7257
3588 65.7257
3589 65.7257
3590 65.7257
3591 65.7257
3592 65.7257
3593 65.7257
3594 65.7257
3595 65.7257
3596 65.7257
3597 65.7257
3598 65.7257
3599 65.7257
3600 65.7257
3601 65.7257
3602 65.7257
3603 65.7257
3604 65.7257
3605 65.7257
3606 65.7257
3607 65.7257
3608 65.7257
3609 65.7257
3610 65.7257
3611 65.7257
3612 65.7257
3613 65.7257
3614 65.7257
3615 65.7257
3616 65.7257
3617 65.7257
3618 65.7257
3619 65.7257
3620 65.7257
3621 65.7257
3622 65.7257
3623 65.7257
3624 65.7257
3625 65.7257
3626 65.7257
3627 65.7257
3628 65.7257
3629 65.7257
3630 65.7257
3631 65.7257
3632 65.7257
3633 65.7257
3634 65.7257
3635 65.7257
3636 65.7257
3637 65.7257
3638 65.7257
3639 65.7257
3640 65.7257
3641 65.7257
3642 65.7257
3643 65.7257
3644 65.7257
3645 65.7257
3646 65.7257
3647 65.7257
3648 65.7257
3649 65.7257
3650 65.7257
3651 65.7257
3652 65.7257
3653 65.7257
3654 65.7257
3655 65.7257
3656 65.7257
3657 65.7257
3658 65.7257
3659 65.7257
3660 65.7257
3661 65.7257
3662 65.7257
3663 65.7257
3664 65.7257
3665 65.7257
3666 65.7257
3667 65.7257
3668 65.7257
3669 65.7257
3670 65.7257
3671 65.7257
3672 65.7257
3673 65.7257
3674 65.7257
3675 65.7257
3676 65.7257
3677 65.7257
3678 65.7257
3679 65.7257
3680 65.7257
3681 65.7257
3682 65.7257
3683 65.7257
3684 65.7257
3685 65.7257
3686 65.7257
3687 65.7257
3688 65.7257
3689 65.7257
3690 65.7257
3691 65.7257
3692 65.7257
3693 65.7257
3694 65.7257
3695 65.7257
3696 65.7257
3697 65.7257
3698 65.7257
3699 65.7257
3700 65.7257
3701 65.7257
3702 65.7257
3703 65.7257
3704 65.7257
3705 65.7257
3706 65.7257
3707 65.7257
3708 65.7257
3709 65.7257
3710 65.7257
3711 65.7257
3712 65.7257
3713 65.7257
3714 65.7257
3715 65.7257
3716 65.7257
3717 65.7257
3718 65.7257
3719 65.7257
3720 65.7257
3721 65.7257
3722 65.7257
3723 65.7257
3724 65.7257
3725 65.7257
3726 65.7257
3727 65.7257
3728 65.7257
3729 65.7257
3730 65.7257
3731 65.7257
3732 65.7257
3733 65.7257
3734 65.7257
3735 65.7257
3736 65.7257
3737 65.7257
3738 65.7257
3739 65.7257
3740 65.7257
3741 65.7257
3742 65.7257
3743 65.7257
3744 65.7257
3745 65.7257
3746 65.7257
3747 65.7257
3748 65.7257
3749 65.7257
3750 65.7257
3751 65.7257
3752 65.7257
3753 65.7257
3754 65.7257
3755 65.7257
3756 65.7257
3757 65.7257
3758 65.7257
3759 65.7257
3760 65.7257
3761 65.7257
3762 65.7257
3763 65.7257
3764 65.7257
3765 65.7257
3766 65.7257
3767 65.7257
3768 65.7257
3769 65.7257
3770 65.7257
3771 65.7257
3772 65.7257
3773 65.7257
3774 65.7257
3775 65.7257
3776 65.7257
3777 65.7257
3778 65.7257
3779 65.7257
3780 65.7257
3781 65.7257
3782 65.7257
3783 65.7257
3784 65.7257
3785 65.5021
3786 65.5021
3787 65.5021
3788 65.5021
3789 65.5021
3790 65.5021
3791 65.5021
3792 65.5021
3793 65.5021
3794 65.5021
3795 65.5021
3796 65.5021
3797 65.5021
3798 65.5021
3799 65.5021
3800 65.5021
3801 65.5021
3802 65.5021
3803 65.5021
3804 65.5021
3805 65.5021
3806 65.5021
3807 65.5021
3808 65.5021
3809 65.5021
3810 65.5021
3811 65.5021
3812 65.5021
3813 65.5021
3814 65.5021
3815 65.5021
3816 65.5021
3817 65.5021
3818 65.5021
3819 65.5021
3820 65.5021
3821 65.5021
3822 65.5021
3823 65.4812
3824 65.4812
3825 65.4812
3826 65.4812
3827 65.4812
3828 65.4812
3829 65.4812
3830 65.4812
3831 65.4812
3832 65.4812
3833 65.4812
3834 65.4812
3835 65.4812
3836 65.4812
3837 65.4812
3838 65.4812
3839 65.4812
3840 65.4812
3841 65.4812
3842 65.4812
3843 65.4812
3844 65.4812
3845 65.4812
3846 65.4812
3847 65.4812
3848 65.4812
3849 65.4812
3850 65.4812
3851 65.4812
3852 65.4812
3853 65.4812
3854 65.4812
3855 65.4812
3856 65.4812
3857 65.4812
3858 65.4812
3859 65.4812
3860 65.4812
3861 65.4812
3862 65.4812
3863 65.4812
3864 65.4812
3865 65.4812
3866 65.4812
3867 65.4812
3868 65.4812
3869 65.4812
3870 65.4812
3871 65.4812
3872 65.4812
3873 65.4812
3874 65.4812
3875 65.4812
3876 65.4812
3877 65.4812
3878 65.4812
3879 65.4812
3880 65.4812
3881 65.4812
3882 65.4812
3883 65.4812
3884 65.4812
3885 65.4812
3886 65.4812
3887 65.4812
3888 65.4812
3889 65.4812
3890 65.4812
3891 65.4812
3892 65.4812
3893 65.4812
3894 65.4812
3895 65.4812
3896 65.4812
3897 65.4812
3898 65.4812
3899 65.4812
3900 65.4812
3901 65.4812
3902 65.4812
3903 65.4812
3904 65.4812
3905 65.4812
3906 65.4812
3907 65.4812
3908 65.4812
3909 65.4812
3910 65.4812
3911 65.4812
3912 65.4812
3913 65.4812
3914 65.4812
3915 65.4812
3916 65.4812
3917 65.4812
3918 65.4812
3919 65.4812
3920 65.4812
3921 65.4812
3922 65.4812
3923 65.4812
3924 65.4812
3925 65.4812
3926 65.4812
3927 65.4812
3928 65.4812
3929 65.4812
3930 65.4812
3931 65.4812
3932 65.4812
3933 65.4812
3934 65.4812
3935 65.4812
3936 65.4812
3937 65.4812
3938 65.4812
3939 65.4812
3940 65.4812
3941 65.4812
3942 65.4812
3943 65.4812
3944 65.4812
3945 65.4812
3946 65.4812
3947 65.4812
3948 65.4812
3949 65.4812
3950 65.4812
3951 65.4812
3952 65.4812
3953 65.4812
3954 65.4812
3955 65.4812
3956 65.4812
3957 65.4812
3958 65.4812
3959 65.4812
3960 65.4812
3961 65.4812
3962 65.4812
3963 65.4812
3964 65.4812
3965 65.4812
3966 65.4812
3967 65.4812
3968 65.4812
3969 65.4812
3970 65.4812
3971 65.4812
3972 65.4812
3973 65.4812
3974 65.4812
3975 65.4812
3976 65.4812
3977 65.4812
3978 65.4812
3979 65.4812
3980 65.4812
3981 65.4812
3982 65.4812
3983 65.4812
3984 65.4812
3985 65.4812
3986 65.4812
3987 65.4812
3988 65.4812
3989 65.4812
3990 65.4812
3991 65.4812
3992 65.4812
3993 65.4812
3994 65.4812
3995 65.4812
3996 65.4812
3997 65.4812
3998 65.4812
3999 65.4812
4000 65.4812
4001 65.4812
4002 65.4812
4003 65.4812
4004 65.4812
4005 65.4812
4006 65.4812
4007 65.4812
4008 65.4812
4009 65.4812
4010 65.4812
4011 65.4812
4012 65.4812
4013 65.4812
4014 65.4812
4015 65.4812
4016 65.4812
4017 65.4812
4018 65.4812
4019 65.4812
4020 65.4812
4021 65.4812
4022 65.4812
4023 65.4812
4024 65.4812
4025 65.4812
4026 65.4812
4027 65.4812
4028 65.4812
4029 65.4812
4030 65.4812
4031 65.4812
4032 65.4812
4033 65.4812
4034 65.4812
4035 65.4812
4036 65.4812
4037 65.4812
4038 65.4812
4039 65.4812
4040 65.4812
4041 65.4812
4042 65.4812
4043 65.4812
4044 65.4812
4045 65.4812
4046 65.4812
4047 65.4812
4048 65.4812
4049 65.4812
4050 65.4812
4051 65.4812
4052 65.4812
4053 65.4812
4054 65.4812
4055 65.4812
4056 65.4812
4057 65.4812
4058 65.4812
4059 65.4812
4060 65.4812
4061 65.4812
4062 65.4812
4063 65.4812
4064 65.4812
4065 65.4812
4066 65.4812
4067 65.4812
4068 65.4812
4069 65.4812
4070 65.4812
4071 65.4812
4072 65.4812
4073 65.4812
4074 65.4812
4075 65.4812
4076 65.4812
4077 65.3189
4078 65.3189
4079 65.3189
4080 65.3189
4081 65.3189
4082 65.3189
4083 65.3189
4084 65.3189
4085 65.3189
4086 65.3189
4087 65.3189
4088 65.3189
4089 65.3189
4090 65.3189
4091 65.3189
4092 65.3189
4093 65.3189
4094 65.3189
4095 65.3189
4096 65.3189
4097 65.3189
4098 65.3189
4099 65.3189
4100 65.3189
4101 65.3189
4102 65.3189
4103 65.3189
4104 65.3189
4105 65.3189
4106 65.3189
4107 65.3189
4108 65.3189
4109 65.3189
4110 65.3189
4111 65.3189
4112 65.3189
4113 65.3189
4114 65.3189
4115 65.3189
4116 65.3189
4117 65.3189
4118 65.3189
4119 65.3189
4120 65.3189
4121 65.3189
4122 65.3189
4123 65.3189
4124 65.3189
4125 65.3189
4126 65.3189
4127 65.3189
4128 65.3189
4129 65.3189
4130 65.3189
4131 65.3189
4132 65.3189
4133 65.3189
4134 65.3189
4135 65.3189
4136 65.3189
4137 65.3189
4138 65.3189
4139 65.3189
4140 65.3189
4141 65.3189
4142 65.3189
4143 65.3189
4144 65.3189
4145 65.3189
4146 65.3189
4147 65.3189
4148 65.3189
4149 65.3189
4150 65.3189
4151 65.3189
4152 65.3189
4153 65.3189
4154 65.3189
4155 65.3189
4156 65.3189
4157 65.3189
4158 65.3189
4159 65.3189
4160 65.3189
4161 65.3189
4162 65.3189
4163 65.3189
4164 65.3189
4165 65.3189
4166 65.3189
4167 65.3189
4168 65.3189
4169 65.3189
4170 65.3189
4171 65.3189
4172 65.3189
4173 65.3189
4174 65.3189
4175 65.3189
4176 65.3189
4177 65.3189
4178 65.3189
4179 65.3189
4180 65.3189
4181 65.3189
4182 65.3189
4183 65.3189
4184 65.3189
4185 65.3189
4186 65.3189
4187 65.3189
4188 65.3189
4189 65.3189
4190 65.3189
4191 65.3189
4192 65.3189
4193 65.3189
4194 65.3189
4195 65.3189
4196 65.3189
4197 65.3189
4198 65.3189
4199 65.3189
4200 65.3189
4201 65.3189
4202 65.3189
4203 65.3189
4204 65.3189
4205 65.3189
4206 65.3189
4207 65.3189
4208 65.3189
4209 65.3189
4210 65.3189
4211 65.3189
4212 65.3189
4213 65.3189
4214 65.3189
4215 65.3189
4216 65.3189
4217 65.3189
4218 65.3189
4219 65.3189
4220 65.3189
4221 65.3189
4222 65.3189
4223 65.3189
4224 65.3189
4225 65.3189
4226 65.3189
4227 65.3189
4228 65.3189
4229 65.3189
4230 65.3189
4231 65.3189
4232 65.3189
4233 65.3189
4234 65.3189
4235 65.3189
4236 65.3189
4237 65.3189
4238 65.3189
4239 65.3189
4240 65.3189
4241 65.3189
4242 65.3189
4243 65.3189
4244 65.3189
4245 65.3189
4246 65.3189
4247 65.3189
4248 65.3189
4249 65.3189
4250 65.3189
4251 65.3189
4252 65.3189
4253 65.3189
4254 65.3189
4255 65.3189
4256 65.3189
4257 65.3189
4258 65.3189
4259 65.3189
4260 65.3189
4261 65.3189
4262 65.3189
4263 65.3189
4264 65.3189
4265 65.3189
4266 65.3189
4267 65.3189
4268 65.3189
4269 65.3189
4270 65.3189
4271 65.3189
4272 65.3189
4273 65.3189
4274 65.3189
4275 65.3189
4276 65.3189
4277 65.3189
4278 65.3189
4279 65.3189
4280 65.3189
4281 65.3189
4282 65.3189
4283 65.3189
4284 65.3189
4285 65.3189
4286 65.3189
4287 65.3189
4288 65.3189
4289 65.3189
4290 65.3189
4291 65.3189
4292 65.3189
4293 65.3189
4294 65.3189
4295 65.3189
4296 65.3189
4297 65.3189
4298 65.3189
4299 65.3189
4300 65.3189
4301 65.3189
4302 65.3189
4303 65.3189
4304 65.3189
4305 65.3189
4306 65.3189
4307 65.3189
4308 65.3189
4309 65.3189
4310 65.3189
4311 65.3189
4312 65.3189
4313 65.3189
4314 65.3189
4315 65.3189
4316 65.3189
4317 65.3189
4318 65.3189
4319 65.3189
4320 65.3189
4321 65.3189
4322 65.3189
4323 65.3189
4324 65.3189
4325 65.3189
4326 65.3189
4327 65.3189
4328 65.3189
4329 65.3189
4330 65.3189
4331 65.3189
4332 65.3189
4333 65.3189
4334 65.3189
4335 65.3189
4336 65.3189
4337 65.3189
4338 65.3189
4339 65.3189
4340 65.3189
4341 65.3189
4342 65.3189
4343 65.3189
4344 65.3189
4345 65.3189
4346 65.3189
4347 65.3189
4348 65.3189
4349 65.3189
4350 65.3189
4351 65.3189
4352 65.3189
4353 65.3189
4354 65.3189
4355 65.3189
4356 65.3189
4357 65.3189
4358 65.3189
4359 65.3189
4360 65.3189
4361 65.3189
4362 65.3189
4363 65.3189
4364 65.3189
4365 65.3189
4366 65.3189
4367 65.3189
4368 65.3189
4369 65.3189
4370 65.3189
4371 65.3189
4372 65.3189
4373 65.3189
4374 65.3189
4375 65.3189
4376 65.3189
4377 65.3189
4378 65.3189
4379 65.3189
4380 65.3189
4381 65.3189
4382 65.3189
4383 65.3189
4384 65.3189
4385 65.3189
4386 65.3189
4387 65.3189
4388 65.3189
4389 65.3189
4390 65.3189
4391 65.3189
4392 65.3189
4393 65.3189
4394 65.3189
4395 65.3189
4396 65.3189
4397 65.3189
4398 65.3189
4399 65.3189
4400 65.3189
4401 65.3189
4402 65.3189
4403 65.3189
4404 65.3189
4405 65.3189
4406 65.3189
4407 65.3189
4408 65.3189
4409 65.3189
4410 65.3189
4411 65.3189
4412 65.3189
4413 65.3189
4414 65.3189
4415 65.3189
4416 65.3189
4417 65.3189
4418 65.3189
4419 65.3189
4420 65.3189
4421 65.3189
4422 65.3189
4423 65.3189
4424 65.3189
4425 65.3189
4426 65.3189
4427 65.3189
4428 65.3189
4429 65.3189
4430 65.3189
4431 65.3189
4432 65.3189
4433 65.3189
4434 65.3189
4435 65.3189
4436 65.3189
4437 65.3189
4438 65.3189
4439 65.3189
4440 65.3189
4441 65.3189
4442 65.3189
4443 65.3189
4444 65.3189
4445 65.3189
4446 65.3189
4447 65.3189
4448 65.3189
4449 65.3189
4450 65.3189
4451 65.3189
4452 65.3189
4453 65.3189
4454 65.3189
4455 65.3189
4456 65.3189
4457 65.3189
4458 65.3189
4459 65.3189
4460 65.3189
4461 65.3189
4462 65.3189
4463 65.3189
4464 65.3189
4465 65.3189
4466 65.3189
4467 65.3189
4468 65.3189
4469 65.3189
4470 65.3189
4471 65.3189
4472 65.3189
4473 65.3189
4474 65.3189
4475 65.3189
4476 65.3189
4477 65.3189
4478 65.3189
4479 65.3189
4480 65.3189
4481 65.3189
4482 65.3189
4483 65.3189
4484 65.3189
4485 65.3189
4486 65.3189
4487 65.3189
4488 65.3189
4489 65.3189
4490 65.3189
4491 65.3189
4492 65.3189
4493 65.3189
4494 65.3189
4495 65.3189
4496 65.3189
4497 65.3189
4498 65.3189
4499 65.3189
4500 65.3189
4501 65.3189
4502 65.3189
4503 65.3189
4504 65.3189
4505 65.3189
4506 65.3189
4507 65.3189
4508 65.3189
4509 65.3189
4510 65.3189
4511 65.3189
4512 65.3189
4513 65.3189
4514 65.3189
4515 65.3189
4516 65.3189
4517 65.3189
4518 65.3189
4519 65.3189
4520 65.3189
4521 65.3189
4522 65.3189
4523 65.3189
4524 65.3189
4525 65.3189
4526 65.3189
4527 65.3189
4528 65.3189
4529 65.3189
4530 65.3189
4531 65.3189
4532 65.3189
4533 65.3189
4534 65.3189
4535 65.3189
4536 65.3189
4537 65.3189
4538 65.3189
4539 65.3189
4540 65.3189
4541 65.3189
4542 65.3189
4543 65.3189
4544 65.3189
4545 65.3189
4546 65.3189
4547 65.3189
4548 65.3189
4549 65.3189
4550 65.3189
4551 65.3189
4552 65.3189
4553 65.3189
4554 65.3189
4555 65.3189
4556 65.3189
4557 65.3189
4558 65.3189
4559 65.3189
4560 65.3189
4561 65.3189
4562 65.3189
4563 65.3189
4564 65.3189
4565 65.3189
4566 65.3189
4567 65.3189
4568 65.3189
4569 65.3189
4570 65.3189
4571 65.3189
4572 65.3189
4573 65.3189
4574 65.3189
4575 65.3189
4576 65.3189
4577 65.3189
4578 65.3189
4579 65.3189
4580 65.3189
4581 65.3189
4582 65.3189
4583 65.3189
4584 65.3189
4585 65.3189
4586 65.3189
4587 65.3189
4588 65.3189
4589 65.3189
4590 65.3189
4591 65.3189
4592 65.3189
4593 65.3189
4594 65.3189
4595 65.3189
4596 65.3189
4597 65.3189
4598 65.3189
4599 65.3189
4600 65.3189
4601 65.3189
4602 65.3189
4603 65.3189
4604 65.3189
4605 65.3189
4606 65.3189
4607 65.3189
4608 65.3189
4609 65.3189
4610 65.3189
4611 65.3189
4612 65.3189
4613 65.3189
4614 65.3189
4615 65.3189
4616 65.3189
4617 65.3189
4618 65.3189
4619 65.3189
4620 65.3189
4621 65.3189
4622 65.3189
4623 65.3189
4624 65.3189
4625 65.3189
4626 65.3189
4627 65.3189
4628 65.3189
4629 65.3189
4630 65.3189
4631 65.3189
4632 65.3189
4633 65.3189
4634 65.3189
4635 65.3189
4636 65.3189
4637 65.3189
4638 65.3189
4639 65.3189
4640 65.3189
4641 65.3189
4642 65.3189
4643 65.3189
4644 65.3189
4645 65.3189
4646 65.3189
4647 65.3189
4648 65.3189
4649 65.3189
4650 65.3189
4651 65.3189
4652 65.3189
4653 65.3189
4654 65.3189
4655 65.3189
4656 65.3189
4657 65.3189
4658 65.3189
4659 65.3189
4660 65.3189
4661 65.3189
4662 65.3189
4663 65.3189
4664 65.3189
4665 65.3189
4666 65.3189
4667 65.3189
4668 65.3189
4669 65.3189
4670 65.3189
4671 65.3189
4672 65.3189
4673 65.3189
4674 65.3189
4675 65.3189
4676 65.3189
4677 65.3189
4678 65.3189
4679 65.3189
4680 65.3189
4681 65.3189
4682 65.3189
4683 65.3189
4684 65.3189
4685 65.3189
4686 65.3189
4687 65.3189
4688 65.3189
4689 65.3189
4690 65.3189
4691 65.3189
4692 65.3189
4693 65.3189
4694 65.3189
4695 65.3189
4696 65.3189
4697 65.3189
4698 65.3189
4699 65.3189
4700 65.3189
4701 65.3189
4702 65.3189
4703 65.3189
4704 65.3189
4705 65.3189
4706 65.3189
4707 65.3189
4708 65.3189
4709 65.3189
4710 65.3189
4711 65.3189
4712 65.3189
4713 65.3189
4714 65.3189
4715 65.3189
4716 65.3189
4717 65.3189
4718 65.3189
4719 65.3189
4720 65.3189
4721 65.3189
4722 65.3189
4723 65.3189
4724 65.3189
4725 65.3189
4726 65.3189
4727 65.3189
4728 65.3189
4729 65.3189
4730 65.3189
4731 65.3189
4732 65.3189
4733 65.3189
4734 65.3189
4735 65.3189
4736 65.3189
4737 65.3189
4738 65.3189
4739 65.3189
4740 65.3189
4741 65.3189
4742 65.3189
4743 65.3189
4744 65.3189
4745 65.3189
4746 65.3189
4747 65.3189
4748 65.3189
4749 65.3189
4750 65.3189
4751 65.3189
4752 65.3189
4753 65.3189
4754 65.3189
4755 65.3189
4756 65.3189
4757 65.3189
4758 65.3189
4759 65.3189
4760 65.3189
4761 65.3189
4762 65.3189
4763 65.3189
4764 65.3189
4765 65.3189
4766 65.3189
4767 65.3189
4768 65.3189
4769 65.3189
4770 65.3189
4771 65.3189
4772 65.3189
4773 65.3189
4774 65.3189
4775 65.3189
4776 65.3189
4777 65.3189
4778 65.3189
4779 65.3189
4780 65.3189
4781 65.3189
4782 65.3189
4783 65.3189
4784 65.3189
4785 65.3189
4786 65.3189
4787 65.3189
4788 65.3189
4789 65.3189
4790 65.3189
4791 65.3189
4792 65.3189
4793 65.3189
4794 65.3189
4795 65.3189
4796 65.3189
4797 65.3189
4798 65.3189
4799 65.3189
4800 65.3189
4801 65.3189
4802 65.3189
4803 65.3189
4804 65.3189
4805 65.3189
4806 65.3189
4807 65.3189
4808 65.3189
4809 65.3189
4810 65.3189
4811 65.3189
4812 65.3189
4813 65.3189
4814 65.3189
4815 65.3189
4816 65.3189
4817 65.3189
4818 65.3189
4819 65.3189
4820 65.3189
4821 65.3189
4822 65.3189
4823 65.3189
4824 65.3189
4825 65.3189
4826 65.3189
4827 65.3189
4828 65.3189
4829 65.3189
4830 65.3189
4831 65.3189
4832 65.3189
4833 65.3189
4834 65.3189
4835 65.3189
4836 65.3189
4837 65.3189
4838 65.3189
4839 65.3189
4840 65.3189
4841 65.3189
4842 65.3189
4843 65.3189
4844 65.3189
4845 65.3189
4846 65.3189
4847 65.3189
4848 65.3189
4849 65.3189
4850 65.3189
4851 65.3189
4852 65.3189
4853 65.3189
4854 65.3189
4855 65.3189
4856 65.3189
4857 65.3189
4858 65.3189
4859 65.3189
4860 65.3189
4861 65.3189
4862 65.3189
4863 65.3189
4864 65.3189
4865 65.3189
4866 65.3189
4867 65.3189
4868 65.3189
4869 65.3189
4870 65.3189
4871 65.3189
4872 65.3189
4873 65.3189
4874 65.3189
4875 65.3189
4876 65.3189
4877 65.3189
4878 65.3189
4879 65.3189
4880 65.3189
4881 65.3189
4882 65.3189
4883 65.3189
4884 65.3189
4885 65.3189
4886 65.3189
4887 65.3189
4888 65.3189
4889 65.3189
4890 65.3189
4891 65.3189
4892 65.3189
4893 65.3189
4894 65.3189
4895 65.3189
4896 65.3189
4897 65.3189
4898 65.3189
4899 65.3189
4900 65.3189
4901 65.3189
4902 65.3189
4903 65.3189
4904 65.3189
4905 65.3189
4906 65.3189
4907 65.3189
4908 65.3189
4909 65.3189
4910 65.3189
4911 65.3189
4912 65.3189
4913 65.3189
4914 65.3189
4915 65.3189
4916 65.3189
4917 65.3189
4918 65.3189
4919 65.3189
4920 65.3189
4921 65.3189
4922 65.3189
4923 65.3189
4924 65.3189
4925 65.3189
4926 65.3189
4927 65.3189
4928 65.3189
4929 65.3189
4930 65.3189
4931 65.3189
4932 65.3189
4933 65.3189
4934 65.3189
4935 65.3189
4936 65.3189
4937 65.3189
4938 65.3189
4939 65.3189
4940 65.3189
4941 65.3189
4942 65.3189
4943 65.3189
4944 65.3189
4945 65.3189
4946 65.3189
4947 65.3189
4948 65.3189
4949 65.3189
4950 65.3189
4951 65.3189
4952 65.3189
4953 65.3189
4954 65.3189
4955 65.3189
4956 65.3189
4957 65.3189
4958 65.3189
4959 65.3189
4960 65.3189
4961 65.3189
4962 65.3189
4963 65.3189
4964 65.3189
4965 65.3189
4966 65.3189
4967 65.3189
4968 65.3189
4969 65.3189
4970 65.3189
4971 65.3189
4972 65.3189
4973 65.3189
4974 65.3189
4975 65.3189
4976 65.3189
4977 65.3189
4978 65.3189
4979 65.3189
4980 65.3189
4981 65.3189
4982 65.3189
4983 65.3189
4984 65.3189
4985 65.3189
4986 65.3189
4987 65.3189
4988 65.3189
4989 65.3189
4990 65.3189
4991 65.3189
4992 65.3189
4993 65.3189
4994 65.3189
4995 65.3189
4996 65.3189
4997 65.3189
4998 65.3189
4999 65.3189
5000 65.3189
5001 65.3189
5002 65.3189
5003 65.3189
5004 65.3189
5005 65.3189
5006 65.3189
5007 65.3189
5008 65.3189
5009 65.3189
5010 65.3189
5011 65.3189
5012 65.3189
5013 65.3189
5014 65.3189
5015 65.3189
5016 65.3189
5017 65.3189
5018 65.3189
5019 65.3189
5020 65.3189
5021 65.3189
5022 65.3189
5023 65.3189
5024 65.3189
5025 65.3189
5026 65.3189
5027 65.3189
5028 65.3189
5029 65.3189
5030 65.3189
5031 65.3189
5032 65.3189
5033 65.3189
5034 65.3189
5035 65.3189
5036 65.3189
5037 65.3189
5038 65.3189
5039 65.3189
5040 65.3189
5041 65.3189
5042 65.3189
5043 65.3189
5044 65.3189
5045 65.3189
5046 65.3189
5047 65.3189
5048 65.3189
5049 65.3189
5050 65.3189
5051 65.3189
5052 65.3189
5053 65.3189
5054 65.3189
5055 65.3189
5056 65.3189
5057 65.3189
5058 65.3189
5059 65.3189
5060 65.3189
5061 65.3189
5062 65.3189
5063 65.3189
5064 65.3189
5065 65.3189
5066 65.3189
5067 65.3189
5068 65.3189
5069 65.3189
5070 65.3189
5071 65.3189
5072 65.3189
5073 65.3189
5074 65.3189
5075 65.3189
5076 65.3189
5077 65.3189
5078 65.3189
5079 65.3189
5080 65.3189
5081 65.3189
5082 65.3189
5083 65.3189
5084 65.3189
5085 65.3189
5086 65.3189
5087 65.3189
5088 65.3189
5089 65.3189
5090 65.3189
5091 65.3189
5092 65.3189
5093 65.3189
5094 65.3189
5095 65.3189
5096 65.3189
5097 65.3189
5098 65.3189
5099 65.3189
5100 65.3189
5101 65.3189
5102 65.3189
5103 65.3189
5104 65.3189
5105 65.3189
5106 65.3189
5107 65.3189
5108 65.3189
5109 65.3189
5110 65.3189
5111 65.3189
5112 65.3189
5113 65.3189
5114 65.3189
5115 65.3189
5116 65.3189
5117 65.3189
5118 65.3189
5119 65.3189
5120 65.3189
5121 65.3189
5122 65.3189
5123 65.3189
5124 65.3189
5125 65.3189
5126 65.3189
5127 65.3189
5128 65.3189
5129 65.3189
5130 65.3189
5131 65.3189
5132 65.3189
5133 65.3189
5134 65.3189
5135 65.3189
5136 65.3189
5137 65.3189
5138 65.3189
5139 65.3189
5140 65.3189
5141 65.3189
5142 65.3189
5143 65.3189
5144 65.3189
5145 65.3189
5146 65.3189
5147 65.3189
5148 65.3189
5149 65.3189
5150 65.3189
5151 65.3189
5152 65.3189
5153 65.3189
5154 65.3189
5155 65.3189
5156 65.3189
5157 65.3189
5158 65.3189
5159 65.3189
5160 65.3189
5161 65.3189
5162 65.3189
5163 65.3189
5164 65.3189
5165 65.3189
5166 65.3189
5167 65.3189
5168 65.3189
5169 65.3189
5170 65.3189
5171 65.3189
5172 65.3189
5173 65.3189
5174 65.3189
5175 65.3189
5176 65.3189
5177 65.3189
5178 65.3189
5179 65.3189
5180 65.3189
5181 65.3189
5182 65.3189
5183 65.3189
5184 65.3189
5185 65.3189
5186 65.3189
5187 65.3189
5188 65.3189
5189 65.3189
5190 65.3189
5191 65.3189
5192 65.3189
5193 65.3189
5194 65.3189
5195 65.3189
5196 65.3189
5197 65.3189
5198 65.3189
5199 65.3189
5200 65.3189
5201 65.3189
5202 65.3189
5203 65.3189
5204 65.3189
5205 65.3189
5206 65.3189
5207 65.3189
5208 65.3189
5209 65.3189
5210 65.3189
5211 65.3189
5212 65.3189
5213 65.3189
5214 65.3189
5215 65.3189
5216 65.3189
5217 65.3189
5218 65.3189
5219 65.3189
5220 65.3189
5221 65.3189
5222 65.3189
5223 65.3189
5224 65.3189
5225 65.3189
5226 65.3189
5227 65.3189
5228 65.3189
5229 65.3189
5230 65.3189
5231 65.3189
5232 65.3189
5233 65.3189
5234 65.3189
5235 65.3189
5236 65.3189
5237 65.3189
5238 65.3189
5239 65.3189
5240 65.3189
5241 65.3189
5242 65.3189
5243 65.3189
5244 65.3189
5245 65.3189
5246 65.3189
5247 65.3189
5248 65.3189
5249 65.3189
5250 65.3189
5251 65.3189
5252 65.3189
5253 65.3189
5254 65.3189
5255 65.3189
5256 65.3189
5257 65.3189
5258 65.3189
5259 65.3189
5260 65.3189
5261 65.3189
5262 65.3189
5263 65.3189
5264 65.3189
5265 65.3189
5266 65.3189
5267 65.3189
5268 65.3189
5269 65.3189
5270 65.3189
5271 65.3189
5272 65.3189
5273 65.3189
5274 65.3189
5275 65.3189
5276 65.3189
5277 65.3189
5278 65.3189
5279 65.3189
5280 65.3189
5281 65.3189
5282 65.3189
5283 65.3189
5284 65.3189
5285 65.3189
5286 65.3189
5287 65.3189
5288 65.3189
5289 65.3189
5290 65.3189
5291 65.3189
5292 65.3189
5293 65.3189
5294 65.3189
5295 65.3189
5296 65.3189
5297 65.3189
5298 65.3189
5299 65.3189
5300 65.3189
5301 65.3189
5302 65.3189
5303 65.3189
5304 65.3189
5305 65.3189
5306 65.3189
5307 65.3189
5308 65.3189
5309 65.3189
5310 65.3189
5311 65.3189
5312 65.3189
5313 65.3189
5314 65.3189
5315 65.3189
5316 65.3189
5317 65.3189
5318 65.3189
5319 65.3189
5320 65.3189
5321 65.3189
5322 65.3189
5323 65.3189
5324 65.3189
5325 65.3189
5326 65.3189
5327 65.3189
5328 65.3189
5329 65.3189
5330 65.3189
5331 65.3189
5332 65.3189
5333 65.3189
5334 65.3189
5335 65.3189
5336 65.3189
5337 65.3189
5338 65.3189
5339 65.3189
5340 65.3189
5341 65.3189
5342 65.3189
5343 65.3189
5344 65.3189
5345 65.3189
5346 65.3189
5347 65.3189
5348 65.3189
5349 65.3189
5350 65.3189
5351 65.3189
5352 65.3189
5353 65.3189
5354 65.3189
5355 65.3189
5356 65.3189
5357 65.3189
5358 65.3189
5359 65.3189
5360 65.3189
5361 65.3189
5362 65.3189
5363 65.3189
5364 65.3189
5365 65.3189
5366 65.3189
5367 65.3189
5368 65.3189
5369 65.3189
5370 65.3189
5371 65.3189
5372 65.3189
5373 65.3189
5374 65.3189
5375 65.3189
5376 65.3189
5377 65.3189
5378 65.3189
5379 65.3189
5380 65.3189
5381 65.3189
5382 65.3189
5383 65.3189
5384 65.3189
5385 65.3189
5386 65.3189
5387 65.3189
5388 65.3189
5389 65.3189
5390 65.3189
5391 65.3189
5392 65.3189
5393 65.3189
5394 65.3189
5395 65.3189
5396 65.3189
5397 65.3189
5398 65.3189
5399 65.3189
5400 65.3189
5401 65.3189
5402 65.3189
5403 65.3189
5404 65.3189
5405 65.3189
5406 65.3189
5407 65.3189
5408 65.3189
5409 65.3189
5410 65.3189
5411 65.3189
5412 65.3189
5413 65.3189
5414 65.3189
5415 65.3189
5416 65.3189
5417 65.3189
5418 65.3189
5419 65.3189
5420 65.3189
5421 65.3189
5422 65.3189
5423 65.3189
5424 65.3189
5425 65.3189
5426 65.3189
5427 65.3189
5428 65.3189
5429 65.3189
5430 65.3189
5431 65.3189
5432 65.3189
5433 65.3189
5434 65.3189
5435 65.3189
5436 65.3189
5437 65.3189
5438 65.3189
5439 65.3189
5440 65.3189
5441 65.3189
5442 65.3189
5443 65.3189
5444 65.3189
5445 65.3189
5446 65.3189
5447 65.3189
5448 65.3189
5449 65.3189
5450 65.3189
5451 65.3189
5452 65.3189
5453 65.3189
5454 65.3189
5455 65.3189
5456 65.3189
5457 65.3189
5458 65.3189
5459 65.3189
5460 65.3189
5461 65.3189
5462 65.3189
5463 65.3189
5464 65.3189
5465 65.3189
5466 65.3189
5467 65.3189
5468 65.3189
5469 65.3189
5470 65.3189
5471 65.3189
5472 65.3189
5473 65.3189
5474 65.3189
5475 65.3189
5476 65.3189
5477 65.3189
5478 65.3189
5479 65.3189
5480 65.3189
5481 65.3189
5482 65.3189
5483 65.3189
5484 65.3189
5485 65.3189
5486 65.3189
5487 65.3189
5488 65.3189
5489 65.3189
5490 65.3189
5491 65.3189
5492 65.3189
5493 65.3189
5494 65.3189
5495 65.3189
5496 65.3189
5497 65.3189
5498 65.3189
5499 65.3189
5500 65.3189
5501 65.3189
5502 65.3189
5503 65.3189
5504 65.3189
5505 65.3189
5506 65.3189
5507 65.3189
5508 65.3189
5509 65.3189
5510 65.3189
5511 65.3189
5512 65.3189
5513 65.3189
5514 65.3189
5515 65.3189
5516 65.3189
5517 65.3189
5518 65.3189
5519 65.3189
5520 65.3189
5521 65.3189
5522 65.3189
5523 65.3189
5524 65.3189
5525 65.3189
5526 65.3189
5527 65.3189
5528 65.3189
5529 65.3189
5530 65.3189
5531 65.3189
5532 65.3189
5533 65.3189
5534 65.3189
5535 65.3189
5536 65.3189
5537 65.3189
5538 65.3189
5539 65.3189
5540 65.3189
5541 65.3189
5542 65.3189
5543 65.3189
5544 65.3189
5545 65.3189
5546 65.3189
5547 65.3189
5548 65.3189
5549 65.3189
5550 65.3189
5551 65.3189
5552 65.3189
5553 65.3189
5554 65.3189
5555 65.3189
5556 65.3189
5557 65.3189
5558 65.3189
5559 65.3189
5560 65.3189
5561 65.3189
5562 65.3189
5563 65.3189
5564 65.3189
5565 65.3189
5566 65.3189
5567 65.3189
5568 65.3189
5569 65.3189
5570 65.3189
5571 65.3189
5572 65.3189
5573 65.3189
5574 65.3189
5575 65.3189
5576 65.3189
5577 65.3189
5578 65.3189
5579 65.3189
5580 65.3189
5581 65.3189
5582 65.3189
5583 65.3189
5584 65.3189
5585 65.3189
5586 65.3189
5587 65.3189
5588 65.3189
5589 65.3189
5590 65.3189
5591 65.3189
5592 65.3189
5593 65.3189
5594 65.3189
5595 65.3189
5596 65.3189
5597 65.3189
5598 65.3189
5599 65.3189
5600 65.3189
5601 65.3189
5602 65.3189
5603 65.3189
5604 65.3189
5605 65.3189
5606 65.3189
5607 65.3189
5608 65.3189
5609 65.3189
5610 65.3189
5611 65.3189
5612 65.3189
5613 65.3189
5614 65.3189
5615 65.3189
5616 65.3189
5617 65.3189
5618 65.3189
5619 65.3189
5620 65.3189
5621 65.3189
5622 65.3189
5623 65.3189
5624 65.3189
5625 65.3189
5626 65.3189
5627 65.3189
5628 65.3189
5629 65.3189
5630 65.3189
5631 65.3189
5632 65.3189
5633 65.3189
5634 65.3189
5635 65.3189
5636 65.3189
5637 65.3189
5638 65.3189
5639 65.3189
5640 65.3189
5641 65.3189
5642 65.3189
5643 65.3189
5644 65.3189
5645 65.3189
5646 65.3189
5647 65.3189
5648 65.3189
5649 65.3189
5650 65.3189
5651 65.3189
5652 65.3189
5653 65.3189
5654 65.3189
5655 65.3189
5656 65.3189
5657 65.3189
5658 65.3189
5659 65.3189
5660 65.3189
5661 65.3189
5662 65.3189
5663 65.3189
5664 65.3189
5665 65.3189
5666 65.3189
5667 65.3189
5668 65.3189
5669 65.3189
5670 65.3189
5671 65.3189
5672 65.3189
5673 65.3189
5674 65.3189
5675 65.3189
5676 65.3189
5677 65.3189
5678 65.3189
5679 65.3189
5680 65.3189
5681 65.3189
5682 65.3189
5683 65.3189
5684 65.3189
5685 65.3189
5686 65.3189
5687 65.3189
5688 65.3189
5689 65.3189
5690 65.3189
5691 65.3189
5692 65.3189
5693 65.3189
5694 65.3189
5695 65.3189
5696 65.3189
5697 65.3189
5698 65.3189
5699 65.3189
5700 65.3189
5701 65.3189
5702 65.3189
5703 65.3189
5704 65.3189
5705 65.3189
5706 65.3189
5707 65.3189
5708 65.3189
5709 65.3189
5710 65.3189
5711 65.3189
5712 65.3189
5713 65.3189
5714 65.3189
5715 65.3189
5716 65.3189
5717 65.3189
5718 65.3189
5719 65.3189
5720 65.3189
5721 65.3189
5722 65.3189
5723 65.3189
5724 65.3189
5725 65.3189
5726 65.3189
5727 65.3189
5728 65.3189
5729 65.3189
5730 65.3189
5731 65.3189
5732 65.3189
5733 65.3189
5734 65.3189
5735 65.3189
5736 65.3189
5737 65.3189
5738 65.3189
5739 65.3189
5740 65.3189
5741 65.3189
5742 65.3189
5743 65.3189
5744 65.3189
5745 65.3189
5746 65.3189
5747 65.3189
5748 65.3189
5749 65.3189
5750 65.3189
5751 65.3189
5752 65.3189
5753 65.3189
5754 65.3189
5755 65.3189
5756 65.3189
5757 65.3189
5758 65.3189
5759 65.3189
5760 65.3189
5761 65.3189
5762 65.3189
5763 65.3189
5764 65.3189
5765 65.3189
5766 65.3189
5767 65.3189
5768 65.3189
5769 65.3189
5770 65.3189
5771 65.3189
5772 65.3189
5773 65.3189
5774 65.3189
5775 65.3189
5776 65.3189
5777 65.3189
5778 65.3189
5779 65.3189
5780 65.3189
5781 65.3189
5782 65.3189
5783 65.3189
5784 65.3189
5785 65.3189
5786 65.3189
5787 65.3189
5788 65.3189
5789 65.3189
5790 65.3189
5791 65.3189
5792 65.3189
5793 65.3189
5794 65.3189
5795 65.3189
5796 65.3189
5797 65.3189
5798 65.3189
5799 65.3189
5800 65.3189
5801 65.3189
5802 65.3189
5803 65.3189
5804 65.3189
5805 65.3189
5806 65.3189
5807 65.3189
5808 65.3189
5809 65.3189
5810 65.3189
5811 65.3189
5812 65.3189
5813 65.3189
5814 65.3189
5815 65.3189
5816 65.3189
5817 65.3189
5818 65.3189
5819 65.3189
5820 65.3189
5821 65.3189
5822 65.3189
5823 65.3189
5824 65.3189
5825 65.3189
5826 65.3189
5827 65.3189
5828 65.3189
5829 65.3189
5830 65.3189
5831 65.3189
5832 65.3189
5833 65.3189
5834 65.3189
5835 65.3189
5836 65.3189
5837 65.3189
5838 65.3189
5839 65.3189
5840 65.3189
5841 65.3189
5842 65.3189
5843 65.3189
5844 65.3189
5845 65.3189
5846 65.3189
5847 65.3189
5848 65.3189
5849 65.3189
5850 65.3189
5851 65.3189
5852 65.3189
5853 65.3189
5854 65.3189
5855 65.3189
5856 65.3189
5857 65.3189
5858 65.3189
5859 65.3189
5860 65.3189
5861 65.3189
5862 65.3189
5863 65.3189
5864 65.3189
5865 65.3189
5866 65.3189
5867 65.3189
5868 65.3189
5869 65.3189
5870 65.3189
5871 65.3189
5872 65.3189
5873 65.3189
5874 65.3189
5875 65.3189
5876 65.3189
5877 65.3189
5878 65.3189
5879 65.3189
5880 65.3189
5881 65.3189
5882 65.3189
5883 65.3189
5884 65.3189
5885 65.3189
5886 65.3189
5887 65.3189
5888 65.3189
5889 65.3189
5890 65.3189
5891 65.3189
5892 65.3189
5893 65.3189
5894 65.3189
5895 65.3189
5896 65.3189
5897 65.3189
5898 65.3189
5899 65.3189
5900 65.3189
5901 65.3189
5902 65.3189
5903 65.3189
5904 65.3189
5905 65.3189
5906 65.3189
5907 65.3189
5908 65.3189
5909 65.3189
5910 65.3189
5911 65.3189
5912 65.3189
5913 65.3189
5914 65.3189
5915 65.3189
5916 65.3189
5917 65.3189
5918 65.3189
5919 65.3189
5920 65.3189
5921 65.3189
5922 65.3189
5923 65.3189
5924 65.3189
5925 65.3189
5926 65.3189
5927 65.3189
5928 65.3189
5929 65.3189
5930 65.3189
5931 65.3189
5932 65.3189
5933 65.3189
5934 65.3189
5935 65.3189
5936 65.3189
5937 65.3189
5938 65.3189
5939 65.3189
5940 65.3189
5941 65.3189
5942 65.3189
5943 65.3189
5944 65.3189
5945 65.3189
5946 65.3189
5947 65.3189
5948 65.3189
5949 65.3189
5950 65.3189
5951 65.3189
5952 65.3189
5953 65.3189
5954 65.3189
5955 65.3189
5956 65.3189
5957 65.3189
5958 65.3189
5959 65.3189
5960 65.3189
5961 65.3189
5962 65.3189
5963 65.3189
5964 65.3189
5965 65.3189
5966 65.3189
5967 65.3189
5968 65.3189
5969 65.3189
5970 65.3189
5971 65.3189
5972 65.3189
5973 65.3189
5974 65.3189
5975 65.3189
5976 65.3189
5977 65.3189
5978 65.3189
5979 65.3189
5980 65.3189
5981 65.3189
5982 65.3189
5983 65.3189
5984 65.3189
5985 65.3189
5986 65.3189
5987 65.3189
5988 65.3189
5989 65.3189
5990 65.3189
5991 65.3189
5992 65.3189
5993 65.3189
5994 65.3189
5995 65.3189
5996 65.3189
5997 65.3189
5998 65.3189
5999 65.3189
4000 65.3189
