1 420.931
2 417.48
3 407.05
4 399.499
5 375.149
6 375.149
7 374.713
8 361.934
9 355.574
10 355.574
11 355.427
12 351.141
13 338.258
14 337.901
15 338.166
16 336.444
17 332.395
18 327.053
19 314.454
20 313.106
21 312.247
22 312.247
23 308.411
24 308.411
25 308.411
26 305.939
27 294.039
28 294.039
29 290.854
30 287.215
31 284.749
32 287.448
33 282.899
34 278.745
35 273.141
36 273.141
37 272.692
38 269.496
39 269.496
40 269.372
41 253.532
42 252.017
43 252.017
44 251.139
45 251.139
46 251.139
47 248.634
48 248.634
49 244.857
50 244.857
51 244.174
52 238.236
53 234.006
54 234.006
55 234.006
56 234.006
57 227.828
58 222.437
59 220.957
60 220.957
61 220.575
62 220.449
63 220.449
64 220.449
65 219.267
66 212.273
67 212.273
68 210.187
69 206.053
70 206.053
71 204.535
72 204.016
73 203.284
74 203.284
75 202.199
76 200.102
77 200.102
78 199.765
79 198.056
80 198.056
81 198.056
82 195.273
83 195.273
84 188.743
85 188.743
86 188.743
87 188.743
88 187.27
89 186.319
90 186.319
91 186.319
92 186.319
93 184.191
94 185.389
95 185.025
96 183.748
97 181.668
98 181.668
99 176.487
100 176.487
101 176.289
102 176.289
103 175.77
104 175.77
105 174.801
106 174.801
107 175.77
108 175.462
109 174.161
110 174.161
111 173.363
112 173.363
113 173.363
114 173.363
115 168.867
116 168.867
117 168.867
118 168.867
119 167.782
120 167.782
121 167.782
122 166.921
123 166.921
124 166.321
125 166.321
126 165.199
127 165.199
128 164.89
129 164.89
130 164.813
131 160.517
132 159.979
133 159.979
134 159.744
135 159.979
136 159.979
137 159.545
138 159.545
139 159.15
140 158.552
141 158.552
142 156.673
143 156.6
144 156.137
145 154.886
146 154.559
147 154.559
148 152.905
149 152.905
150 151.837
151 152.844
152 152.844
153 151.14
154 151.14
155 151.14
156 150.64
157 150.64
158 150.47
159 150.47
160 150.47
161 150.47
162 150.47
163 150.47
164 150.47
165 150.47
166 150.47
167 149.844
168 149.368
169 149.368
170 149.844
171 148.32
172 148.32
173 148.32
174 148.32
175 148.32
176 146.911
177 145.913
178 145.913
179 145.913
180 145.911
181 145.911
182 144.893
183 144.192
184 144.192
185 143.27
186 143.27
187 143.27
188 143.046
189 139.948
190 139.948
191 139.948
192 139.604
193 139.604
194 138.508
195 137.353
196 137.165
197 137.165
198 137.165
199 136.797
200 136.794
201 135.891
202 135.891
203 135.891
204 135.891
205 135.566
206 134.199
207 133.833
208 134.181
209 133.993
210 133.993
211 133.993
212 133.803
213 133.371
214 131.663
215 131.663
216 131.663
217 131.213
218 131.213
219 131.213
220 130.614
221 130.614
222 130.614
223 130.307
224 129.972
225 129.331
226 129.331
227 129.331
228 129.331
229 129.331
230 129.331
231 129.064
232 127.366
233 127.366
234 127.366
235 127.366
236 126.716
237 126.716
238 125.516
239 125.516
240 125.516
241 125.052
242 125.052
243 125.052
244 125.052
245 124.697
246 124.501
247 124.501
248 124.501
249 124.155
250 124.146
251 124.146
252 124.146
253 123.603
254 123.138
255 123.138
256 123.138
257 123.138
258 123.138
259 123.138
260 123.138
261 123.138
262 123.093
263 123.138
264 123.138
265 123.138
266 122.32
267 122.32
268 120.607
269 120.607
270 120.607
271 120.607
272 120.607
273 120.607
274 120.607
275 120.607
276 120.607
277 120.607
278 120.607
279 120.607
280 120.607
281 120.607
282 119.745
283 119.694
284 119.632
285 119.632
286 119.632
287 119.632
288 119.632
289 118.516
290 118.516
291 118.516
292 118.516
293 117.674
294 116.287
295 116.287
296 116.01
297 116.01
298 114.894
299 114.894
300 114.894
301 114.894
302 114.894
303 114.894
304 113.446
305 113.446
306 113.446
307 113.446
308 112.889
309 112.889
310 112.889
311 112.889
312 112.386
313 112.386
314 112.386
315 112.386
316 112.386
317 112.386
318 112.386
319 112.386
320 112.386
321 112.386
322 112.302
323 112.302
324 112.302
325 112.302
326 112.302
327 111.451
328 110.084
329 110.084
330 111.451
331 111.451
332 107.737
333 107.737
334 107.737
335 107.737
336 107.539
337 107.414
338 107.414
339 107.414
340 106.83
341 106.83
342 106.83
343 106.83
344 106.83
345 106.83
346 106.83
347 106.83
348 106.83
349 106.83
350 105.968
351 105.968
352 105.968
353 105.968
354 105.968
355 105.968
356 105.968
357 105.968
358 105.086
359 105.086
360 105.086
361 105.086
362 104.059
363 104.059
364 104.059
365 104.059
366 104.059
367 104.059
368 104.059
369 104.059
370 104.046
371 104.059
372 104.059
373 104.059
374 104.059
375 104.059
376 104.059
377 104.059
378 104.059
379 104.059
380 104.059
381 104.059
382 102.685
383 104.035
384 104.035
385 104.035
386 104.035
387 104.035
388 104.035
389 103.96
390 103.96
391 103.96
392 103.96
393 103.96
394 103.96
395 103.96
396 104.035
397 104.035
398 104.035
399 104.035
400 104.035
401 104.035
402 104.035
403 103.675
404 103.675
405 103.675
406 103.675
407 103.675
408 103.675
409 103.562
410 103.479
411 103.479
412 103.479
413 103.365
414 103.335
415 102.755
416 103.335
417 103.066
418 103.066
419 102.673
420 102.064
421 102.064
422 102.064
423 102.064
424 102.064
425 102.064
426 102.064
427 101.836
428 101.648
429 101.648
430 101.648
431 101.648
432 101.648
433 101.648
434 101.648
435 101.648
436 101.613
437 101.613
438 101.198
439 101.198
440 101.198
441 101.198
442 101.198
443 101.198
444 101.198
445 101.198
446 101.079
447 101.079
448 101.198
449 101.198
450 100.648
451 100.648
452 100.648
453 100.648
454 100.648
455 100.315
456 100.315
457 100.315
458 100.315
459 99.4277
460 99.4277
461 99.4277
462 99.4277
463 99.4277
464 99.4277
465 99.4277
466 99.4277
467 98.4657
468 98.4657
469 98.4657
470 98.4657
471 98.1322
472 97.5186
473 97.5186
474 97.5186
475 97.5186
476 97.5186
477 97.5186
478 97.5186
479 97.5186
480 97.5186
481 97.5186
482 97.5186
483 97.5186
484 97.1636
485 97.4535
486 97.4535
487 97.4535
488 97.4535
489 97.4535
490 97.4535
491 97.1165
492 97.1165
493 97.1165
494 97.1165
495 97.1165
496 95.2859
497 95.2859
498 95.2859
499 95.2859
500 95.2859
501 95.2859
502 95.2859
503 95.2859
504 95.2859
505 95.2859
506 95.2859
507 95.2859
508 95.2859
509 95.2859
510 95.2859
511 95.2859
512 95.2859
513 94.8897
514 94.8897
515 94.8897
516 94.8897
517 94.8897
518 94.2619
519 94.2619
520 94.2619
521 94.2619
522 94.2619
523 94.2619
524 94.2619
525 94.2619
526 94.2619
527 94.2619
528 94.2619
529 94.2619
530 94.2619
531 94.2619
532 94.1742
533 94.1742
534 94.1742
535 94.2619
536 94.2619
537 94.1742
538 94.1742
539 94.1742
540 94.1657
541 94.1657
542 94.1657
543 94.1657
544 94.1657
545 94.1657
546 94.1657
547 93.8973
548 93.8973
549 93.8973
550 93.8973
551 93.8973
552 93.8973
553 93.8973
554 93.8973
555 93.6815
556 93.6815
557 93.6815
558 93.6815
559 93.6815
560 93.6815
561 93.6775
562 93.6815
563 93.6815
564 93.6815
565 93.2247
566 93.2247
567 93.2247
568 93.0089
569 93.0089
570 93.0089
571 93.0089
572 93.0089
573 93.0089
574 93.0089
575 93.0089
576 93.0089
577 93.0089
578 93.0089
579 93.0089
580 93.0089
581 92.9142
582 92.9142
583 92.9142
584 92.9142
585 92.8729
586 92.8729
587 92.1383
588 92.0035
589 92.0035
590 92.0035
591 92.0035
592 91.8674
593 91.8674
594 91.8674
595 91.1329
596 91.1329
597 90.8716
598 90.8716
599 90.8716
600 90.8716
601 90.8716
602 90.8716
603 90.8716
604 90.8716
605 90.8716
606 90.8716
607 90.8716
608 90.8716
609 90.8716
610 90.8716
611 90.8716
612 90.8716
613 90.8716
614 90.8716
615 90.8716
616 90.8716
617 90.8716
618 90.8716
619 90.8716
620 90.8716
621 90.7301
622 90.7301
623 90.7301
624 90.2567
625 90.2567
626 90.2567
627 90.2567
628 90.2567
629 90.2567
630 90.2567
631 90.2567
632 90.1152
633 90.1152
634 90.1152
635 90.1152
636 89.6193
637 89.6193
638 89.6193
639 89.6193
640 89.6193
641 89.6193
642 89.6193
643 89.6193
644 89.6193
645 89.6193
646 89.6193
647 89.5594
648 89.5594
649 89.5594
650 89.5594
651 89.5594
652 89.5594
653 89.5594
654 89.5594
655 89.5562
656 89.5562
657 89.5562
658 89.5562
659 89.5562
660 89.5562
661 89.5562
662 89.5562
663 89.5562
664 89.5562
665 89.5562
666 89.5562
667 89.5562
668 89.5562
669 89.5562
670 89.5562
671 89.5562
672 89.3795
673 89.3795
674 89.3795
675 89.0798
676 89.0798
677 89.0798
678 89.0798
679 89.0798
680 89.0798
681 89.0798
682 89.0798
683 89.0798
684 89.0798
685 88.3068
686 88.3068
687 88.3068
688 88.3068
689 88.3068
690 88.3068
691 88.3068
692 88.3068
693 88.3068
694 88.3068
695 88.3068
696 88.3068
697 88.3068
698 88.3068
699 88.3068
700 88.3068
701 88.3068
702 88.3068
703 88.3068
704 88.3068
705 88.3068
706 88.1064
707 88.1064
708 88.1064
709 88.1064
710 88.1064
711 88.1064
712 88.1064
713 88.1064
714 88.1064
715 88.1064
716 88.1064
717 88.1064
718 88.1064
719 88.1064
720 88.1064
721 88.1064
722 88.1064
723 88.1064
724 88.1064
725 88.1064
726 88.1064
727 88.1064
728 88.1064
729 88.1064
730 88.1064
731 88.1064
732 87.973
733 87.7706
734 87.7706
735 87.7706
736 87.6509
737 87.6509
738 87.6509
739 87.6509
740 87.2139
741 87.2139
742 87.2139
743 87.2139
744 87.1719
745 87.1719
746 87.1719
747 87.1719
748 86.9587
749 86.9587
750 86.9587
751 86.9587
752 86.9587
753 86.2813
754 86.2813
755 86.2813
756 86.2813
757 86.2813
758 86.2813
759 86.2813
760 86.2813
761 86.2813
762 86.2813
763 86.2813
764 86.2813
765 86.2813
766 86.2813
767 86.2813
768 86.2813
769 86.2813
770 86.2813
771 86.2813
772 86.2813
773 86.2813
774 86.2813
775 86.2813
776 86.2813
777 86.2813
778 86.2813
779 86.2813
780 86.2813
781 86.2665
782 86.2813
783 86.2813
784 86.2813
785 86.2813
786 86.2813
787 85.8208
788 84.2895
789 84.2895
790 84.2895
791 84.0054
792 84.0054
793 84.0054
794 84.0054
795 84.0054
796 84.0054
797 84.0054
798 84.0054
799 84.0054
800 84.0054
801 84.0054
802 84.0054
803 84.0054
804 84.0054
805 84.0054
806 84.0054
807 84.0054
808 84.0054
809 84.0054
810 83.1753
811 83.1753
812 83.1753
813 83.1753
814 83.1753
815 83.1753
816 83.1753
817 83.1753
818 83.1753
819 83.1753
820 83.1753
821 83.1753
822 83.1753
823 83.1753
824 83.1753
825 83.1753
826 83.1753
827 83.1753
828 83.1753
829 83.1753
830 83.1753
831 83.1753
832 83.1753
833 83.1753
834 83.1753
835 83.1753
836 83.1753
837 83.1753
838 83.1753
839 83.1753
840 83.1753
841 82.9875
842 82.9875
843 82.5536
844 82.5536
845 82.5536
846 82.5536
847 82.4538
848 82.4538
849 82.4538
850 82.4538
851 82.4538
852 82.4538
853 82.4538
854 82.4538
855 82.2881
856 82.2881
857 82.2881
858 82.2881
859 82.2881
860 82.2881
861 82.2881
862 82.2881
863 82.2881
864 81.8321
865 81.8321
866 81.8321
867 81.8321
868 81.8321
869 81.8321
870 81.8321
871 81.8321
872 81.8321
873 81.8321
874 81.8321
875 81.8321
876 81.8321
877 81.8321
878 81.8321
879 81.0476
880 81.0476
881 80.5915
882 80.5915
883 80.5915
884 80.5915
885 80.5915
886 80.5915
887 80.5915
888 80.5915
889 80.5915
890 80.5915
891 80.4146
892 80.4146
893 80.4146
894 80.4146
895 80.4146
896 80.4146
897 80.4146
898 80.4146
899 80.4146
900 80.4146
901 80.4146
902 80.4146
903 80.4146
904 80.4146
905 80.4146
906 80.4146
907 80.4146
908 80.4146
909 80.4146
910 80.4146
911 80.4146
912 80.4146
913 80.4146
914 80.4146
915 80.4146
916 80.4146
917 80.4146
918 80.4146
919 80.4146
920 80.4146
921 79.9577
922 79.9577
923 79.9577
924 79.9577
925 79.9577
926 79.9577
927 79.9577
928 79.9577
929 79.9577
930 79.88
931 79.88
932 79.88
933 79.88
934 79.88
935 79.88
936 79.88
937 79.3691
938 79.3691
939 79.3691
940 79.3691
941 79.2915
942 79.2915
943 79.2915
944 79.2915
945 79.2915
946 79.2915
947 79.2915
948 79.2915
949 79.2915
950 79.2915
951 79.2915
952 79.2915
953 79.2915
954 79.2915
955 79.2915
956 79.2915
957 79.0711
958 79.2915
959 79.2915
960 79.2915
961 79.2915
962 79.2915
963 79.2915
964 79.115
965 79.115
966 79.115
967 79.115
968 79.115
969 79.115
970 79.115
971 79.115
972 79.115
973 79.115
974 79.115
975 79.115
976 79.115
977 79.115
978 79.115
979 79.115
980 79.115
981 79.115
982 79.115
983 79.115
984 79.115
985 79.115
986 79.115
987 79.115
988 79.115
989 79.115
990 79.115
991 79.115
992 78.8946
993 78.8946
994 78.8946
995 78.8946
996 78.8946
997 78.8946
998 78.8946
999 78.8946
1000 78.8946
1001 78.8946
1002 78.8946
1003 78.8946
1004 78.8946
1005 78.5383
1006 78.5383
1007 78.5383
1008 78.5383
1009 78.5383
1010 78.5383
1011 78.3777
1012 78.3777
1013 78.3777
1014 78.3777
1015 78.3777
1016 78.3777
1017 78.3777
1018 78.3777
1019 78.3777
1020 78.3777
1021 77.7701
1022 77.7701
1023 77.7701
1024 77.6095
1025 77.6095
1026 77.6095
1027 77.6095
1028 77.6095
1029 77.6095
1030 77.6095
1031 77.6095
1032 77.6095
1033 77.6095
1034 77.6095
1035 77.6095
1036 77.6095
1037 77.6095
1038 77.4771
1039 77.4771
1040 77.4771
1041 77.4771
1042 77.4771
1043 77.4771
1044 77.4771
1045 77.4771
1046 77.4771
1047 77.4771
1048 77.4771
1049 77.4771
1050 77.4771
1051 77.4771
1052 77.4771
1053 77.4771
1054 77.4771
1055 77.4755
1056 77.4755
1057 77.4755
1058 77.4755
1059 77.4755
1060 77.4755
1061 77.4755
1062 77.4755
1063 77.4755
1064 77.4755
1065 77.4755
1066 77.4755
1067 77.4755
1068 77.4755
1069 76.9692
1070 76.9692
1071 76.9692
1072 76.9692
1073 76.9692
1074 76.9692
1075 76.9692
1076 76.9692
1077 76.9692
1078 76.9692
1079 76.9692
1080 76.9692
1081 76.9692
1082 76.9692
1083 76.9692
1084 76.9692
1085 76.9692
1086 76.9692
1087 76.9692
1088 76.9692
1089 76.9415
1090 76.9415
1091 76.9415
1092 76.9415
1093 76.9415
1094 76.9415
1095 76.9415
1096 76.9415
1097 76.9415
1098 76.9415
1099 76.9415
1100 76.9415
1101 76.9415
1102 76.9415
1103 76.9415
1104 76.9415
1105 76.9415
1106 76.9415
1107 76.9415
1108 76.9415
1109 76.9415
1110 76.9415
1111 76.9415
1112 76.9415
1113 76.9415
1114 76.9415
1115 76.9415
1116 76.9415
1117 76.9415
1118 76.9415
1119 76.9415
1120 76.9234
1121 76.9234
1122 76.9234
1123 76.9234
1124 76.9234
1125 76.9234
1126 76.9234
1127 76.9234
1128 76.9234
1129 76.9234
1130 76.9234
1131 76.9234
1132 76.9234
1133 76.9156
1134 76.9156
1135 76.8975
1136 76.8975
1137 76.8975
1138 76.8975
1139 76.8975
1140 76.8975
1141 76.8975
1142 76.8975
1143 76.8975
1144 76.8975
1145 76.8975
1146 76.8975
1147 76.8975
1148 76.8975
1149 76.8975
1150 76.7591
1151 76.7591
1152 76.7591
1153 76.7591
1154 76.7591
1155 76.7591
1156 76.7591
1157 76.4171
1158 76.4171
1159 76.4171
1160 76.4171
1161 76.4171
1162 76.4171
1163 76.4171
1164 76.4171
1165 76.4171
1166 76.3722
1167 76.4171
1168 76.3423
1169 76.3423
1170 76.3423
1171 76.1573
1172 76.3423
1173 76.3423
1174 76.3423
1175 76.3423
1176 76.3423
1177 76.3423
1178 76.3423
1179 76.3423
1180 76.3423
1181 76.3423
1182 76.3223
1183 76.3223
1184 76.3223
1185 76.3223
1186 76.1945
1187 76.1945
1188 76.1945
1189 76.1945
1190 76.1945
1191 76.1945
1192 76.1945
1193 76.1945
1194 76.1945
1195 76.1945
1196 76.1945
1197 76.1945
1198 76.1945
1199 76.1945
1200 76.1945
1201 76.1945
1202 76.1945
1203 76.1945
1204 76.1945
1205 76.1945
1206 76.1945
1207 76.1945
1208 76.1945
1209 76.1945
1210 76.1945
1211 76.1945
1212 76.0168
1213 76.0168
1214 76.0168
1215 76.0168
1216 76.0168
1217 76.0168
1218 75.9155
1219 75.9155
1220 75.9155
1221 75.9155
1222 75.9155
1223 75.9155
1224 75.9155
1225 75.9155
1226 75.9155
1227 75.9155
1228 75.9155
1229 75.9155
1230 75.9155
1231 75.9155
1232 75.9155
1233 75.9155
1234 75.8877
1235 75.8877
1236 75.8877
1237 75.8877
1238 75.8877
1239 75.8877
1240 75.8877
1241 75.8877
1242 75.8877
1243 75.8877
1244 75.8877
1245 75.8877
1246 75.8877
1247 75.8877
1248 75.8877
1249 75.8877
1250 75.8877
1251 75.8877
1252 75.5345
1253 75.5345
1254 75.5345
1255 75.5345
1256 75.4054
1257 75.3944
1258 75.3944
1259 75.3944
1260 75.2653
1261 75.2653
1262 75.2653
1263 75.2653
1264 75.2653
1265 75.2653
1266 75.2653
1267 75.2653
1268 75.2653
1269 75.2653
1270 75.2653
1271 75.2653
1272 75.2653
1273 75.2653
1274 75.2653
1275 75.2653
1276 75.2067
1277 75.2067
1278 75.2067
1279 75.2067
1280 75.2067
1281 75.2067
1282 75.2067
1283 75.2067
1284 75.2067
1285 75.2067
1286 75.2067
1287 75.2067
1288 75.2067
1289 75.2067
1290 75.2067
1291 75.2067
1292 75.2067
1293 75.2067
1294 75.2067
1295 75.2067
1296 75.2067
1297 75.2067
1298 75.2067
1299 75.2067
1300 75.2067
1301 75.2067
1302 75.2067
1303 75.1494
1304 75.1494
1305 75.1494
1306 75.1422
1307 74.9561
1308 74.9561
1309 75.1422
1310 75.1422
1311 75.1422
1312 75.1422
1313 75.1422
1314 74.9561
1315 74.9561
1316 74.9561
1317 74.9561
1318 74.9561
1319 74.9561
1320 74.9561
1321 74.9485
1322 74.9485
1323 74.9485
1324 74.9485
1325 74.9485
1326 74.9485
1327 74.9485
1328 74.9485
1329 74.9485
1330 74.9485
1331 74.9485
1332 74.9485
1333 74.9485
1334 74.9485
1335 74.9485
1336 74.9362
1337 74.9362
1338 74.9362
1339 74.9362
1340 74.9362
1341 74.9362
1342 74.6195
1343 74.9362
1344 74.9362
1345 74.9362
1346 74.9362
1347 74.9362
1348 74.9362
1349 74.9362
1350 74.9362
1351 74.9362
1352 74.9362
1353 74.9362
1354 74.9362
1355 74.9362
1356 74.9362
1357 74.9362
1358 74.9362
1359 74.9362
1360 74.9362
1361 74.9362
1362 74.9362
1363 74.9362
1364 74.9362
1365 74.9362
1366 74.9362
1367 74.9362
1368 74.9362
1369 74.9362
1370 74.9362
1371 74.9362
1372 74.9362
1373 74.9362
1374 74.9362
1375 74.9362
1376 74.9362
1377 74.9362
1378 74.9362
1379 74.9362
1380 74.9362
1381 74.9362
1382 74.9362
1383 74.9362
1384 74.9362
1385 74.9362
1386 74.9362
1387 74.9362
1388 74.9362
1389 74.9362
1390 74.9362
1391 74.9362
1392 74.9362
1393 74.9362
1394 74.9362
1395 74.9362
1396 74.9362
1397 74.9362
1398 74.9362
1399 74.8333
1400 74.8333
1401 74.8333
1402 74.8333
1403 74.8333
1404 74.8333
1405 74.8333
1406 74.8333
1407 74.555
1408 74.555
1409 74.555
1410 74.555
1411 74.555
1412 74.555
1413 74.555
1414 74.555
1415 74.555
1416 74.555
1417 74.555
1418 74.555
1419 74.555
1420 74.555
1421 74.3607
1422 74.3607
1423 74.3607
1424 74.3607
1425 74.3607
1426 74.3607
1427 74.3607
1428 74.3607
1429 74.3607
1430 74.3607
1431 74.3607
1432 74.3607
1433 74.3607
1434 74.3607
1435 74.3607
1436 74.3607
1437 74.3607
1438 74.3607
1439 74.3607
1440 74.2516
1441 74.2516
1442 74.2516
1443 74.2516
1444 74.2516
1445 74.2516
1446 74.2516
1447 74.2516
1448 74.2516
1449 74.2516
1450 74.2516
1451 74.2516
1452 74.2516
1453 74.2516
1454 74.2516
1455 74.2516
1456 74.2516
1457 74.2516
1458 74.2516
1459 74.2516
1460 74.2516
1461 74.2516
1462 74.2516
1463 74.2516
1464 74.2516
1465 74.2516
1466 74.2516
1467 74.2516
1468 74.2516
1469 74.2516
1470 74.2516
1471 74.2516
1472 74.2516
1473 74.2516
1474 74.2516
1475 74.2516
1476 74.2516
1477 74.2516
1478 74.2516
1479 74.2516
1480 74.2516
1481 74.2516
1482 74.2516
1483 74.2516
1484 74.2516
1485 74.2516
1486 74.2516
1487 74.2516
1488 74.2516
1489 74.2516
1490 74.2516
1491 74.2516
1492 74.2516
1493 74.2516
1494 74.2516
1495 74.2516
1496 74.2516
1497 74.2516
1498 74.2516
1499 74.2516
1500 74.2516
1501 74.2516
1502 74.2516
1503 74.2516
1504 73.8747
1505 73.8747
1506 73.8747
1507 73.8747
1508 73.8747
1509 73.8747
1510 73.8747
1511 73.8747
1512 73.8747
1513 73.8747
1514 73.8747
1515 73.8747
1516 73.8747
1517 73.8747
1518 73.8747
1519 73.8747
1520 73.8747
1521 73.8747
1522 73.8747
1523 73.8747
1524 73.8747
1525 73.8747
1526 73.8747
1527 73.8747
1528 73.8747
1529 73.8747
1530 73.8747
1531 73.8747
1532 73.8747
1533 73.8747
1534 73.8747
1535 73.8747
1536 73.8747
1537 73.8747
1538 73.8747
1539 73.8747
1540 73.8747
1541 73.8747
1542 73.8747
1543 73.8747
1544 73.8747
1545 73.7577
1546 73.7577
1547 73.7577
1548 73.7577
1549 73.7577
1550 73.7577
1551 73.7577
1552 73.7577
1553 73.7577
1554 73.7577
1555 73.7577
1556 73.7577
1557 73.7577
1558 73.7577
1559 73.7577
1560 73.7577
1561 73.7577
1562 73.7577
1563 73.7577
1564 73.7577
1565 73.7577
1566 73.7577
1567 73.7577
1568 73.7577
1569 73.7577
1570 73.7577
1571 73.7577
1572 73.7577
1573 73.7577
1574 73.7577
1575 73.7577
1576 73.7577
1577 73.7577
1578 73.7577
1579 73.7577
1580 73.7577
1581 73.7577
1582 73.7577
1583 73.7577
1584 73.7577
1585 73.7577
1586 73.7577
1587 73.7577
1588 73.7577
1589 73.7577
1590 73.7577
1591 73.7577
1592 73.7577
1593 73.7577
1594 73.7577
1595 73.7577
1596 73.7577
1597 73.7577
1598 73.7577
1599 73.7577
1600 73.7577
1601 73.7577
1602 73.7577
1603 73.7577
1604 73.7577
1605 73.7577
1606 73.7577
1607 73.7577
1608 73.7577
1609 73.7577
1610 73.7577
1611 73.7577
1612 73.7577
1613 73.7577
1614 73.7577
1615 73.7577
1616 73.7577
1617 73.7577
1618 73.7577
1619 73.7577
1620 73.7577
1621 73.7577
1622 73.7577
1623 73.7577
1624 73.7577
1625 73.7577
1626 73.7577
1627 73.7577
1628 73.7577
1629 73.7577
1630 73.7577
1631 73.7577
1632 73.7577
1633 73.7577
1634 73.7577
1635 73.7577
1636 73.7577
1637 73.7577
1638 73.7577
1639 73.7577
1640 73.7577
1641 73.7577
1642 73.7577
1643 73.7577
1644 73.7577
1645 73.7577
1646 73.7577
1647 73.7577
1648 73.7577
1649 73.7536
1650 73.7536
1651 73.7536
1652 73.2128
1653 73.2128
1654 73.2128
1655 73.2128
1656 73.2128
1657 73.2128
1658 73.2128
1659 73.2128
1660 73.2128
1661 73.2128
1662 73.2128
1663 73.2128
1664 73.2128
1665 73.2128
1666 73.2128
1667 73.2128
1668 73.2128
1669 73.2128
1670 73.2128
1671 73.2128
1672 73.2128
1673 73.2128
1674 73.2128
1675 73.2128
1676 73.2128
1677 73.2128
1678 73.2128
1679 73.2128
1680 73.2128
1681 73.2128
1682 73.2128
1683 73.2128
1684 73.2128
1685 73.2128
1686 73.2128
1687 73.2128
1688 73.2128
1689 73.2128
1690 73.2128
1691 73.2128
1692 73.2128
1693 73.2128
1694 73.2128
1695 73.2128
1696 73.2128
1697 73.2128
1698 73.2128
1699 73.2128
1700 73.2128
1701 73.2128
1702 73.2128
1703 73.2128
1704 73.2128
1705 73.2128
1706 73.2128
1707 73.2128
1708 73.2128
1709 73.2128
1710 73.2128
1711 73.2128
1712 73.2128
1713 73.2128
1714 73.2128
1715 73.2128
1716 73.2128
1717 73.2128
1718 73.2128
1719 73.2128
1720 73.2128
1721 73.2128
1722 73.2128
1723 73.2128
1724 73.2128
1725 73.2128
1726 73.2128
1727 73.2128
1728 73.2128
1729 73.2128
1730 73.2128
1731 73.1008
1732 73.1008
1733 73.1008
1734 73.1008
1735 73.1008
1736 73.1008
1737 73.1008
1738 73.1008
1739 73.1008
1740 73.1008
1741 73.1008
1742 73.1008
1743 73.1008
1744 73.1008
1745 73.1008
1746 73.1008
1747 73.1008
1748 73.1008
1749 73.1008
1750 73.1008
1751 73.1008
1752 73.1008
1753 73.1008
1754 73.1008
1755 73.1008
1756 73.1008
1757 73.1008
1758 73.1008
1759 73.1008
1760 73.1008
1761 73.1008
1762 73.1008
1763 73.1008
1764 73.1008
1765 73.1008
1766 73.1008
1767 73.1008
1768 73.1008
1769 73.1008
1770 73.1008
1771 73.0244
1772 73.0244
1773 73.0244
1774 73.0244
1775 73.0244
1776 73.0244
1777 73.0244
1778 73.0244
1779 73.0244
1780 73.0244
1781 73.0244
1782 73.0244
1783 73.0244
1784 73.0244
1785 73.0244
1786 73.0244
1787 73.0244
1788 73.0244
1789 73.0244
1790 73.0244
1791 73.0244
1792 73.0244
1793 73.0244
1794 73.0244
1795 73.0244
1796 73.0244
1797 73.0244
1798 73.0244
1799 73.0244
1800 73.0244
1801 73.0244
1802 73.0244
1803 73.0244
1804 73.0244
1805 73.0244
1806 73.0244
1807 73.0244
1808 73.0244
1809 73.0244
1810 73.0244
1811 73.0244
1812 73.0244
1813 73.0244
1814 73.0244
1815 73.0244
1816 73.0244
1817 73.0244
1818 73.0244
1819 73.0244
1820 73.0244
1821 73.0244
1822 73.0244
1823 73.0244
1824 73.0244
1825 73.0244
1826 73.0244
1827 73.0244
1828 73.0244
1829 73.0244
1830 73.0244
1831 73.0244
1832 73.0244
1833 73.0244
1834 73.0244
1835 73.0244
1836 73.0244
1837 73.0244
1838 73.0244
1839 73.0244
1840 73.0244
1841 73.0244
1842 73.0244
1843 73.0244
1844 72.7773
1845 72.7773
1846 72.7773
1847 72.7773
1848 72.7773
1849 72.7773
1850 72.7773
1851 72.7773
1852 72.7773
1853 72.7773
1854 72.7773
1855 72.7773
1856 72.7773
1857 72.7773
1858 72.7773
1859 72.7773
1860 72.7773
1861 72.7773
1862 72.7773
1863 72.7773
1864 72.7773
1865 72.7773
1866 72.7773
1867 72.7773
1868 72.7773
1869 72.7773
1870 72.7773
1871 72.7773
1872 72.7773
1873 72.7773
1874 72.7773
1875 72.7773
1876 72.7773
1877 72.7773
1878 72.7773
1879 72.7773
1880 72.7773
1881 72.7773
1882 72.7773
1883 72.7773
1884 72.7773
1885 72.7773
1886 72.7773
1887 72.7773
1888 72.7773
1889 72.7773
1890 72.7773
1891 72.7773
1892 72.7773
1893 72.7773
1894 72.7773
1895 72.7773
1896 72.7773
1897 72.7773
1898 72.7773
1899 72.7773
1900 72.7773
1901 72.7773
1902 72.7773
1903 72.7773
1904 72.7773
1905 72.7633
1906 72.7633
1907 72.7633
1908 72.7633
1909 72.7633
1910 72.7633
1911 72.7633
1912 72.7633
1913 72.7633
1914 72.7633
1915 72.7633
1916 72.7633
1917 72.7633
1918 72.7633
1919 72.7633
1920 72.7633
1921 72.7633
1922 72.7633
1923 72.7633
1924 72.7633
1925 72.7633
1926 72.7633
1927 72.7633
1928 72.7633
1929 72.7633
1930 72.7633
1931 72.7633
1932 72.7633
1933 72.5998
1934 72.5998
1935 72.5998
1936 72.5998
1937 72.5998
1938 72.5998
1939 72.5998
1940 72.5998
1941 72.5998
1942 72.5998
1943 72.5998
1944 72.5998
1945 72.5998
1946 72.5998
1947 72.5998
1948 72.5998
1949 72.5998
1950 72.5998
1951 72.5998
1952 72.5998
1953 72.5998
1954 72.5998
1955 72.5998
1956 72.5998
1957 72.5998
1958 72.5998
1959 72.5998
1960 72.5247
1961 72.5247
1962 72.5247
1963 72.5247
1964 72.5247
1965 72.2432
1966 72.2432
1967 71.8538
1968 72.0867
1969 72.0867
1970 72.0867
1971 72.0867
1972 72.0867
1973 72.0867
1974 72.0867
1975 72.0867
1976 72.0867
1977 72.0867
1978 72.0867
1979 72.0867
1980 72.0867
1981 72.0867
1982 72.0867
1983 72.0867
1984 72.0867
1985 72.0867
1986 72.0867
1987 72.0867
1988 72.0867
1989 72.0867
1990 72.0867
1991 72.0867
1992 72.0867
1993 72.0867
1994 72.0867
1995 72.0867
1996 72.0867
1997 72.0867
1998 72.0867
1999 72.0867
2000 72.0867
2001 72.0867
2002 72.0867
2003 71.9763
2004 71.9763
2005 71.9763
2006 71.9763
2007 71.9763
2008 71.9763
2009 71.9763
2010 71.9763
2011 71.9763
2012 71.9763
2013 71.9763
2014 71.9763
2015 71.9763
2016 71.9763
2017 71.9763
2018 71.9763
2019 71.9763
2020 71.9763
2021 71.9763
2022 71.9763
2023 71.9763
2024 71.9763
2025 71.9763
2026 71.9763
2027 71.9763
2028 71.9763
2029 71.9763
2030 71.9763
2031 71.9763
2032 71.9763
2033 71.9763
2034 71.9763
2035 71.9763
2036 71.9763
2037 71.9763
2038 71.9763
2039 71.9763
2040 71.9763
2041 71.9763
2042 71.9763
2043 71.9763
2044 71.9763
2045 71.9763
2046 71.9763
2047 71.9763
2048 71.9763
2049 71.9763
2050 71.9763
2051 71.9763
2052 71.9763
2053 71.9763
2054 71.9763
2055 71.9763
2056 71.9763
2057 71.9763
2058 71.9763
2059 71.9763
2060 71.9763
2061 71.9763
2062 71.9763
2063 71.9763
2064 71.9763
2065 71.9763
2066 71.9763
2067 71.9763
2068 71.9763
2069 71.9763
2070 71.9763
2071 71.9763
2072 71.9763
2073 71.9763
2074 71.9763
2075 71.9763
2076 71.9763
2077 71.9763
2078 71.9763
2079 71.9763
2080 71.9763
2081 71.9763
2082 71.9763
2083 71.9763
2084 71.9763
2085 71.9763
2086 71.9763
2087 71.9763
2088 71.9763
2089 71.9763
2090 71.9763
2091 71.9763
2092 71.9763
2093 71.9763
2094 71.9763
2095 71.9763
2096 71.9763
2097 71.9763
2098 71.9763
2099 71.9763
2100 71.9763
2101 71.9763
2102 71.9763
2103 71.9763
2104 71.9763
2105 71.9763
2106 71.9763
2107 71.9763
2108 71.9763
2109 71.9763
2110 71.9763
2111 71.9763
2112 71.9763
2113 71.9763
2114 71.9763
2115 71.9763
2116 71.9763
2117 71.9763
2118 71.9763
2119 71.9763
2120 71.9763
2121 71.9763
2122 71.9763
2123 71.9763
2124 71.9763
2125 71.9763
2126 71.9763
2127 71.9763
2128 71.9763
2129 71.9763
2130 71.9763
2131 71.9763
2132 71.9763
2133 71.9763
2134 71.9763
2135 71.9763
2136 71.9763
2137 71.9763
2138 71.9763
2139 71.9763
2140 71.9763
2141 71.9763
2142 71.9763
2143 71.9763
2144 71.9763
2145 71.9763
2146 71.9763
2147 71.9763
2148 71.9763
2149 71.9763
2150 71.9763
2151 71.9763
2152 71.9763
2153 71.9763
2154 71.9763
2155 71.9763
2156 71.9763
2157 71.9763
2158 71.9763
2159 71.5217
2160 71.5217
2161 71.5217
2162 71.5217
2163 71.5217
2164 71.5217
2165 71.5217
2166 71.5217
2167 71.2471
2168 71.2471
2169 71.2471
2170 71.2471
2171 71.2471
2172 71.2471
2173 71.2471
2174 71.2471
2175 71.2471
2176 71.2471
2177 71.2471
2178 71.2471
2179 71.2471
2180 71.2471
2181 71.2471
2182 71.2471
2183 71.2471
2184 71.2471
2185 71.2471
2186 71.2471
2187 71.2471
2188 71.2471
2189 71.2471
2190 71.2471
2191 71.2471
2192 71.2471
2193 71.2471
2194 71.2471
2195 71.2471
2196 71.2471
2197 71.2471
2198 71.2471
2199 71.2471
2200 71.2471
2201 71.2471
2202 71.2471
2203 71.2471
2204 71.2471
2205 71.2471
2206 71.2471
2207 71.2471
2208 71.2471
2209 71.2471
2210 71.2471
2211 71.2471
2212 71.2471
2213 71.2471
2214 71.2471
2215 71.2471
2216 71.2471
2217 71.2471
2218 71.2471
2219 71.2471
2220 71.2471
2221 71.2471
2222 71.2471
2223 71.2471
2224 71.2471
2225 71.2471
2226 71.2471
2227 71.2471
2228 71.2471
2229 71.2471
2230 71.2471
2231 71.2471
2232 71.2471
2233 71.2471
2234 71.2471
2235 71.2471
2236 71.2471
2237 71.2471
2238 71.2471
2239 71.2471
2240 71.2471
2241 71.2471
2242 71.2471
2243 71.2471
2244 71.2471
2245 71.2471
2246 71.2471
2247 71.2471
2248 71.2471
2249 71.2471
2250 71.2471
2251 71.2471
2252 71.2471
2253 71.2471
2254 71.2471
2255 71.2471
2256 71.2471
2257 71.2471
2258 71.2471
2259 71.2471
2260 71.2471
2261 71.2471
2262 71.2471
2263 71.2471
2264 71.2471
2265 71.2471
2266 71.2471
2267 71.2471
2268 71.2471
2269 71.2471
2270 71.2471
2271 71.2471
2272 71.2471
2273 71.2471
2274 71.2471
2275 71.2471
2276 71.2471
2277 71.2471
2278 71.2471
2279 71.2471
2280 71.2471
2281 71.2471
2282 71.2471
2283 71.2471
2284 71.2471
2285 71.2471
2286 71.2471
2287 71.2471
2288 71.2471
2289 71.2471
2290 71.2471
2291 71.2471
2292 71.2471
2293 71.2471
2294 71.2471
2295 71.2471
2296 71.2471
2297 71.2471
2298 71.2471
2299 71.2471
2300 71.2471
2301 71.2471
2302 71.2471
2303 71.2471
2304 71.2471
2305 71.2471
2306 71.2471
2307 71.2471
2308 71.2471
2309 71.2471
2310 71.2471
2311 71.2471
2312 71.2471
2313 71.2471
2314 71.2471
2315 71.2471
2316 71.2471
2317 71.2471
2318 71.2471
2319 71.2471
2320 71.2471
2321 71.2471
2322 71.2471
2323 71.2471
2324 71.2471
2325 71.2471
2326 71.2471
2327 71.2471
2328 71.2471
2329 71.2471
2330 71.2471
2331 71.2471
2332 71.2471
2333 71.2471
2334 71.2471
2335 71.2471
2336 71.2471
2337 71.2471
2338 71.2471
2339 71.2471
2340 71.2471
2341 71.2471
2342 71.2471
2343 71.2471
2344 71.2471
2345 71.2471
2346 71.2471
2347 71.2471
2348 71.2471
2349 71.2471
2350 71.2471
2351 71.2471
2352 71.2471
2353 71.2471
2354 71.2471
2355 71.2471
2356 71.2471
2357 71.2471
2358 71.2471
2359 71.2471
2360 71.2471
2361 71.2471
2362 71.2471
2363 71.2471
2364 71.2471
2365 71.2471
2366 71.2471
2367 71.2471
2368 71.2471
2369 71.2471
2370 71.2471
2371 71.2471
2372 71.2471
2373 71.103
2374 71.103
2375 71.103
2376 71.103
2377 71.103
2378 71.103
2379 71.103
2380 71.103
2381 71.103
2382 71.103
2383 71.103
2384 71.103
2385 71.103
2386 71.103
2387 71.103
2388 71.103
2389 71.103
2390 71.103
2391 71.103
2392 71.103
2393 71.103
2394 71.103
2395 71.103
2396 71.103
2397 71.103
2398 71.103
2399 71.103
2400 71.103
2401 71.103
2402 71.103
2403 71.103
2404 71.103
2405 71.103
2406 71.103
2407 71.103
2408 71.103
2409 71.103
2410 71.103
2411 71.103
2412 71.103
2413 71.103
2414 71.103
2415 71.103
2416 71.103
2417 71.103
2418 71.103
2419 71.103
2420 71.103
2421 71.103
2422 71.103
2423 71.103
2424 71.103
2425 71.103
2426 71.103
2427 71.103
2428 71.103
2429 71.103
2430 71.103
2431 71.103
2432 71.103
2433 71.103
2434 71.103
2435 71.103
2436 71.103
2437 71.103
2438 71.103
2439 71.103
2440 71.103
2441 71.103
2442 71.103
2443 71.103
2444 71.103
2445 71.103
2446 71.103
2447 71.103
2448 71.103
2449 71.103
2450 71.103
2451 71.103
2452 71.103
2453 71.103
2454 71.103
2455 71.103
2456 71.103
2457 71.103
2458 71.103
2459 71.103
2460 71.103
2461 71.103
2462 71.103
2463 71.103
2464 71.103
2465 71.103
2466 71.103
2467 71.103
2468 71.103
2469 71.103
2470 71.103
2471 71.103
2472 71.103
2473 71.103
2474 71.103
2475 71.103
2476 71.103
2477 71.103
2478 71.103
2479 71.103
2480 71.103
2481 71.103
2482 71.103
2483 71.103
2484 71.103
2485 71.103
2486 71.103
2487 71.103
2488 71.103
2489 71.103
2490 71.103
2491 71.103
2492 71.103
2493 71.103
2494 71.103
2495 71.103
2496 71.103
2497 71.103
2498 71.103
2499 71.103
2500 71.103
2501 71.103
2502 71.103
2503 71.103
2504 71.103
2505 71.103
2506 71.103
2507 71.103
2508 71.103
2509 71.103
2510 71.103
2511 71.103
2512 71.103
2513 71.103
2514 71.103
2515 71.103
2516 71.103
2517 71.103
2518 71.103
2519 71.103
2520 71.103
2521 71.103
2522 71.103
2523 71.103
2524 71.103
2525 71.103
2526 71.103
2527 71.103
2528 71.103
2529 71.103
2530 71.103
2531 71.103
2532 71.103
2533 71.103
2534 71.103
2535 71.103
2536 71.103
2537 71.103
2538 71.103
2539 71.103
2540 71.103
2541 71.103
2542 71.103
2543 71.103
2544 71.103
2545 71.103
2546 71.103
2547 71.103
2548 71.103
2549 71.103
2550 71.103
2551 71.103
2552 71.103
2553 71.103
2554 71.103
2555 71.103
2556 71.103
2557 71.103
2558 71.103
2559 71.103
2560 71.103
2561 71.103
2562 71.103
2563 71.103
2564 71.103
2565 71.103
2566 71.103
2567 71.103
2568 71.103
2569 71.103
2570 71.103
2571 71.103
2572 71.103
2573 71.103
2574 71.103
2575 71.103
2576 71.103
2577 71.103
2578 71.103
2579 71.103
2580 71.103
2581 71.103
2582 71.103
2583 71.103
2584 71.103
2585 71.103
2586 71.103
2587 71.103
2588 71.103
2589 71.103
2590 71.103
2591 71.103
2592 71.103
2593 71.103
2594 71.103
2595 71.103
2596 71.103
2597 71.103
2598 71.103
2599 71.103
2600 71.103
2601 71.103
2602 71.103
2603 71.103
2604 71.103
2605 71.103
2606 71.103
2607 71.103
2608 71.103
2609 71.103
2610 71.103
2611 71.103
2612 71.103
2613 71.103
2614 71.103
2615 71.103
2616 71.103
2617 71.103
2618 71.103
2619 71.103
2620 71.103
2621 71.103
2622 71.103
2623 71.103
2624 71.103
2625 71.103
2626 71.103
2627 71.103
2628 71.103
2629 71.103
2630 71.103
2631 71.103
2632 71.103
2633 71.103
2634 71.103
2635 71.103
2636 71.103
2637 71.103
2638 71.103
2639 71.103
2640 71.103
2641 71.103
2642 71.103
2643 71.103
2644 71.103
2645 71.103
2646 71.103
2647 71.103
2648 71.103
2649 71.103
2650 71.103
2651 71.103
2652 71.103
2653 71.103
2654 71.103
2655 71.103
2656 71.103
2657 71.103
2658 71.103
2659 71.103
2660 71.103
2661 71.103
2662 71.103
2663 71.103
2664 71.103
2665 71.103
2666 71.103
2667 71.103
2668 71.103
2669 71.103
2670 71.103
2671 71.103
2672 71.103
2673 71.103
2674 71.103
2675 71.103
2676 71.103
2677 71.103
2678 71.103
2679 71.103
2680 71.103
2681 71.103
2682 71.103
2683 71.103
2684 71.103
2685 71.103
2686 71.103
2687 71.103
2688 71.103
2689 71.103
2690 71.103
2691 71.103
2692 71.103
2693 71.103
2694 71.103
2695 71.103
2696 71.103
2697 71.103
2698 71.103
2699 71.103
2700 71.103
2701 71.103
2702 71.103
2703 71.103
2704 71.103
2705 71.103
2706 71.103
2707 71.103
2708 71.103
2709 71.103
2710 71.103
2711 71.103
2712 71.103
2713 71.103
2714 71.103
2715 71.103
2716 71.103
2717 71.103
2718 71.103
2719 71.103
2720 71.103
2721 71.103
2722 71.103
2723 71.103
2724 71.103
2725 71.103
2726 71.103
2727 71.103
2728 71.103
2729 71.103
2730 71.103
2731 71.103
2732 71.103
2733 71.103
2734 71.103
2735 71.103
2736 71.103
2737 71.103
2738 71.103
2739 71.103
2740 71.103
2741 71.103
2742 71.103
2743 71.103
2744 71.103
2745 71.103
2746 71.103
2747 71.103
2748 71.103
2749 71.103
2750 71.103
2751 71.103
2752 71.103
2753 71.103
2754 71.103
2755 71.103
2756 71.103
2757 71.103
2758 71.103
2759 71.103
2760 71.103
2761 71.103
2762 71.103
2763 71.103
2764 71.103
2765 71.103
2766 71.103
2767 71.103
2768 71.103
2769 71.103
2770 71.103
2771 71.103
2772 71.103
2773 71.103
2774 71.103
2775 71.103
2776 71.103
2777 71.103
2778 71.103
2779 71.103
2780 71.103
2781 71.103
2782 71.103
2783 71.103
2784 71.103
2785 71.103
2786 71.103
2787 71.103
2788 71.103
2789 71.103
2790 71.103
2791 71.103
2792 71.103
2793 71.103
2794 71.103
2795 71.103
2796 71.103
2797 71.103
2798 71.103
2799 71.103
2800 71.103
2801 71.103
2802 71.103
2803 71.103
2804 71.103
2805 71.103
2806 71.103
2807 71.103
2808 71.103
2809 71.103
2810 71.103
2811 71.103
2812 71.103
2813 71.103
2814 71.103
2815 71.103
2816 71.103
2817 71.103
2818 71.103
2819 71.103
2820 71.103
2821 71.103
2822 71.103
2823 71.103
2824 71.103
2825 71.103
2826 71.103
2827 71.103
2828 71.103
2829 71.103
2830 71.103
2831 71.103
2832 71.103
2833 71.103
2834 71.103
2835 71.103
2836 71.103
2837 71.103
2838 71.103
2839 71.103
2840 71.103
2841 71.103
2842 71.103
2843 71.103
2844 71.103
2845 71.103
2846 71.103
2847 71.103
2848 71.103
2849 71.103
2850 71.103
2851 71.103
2852 71.103
2853 71.103
2854 71.103
2855 71.103
2856 71.103
2857 71.103
2858 71.103
2859 71.103
2860 71.103
2861 71.103
2862 71.103
2863 71.103
2864 71.103
2865 71.103
2866 71.103
2867 71.103
2868 71.103
2869 71.103
2870 71.103
2871 71.103
2872 71.103
2873 71.103
2874 71.103
2875 71.103
2876 71.103
2877 71.103
2878 71.103
2879 71.103
2880 71.103
2881 71.103
2882 71.103
2883 71.103
2884 71.103
2885 71.103
2886 71.103
2887 71.103
2888 71.103
2889 71.103
2890 71.103
2891 71.103
2892 71.103
2893 71.103
2894 71.103
2895 71.103
2896 71.103
2897 71.103
2898 71.103
2899 71.103
2900 71.103
2901 71.103
2902 71.103
2903 71.103
2904 71.103
2905 71.103
2906 71.103
2907 71.103
2908 71.103
2909 71.103
2910 71.103
2911 71.103
2912 71.103
2913 71.103
2914 71.103
2915 71.103
2916 71.103
2917 71.103
2918 71.103
2919 71.103
2920 71.103
2921 66.8665
2922 66.8665
2923 66.8665
2924 66.8665
2925 66.8665
2926 66.8665
2927 66.8665
2928 66.8665
2929 66.8665
2930 66.8665
2931 66.8665
2932 66.8665
2933 66.8665
2934 66.8665
2935 66.8665
2936 66.8665
2937 66.8665
2938 66.8665
2939 66.8665
2940 66.8665
2941 66.8665
2942 66.8665
2943 66.8665
2944 66.8665
2945 66.8665
2946 66.8665
2947 66.8665
2948 66.8665
2949 66.8665
2950 66.8665
2951 66.8665
2952 66.8665
2953 66.8665
2954 66.8665
2955 66.8665
2956 66.8665
2957 66.8665
2958 66.8665
2959 66.8665
2960 66.8665
2961 66.8665
2962 66.8665
2963 66.8665
2964 66.8665
2965 66.8665
2966 66.8665
2967 66.8665
2968 66.8665
2969 66.8665
2970 66.8665
2971 66.8665
2972 66.8665
2973 66.8665
2974 66.8665
2975 66.8665
2976 66.8665
2977 66.8665
2978 66.8665
2979 66.8665
2980 66.8665
2981 66.8665
2982 66.8665
2983 66.8665
2984 66.8665
2985 66.8665
2986 66.8665
2987 66.8665
2988 66.8665
2989 66.8665
2990 66.8665
2991 66.8665
2992 66.8665
2993 66.8665
2994 66.8665
2995 66.8665
2996 66.8665
2997 66.8665
2998 66.8665
2999 66.8665
3000 66.8665
3001 66.8665
3002 66.8665
3003 66.8665
3004 66.8665
3005 66.8665
3006 66.8665
3007 66.8665
3008 66.8665
3009 66.8665
3010 66.8665
3011 66.8665
3012 66.8665
3013 66.8665
3014 66.8665
3015 66.8665
3016 66.8665
3017 66.8665
3018 66.8665
3019 66.8665
3020 66.8665
3021 66.8665
3022 66.8665
3023 66.8665
3024 66.8665
3025 66.8665
3026 66.8665
3027 66.8665
3028 66.8665
3029 66.8665
3030 66.8665
3031 66.8665
3032 66.8665
3033 66.8665
3034 66.8665
3035 66.8665
3036 66.8665
3037 66.8665
3038 66.8665
3039 66.8665
3040 66.8665
3041 66.8665
3042 66.8665
3043 66.8665
3044 66.8665
3045 66.8665
3046 66.8665
3047 66.8665
3048 66.8665
3049 66.8665
3050 66.8665
3051 66.8665
3052 66.8665
3053 66.8665
3054 66.8665
3055 66.8665
3056 66.8665
3057 66.8665
3058 66.8665
3059 66.8665
3060 66.8665
3061 66.8665
3062 66.8665
3063 66.8665
3064 66.8665
3065 66.8665
3066 66.8665
3067 66.8665
3068 66.8665
3069 66.8665
3070 66.8665
3071 66.8665
3072 66.8665
3073 66.8665
3074 66.8665
3075 66.8665
3076 66.8665
3077 66.8665
3078 66.8665
3079 66.8665
3080 66.8665
3081 66.8665
3082 66.8665
3083 66.8665
3084 66.8665
3085 66.8665
3086 66.8665
3087 66.8665
3088 66.8665
3089 66.8665
3090 66.8665
3091 66.8665
3092 66.8665
3093 66.8665
3094 66.8665
3095 66.8665
3096 66.8665
3097 66.8665
3098 66.8665
3099 66.8665
3100 66.8665
3101 66.8665
3102 66.8665
3103 66.8665
3104 66.8665
3105 66.8665
3106 66.8665
3107 66.8665
3108 66.8665
3109 66.8665
3110 66.8665
3111 66.8665
3112 66.8665
3113 66.8665
3114 66.8665
3115 66.8665
3116 66.8665
3117 66.8665
3118 66.8665
3119 66.8665
3120 66.8665
3121 66.8665
3122 66.8665
3123 66.8665
3124 66.8665
3125 66.8665
3126 66.8665
3127 66.8665
3128 66.8665
3129 66.8665
3130 66.8665
3131 66.8665
3132 66.8665
3133 66.8665
3134 66.8665
3135 66.8665
3136 66.8665
3137 66.8665
3138 66.8665
3139 66.8665
3140 66.8665
3141 66.8665
3142 66.8665
3143 66.8665
3144 66.8665
3145 66.8665
3146 66.8665
3147 66.8665
3148 66.8665
3149 66.8665
3150 66.8665
3151 66.8665
3152 66.8665
3153 66.8665
3154 66.8665
3155 66.8665
3156 66.8665
3157 66.8665
3158 66.8665
3159 66.8665
3160 66.8665
3161 66.8665
3162 66.8665
3163 66.8665
3164 66.8665
3165 66.8665
3166 66.8665
3167 66.8665
3168 66.8665
3169 66.8665
3170 66.8665
3171 66.8665
3172 66.8665
3173 66.8665
3174 66.8665
3175 66.8665
3176 66.8665
3177 66.8665
3178 66.8665
3179 66.8665
3180 66.8665
3181 66.8665
3182 66.8665
3183 66.8665
3184 66.8665
3185 66.8665
3186 66.8665
3187 66.8665
3188 66.8665
3189 66.8665
3190 66.8665
3191 66.8665
3192 66.8665
3193 66.8665
3194 66.8665
3195 66.8665
3196 66.8665
3197 66.8665
3198 66.8665
3199 66.8665
3200 66.8665
3201 66.8665
3202 66.8665
3203 66.8665
3204 66.8665
3205 66.8665
3206 66.8665
3207 66.8665
3208 66.8665
3209 66.8665
3210 66.8665
3211 66.8665
3212 66.8665
3213 66.8665
3214 66.8665
3215 66.8665
3216 66.8665
3217 66.8665
3218 66.8665
3219 66.8665
3220 66.8665
3221 66.8665
3222 66.8665
3223 66.8665
3224 66.8665
3225 66.8665
3226 66.8665
3227 66.8665
3228 66.8665
3229 66.8665
3230 66.8665
3231 66.8665
3232 66.8665
3233 66.8665
3234 66.8665
3235 66.8665
3236 66.8665
3237 66.8665
3238 66.8665
3239 66.8665
3240 66.8665
3241 66.8665
3242 66.8665
3243 66.8665
3244 66.8665
3245 66.8665
3246 66.8665
3247 66.8665
3248 66.8665
3249 66.8665
3250 66.8665
3251 66.8665
3252 66.8665
3253 66.8665
3254 66.8665
3255 66.8665
3256 66.8665
3257 66.8665
3258 66.8665
3259 66.8665
3260 66.8665
3261 66.8665
3262 66.8665
3263 66.8665
3264 66.8665
3265 66.8665
3266 66.8665
3267 66.8665
3268 66.8665
3269 66.8665
3270 66.8665
3271 66.8665
3272 66.8665
3273 66.8665
3274 66.8665
3275 66.8665
3276 66.8665
3277 66.8665
3278 66.8665
3279 66.8665
3280 66.8665
3281 66.8665
3282 66.8665
3283 66.8665
3284 66.8665
3285 66.8665
3286 66.8665
3287 66.8665
3288 66.8665
3289 66.8665
3290 66.8665
3291 66.8665
3292 66.8665
3293 66.8665
3294 66.8665
3295 66.8665
3296 66.8665
3297 66.8665
3298 66.8665
3299 66.8665
3300 66.8665
3301 66.8665
3302 66.8665
3303 66.8665
3304 66.8665
3305 66.8665
3306 66.8665
3307 66.8665
3308 66.8665
3309 66.8665
3310 66.8665
3311 66.8665
3312 66.8665
3313 66.8665
3314 66.8665
3315 66.8665
3316 66.8665
3317 66.8665
3318 66.8665
3319 66.8665
3320 66.8665
3321 66.8665
3322 66.8665
3323 66.8665
3324 66.8665
3325 66.8665
3326 66.8665
3327 66.8665
3328 66.8665
3329 66.8665
3330 66.8665
3331 66.8665
3332 66.8665
3333 66.8665
3334 66.8665
3335 66.8665
3336 66.8665
3337 66.8665
3338 66.8665
3339 66.8665
3340 66.8665
3341 66.8665
3342 66.8665
3343 66.8665
3344 66.8665
3345 66.8665
3346 66.8665
3347 66.8665
3348 66.8665
3349 66.8665
3350 66.8665
3351 66.8665
3352 66.8665
3353 66.8665
3354 66.8665
3355 66.8665
3356 66.8665
3357 66.8665
3358 66.8665
3359 66.8665
3360 66.8665
3361 66.8665
3362 66.8665
3363 66.8665
3364 66.8665
3365 66.8665
3366 66.8665
3367 66.8665
3368 66.8665
3369 66.8665
3370 66.8665
3371 66.8665
3372 66.8665
3373 66.8665
3374 66.8665
3375 66.8665
3376 66.8665
3377 66.8665
3378 66.8665
3379 66.8665
3380 66.8665
3381 66.8665
3382 66.8665
3383 66.8665
3384 66.8665
3385 66.8665
3386 66.8665
3387 66.8665
3388 66.8665
3389 66.8665
3390 66.8665
3391 66.8665
3392 66.8665
3393 66.8665
3394 66.8665
3395 66.8665
3396 66.8665
3397 66.8665
3398 66.8665
3399 66.8665
3400 66.8665
3401 66.8665
3402 66.8665
3403 66.8665
3404 66.8665
3405 66.8665
3406 66.8665
3407 66.8665
3408 66.8665
3409 66.8665
3410 66.8665
3411 66.8665
3412 66.8665
3413 66.8665
3414 66.8665
3415 66.8665
3416 66.8665
3417 66.8665
3418 66.8665
3419 66.8665
3420 66.8665
3421 66.8665
3422 66.8665
3423 66.8665
3424 66.8665
3425 66.8665
3426 66.8665
3427 66.8665
3428 66.8665
3429 66.8665
3430 66.8665
3431 66.8665
3432 66.8665
3433 66.8665
3434 66.8665
3435 66.8665
3436 66.8665
3437 66.8665
3438 66.8665
3439 66.8665
3440 66.8665
3441 66.8665
3442 66.8665
3443 66.8665
3444 66.8665
3445 66.8665
3446 66.8665
3447 66.8665
3448 66.8665
3449 66.8665
3450 66.8665
3451 66.8665
3452 66.8665
3453 66.8665
3454 66.8665
3455 66.8665
3456 66.8665
3457 66.8665
3458 66.8665
3459 66.8665
3460 66.8665
3461 66.8665
3462 66.8665
3463 66.8665
3464 66.8665
3465 66.8665
3466 66.8665
3467 66.8665
3468 66.8665
3469 66.8665
3470 66.8665
3471 66.8665
3472 66.8665
3473 66.8665
3474 66.8665
3475 66.8665
3476 66.8665
3477 66.8665
3478 66.8665
3479 66.8665
3480 66.8665
3481 66.8665
3482 66.8665
3483 66.8665
3484 66.8665
3485 66.8665
3486 66.8665
3487 66.8665
3488 66.8665
3489 66.8665
3490 66.8665
3491 66.8665
3492 66.8665
3493 66.8665
3494 66.8665
3495 66.8665
3496 66.8665
3497 66.8665
3498 66.8665
3499 66.8665
3500 66.8665
3501 66.8665
3502 66.8665
3503 66.8665
3504 66.8665
3505 66.8665
3506 66.8665
3507 66.8665
3508 66.8665
3509 66.8665
3510 66.8665
3511 66.8665
3512 66.8665
3513 66.8665
3514 66.8665
3515 66.8665
3516 66.8665
3517 66.8665
3518 66.8665
3519 66.8665
3520 66.8665
3521 66.8665
3522 66.8665
3523 66.8665
3524 66.8665
3525 66.8665
3526 66.8665
3527 66.8665
3528 66.8665
3529 66.8665
3530 66.8665
3531 66.8665
3532 66.8665
3533 66.8665
3534 66.8665
3535 66.8665
3536 66.8665
3537 66.8665
3538 66.8665
3539 66.8665
3540 66.8665
3541 66.8665
3542 66.8665
3543 66.8665
3544 66.8665
3545 66.8665
3546 66.8665
3547 66.8665
3548 66.8665
3549 66.8665
3550 66.8665
3551 66.8665
3552 66.8665
3553 66.8665
3554 66.8665
3555 66.8665
3556 66.8665
3557 66.8665
3558 66.8665
3559 66.8665
3560 66.8665
3561 66.8665
3562 66.8665
3563 66.8665
3564 66.8665
3565 66.8665
3566 66.8665
3567 66.8665
3568 66.8665
3569 66.8665
3570 66.8665
3571 66.8665
3572 66.8665
3573 66.8665
3574 66.8665
3575 66.8665
3576 66.8665
3577 66.8665
3578 66.8665
3579 66.8665
3580 66.8665
3581 66.8665
3582 66.8665
3583 66.8665
3584 66.8665
3585 66.8665
3586 66.8665
3587 66.8665
3588 66.8665
3589 66.8665
3590 66.8665
3591 66.8665
3592 66.8665
3593 66.8665
3594 66.8665
3595 66.8665
3596 66.8665
3597 66.8665
3598 66.8665
3599 66.8665
3600 66.8665
3601 66.8665
3602 66.8665
3603 66.8665
3604 66.8665
3605 66.8665
3606 66.8665
3607 66.8665
3608 66.8665
3609 66.8665
3610 66.8665
3611 66.8665
3612 66.8665
3613 66.8665
3614 66.8665
3615 66.8665
3616 66.8665
3617 66.8665
3618 66.8665
3619 66.8665
3620 66.8665
3621 66.8665
3622 66.8665
3623 66.8665
3624 66.8665
3625 66.8665
3626 66.8665
3627 66.8665
3628 66.8665
3629 66.8665
3630 66.8665
3631 66.8665
3632 66.8665
3633 66.8665
3634 66.8665
3635 66.8665
3636 66.8665
3637 66.8665
3638 66.8665
3639 66.8665
3640 66.8665
3641 66.8665
3642 66.8665
3643 66.8665
3644 66.8665
3645 66.8665
3646 66.8665
3647 66.8665
3648 66.8665
3649 66.8665
3650 66.8665
3651 66.8665
3652 66.8665
3653 66.8665
3654 66.8665
3655 66.8665
3656 66.8665
3657 66.8665
3658 66.8665
3659 66.8665
3660 66.8665
3661 66.8665
3662 66.8665
3663 66.8665
3664 66.8665
3665 66.8665
3666 66.8665
3667 66.8665
3668 66.8665
3669 66.8665
3670 66.8665
3671 66.8665
3672 66.8665
3673 66.8665
3674 66.8665
3675 66.8665
3676 66.8665
3677 66.8665
3678 66.8665
3679 66.8665
3680 66.8665
3681 66.8665
3682 66.8665
3683 66.8665
3684 66.8665
3685 66.8665
3686 66.8665
3687 66.8665
3688 66.8665
3689 66.8665
3690 66.8665
3691 66.8665
3692 66.8665
3693 66.8665
3694 66.8665
3695 66.8665
3696 66.8665
3697 66.8665
3698 66.8665
3699 66.8665
3700 66.8665
3701 66.8665
3702 66.8665
3703 66.8665
3704 66.8665
3705 66.8665
3706 66.8665
3707 66.8665
3708 66.8665
3709 66.8665
3710 66.8665
3711 66.8665
3712 66.8665
3713 66.8665
3714 66.8665
3715 66.8665
3716 66.8665
3717 66.8665
3718 66.8665
3719 66.8665
3720 66.8665
3721 66.8665
3722 66.8665
3723 66.8665
3724 66.8665
3725 66.8665
3726 66.8665
3727 66.8665
3728 66.8665
3729 66.8665
3730 66.8665
3731 66.8665
3732 66.8665
3733 66.8665
3734 66.8665
3735 66.8665
3736 66.8665
3737 66.8665
3738 66.8665
3739 66.8665
3740 66.8665
3741 66.8665
3742 66.8665
3743 66.8665
3744 66.8665
3745 66.8665
3746 66.8665
3747 66.8665
3748 66.8665
3749 66.8665
3750 66.8665
3751 66.8665
3752 66.8665
3753 66.8665
3754 66.8665
3755 66.8665
3756 66.8665
3757 66.8665
3758 66.8665
3759 66.8665
3760 66.8665
3761 66.8665
3762 66.8665
3763 66.8665
3764 66.8665
3765 66.8665
3766 66.8665
3767 66.8665
3768 66.8665
3769 66.8665
3770 66.8665
3771 66.8665
3772 66.8665
3773 66.8665
3774 66.8665
3775 66.8665
3776 66.8665
3777 66.8665
3778 66.8665
3779 66.8665
3780 66.8665
3781 66.8665
3782 66.8665
3783 66.8665
3784 66.8665
3785 66.8665
3786 66.8665
3787 66.8665
3788 66.8665
3789 66.8665
3790 66.8665
3791 66.8665
3792 66.8665
3793 66.8665
3794 66.8665
3795 66.8665
3796 66.8665
3797 66.8665
3798 66.8665
3799 66.8665
3800 66.8665
3801 66.8665
3802 66.8665
3803 66.8665
3804 66.8665
3805 66.8665
3806 66.8665
3807 66.8665
3808 66.8665
3809 66.8665
3810 66.8665
3811 66.8665
3812 66.8665
3813 66.8665
3814 66.8665
3815 66.8665
3816 66.8665
3817 66.8665
3818 66.8665
3819 66.8665
3820 66.8665
3821 66.8665
3822 66.8665
3823 66.8665
3824 66.8665
3825 66.8665
3826 66.8665
3827 66.8665
3828 66.8665
3829 66.8665
3830 66.8665
3831 66.8665
3832 66.8665
3833 66.8665
3834 66.8665
3835 66.8665
3836 66.8665
3837 66.8665
3838 66.8665
3839 66.8665
3840 66.8665
3841 66.8665
3842 66.8665
3843 66.8665
3844 66.8665
3845 66.8665
3846 66.8665
3847 66.8665
3848 66.8665
3849 66.8665
3850 66.8665
3851 66.8665
3852 66.8665
3853 66.8665
3854 66.8665
3855 66.8665
3856 66.8665
3857 66.8665
3858 66.8665
3859 66.8665
3860 66.8665
3861 66.8665
3862 66.8665
3863 66.8665
3864 66.8665
3865 66.8665
3866 66.8665
3867 66.8665
3868 66.8665
3869 66.8665
3870 66.8665
3871 66.8665
3872 66.8665
3873 66.8665
3874 66.8665
3875 66.8665
3876 66.8665
3877 66.8665
3878 66.8665
3879 66.8665
3880 66.8665
3881 66.8665
3882 66.8665
3883 66.8665
3884 66.8665
3885 66.8665
3886 66.8665
3887 66.8665
3888 66.8665
3889 66.8665
3890 66.8665
3891 66.8665
3892 66.8665
3893 66.8665
3894 66.8665
3895 66.8665
3896 66.8665
3897 66.8665
3898 66.8665
3899 66.8665
3900 66.8665
3901 66.8665
3902 66.8665
3903 66.8665
3904 66.8665
3905 66.8665
3906 66.8665
3907 66.8665
3908 66.8665
3909 66.8665
3910 66.8665
3911 66.8665
3912 66.8665
3913 66.8665
3914 66.8665
3915 66.8665
3916 66.8665
3917 66.8665
3918 66.8665
3919 66.8665
3920 66.8665
3921 66.8665
3922 66.8665
3923 66.8665
3924 66.8665
3925 66.8665
3926 66.8665
3927 66.8665
3928 66.8665
3929 66.8665
3930 66.8665
3931 66.8665
3932 66.8665
3933 66.8665
3934 66.8665
3935 66.8665
3936 66.8665
3937 66.8665
3938 66.8665
3939 66.8665
3940 66.8665
3941 66.8665
3942 66.8665
3943 66.8665
3944 66.8665
3945 66.8665
3946 66.8665
3947 66.8665
3948 66.8665
3949 66.8665
3950 66.8665
3951 66.8665
3952 66.8665
3953 66.8665
3954 66.8665
3955 66.8665
3956 66.8665
3957 66.8665
3958 66.8665
3959 66.8665
3960 66.8665
3961 66.8665
3962 66.8665
3963 66.8665
3964 66.8665
3965 66.8665
3966 66.8665
3967 66.8665
3968 66.8665
3969 66.8665
3970 66.8665
3971 66.8665
3972 66.8665
3973 66.8665
3974 66.8665
3975 66.8665
3976 66.8665
3977 66.8665
3978 66.8665
3979 66.8665
3980 66.8665
3981 66.8665
3982 66.8665
3983 66.8665
3984 66.8665
3985 66.8665
3986 66.8665
3987 66.8665
3988 66.8665
3989 66.8665
3990 66.8665
3991 66.8665
3992 66.8665
3993 66.8665
3994 66.8665
3995 66.8665
3996 66.8665
3997 66.8665
3998 66.8665
3999 66.8665
4000 66.8665
4001 66.8665
4002 66.8665
4003 66.8665
4004 66.8665
4005 66.8665
4006 66.8665
4007 66.8665
4008 66.8665
4009 66.8665
4010 66.8665
4011 66.8665
4012 66.8665
4013 66.8665
4014 66.8665
4015 66.8665
4016 66.8665
4017 66.8665
4018 66.8665
4019 66.8665
4020 66.8665
4021 66.8665
4022 66.8665
4023 66.8665
4024 66.8665
4025 66.8665
4026 66.8665
4027 66.8665
4028 66.8665
4029 66.8665
4030 66.8665
4031 66.8665
4032 66.8665
4033 66.8665
4034 66.8665
4035 66.8665
4036 66.8665
4037 66.8665
4038 66.8665
4039 66.8665
4040 66.8665
4041 66.8665
4042 66.8665
4043 66.8665
4044 66.8665
4045 66.8665
4046 66.8665
4047 66.8665
4048 66.8665
4049 66.8665
4050 66.8665
4051 66.8665
4052 66.8665
4053 66.8665
4054 66.8665
4055 66.8665
4056 66.8665
4057 66.8665
4058 66.8665
4059 66.8665
4060 66.8665
4061 66.8665
4062 66.8665
4063 66.8665
4064 66.8665
4065 66.8665
4066 66.8665
4067 66.8665
4068 66.8665
4069 66.8665
4070 66.8665
4071 66.8665
4072 66.8665
4073 66.8665
4074 66.8665
4075 66.8665
4076 66.8665
4077 66.8665
4078 66.8665
4079 66.8665
4080 66.8665
4081 66.8665
4082 66.8665
4083 66.8665
4084 66.8665
4085 66.8665
4086 66.8665
4087 66.8665
4088 66.8665
4089 66.8665
4090 66.8665
4091 66.8665
4092 66.8665
4093 66.8665
4094 66.8665
4095 66.8665
4096 66.8665
4097 66.8665
4098 66.8665
4099 66.8665
4100 66.8665
4101 66.8665
4102 66.8665
4103 66.8665
4104 66.8665
4105 66.8665
4106 66.8665
4107 66.8665
4108 66.8665
4109 66.8665
4110 66.8665
4111 66.8665
4112 66.8665
4113 66.8665
4114 66.8665
4115 66.8665
4116 66.8665
4117 66.8665
4118 66.8665
4119 66.8665
4120 66.8665
4121 66.8665
4122 66.8665
4123 66.8665
4124 66.8665
4125 66.8665
4126 66.8665
4127 66.8665
4128 66.8665
4129 66.8665
4130 66.8665
4131 66.8665
4132 66.8665
4133 66.8665
4134 66.8665
4135 66.8665
4136 66.8665
4137 66.8665
4138 66.8665
4139 66.8665
4140 66.8665
4141 66.8665
4142 66.8665
4143 66.8665
4144 66.8665
4145 66.8665
4146 66.8665
4147 66.8665
4148 66.8665
4149 66.8665
4150 66.8665
4151 66.8665
4152 66.8665
4153 66.8665
4154 66.8665
4155 66.8665
4156 66.8665
4157 66.8665
4158 66.8665
4159 66.8665
4160 66.8665
4161 66.8665
4162 66.8665
4163 66.8665
4164 66.8665
4165 66.8665
4166 66.8665
4167 66.8665
4168 66.8665
4169 66.8665
4170 66.8665
4171 66.8665
4172 66.8665
4173 66.8665
4174 66.8665
4175 66.8665
4176 66.8665
4177 66.8665
4178 66.8665
4179 66.8665
4180 66.8665
4181 66.8665
4182 66.8665
4183 66.8665
4184 66.8665
4185 66.8665
4186 66.8665
4187 66.8665
4188 66.8665
4189 66.8665
4190 66.8665
4191 66.8665
4192 66.8665
4193 66.8665
4194 66.8665
4195 66.8665
4196 66.8665
4197 66.8665
4198 66.8665
4199 66.8665
4200 66.8665
4201 66.8665
4202 66.8665
4203 66.8665
4204 66.8665
4205 66.8665
4206 66.8665
4207 66.8665
4208 66.8665
4209 66.8665
4210 66.8665
4211 66.8665
4212 66.8665
4213 66.8665
4214 66.8665
4215 66.8665
4216 66.8665
4217 66.8665
4218 66.8665
4219 66.8665
4220 66.8665
4221 66.8665
4222 66.8665
4223 66.8665
4224 66.8665
4225 66.8665
4226 66.8665
4227 66.8665
4228 66.8665
4229 66.8665
4230 66.8665
4231 66.8665
4232 66.8665
4233 66.8665
4234 66.8665
4235 66.8665
4236 66.8665
4237 66.8665
4238 66.8665
4239 66.8665
4240 66.8665
4241 66.8665
4242 66.8665
4243 66.8665
4244 66.8665
4245 66.8665
4246 66.8665
4247 66.8665
4248 66.8665
4249 66.8665
4250 66.8665
4251 66.8665
4252 66.8665
4253 66.8665
4254 66.8665
4255 66.8665
4256 66.8665
4257 66.8665
4258 66.8665
4259 66.8665
4260 66.8665
4261 66.8665
4262 66.8665
4263 66.8665
4264 66.8665
4265 66.8665
4266 66.8665
4267 66.8665
4268 66.8665
4269 66.8665
4270 66.8665
4271 66.8665
4272 66.8665
4273 66.8665
4274 66.8665
4275 66.8665
4276 66.8665
4277 66.8665
4278 66.8665
4279 66.8665
4280 66.8665
4281 66.8665
4282 66.8665
4283 66.8665
4284 66.8665
4285 66.8665
4286 66.8665
4287 66.8665
4288 66.8665
4289 66.8665
4290 66.8665
4291 66.8665
4292 66.8665
4293 66.8665
4294 66.8665
4295 66.8665
4296 66.8665
4297 66.8665
4298 66.8665
4299 66.8665
4300 66.8665
4301 66.8665
4302 66.8665
4303 66.8665
4304 66.8665
4305 66.8665
4306 66.8665
4307 66.8665
4308 66.8665
4309 66.8665
4310 66.8665
4311 66.8665
4312 66.8665
4313 66.8665
4314 66.8665
4315 66.8665
4316 66.8665
4317 66.8665
4318 66.8665
4319 66.8665
4320 66.8665
4321 66.8665
4322 66.8665
4323 66.8665
4324 66.8665
4325 66.8665
4326 66.8665
4327 66.8665
4328 66.8665
4329 66.8665
4330 66.8665
4331 66.8665
4332 66.8665
4333 66.8665
4334 66.8665
4335 66.8665
4336 66.8665
4337 66.8665
4338 66.8665
4339 66.8665
4340 66.8665
4341 66.8665
4342 66.8665
4343 66.8665
4344 66.8665
4345 66.8665
4346 66.8665
4347 66.8665
4348 66.8665
4349 66.8665
4350 66.8665
4351 66.8665
4352 66.8665
4353 66.8665
4354 66.8665
4355 66.8665
4356 66.8665
4357 66.8665
4358 66.8665
4359 66.8665
4360 66.8665
4361 66.8665
4362 66.8665
4363 66.8665
4364 66.8665
4365 66.8665
4366 66.8665
4367 66.8665
4368 66.8665
4369 66.8665
4370 66.8665
4371 66.8665
4372 66.8665
4373 66.8665
4374 66.8665
4375 66.8665
4376 66.8665
4377 66.8665
4378 66.8665
4379 66.8665
4380 66.8665
4381 66.8665
4382 66.8665
4383 66.8665
4384 66.8665
4385 66.8665
4386 66.8665
4387 66.8665
4388 66.8665
4389 66.8665
4390 66.8665
4391 66.8665
4392 66.8665
4393 66.8665
4394 66.8665
4395 66.8665
4396 66.8665
4397 66.8665
4398 66.8665
4399 66.8665
4400 66.8665
4401 66.8665
4402 66.8665
4403 66.8665
4404 66.8665
4405 66.8665
4406 66.8665
4407 66.8665
4408 66.8665
4409 66.8665
4410 66.8665
4411 66.8665
4412 66.8665
4413 66.8665
4414 66.8665
4415 66.8665
4416 66.8665
4417 66.8665
4418 66.8665
4419 66.8665
4420 66.8665
4421 66.8665
4422 66.8665
4423 66.8665
4424 66.8665
4425 66.8665
4426 66.8665
4427 66.8665
4428 66.8665
4429 66.8665
4430 66.8665
4431 66.8665
4432 66.8665
4433 66.8665
4434 66.8665
4435 66.8665
4436 66.8665
4437 66.8665
4438 66.8665
4439 66.8665
4440 66.8665
4441 66.8665
4442 66.8665
4443 66.8665
4444 66.8665
4445 66.8665
4446 66.8665
4447 66.8665
4448 66.8665
4449 66.8665
4450 66.8665
4451 66.8665
4452 66.8665
4453 66.8665
4454 66.8665
4455 66.8665
4456 66.8665
4457 66.8665
4458 66.8665
4459 66.8413
4460 66.8413
4461 66.8413
4462 66.8413
4463 66.8413
4464 66.8413
4465 66.8413
4466 66.8413
4467 66.8413
4468 66.8413
4469 66.8413
4470 66.8413
4471 66.8413
4472 66.8413
4473 66.8413
4474 66.8413
4475 66.8413
4476 66.8413
4477 66.8413
4478 66.8413
4479 66.8413
4480 66.8413
4481 66.8413
4482 66.8413
4483 66.8413
4484 66.8413
4485 66.8413
4486 66.8413
4487 66.8413
4488 66.8413
4489 66.8413
4490 66.8413
4491 66.8413
4492 66.8413
4493 66.8413
4494 66.8413
4495 66.8413
4496 66.8413
4497 66.8413
4498 66.8413
4499 66.8413
4500 66.8413
4501 66.8413
4502 66.8413
4503 66.8413
4504 66.8413
4505 66.8413
4506 66.8413
4507 66.8413
4508 66.8413
4509 66.8413
4510 66.8413
4511 66.8413
4512 66.8413
4513 66.8413
4514 66.8413
4515 66.8413
4516 66.8413
4517 66.8413
4518 66.8413
4519 66.8413
4520 66.8413
4521 66.8413
4522 66.8413
4523 66.8413
4524 66.8413
4525 66.8413
4526 66.8413
4527 66.8413
4528 66.8413
4529 66.8413
4530 66.8413
4531 66.8413
4532 66.8413
4533 66.8413
4534 66.8413
4535 66.8413
4536 66.8413
4537 66.8413
4538 66.8413
4539 66.8413
4540 66.8413
4541 66.8413
4542 66.8413
4543 66.8413
4544 66.8413
4545 66.8413
4546 66.8413
4547 66.8413
4548 66.8413
4549 66.8413
4550 66.8413
4551 66.8413
4552 66.8413
4553 66.8413
4554 66.8413
4555 66.8413
4556 66.8413
4557 66.8413
4558 66.8413
4559 66.8413
4560 66.8413
4561 66.8413
4562 66.8413
4563 66.8413
4564 66.8413
4565 66.8413
4566 66.8413
4567 66.8413
4568 66.8413
4569 66.8413
4570 66.8413
4571 66.8413
4572 66.8413
4573 66.8413
4574 66.8413
4575 66.8413
4576 66.8413
4577 66.8413
4578 66.8413
4579 66.8413
4580 66.8413
4581 66.8413
4582 66.8413
4583 66.8413
4584 66.8413
4585 66.8413
4586 66.8413
4587 66.8413
4588 66.8413
4589 66.8413
4590 66.8413
4591 66.8413
4592 66.8413
4593 66.8413
4594 66.8413
4595 66.8413
4596 66.8413
4597 66.8413
4598 66.8413
4599 66.8413
4600 66.8413
4601 66.8413
4602 66.8413
4603 66.8413
4604 66.8413
4605 66.8413
4606 66.8413
4607 66.8413
4608 66.8413
4609 66.8413
4610 66.8413
4611 66.8413
4612 66.8413
4613 66.8413
4614 66.8413
4615 66.8413
4616 66.8413
4617 66.8413
4618 66.8413
4619 66.8413
4620 66.8413
4621 66.8413
4622 66.8413
4623 66.8413
4624 66.8413
4625 66.8413
4626 66.8413
4627 66.8413
4628 66.8413
4629 66.8413
4630 66.8413
4631 66.8413
4632 66.8413
4633 66.8413
4634 66.8413
4635 66.8413
4636 66.8413
4637 66.8413
4638 66.8413
4639 66.8413
4640 66.8413
4641 66.8413
4642 66.8413
4643 66.8413
4644 66.8413
4645 66.8413
4646 66.8413
4647 66.8413
4648 66.8413
4649 66.8413
4650 66.8413
4651 66.8413
4652 66.8413
4653 66.8413
4654 66.8413
4655 66.8413
4656 66.8413
4657 66.8413
4658 66.8413
4659 66.8413
4660 66.8413
4661 66.8413
4662 66.8413
4663 66.8413
4664 66.8413
4665 66.8413
4666 66.8413
4667 66.8413
4668 66.8413
4669 66.8413
4670 66.8413
4671 66.8413
4672 66.8413
4673 66.8413
4674 66.8413
4675 66.8413
4676 66.8413
4677 66.8413
4678 66.8413
4679 66.8413
4680 66.8413
4681 66.8413
4682 66.8413
4683 66.8413
4684 66.8413
4685 66.8413
4686 66.8413
4687 66.8413
4688 66.8413
4689 66.8413
4690 66.8413
4691 66.8413
4692 66.8413
4693 66.8413
4694 66.8413
4695 66.8413
4696 66.8413
4697 66.8413
4698 66.8413
4699 66.8413
4700 66.8413
4701 66.8413
4702 66.8413
4703 66.8413
4704 66.8413
4705 66.8413
4706 66.8413
4707 66.8217
4708 66.8217
4709 66.8217
4710 66.8217
4711 66.8217
4712 66.8217
4713 66.8217
4714 66.8217
4715 66.8217
4716 66.8217
4717 66.8217
4718 66.8217
4719 66.8217
4720 66.8217
4721 66.8217
4722 66.8217
4723 66.8217
4724 66.8217
4725 66.8217
4726 66.8217
4727 66.8217
4728 66.8217
4729 66.8217
4730 66.8217
4731 66.8217
4732 66.8217
4733 66.8217
4734 66.8217
4735 66.8217
4736 66.8217
4737 66.8217
4738 66.8217
4739 66.8217
4740 66.8217
4741 66.8217
4742 66.8217
4743 66.8217
4744 66.8217
4745 66.8217
4746 66.8217
4747 66.8217
4748 66.8217
4749 66.8217
4750 66.8217
4751 66.8217
4752 66.8217
4753 66.8217
4754 66.8217
4755 66.8217
4756 66.8217
4757 66.8217
4758 66.8217
4759 66.8217
4760 66.8217
4761 66.8217
4762 66.8217
4763 66.8217
4764 66.8217
4765 66.8217
4766 66.8217
4767 66.8217
4768 66.8217
4769 66.8217
4770 66.8217
4771 66.8217
4772 66.8217
4773 66.8217
4774 66.8217
4775 66.8217
4776 66.8217
4777 66.8217
4778 66.8217
4779 66.8217
4780 66.8217
4781 66.8217
4782 66.8217
4783 66.8217
4784 66.8217
4785 66.8217
4786 66.8217
4787 66.8217
4788 66.8217
4789 66.8217
4790 66.8217
4791 66.8217
4792 66.8217
4793 66.8217
4794 66.8217
4795 66.8217
4796 66.8217
4797 66.8217
4798 66.8217
4799 66.8217
4800 66.8217
4801 66.8217
4802 66.8217
4803 66.8217
4804 66.8217
4805 66.8217
4806 66.8217
4807 66.8217
4808 66.8217
4809 66.8217
4810 66.8217
4811 66.8217
4812 66.8217
4813 66.8217
4814 66.8217
4815 66.8217
4816 66.8217
4817 66.8217
4818 66.8217
4819 66.8217
4820 66.8217
4821 66.8217
4822 66.8217
4823 66.8217
4824 66.8217
4825 66.8217
4826 66.8217
4827 66.8217
4828 66.8217
4829 66.8217
4830 66.8217
4831 66.8217
4832 66.8217
4833 66.8217
4834 66.8217
4835 66.8217
4836 66.8217
4837 66.8217
4838 66.8217
4839 66.8217
4840 66.8217
4841 66.8217
4842 66.8217
4843 66.8217
4844 66.8217
4845 66.8217
4846 66.8217
4847 66.8217
4848 66.8217
4849 66.8217
4850 66.8217
4851 66.8217
4852 66.8217
4853 66.8217
4854 66.8217
4855 66.8217
4856 66.8217
4857 66.8217
4858 66.8217
4859 66.8217
4860 66.8217
4861 66.8217
4862 66.8217
4863 66.8217
4864 66.8217
4865 66.8217
4866 66.8217
4867 66.8217
4868 66.8217
4869 66.8217
4870 66.8217
4871 66.8217
4872 66.8217
4873 66.8217
4874 66.8217
4875 66.8217
4876 66.8217
4877 66.8217
4878 66.8217
4879 66.8217
4880 66.8217
4881 66.8217
4882 66.8217
4883 66.8217
4884 66.8217
4885 66.8217
4886 66.8217
4887 66.8217
4888 66.8217
4889 66.8217
4890 66.8217
4891 66.8217
4892 66.8217
4893 66.8217
4894 66.8217
4895 66.8217
4896 66.8217
4897 66.8217
4898 66.8217
4899 66.8217
4900 66.8217
4901 66.8217
4902 66.8217
4903 66.8217
4904 66.8217
4905 66.8217
4906 66.8217
4907 66.8217
4908 66.8217
4909 66.8217
4910 66.8217
4911 66.8217
4912 66.8217
4913 66.8217
4914 66.8217
4915 66.8217
4916 66.8217
4917 66.8217
4918 66.8217
4919 66.8217
4920 66.8217
4921 66.8217
4922 66.8217
4923 66.8217
4924 66.8217
4925 66.8217
4926 66.8217
4927 66.8217
4928 66.8217
4929 66.8217
4930 66.8217
4931 66.8217
4932 66.8217
4933 66.8217
4934 66.8217
4935 66.8217
4936 66.8217
4937 66.8217
4938 66.8217
4939 66.8217
4940 66.8217
4941 66.8217
4942 66.8217
4943 66.8217
4944 66.8217
4945 66.8217
4946 66.8217
4947 66.8217
4948 66.8217
4949 66.8217
4950 66.8217
4951 66.8217
4952 66.8217
4953 66.8217
4954 66.8217
4955 66.8217
4956 66.8217
4957 66.8217
4958 66.8217
4959 66.8217
4960 66.8217
4961 66.8217
4962 66.8217
4963 66.8217
4964 66.8217
4965 66.8217
4966 66.8217
4967 66.8217
4968 66.8217
4969 66.8217
4970 66.8217
4971 66.8217
4972 66.8217
4973 66.8217
4974 66.8217
4975 66.8217
4976 66.8217
4977 66.8217
4978 66.8217
4979 66.8217
4980 66.8217
4981 66.8217
4982 66.8217
4983 66.8217
4984 66.8217
4985 66.8217
4986 66.8217
4987 66.8217
4988 66.8217
4989 66.8217
4990 66.8217
4991 66.8217
4992 66.8217
4993 66.8217
4994 66.8217
4995 66.8217
4996 66.8217
4997 66.8217
4998 66.8217
4999 66.8217
5000 66.8217
5001 66.8217
5002 66.8217
5003 66.8217
5004 66.8217
5005 66.8217
5006 66.8217
5007 66.8217
5008 66.8217
5009 66.8217
5010 66.8217
5011 66.8217
5012 66.8217
5013 66.8217
5014 66.8217
5015 66.8217
5016 66.8217
5017 66.8217
5018 66.8217
5019 66.8217
5020 66.8217
5021 66.8217
5022 66.8217
5023 66.8217
5024 66.8217
5025 66.8217
5026 66.8217
5027 66.8217
5028 66.8217
5029 66.8217
5030 66.8217
5031 66.8217
5032 66.8217
5033 66.8217
5034 66.8217
5035 66.8217
5036 66.8217
5037 66.8217
5038 66.8217
5039 66.8217
5040 66.8217
5041 66.8217
5042 66.8217
5043 66.8217
5044 66.8217
5045 66.8217
5046 66.8217
5047 66.8217
5048 66.8217
5049 66.8217
5050 66.8217
5051 66.8217
5052 66.8217
5053 66.8217
5054 66.8217
5055 66.8217
5056 66.8217
5057 66.8217
5058 66.8217
5059 66.8217
5060 66.8217
5061 66.8217
5062 66.8217
5063 66.8217
5064 66.8217
5065 66.8217
5066 66.8217
5067 66.8217
5068 66.8217
5069 66.8217
5070 66.8217
5071 66.8217
5072 66.8217
5073 66.8217
5074 66.8217
5075 66.8217
5076 66.8217
5077 66.8217
5078 66.8217
5079 66.8217
5080 66.8217
5081 66.8217
5082 66.8217
5083 66.8217
5084 66.8217
5085 66.8217
5086 66.8217
5087 66.8217
5088 66.8217
5089 66.8217
5090 66.8217
5091 66.8217
5092 66.8217
5093 66.8217
5094 66.8217
5095 66.8217
5096 66.8217
5097 66.8217
5098 66.8217
5099 66.8217
5100 66.8217
5101 66.8217
5102 66.8217
5103 66.8217
5104 66.8217
5105 66.8217
5106 66.8217
5107 66.8217
5108 66.8217
5109 66.8217
5110 66.8217
5111 66.8217
5112 66.8217
5113 66.8217
5114 66.8217
5115 66.8217
5116 66.8217
5117 66.8217
5118 66.8217
5119 66.8217
5120 66.8217
5121 66.8217
5122 66.8217
5123 66.8217
5124 66.8217
5125 66.8217
5126 66.8217
5127 66.8217
5128 66.8217
5129 66.8217
5130 66.8217
5131 66.8217
5132 66.8217
5133 66.8217
5134 66.8217
5135 66.8217
5136 66.8217
5137 66.8217
5138 66.8217
5139 66.8217
5140 66.8217
5141 66.8217
5142 66.8217
5143 66.8217
5144 66.8217
5145 66.8217
5146 66.8217
5147 66.8217
5148 66.8217
5149 66.8217
5150 66.8217
5151 66.8217
5152 66.8217
5153 66.8217
5154 66.8217
5155 66.8217
5156 66.8217
5157 66.8217
5158 66.8217
5159 66.8217
5160 66.8217
5161 66.8217
5162 66.8217
5163 66.8217
5164 66.8217
5165 66.8217
5166 66.8217
5167 66.8217
5168 66.8217
5169 66.8217
5170 66.8217
5171 66.8217
5172 66.8217
5173 66.8217
5174 66.8217
5175 66.8217
5176 66.8217
5177 66.8217
5178 66.8217
5179 66.8217
5180 66.8217
5181 66.8217
5182 66.8217
5183 66.8217
5184 66.8217
5185 66.8217
5186 66.8217
5187 66.8217
5188 66.8217
5189 66.8217
5190 66.8217
5191 66.8217
5192 66.8217
5193 66.8217
5194 66.8217
5195 66.8217
5196 66.8217
5197 66.8217
5198 66.8217
5199 66.8217
5200 66.8217
5201 66.8217
5202 66.8217
5203 66.8217
5204 66.8217
5205 66.8217
5206 66.8217
5207 66.8217
5208 66.8217
5209 66.8217
5210 66.8217
5211 66.8217
5212 66.8217
5213 66.8217
5214 66.8217
5215 66.8217
5216 66.8217
5217 66.8217
5218 66.8217
5219 66.8217
5220 66.8217
5221 66.8217
5222 66.8217
5223 66.8217
5224 66.8217
5225 66.8217
5226 66.8217
5227 66.8217
5228 66.8217
5229 66.8217
5230 66.8217
5231 66.8217
5232 66.8217
5233 66.8217
5234 66.8217
5235 66.8217
5236 66.8217
5237 66.8217
5238 66.8217
5239 66.8217
5240 66.8217
5241 66.8217
5242 66.8217
5243 66.8217
5244 66.8217
5245 66.8217
5246 66.8217
5247 66.8217
5248 66.8217
5249 66.8217
5250 66.8217
5251 66.8217
5252 66.8217
5253 66.8217
5254 66.8217
5255 66.8217
5256 66.8217
5257 66.8217
5258 66.8217
5259 66.8217
5260 66.8217
5261 66.8217
5262 66.8217
5263 66.8217
5264 66.8217
5265 66.8217
5266 66.8217
5267 66.8217
5268 66.8217
5269 66.8217
5270 66.8217
5271 66.8217
5272 66.8217
5273 66.8217
5274 66.8217
5275 66.8217
5276 66.8217
5277 66.8217
5278 66.8217
5279 66.8217
5280 66.8217
5281 66.8217
5282 66.8217
5283 66.8217
5284 66.8217
5285 66.8217
5286 66.8217
5287 66.8217
5288 66.8217
5289 66.8217
5290 66.8217
5291 66.8217
5292 66.8217
5293 66.8217
5294 66.8217
5295 66.8217
5296 66.8217
5297 66.8217
5298 66.8217
5299 66.8217
5300 66.8217
5301 66.8217
5302 66.8217
5303 66.8217
5304 66.8217
5305 66.8217
5306 66.8217
5307 66.8217
5308 66.8217
5309 66.8217
5310 66.8217
5311 66.8217
5312 66.8217
5313 66.8217
5314 66.8217
5315 66.8217
5316 66.8217
5317 66.8217
5318 66.8217
5319 66.8217
5320 66.8217
5321 65.6381
5322 65.6381
5323 65.3189
5324 65.3189
5325 65.3189
5326 65.3189
5327 65.3189
5328 65.3189
5329 65.3189
5330 65.3189
5331 65.3189
5332 65.3189
5333 65.3189
5334 65.3189
5335 65.3189
5336 65.3189
5337 65.3189
5338 65.3189
5339 65.2539
5340 65.2539
5341 65.2539
5342 65.2539
5343 65.2539
5344 65.2539
5345 65.2539
5346 65.2539
5347 65.2539
5348 65.2539
5349 65.2539
5350 65.2539
5351 65.2539
5352 65.2539
5353 65.2539
5354 65.2539
5355 65.2539
5356 65.2539
5357 65.2539
5358 65.2539
5359 65.2539
5360 65.2539
5361 65.2539
5362 65.2539
5363 65.2539
5364 65.2539
5365 65.2539
5366 65.2539
5367 65.2539
5368 65.2539
5369 65.2539
5370 65.2539
5371 65.2539
5372 65.2539
5373 65.2539
5374 65.2539
5375 65.2539
5376 65.2539
5377 65.2539
5378 65.2539
5379 65.2539
5380 65.2539
5381 65.2539
5382 65.2539
5383 65.2539
5384 65.2539
5385 65.2539
5386 65.2539
5387 65.2539
5388 65.2539
5389 65.2539
5390 65.2539
5391 65.2539
5392 65.2539
5393 65.2539
5394 65.2539
5395 65.2539
5396 65.2539
5397 65.2539
5398 65.2539
5399 65.2539
5400 65.2539
5401 65.2539
5402 65.2539
5403 65.2539
5404 65.2539
5405 65.2539
5406 65.2539
5407 65.2539
5408 65.2539
5409 65.2539
5410 65.2539
5411 65.2539
5412 65.2539
5413 65.2539
5414 65.2539
5415 65.2539
5416 65.2539
5417 65.2539
5418 65.2539
5419 65.2539
5420 65.2539
5421 65.2539
5422 65.2539
5423 65.2539
5424 65.2539
5425 65.2539
5426 65.2539
5427 65.2539
5428 65.2539
5429 65.2539
5430 65.2539
5431 65.2539
5432 65.2539
5433 65.2539
5434 65.2539
5435 65.2539
5436 65.2539
5437 65.2539
5438 65.2539
5439 65.2539
5440 65.2539
5441 65.2539
5442 65.2539
5443 65.2539
5444 65.2539
5445 65.2539
5446 65.2539
5447 65.2539
5448 65.2539
5449 65.2539
5450 65.2539
5451 65.2539
5452 65.2539
5453 65.2539
5454 65.2539
5455 65.2539
5456 65.2539
5457 65.2539
5458 65.2539
5459 65.2539
5460 65.2539
5461 65.2539
5462 65.2539
5463 65.2539
5464 65.2539
5465 65.2539
5466 65.2539
5467 65.2539
5468 65.2539
5469 65.2539
5470 65.2539
5471 65.2539
5472 65.2539
5473 65.2539
5474 65.2539
5475 65.2539
5476 65.2539
5477 65.2539
5478 65.2539
5479 65.2539
5480 65.2539
5481 65.2539
5482 65.2539
5483 65.2539
5484 65.2539
5485 65.2539
5486 65.2539
5487 65.2539
5488 65.2539
5489 65.2539
5490 65.2539
5491 65.2539
5492 65.2539
5493 65.2539
5494 65.2539
5495 65.2539
5496 65.2539
5497 65.2539
5498 65.2539
5499 65.2539
5500 65.2539
5501 65.2539
5502 65.2539
5503 65.2539
5504 65.2539
5505 65.2539
5506 65.2539
5507 65.2539
5508 65.2539
5509 65.2539
5510 65.2539
5511 65.2539
5512 65.2539
5513 65.2539
5514 65.2539
5515 65.2539
5516 65.2539
5517 65.2539
5518 65.2539
5519 65.2539
5520 65.2539
5521 65.2539
5522 65.2539
5523 65.2539
5524 65.2539
5525 65.2539
5526 65.2539
5527 65.2539
5528 65.2539
5529 65.2539
5530 65.2539
5531 65.2539
5532 65.2539
5533 65.2539
5534 65.2539
5535 65.2539
5536 65.2539
5537 65.2539
5538 65.2539
5539 65.2539
5540 65.2539
5541 65.2539
5542 65.2539
5543 65.2539
5544 65.2539
5545 65.2539
5546 65.2539
5547 65.2539
5548 65.2539
5549 65.2539
5550 65.2539
5551 65.2539
5552 65.2539
5553 65.2539
5554 65.2539
5555 65.2539
5556 65.2539
5557 65.2539
5558 65.2539
5559 65.2539
5560 65.2539
5561 65.2539
5562 65.2539
5563 65.2539
5564 65.2539
5565 65.2539
5566 65.2539
5567 65.2539
5568 65.2539
5569 65.2539
5570 65.2539
5571 65.2539
5572 65.2539
5573 65.2539
5574 65.2539
5575 65.2539
5576 65.2539
5577 65.2539
5578 65.2539
5579 65.2539
5580 65.2539
5581 65.2539
5582 65.2539
5583 65.2539
5584 65.2539
5585 65.2539
5586 65.2539
5587 65.2539
5588 65.2539
5589 65.2539
5590 65.2539
5591 65.2539
5592 65.2539
5593 65.2539
5594 65.2539
5595 65.2539
5596 65.2539
5597 65.2539
5598 65.2539
5599 65.2539
5600 65.2539
5601 65.2539
5602 65.2539
5603 65.2539
5604 65.2539
5605 65.2539
5606 65.2539
5607 65.2539
5608 65.2539
5609 65.2539
5610 65.2539
5611 65.2539
5612 65.2539
5613 65.2539
5614 65.2539
5615 65.2539
5616 65.2539
5617 65.2539
5618 65.2539
5619 65.2539
5620 65.2539
5621 65.2539
5622 65.2539
5623 65.2539
5624 65.2539
5625 65.2539
5626 65.2539
5627 65.2539
5628 65.2539
5629 65.2539
5630 65.2539
5631 65.2539
5632 65.2539
5633 65.2539
5634 65.2539
5635 65.2539
5636 65.2539
5637 65.2539
5638 65.2539
5639 65.2539
5640 65.2539
5641 65.2539
5642 65.2539
5643 65.2539
5644 65.2539
5645 65.2539
5646 65.2539
5647 65.2539
5648 65.2539
5649 65.2539
5650 65.2539
5651 65.2539
5652 65.2539
5653 65.2539
5654 65.2539
5655 65.2539
5656 65.2539
5657 65.2539
5658 65.2539
5659 65.2539
5660 65.2539
5661 65.2539
5662 65.2539
5663 65.2539
5664 65.2539
5665 65.2539
5666 65.2539
5667 65.2539
5668 65.2539
5669 65.2539
5670 65.2539
5671 65.2539
5672 65.2539
5673 65.2539
5674 65.2539
5675 65.2539
5676 65.2539
5677 65.2539
5678 65.2539
5679 65.2539
5680 65.2539
5681 65.2539
5682 65.2539
5683 65.2539
5684 65.2539
5685 65.2539
5686 65.2539
5687 65.2539
5688 65.2539
5689 65.2539
5690 65.2539
5691 65.2539
5692 65.2539
5693 65.2539
5694 65.2539
5695 65.2539
5696 65.2539
5697 65.2539
5698 65.2539
5699 65.2539
5700 65.2539
5701 65.2539
5702 65.2539
5703 65.2539
5704 65.2539
5705 65.2539
5706 65.2539
5707 65.2539
5708 65.2539
5709 65.2539
5710 65.2539
5711 65.2539
5712 65.2539
5713 65.2539
5714 65.2539
5715 65.2539
5716 65.2539
5717 65.2539
5718 65.2539
5719 65.2539
5720 65.2539
5721 65.2539
5722 65.2539
5723 65.2539
5724 65.2539
5725 65.2539
5726 65.2539
5727 65.2539
5728 65.2539
5729 65.2539
5730 65.2539
5731 65.2539
5732 65.2539
5733 65.2539
5734 65.2539
5735 65.2539
5736 65.2539
5737 65.2539
5738 65.2539
5739 65.2539
5740 65.2539
5741 65.2539
5742 65.2539
5743 65.2539
5744 65.2539
5745 65.2539
5746 65.2539
5747 65.2539
5748 65.2539
5749 65.2539
5750 65.2539
5751 65.2539
5752 65.2539
5753 65.2539
5754 65.2539
5755 65.2539
5756 65.2539
5757 65.2539
5758 65.2539
5759 65.2539
5760 65.2539
5761 65.2539
5762 65.2539
5763 65.2539
5764 65.2539
5765 65.2539
5766 65.2539
5767 65.2539
5768 65.2539
5769 65.2539
5770 65.2539
5771 65.2539
5772 65.2539
5773 65.2539
5774 65.2539
5775 65.2539
5776 65.2539
5777 65.2539
5778 65.2539
5779 65.2539
5780 65.2539
5781 65.2539
5782 65.2539
5783 65.2539
5784 65.2539
5785 65.2539
5786 65.2539
5787 65.2539
5788 65.2539
5789 65.2539
5790 65.2539
5791 65.2539
5792 65.2539
5793 65.2539
5794 65.2539
5795 65.2539
5796 65.2539
5797 65.2539
5798 65.2539
5799 65.2539
5800 65.2539
5801 65.2539
5802 65.2539
5803 65.2539
5804 65.2539
5805 65.2539
5806 65.2539
5807 65.2539
5808 65.2539
5809 65.2539
5810 65.2539
5811 65.2539
5812 65.2539
5813 65.2539
5814 65.2539
5815 65.2539
5816 65.2539
5817 65.2539
5818 65.2539
5819 65.2539
5820 65.2539
5821 65.2539
5822 65.2539
5823 65.2539
5824 65.2539
5825 65.2539
5826 65.2539
5827 65.2539
5828 65.2539
5829 65.2539
5830 65.2539
5831 65.2539
5832 65.2539
5833 65.2539
5834 65.2539
5835 65.2539
5836 65.2539
5837 65.2539
5838 65.2539
5839 65.2539
5840 65.2539
5841 65.2539
5842 65.2539
5843 65.2539
5844 65.2539
5845 65.2539
5846 65.2539
5847 65.2539
5848 65.2539
5849 65.2539
5850 65.2539
5851 65.2539
5852 65.2539
5853 65.2539
5854 65.2539
5855 65.2539
5856 65.2539
5857 65.2539
5858 65.2539
5859 65.2539
5860 65.2539
5861 65.2539
5862 65.2539
5863 65.2539
5864 65.2539
5865 65.2539
5866 65.2539
5867 65.2539
5868 65.2539
5869 65.2539
5870 65.2539
5871 65.2539
5872 65.2539
5873 65.2539
5874 65.2539
5875 65.2539
5876 65.2539
5877 65.2539
5878 65.2539
5879 65.2539
5880 65.2539
5881 65.2539
5882 65.2539
5883 65.2539
5884 65.2539
5885 65.2539
5886 65.2539
5887 65.2539
5888 65.2539
5889 65.2539
5890 65.2539
5891 65.2539
5892 65.2539
5893 65.2539
5894 65.2539
5895 65.2539
5896 65.2539
5897 65.2539
5898 65.2539
5899 65.2539
5900 65.2539
5901 65.2539
5902 65.2539
5903 65.2539
5904 65.2539
5905 65.2539
5906 65.2539
5907 65.2539
5908 65.2539
5909 65.2539
5910 65.2539
5911 65.2539
5912 65.2539
5913 65.2539
5914 65.2539
5915 65.2539
5916 65.2539
5917 65.2539
5918 65.2539
5919 65.2539
5920 65.2539
5921 65.2539
5922 65.2539
5923 65.2539
5924 65.2539
5925 65.2539
5926 65.2539
5927 65.2539
5928 65.2539
5929 65.2539
5930 65.2539
5931 65.2539
5932 65.2539
5933 65.2539
5934 65.2539
5935 65.2539
5936 65.2539
5937 65.2539
5938 65.2539
5939 65.2539
5940 65.2539
5941 65.2539
5942 65.2539
5943 65.2539
5944 65.2539
5945 65.2539
5946 65.2539
5947 65.2539
5948 65.2539
5949 65.2539
5950 65.2539
5951 65.2539
5952 65.2539
5953 65.2539
5954 65.2539
5955 65.2539
5956 65.2539
5957 65.2539
5958 65.2539
5959 65.2539
5960 65.2539
5961 65.2539
5962 65.2539
5963 65.2539
5964 65.2539
5965 65.2539
5966 65.2539
5967 65.2539
5968 65.2539
5969 65.2539
5970 65.2539
5971 65.2539
5972 65.2539
5973 65.2539
5974 65.2539
5975 65.2539
5976 65.2539
5977 65.2539
5978 65.2539
5979 65.2539
5980 65.2539
5981 65.2539
5982 65.2539
5983 65.2539
5984 65.2539
5985 65.2539
5986 65.2539
5987 65.2539
5988 65.2539
5989 65.2539
5990 65.2539
5991 65.2539
5992 65.2539
5993 65.2539
5994 65.2539
5995 65.2539
5996 65.2539
5997 65.2539
5998 65.2539
5999 65.2539
4000 65.2539
