1 428.136
2 415.752
3 408.175
4 403.621
5 385.757
6 385.757
7 383.923
8 379.19
9 371.703
10 367.156
11 359.455
12 354.61
13 338.207
14 337.729
15 334.211
16 329.134
17 329.134
18 329.134
19 321.917
20 321.146
21 321.146
22 309.921
23 308.702
24 303.187
25 303.187
26 303.187
27 295.262
28 295.141
29 292.802
30 291.795
31 287.358
32 284.961
33 284.961
34 284.961
35 283.241
36 283.241
37 279.55
38 279.55
39 275.758
40 275.758
41 272.754
42 271.483
43 271.022
44 269.591
45 268.186
46 260.546
47 250.79
48 250.79
49 250.79
50 245.369
51 243.739
52 243.739
53 243.695
54 243.695
55 240.355
56 239.129
57 231.457
58 231.457
59 231.412
60 228.925
61 228.904
62 228.904
63 228.778
64 227.293
65 221.617
66 221.617
67 221.617
68 223.052
69 222.318
70 220.478
71 218.546
72 217.574
73 217.574
74 216.163
75 216.163
76 214.852
77 214.373
78 214.029
79 213.915
80 213.099
81 213.099
82 209.401
83 209.401
84 208.09
85 207.164
86 203.84
87 203.84
88 201.997
89 201.997
90 201.997
91 201.997
92 201.624
93 197.335
94 197.335
95 195.914
96 195.914
97 195.914
98 192.964
99 192.673
100 192.673
101 192.673
102 192.673
103 192.673
104 190.946
105 187.084
106 187.084
107 187.084
108 187.084
109 187.084
110 186.782
111 184.43
112 184.43
113 184.43
114 184.43
115 184.43
116 184.43
117 184.4
118 183.788
119 182.522
120 182.522
121 182.051
122 182.051
123 181.616
124 176.969
125 176.969
126 176.969
127 176.634
128 174.591
129 174.591
130 174.591
131 174.591
132 174.591
133 174.591
134 172.343
135 172.343
136 172.315
137 172.315
138 172.315
139 171.732
140 171.349
141 171.349
142 168.065
143 168.065
144 168.065
145 168.065
146 166.945
147 166.945
148 166.945
149 164.059
150 164.059
151 163.974
152 163.735
153 162.983
154 162.983
155 162.983
156 162.983
157 162.983
158 159.992
159 159.992
160 159.992
161 159.992
162 158.841
163 158.841
164 158.841
165 158.684
166 158.684
167 158.252
168 158.252
169 157.85
170 157.693
171 156.909
172 156.035
173 155.991
174 155.991
175 155.991
176 155.991
177 155.991
178 155.325
179 155.325
180 155.325
181 154.759
182 154.759
183 154.759
184 154.753
185 154.18
186 154.18
187 154.18
188 153.995
189 153.924
190 152.458
191 152.458
192 152.458
193 151.341
194 151.341
195 151.163
196 151.163
197 151.163
198 150.449
199 150.449
200 150.449
201 150.449
202 150.263
203 148.87
204 148.636
205 148.636
206 148.636
207 148.508
208 148.113
209 148.085
210 148.085
211 148.05
212 147.465
213 147.465
214 147.465
215 147.465
216 147.465
217 147.465
218 147.465
219 147.465
220 147.465
221 146.628
222 146.628
223 146.628
224 146.628
225 146.459
226 146.628
227 146.628
228 146.459
229 145.623
230 144.359
231 144.359
232 144.359
233 144.359
234 144.359
235 143.046
236 143.046
237 143.046
238 141.991
239 141.65
240 141.404
241 141.404
242 141.65
243 141.65
244 141.65
245 140.376
246 140.376
247 140.376
248 139.71
249 139.71
250 139.71
251 139.71
252 139.71
253 139.131
254 139.033
255 139.033
256 135.187
257 135.187
258 133.822
259 133.822
260 133.822
261 133.822
262 133.822
263 133.822
264 133.822
265 133.65
266 133.363
267 132.443
268 132.443
269 132.443
270 129.389
271 131.826
272 131.826
273 129.389
274 129.389
275 129.389
276 129.217
277 127.754
278 127.913
279 127.913
280 125.333
281 125.333
282 125.333
283 125.333
284 125.333
285 125.333
286 124.965
287 124.965
288 124.965
289 124.965
290 124.836
291 124.233
292 124.233
293 124.233
294 124.004
295 123.648
296 123.62
297 123.62
298 123.62
299 123.62
300 123.62
301 123.337
302 122.957
303 122.943
304 122.868
305 122.259
306 122.012
307 122.253
308 122.253
309 121.257
310 121.837
311 121.837
312 121.837
313 121.837
314 121.837
315 121.837
316 121.13
317 121.13
318 121.13
319 121.078
320 121.078
321 120.655
322 120.655
323 120.655
324 120.171
325 120.655
326 120.655
327 120.643
328 120.643
329 120.421
330 120.421
331 120.239
332 119.567
333 119.567
334 119.567
335 119.567
336 119.567
337 119.567
338 119.567
339 119.567
340 118.89
341 118.58
342 118.58
343 118.58
344 118.58
345 118.58
346 118.58
347 118.58
348 118.018
349 117.341
350 117.341
351 117.341
352 117.341
353 116.647
354 116.647
355 116.647
356 116.647
357 116.647
358 116.647
359 116.379
360 116.379
361 116.379
362 116.379
363 116.379
364 116.379
365 116.379
366 115.998
367 115.998
368 115.998
369 115.998
370 115.998
371 115.998
372 115.998
373 113.904
374 113.904
375 113.904
376 113.904
377 113.904
378 113.904
379 113.904
380 113.904
381 113.904
382 113.904
383 113.904
384 113.904
385 113.43
386 113.43
387 113.43
388 113.9
389 113.9
390 112.042
391 112.042
392 112.042
393 112.042
394 111.939
395 111.939
396 111.939
397 111.939
398 111.939
399 111.821
400 111.821
401 111.821
402 111.821
403 110.096
404 110.096
405 110.096
406 110.096
407 110.096
408 110.096
409 110.096
410 110.096
411 110.096
412 110.096
413 110.096
414 110.096
415 110.096
416 110.096
417 110.096
418 110.096
419 109.823
420 109.353
421 109.353
422 109.353
423 109.353
424 109.353
425 109.353
426 109.353
427 109.353
428 109.353
429 109.353
430 109.353
431 109.353
432 109.353
433 109.353
434 109.353
435 109.353
436 109.353
437 106.521
438 106.521
439 106.521
440 106.521
441 106.521
442 106.521
443 106.521
444 106.521
445 105.735
446 105.735
447 105.735
448 105.735
449 105.735
450 104.932
451 104.932
452 104.932
453 104.932
454 104.932
455 104.932
456 104.932
457 104.932
458 104.932
459 104.932
460 104.932
461 104.932
462 104.932
463 104.932
464 104.932
465 104.385
466 104.385
467 104.385
468 104.385
469 104.385
470 104.385
471 104.385
472 104.385
473 104.385
474 104.385
475 104.385
476 104.385
477 103.902
478 102.208
479 102.208
480 102.208
481 102.208
482 102.208
483 102.208
484 102.208
485 102.208
486 102.208
487 102.208
488 102.208
489 102.208
490 102.208
491 102.208
492 102.208
493 102.208
494 102.208
495 102.208
496 102.208
497 102.173
498 102.173
499 102.138
500 102.138
501 101.706
502 101.706
503 101.706
504 101.437
505 99.7605
506 99.7605
507 99.7605
508 99.7605
509 99.7605
510 99.4914
511 99.4914
512 99.4914
513 99.4914
514 99.4629
515 99.4629
516 99.431
517 99.431
518 99.431
519 99.431
520 99.431
521 99.1737
522 99.1737
523 99.1737
524 98.5427
525 98.5427
526 98.5427
527 98.5427
528 98.5427
529 98.5427
530 97.5906
531 97.5906
532 97.5906
533 97.5906
534 97.5906
535 97.4259
536 97.4259
537 97.4018
538 97.4018
539 97.4018
540 97.4018
541 97.4018
542 97.4018
543 97.1343
544 97.1343
545 96.7626
546 96.7626
547 96.7626
548 96.7626
549 96.7626
550 96.2833
551 95.9176
552 95.9176
553 95.9176
554 95.9176
555 95.7763
556 95.7763
557 95.7763
558 95.7763
559 95.7763
560 95.7763
561 95.7763
562 95.7763
563 95.7763
564 95.7763
565 95.7763
566 95.7763
567 95.7763
568 95.7763
569 95.7763
570 95.7763
571 94.8173
572 95.7763
573 95.1826
574 95.1826
575 95.1826
576 95.7763
577 95.7763
578 95.7763
579 95.7763
580 95.7763
581 95.7763
582 95.3419
583 95.3419
584 95.3419
585 95.3419
586 95.3419
587 95.3419
588 95.3419
589 95.3419
590 95.3419
591 95.3419
592 95.3306
593 95.3306
594 95.3306
595 95.3306
596 95.3306
597 95.3306
598 95.3306
599 95.3306
600 95.3306
601 95.3306
602 95.3306
603 95.3306
604 95.3306
605 95.3306
606 95.3306
607 95.3306
608 95.3306
609 95.3306
610 95.3306
611 95.3306
612 95.3306
613 95.3306
614 95.3306
615 95.3306
616 95.3306
617 95.3306
618 95.3306
619 95.3306
620 95.3306
621 95.3306
622 94.8727
623 94.8727
624 94.8727
625 94.8727
626 94.6502
627 94.6502
628 94.6502
629 94.4677
630 94.2499
631 94.2499
632 94.2499
633 94.2499
634 94.2499
635 94.2499
636 94.2499
637 94.2499
638 94.2499
639 94.2176
640 94.2499
641 93.8693
642 93.8693
643 92.8674
644 92.8674
645 92.8674
646 92.8674
647 92.8674
648 92.8674
649 92.8674
650 92.4011
651 92.4011
652 92.4011
653 92.4011
654 92.2139
655 92.2139
656 92.2139
657 92.2139
658 92.2139
659 92.2139
660 92.2139
661 92.2139
662 92.2139
663 91.6191
664 91.6191
665 91.6191
666 91.6191
667 91.6191
668 91.6191
669 91.6191
670 91.0156
671 91.0156
672 91.0156
673 91.0156
674 91.0156
675 91.0156
676 91.0156
677 91.0156
678 91.0156
679 91.0156
680 91.0156
681 91.0156
682 90.4219
683 90.4219
684 90.2796
685 90.2796
686 90.2796
687 90.0314
688 90.0314
689 90.0314
690 90.0314
691 90.0314
692 90.0314
693 90.0314
694 90.0314
695 90.0314
696 89.668
697 89.668
698 89.668
699 89.668
700 89.668
701 89.668
702 89.668
703 89.668
704 89.4253
705 89.4253
706 89.5461
707 89.668
708 89.668
709 89.552
710 89.552
711 89.552
712 89.552
713 89.3661
714 89.3661
715 89.3661
716 89.3661
717 89.3661
718 89.3661
719 89.3661
720 89.3661
721 89.3661
722 89.3661
723 89.0942
724 89.0942
725 89.0942
726 89.0942
727 89.0942
728 89.0942
729 89.0942
730 89.0942
731 89.0942
732 89.0942
733 89.0942
734 89.0942
735 89.0942
736 89.0942
737 89.0942
738 89.0942
739 89.0942
740 89.0942
741 89.0942
742 89.0942
743 89.0942
744 89.0942
745 89.0942
746 89.0942
747 89.0942
748 89.0942
749 89.0942
750 89.0942
751 89.0942
752 89.0942
753 88.2886
754 88.2886
755 88.2886
756 88.2886
757 88.2886
758 88.2886
759 88.2886
760 88.2886
761 88.2886
762 88.2886
763 88.2886
764 88.2886
765 88.2886
766 87.6521
767 87.6521
768 87.6348
769 87.6348
770 87.6348
771 87.6348
772 87.6348
773 87.6348
774 87.6348
775 87.6348
776 87.6348
777 87.6348
778 87.6348
779 87.6348
780 87.6348
781 87.6348
782 87.6348
783 87.6348
784 87.6348
785 87.6348
786 87.6348
787 87.6348
788 87.6348
789 87.6348
790 87.6348
791 87.6348
792 87.6348
793 87.6348
794 87.6348
795 87.6348
796 87.6348
797 87.0593
798 87.0593
799 87.0593
800 87.0593
801 87.0593
802 87.0593
803 87.0593
804 87.0593
805 87.0593
806 87.0593
807 87.0593
808 86.4984
809 86.4984
810 86.4984
811 86.4984
812 86.4984
813 86.4984
814 86.4984
815 86.3684
816 86.3684
817 86.3684
818 86.3684
819 86.3684
820 86.3684
821 86.3684
822 86.3684
823 86.3684
824 86.3684
825 86.3684
826 86.3684
827 86.3684
828 86.3684
829 86.3684
830 86.0764
831 86.0764
832 86.0764
833 86.0764
834 86.0764
835 86.0764
836 86.0764
837 86.0764
838 86.0764
839 86.0764
840 86.0764
841 85.9849
842 85.9849
843 85.9849
844 85.9849
845 85.9849
846 85.9849
847 85.9849
848 85.9849
849 85.9849
850 84.9223
851 84.9223
852 84.9223
853 84.9223
854 84.9223
855 84.9223
856 84.9223
857 84.9223
858 84.9223
859 84.9223
860 84.9223
861 84.9223
862 84.9223
863 84.9223
864 84.9223
865 84.9223
866 84.9223
867 84.9223
868 84.9223
869 84.9223
870 84.9223
871 84.9223
872 84.9223
873 84.517
874 84.9223
875 84.9223
876 84.9223
877 84.9223
878 84.9223
879 84.9223
880 84.9223
881 84.9223
882 84.9223
883 84.9223
884 84.9223
885 84.9223
886 84.9223
887 84.9223
888 84.9223
889 84.9223
890 84.8909
891 84.8909
892 84.5802
893 84.5802
894 84.5802
895 84.5802
896 84.5802
897 84.5802
898 84.5802
899 84.5802
900 84.5802
901 84.5802
902 84.5802
903 84.5802
904 84.4923
905 84.4923
906 84.278
907 84.278
908 84.278
909 84.2467
910 84.2467
911 84.2467
912 83.9215
913 83.9215
914 83.9215
915 83.9215
916 83.9215
917 83.9215
918 83.9209
919 83.9209
920 83.9209
921 83.9209
922 83.9209
923 83.9209
924 83.9209
925 83.9209
926 83.9209
927 82.7792
928 82.7792
929 82.7792
930 82.7792
931 82.7792
932 82.7792
933 82.7792
934 82.7792
935 82.7792
936 82.7792
937 82.7792
938 82.7792
939 82.7792
940 82.7792
941 82.7792
942 82.7792
943 82.7792
944 82.7792
945 82.7792
946 82.7792
947 82.7792
948 82.7792
949 82.7792
950 82.7792
951 82.7792
952 82.7792
953 82.6991
954 82.6991
955 82.6991
956 82.4455
957 82.4455
958 82.4455
959 82.4455
960 82.4455
961 82.4455
962 82.4455
963 82.4455
964 82.4455
965 82.4455
966 82.4455
967 82.4455
968 82.4455
969 82.4455
970 82.4455
971 82.4455
972 82.4455
973 82.4455
974 82.4455
975 82.4455
976 82.4455
977 82.4455
978 82.4455
979 82.4455
980 82.4455
981 82.4455
982 82.4455
983 82.4455
984 82.4455
985 82.4455
986 82.4455
987 82.4455
988 82.4455
989 82.4455
990 82.4455
991 82.4455
992 82.4455
993 82.4455
994 82.4455
995 82.4455
996 82.4455
997 82.4455
998 82.4455
999 82.4455
1000 82.4455
1001 82.4455
1002 82.4455
1003 82.4455
1004 82.4455
1005 82.4455
1006 82.4455
1007 82.4455
1008 82.037
1009 82.037
1010 82.037
1011 82.037
1012 82.037
1013 82.037
1014 82.037
1015 82.037
1016 82.037
1017 82.037
1018 82.037
1019 82.037
1020 82.037
1021 82.037
1022 82.037
1023 82.037
1024 82.037
1025 82.037
1026 82.037
1027 82.037
1028 82.037
1029 82.037
1030 82.037
1031 82.037
1032 82.037
1033 82.037
1034 82.037
1035 82.037
1036 82.037
1037 82.037
1038 82.037
1039 82.037
1040 82.037
1041 81.9909
1042 81.9909
1043 81.9909
1044 81.9909
1045 81.9909
1046 81.9909
1047 81.9909
1048 81.9909
1049 81.9909
1050 81.9909
1051 81.9909
1052 81.9909
1053 81.6672
1054 81.6672
1055 81.6672
1056 81.6672
1057 81.6672
1058 81.6672
1059 81.6672
1060 81.6672
1061 81.6672
1062 81.6672
1063 81.6211
1064 81.6211
1065 81.6211
1066 81.6211
1067 81.6211
1068 81.6211
1069 81.6211
1070 81.6211
1071 81.6211
1072 81.6211
1073 81.6211
1074 81.6211
1075 81.6211
1076 81.6211
1077 81.6211
1078 81.6211
1079 81.6211
1080 81.6211
1081 81.6211
1082 81.6211
1083 81.6211
1084 81.6211
1085 81.6211
1086 81.6211
1087 81.6211
1088 81.6211
1089 81.6211
1090 81.6211
1091 81.6211
1092 81.6211
1093 81.6211
1094 81.6211
1095 81.6211
1096 81.6211
1097 81.6211
1098 81.6211
1099 81.6211
1100 81.6211
1101 81.6211
1102 81.2096
1103 81.2096
1104 81.2096
1105 81.2096
1106 81.2096
1107 81.2096
1108 81.2096
1109 81.2096
1110 80.6033
1111 80.6033
1112 80.6033
1113 80.1918
1114 80.1918
1115 80.1918
1116 80.1918
1117 80.1918
1118 80.1918
1119 80.1918
1120 80.1918
1121 80.1918
1122 80.1918
1123 80.1918
1124 80.1918
1125 80.1918
1126 80.1918
1127 80.1918
1128 80.1918
1129 80.1918
1130 80.1918
1131 80.1918
1132 80.1918
1133 80.1918
1134 80.1918
1135 80.1918
1136 80.1918
1137 79.7411
1138 80.1918
1139 80.1918
1140 80.1918
1141 80.1918
1142 79.7411
1143 79.7411
1144 79.7411
1145 79.7411
1146 79.7411
1147 79.7411
1148 79.0916
1149 79.0916
1150 79.0916
1151 79.0916
1152 79.0916
1153 79.0916
1154 79.0916
1155 79.0916
1156 79.0916
1157 79.0916
1158 79.0916
1159 79.0916
1160 79.0916
1161 79.0916
1162 79.0916
1163 79.0916
1164 79.0916
1165 79.0916
1166 78.5309
1167 78.5309
1168 78.5309
1169 78.5309
1170 78.5309
1171 78.5309
1172 78.5309
1173 78.5309
1174 78.5309
1175 78.5309
1176 78.5309
1177 78.5309
1178 78.5309
1179 78.5309
1180 78.5309
1181 78.5309
1182 78.5309
1183 78.5309
1184 78.5309
1185 78.5309
1186 78.5309
1187 78.5309
1188 78.5309
1189 78.5309
1190 78.5309
1191 78.5309
1192 78.5309
1193 78.5309
1194 78.5309
1195 78.5309
1196 78.5309
1197 78.5309
1198 78.5309
1199 78.5309
1200 78.0946
1201 78.0946
1202 78.0946
1203 78.0946
1204 78.0946
1205 78.0946
1206 78.0946
1207 78.0946
1208 78.0946
1209 78.0946
1210 78.0946
1211 78.0946
1212 78.0946
1213 78.0946
1214 78.0946
1215 78.0946
1216 78.0946
1217 78.0946
1218 78.0946
1219 78.0946
1220 78.0946
1221 78.0946
1222 78.0946
1223 78.0946
1224 78.0946
1225 78.0946
1226 78.0946
1227 78.0946
1228 78.0946
1229 78.0946
1230 78.0946
1231 78.0946
1232 78.0946
1233 78.0946
1234 78.0946
1235 78.0946
1236 78.0946
1237 78.0946
1238 78.0946
1239 78.0946
1240 78.0946
1241 78.0946
1242 78.0752
1243 78.0752
1244 78.0752
1245 78.0752
1246 77.7261
1247 77.7261
1248 77.7261
1249 77.7261
1250 77.7261
1251 77.7261
1252 77.7261
1253 77.7261
1254 77.7261
1255 77.7261
1256 77.7261
1257 77.7261
1258 77.7261
1259 77.7261
1260 77.7261
1261 77.7261
1262 77.7261
1263 77.7261
1264 77.7261
1265 77.7261
1266 77.7261
1267 77.7261
1268 77.7261
1269 77.7261
1270 77.7261
1271 77.7261
1272 77.7261
1273 77.7261
1274 77.7261
1275 77.7261
1276 77.7261
1277 77.7261
1278 77.7261
1279 77.7261
1280 77.7261
1281 77.7261
1282 77.7261
1283 77.7261
1284 77.7261
1285 77.7261
1286 77.7261
1287 77.7261
1288 77.7261
1289 77.7261
1290 77.7261
1291 77.7261
1292 77.7261
1293 77.7261
1294 77.7261
1295 77.7261
1296 77.7261
1297 77.7261
1298 77.7261
1299 77.7261
1300 77.7261
1301 77.7261
1302 77.7261
1303 77.7261
1304 77.7261
1305 77.7261
1306 77.7261
1307 77.7261
1308 77.7261
1309 77.7261
1310 77.7261
1311 77.7261
1312 77.7261
1313 77.7261
1314 77.7261
1315 77.7261
1316 77.7261
1317 77.7261
1318 77.7261
1319 77.7261
1320 77.7261
1321 77.7261
1322 77.7261
1323 77.7261
1324 77.7261
1325 77.7261
1326 77.7261
1327 77.7261
1328 77.7261
1329 77.7261
1330 77.7261
1331 77.7261
1332 77.7261
1333 77.7261
1334 77.7261
1335 77.7261
1336 77.5591
1337 77.5591
1338 77.5591
1339 77.5591
1340 77.5591
1341 77.5591
1342 77.5591
1343 77.5591
1344 77.5591
1345 77.5591
1346 77.5591
1347 77.5591
1348 77.5591
1349 77.5591
1350 77.5591
1351 77.5591
1352 77.5591
1353 77.5591
1354 77.5591
1355 77.5591
1356 77.5591
1357 77.5591
1358 77.5591
1359 77.5591
1360 77.5591
1361 77.5591
1362 77.5591
1363 77.5591
1364 77.5591
1365 77.5591
1366 77.5591
1367 77.5257
1368 77.5257
1369 77.5257
1370 77.5257
1371 77.5257
1372 77.5257
1373 77.5257
1374 77.5257
1375 77.5257
1376 77.5257
1377 77.5257
1378 77.5257
1379 77.5257
1380 77.5257
1381 77.5257
1382 77.5257
1383 77.5257
1384 77.5257
1385 77.5257
1386 77.5257
1387 77.4647
1388 77.4647
1389 77.4647
1390 77.4647
1391 77.4647
1392 77.4647
1393 77.4647
1394 77.4647
1395 77.4647
1396 77.4647
1397 77.4647
1398 77.4647
1399 77.4647
1400 77.4647
1401 77.4647
1402 77.0652
1403 77.0652
1404 77.0652
1405 77.0652
1406 77.0652
1407 77.0652
1408 77.0652
1409 77.0652
1410 77.0652
1411 77.0652
1412 77.0652
1413 77.0652
1414 77.0652
1415 77.0652
1416 77.0652
1417 77.0652
1418 77.0652
1419 77.0652
1420 77.0652
1421 77.0652
1422 77.0652
1423 77.0652
1424 77.0652
1425 77.0652
1426 77.0652
1427 77.0652
1428 77.0652
1429 77.0652
1430 77.0652
1431 77.0652
1432 77.0652
1433 77.0652
1434 77.0652
1435 77.0652
1436 77.0652
1437 77.0652
1438 77.0652
1439 77.0652
1440 77.0652
1441 77.0652
1442 77.0652
1443 77.0652
1444 77.0652
1445 77.0652
1446 77.0652
1447 77.0652
1448 77.0652
1449 77.0652
1450 77.0652
1451 77.0652
1452 77.0652
1453 77.0652
1454 77.0652
1455 77.0652
1456 77.0652
1457 77.0652
1458 77.0652
1459 77.0652
1460 77.0652
1461 77.0652
1462 77.0652
1463 77.0652
1464 76.955
1465 76.955
1466 76.955
1467 76.3812
1468 76.3812
1469 76.3812
1470 76.3812
1471 76.3812
1472 76.3812
1473 76.3812
1474 76.3812
1475 76.3812
1476 76.3812
1477 76.3812
1478 76.3812
1479 76.3812
1480 76.3812
1481 76.3812
1482 76.3812
1483 76.3812
1484 76.3812
1485 76.3812
1486 76.3812
1487 76.3812
1488 76.3812
1489 76.3812
1490 76.3812
1491 76.3812
1492 76.3812
1493 76.3812
1494 76.3812
1495 76.3812
1496 76.3812
1497 76.3812
1498 76.3812
1499 76.3812
1500 76.3812
1501 76.3812
1502 76.3812
1503 76.3812
1504 76.3812
1505 76.3812
1506 76.3812
1507 76.3812
1508 76.3812
1509 76.3812
1510 76.0647
1511 76.0647
1512 76.0647
1513 76.0647
1514 76.0647
1515 76.0647
1516 76.0647
1517 76.0647
1518 76.0647
1519 76.0647
1520 76.0647
1521 76.0647
1522 75.8319
1523 75.8319
1524 75.8319
1525 75.8319
1526 75.8319
1527 75.8319
1528 75.8319
1529 75.8319
1530 75.8319
1531 75.7793
1532 75.8319
1533 75.8319
1534 75.8319
1535 75.8319
1536 75.8319
1537 75.8319
1538 75.8319
1539 75.8319
1540 75.8319
1541 75.8319
1542 75.8319
1543 75.8319
1544 75.8319
1545 75.8319
1546 75.8319
1547 75.8319
1548 75.8319
1549 75.8319
1550 75.8319
1551 75.8319
1552 75.8319
1553 75.8319
1554 75.8319
1555 75.8319
1556 75.8319
1557 75.8319
1558 75.8319
1559 75.8319
1560 75.8319
1561 75.8319
1562 75.8319
1563 75.8319
1564 75.8319
1565 75.8319
1566 75.8319
1567 75.8319
1568 75.8319
1569 75.8319
1570 75.8319
1571 75.8319
1572 75.8319
1573 75.8319
1574 75.8319
1575 75.8319
1576 75.8319
1577 75.8319
1578 75.8319
1579 75.8319
1580 75.8319
1581 75.8319
1582 75.8319
1583 75.8319
1584 75.8319
1585 75.8319
1586 75.8319
1587 75.8319
1588 75.8319
1589 75.8319
1590 75.8319
1591 75.7075
1592 75.7075
1593 75.7075
1594 75.7075
1595 75.7075
1596 75.7075
1597 75.7075
1598 75.7075
1599 75.7075
1600 75.7075
1601 75.7075
1602 75.7075
1603 75.7075
1604 75.7075
1605 75.7075
1606 75.5931
1607 75.4465
1608 75.2275
1609 75.2275
1610 75.2275
1611 74.9665
1612 74.9665
1613 74.9665
1614 74.9665
1615 74.9665
1616 74.9371
1617 74.9371
1618 74.9371
1619 74.9371
1620 74.9371
1621 74.9371
1622 74.9371
1623 74.9371
1624 74.9371
1625 74.9371
1626 74.9371
1627 74.9371
1628 74.9371
1629 74.9371
1630 74.9371
1631 74.9371
1632 74.9371
1633 74.9371
1634 74.9371
1635 74.9371
1636 74.9371
1637 74.9371
1638 74.9371
1639 74.9371
1640 74.9371
1641 74.8227
1642 74.8227
1643 74.8227
1644 74.8227
1645 74.8227
1646 74.8227
1647 74.8227
1648 74.8227
1649 74.8227
1650 74.8227
1651 74.8227
1652 74.8227
1653 74.8227
1654 74.8227
1655 74.8227
1656 74.8227
1657 74.8227
1658 74.8227
1659 74.8227
1660 74.8227
1661 74.8227
1662 74.8227
1663 74.8227
1664 74.8227
1665 74.8227
1666 74.8227
1667 74.8227
1668 74.8227
1669 74.8227
1670 74.8227
1671 74.8227
1672 74.8227
1673 74.8227
1674 74.8227
1675 74.8227
1676 74.8227
1677 74.8227
1678 74.8227
1679 74.8227
1680 74.8227
1681 74.8227
1682 74.8227
1683 74.8227
1684 74.8227
1685 74.8227
1686 74.8227
1687 74.8227
1688 74.8227
1689 74.8227
1690 74.8227
1691 74.8227
1692 74.8227
1693 74.8227
1694 74.8227
1695 74.8227
1696 74.8227
1697 74.8227
1698 74.8227
1699 74.8227
1700 74.8227
1701 74.8227
1702 74.8227
1703 74.8227
1704 74.8227
1705 74.8227
1706 74.8227
1707 74.8227
1708 74.8227
1709 74.8227
1710 74.8227
1711 74.8227
1712 74.8227
1713 74.8227
1714 74.8227
1715 74.8227
1716 74.8227
1717 74.8227
1718 74.8227
1719 74.8227
1720 74.8227
1721 74.8227
1722 74.8227
1723 74.4155
1724 74.8227
1725 74.8227
1726 74.8227
1727 74.8227
1728 74.8227
1729 74.8227
1730 74.8227
1731 74.8227
1732 74.8227
1733 74.8227
1734 74.8227
1735 74.8227
1736 74.8227
1737 74.8227
1738 74.8227
1739 74.8227
1740 74.8227
1741 74.8227
1742 74.8227
1743 74.8227
1744 74.8227
1745 74.8227
1746 74.8227
1747 74.8227
1748 74.8227
1749 74.8227
1750 74.8227
1751 74.8227
1752 74.8227
1753 74.8227
1754 74.8227
1755 74.8227
1756 74.8227
1757 74.8227
1758 74.8227
1759 74.8227
1760 74.8227
1761 74.8227
1762 74.8227
1763 74.8227
1764 74.8227
1765 74.8227
1766 74.8227
1767 74.8227
1768 74.8227
1769 74.8227
1770 74.8227
1771 74.8227
1772 74.4482
1773 74.4482
1774 74.4482
1775 74.4482
1776 74.4482
1777 74.4482
1778 74.4482
1779 74.4482
1780 74.4482
1781 74.4482
1782 74.4482
1783 74.4482
1784 74.4482
1785 74.4482
1786 74.4482
1787 74.4482
1788 74.4482
1789 74.4482
1790 74.4482
1791 74.4482
1792 74.4482
1793 74.4482
1794 74.4482
1795 74.4482
1796 74.4482
1797 74.4482
1798 74.4482
1799 74.4482
1800 74.4482
1801 74.4482
1802 74.4482
1803 74.4482
1804 74.4482
1805 74.4482
1806 74.4482
1807 74.4482
1808 74.4482
1809 74.4482
1810 73.966
1811 73.966
1812 73.966
1813 73.966
1814 73.966
1815 73.966
1816 73.966
1817 73.966
1818 73.966
1819 73.966
1820 73.966
1821 73.966
1822 73.966
1823 73.966
1824 73.966
1825 73.966
1826 73.966
1827 73.966
1828 73.966
1829 73.966
1830 73.966
1831 73.966
1832 73.966
1833 73.966
1834 73.966
1835 73.966
1836 73.966
1837 73.966
1838 73.966
1839 73.966
1840 73.966
1841 73.966
1842 73.966
1843 73.966
1844 73.966
1845 73.966
1846 73.966
1847 73.966
1848 73.966
1849 73.966
1850 73.966
1851 73.966
1852 73.966
1853 73.966
1854 73.966
1855 73.966
1856 73.966
1857 73.966
1858 73.966
1859 73.966
1860 73.966
1861 73.966
1862 73.966
1863 73.966
1864 73.966
1865 73.966
1866 73.966
1867 73.966
1868 73.966
1869 73.966
1870 73.966
1871 73.966
1872 73.966
1873 73.966
1874 73.966
1875 73.966
1876 73.966
1877 73.966
1878 73.966
1879 73.966
1880 73.966
1881 73.9077
1882 73.9077
1883 73.9077
1884 73.9077
1885 73.9077
1886 73.9077
1887 73.9077
1888 73.9077
1889 73.9077
1890 73.9077
1891 73.9077
1892 73.9077
1893 73.9077
1894 73.9077
1895 73.9077
1896 73.9077
1897 73.9077
1898 73.9077
1899 73.9077
1900 73.9077
1901 73.9077
1902 73.9077
1903 73.9077
1904 73.9077
1905 73.9077
1906 73.9077
1907 73.9077
1908 73.9077
1909 73.9077
1910 73.9077
1911 73.9077
1912 73.9077
1913 73.9077
1914 73.9077
1915 73.9077
1916 73.9077
1917 73.9077
1918 73.9077
1919 73.9077
1920 73.9077
1921 73.9077
1922 73.9077
1923 73.9077
1924 73.9077
1925 73.9077
1926 73.9077
1927 73.9077
1928 73.9077
1929 73.9077
1930 73.9077
1931 73.9077
1932 73.9077
1933 73.9077
1934 73.9077
1935 73.9077
1936 73.9077
1937 73.9077
1938 73.9077
1939 73.9077
1940 73.9077
1941 73.9077
1942 73.9077
1943 73.9077
1944 73.9077
1945 73.9077
1946 73.3564
1947 73.3564
1948 73.3564
1949 73.3564
1950 73.3564
1951 73.3564
1952 73.3564
1953 73.3564
1954 73.3564
1955 73.3564
1956 73.3564
1957 73.3564
1958 73.3564
1959 73.3564
1960 73.3564
1961 73.3564
1962 73.3564
1963 73.3564
1964 73.3564
1965 73.3564
1966 73.3564
1967 73.3564
1968 73.3564
1969 73.3564
1970 73.3564
1971 73.3564
1972 73.3564
1973 73.3564
1974 73.3564
1975 73.3564
1976 73.3564
1977 73.3564
1978 73.3564
1979 73.3564
1980 73.3564
1981 73.3564
1982 73.3564
1983 73.3564
1984 73.3564
1985 73.3564
1986 73.3564
1987 73.3564
1988 72.9492
1989 72.9492
1990 72.9492
1991 72.9492
1992 72.9492
1993 72.9492
1994 72.9492
1995 72.9492
1996 72.9492
1997 72.9492
1998 72.9492
1999 72.9492
2000 72.9492
2001 72.9492
2002 72.9492
2003 72.9492
2004 72.9492
2005 72.9492
2006 72.9492
2007 72.9492
2008 72.9492
2009 72.9492
2010 72.9492
2011 72.9492
2012 72.9492
2013 72.9492
2014 72.9492
2015 72.9492
2016 72.5818
2017 72.5818
2018 72.5818
2019 72.5818
2020 72.5818
2021 72.5818
2022 72.5818
2023 72.5818
2024 72.5818
2025 72.5818
2026 72.5818
2027 72.5818
2028 72.5818
2029 72.5818
2030 72.5818
2031 72.5818
2032 72.5818
2033 72.5818
2034 72.5818
2035 72.5818
2036 72.5818
2037 72.5818
2038 72.5818
2039 72.5818
2040 72.5818
2041 72.5818
2042 72.5818
2043 72.5818
2044 72.5818
2045 72.5818
2046 72.5818
2047 72.5818
2048 72.5818
2049 72.5818
2050 72.5818
2051 72.5818
2052 72.5818
2053 72.5818
2054 72.5818
2055 72.5818
2056 72.5818
2057 72.5818
2058 72.5818
2059 72.5818
2060 72.5818
2061 72.5818
2062 72.5818
2063 72.5818
2064 72.5818
2065 72.5818
2066 72.5818
2067 72.5818
2068 72.5818
2069 72.5818
2070 72.5818
2071 72.5818
2072 72.5818
2073 72.5818
2074 72.5818
2075 72.5818
2076 72.5818
2077 72.5818
2078 72.5818
2079 72.5818
2080 72.5818
2081 72.5818
2082 72.5818
2083 72.5818
2084 72.5818
2085 72.5818
2086 72.5818
2087 72.5818
2088 72.5818
2089 72.5818
2090 72.5818
2091 72.5818
2092 72.5818
2093 72.5818
2094 72.5818
2095 72.5818
2096 72.5818
2097 72.5818
2098 72.5818
2099 72.5818
2100 72.5818
2101 72.5818
2102 72.5818
2103 72.5818
2104 72.5818
2105 72.5818
2106 72.5818
2107 72.5818
2108 72.5818
2109 72.5818
2110 72.5818
2111 72.5818
2112 72.5818
2113 72.5818
2114 72.5818
2115 72.5818
2116 72.5818
2117 72.5818
2118 72.5818
2119 72.5818
2120 72.5818
2121 72.5818
2122 72.5818
2123 72.5818
2124 72.5818
2125 72.5818
2126 72.5818
2127 72.5818
2128 72.5818
2129 72.5818
2130 72.5818
2131 72.5818
2132 72.5818
2133 72.5818
2134 72.5818
2135 72.5818
2136 72.5818
2137 72.5818
2138 72.5818
2139 72.5818
2140 72.5818
2141 72.5818
2142 72.5818
2143 72.5818
2144 72.5818
2145 72.5818
2146 72.5818
2147 72.5818
2148 72.5818
2149 72.5818
2150 72.5818
2151 72.5818
2152 72.5818
2153 72.5818
2154 72.5818
2155 72.5818
2156 72.5818
2157 72.5818
2158 72.5818
2159 72.5818
2160 72.5818
2161 72.5818
2162 72.5818
2163 72.5818
2164 72.5818
2165 72.5818
2166 72.5818
2167 72.5818
2168 72.5818
2169 72.2947
2170 72.2947
2171 72.2947
2172 72.2947
2173 72.2947
2174 72.2947
2175 72.2947
2176 72.2947
2177 72.2947
2178 72.2947
2179 72.2947
2180 72.2947
2181 72.2947
2182 72.2947
2183 72.2947
2184 72.2947
2185 72.2947
2186 72.2947
2187 72.2947
2188 72.2947
2189 72.2947
2190 72.2947
2191 72.2947
2192 72.2947
2193 72.2947
2194 72.2947
2195 72.2947
2196 72.2947
2197 72.2947
2198 72.2947
2199 72.2947
2200 72.2947
2201 72.2947
2202 72.1591
2203 72.1591
2204 72.1591
2205 72.1591
2206 72.1591
2207 72.1591
2208 72.0448
2209 72.0448
2210 72.1591
2211 72.1591
2212 71.891
2213 71.891
2214 71.891
2215 71.891
2216 71.891
2217 71.891
2218 71.891
2219 71.891
2220 71.891
2221 71.891
2222 71.891
2223 71.891
2224 71.891
2225 71.891
2226 71.891
2227 71.891
2228 71.891
2229 71.891
2230 71.891
2231 71.891
2232 71.891
2233 71.891
2234 71.891
2235 71.891
2236 71.891
2237 71.891
2238 71.891
2239 71.891
2240 71.891
2241 71.891
2242 71.891
2243 71.891
2244 71.891
2245 71.891
2246 71.891
2247 71.8669
2248 71.8669
2249 71.8669
2250 71.8669
2251 71.8669
2252 71.5699
2253 71.8669
2254 71.8669
2255 71.5699
2256 71.8669
2257 71.7009
2258 71.7009
2259 71.7009
2260 71.7009
2261 71.7009
2262 71.5111
2263 71.5111
2264 71.5111
2265 71.5111
2266 71.5111
2267 71.5111
2268 71.3451
2269 71.3451
2270 71.3451
2271 71.3451
2272 71.3451
2273 71.3451
2274 71.3451
2275 71.3451
2276 71.3451
2277 71.3451
2278 71.3451
2279 71.3451
2280 71.3451
2281 71.3451
2282 71.3451
2283 71.3451
2284 71.3451
2285 71.3451
2286 71.3451
2287 71.3451
2288 71.3451
2289 71.3451
2290 71.3451
2291 71.3451
2292 71.3451
2293 71.3451
2294 71.3451
2295 71.3451
2296 71.3451
2297 71.3451
2298 71.3451
2299 71.3451
2300 71.3451
2301 71.3451
2302 71.3451
2303 71.3451
2304 71.3451
2305 71.3451
2306 71.3451
2307 71.3451
2308 71.3451
2309 71.3451
2310 71.3451
2311 71.3451
2312 71.3451
2313 71.3451
2314 71.3451
2315 71.3451
2316 71.3451
2317 71.3451
2318 71.3451
2319 70.9387
2320 70.9387
2321 70.9387
2322 70.9387
2323 70.9387
2324 70.9387
2325 70.9387
2326 70.9387
2327 70.9387
2328 70.9387
2329 70.9387
2330 70.9387
2331 70.9387
2332 70.9387
2333 70.9387
2334 70.9387
2335 70.9387
2336 70.9387
2337 70.9387
2338 70.9387
2339 70.9387
2340 70.9387
2341 70.9387
2342 70.9387
2343 70.9387
2344 70.9387
2345 70.9387
2346 70.9387
2347 70.9387
2348 70.9387
2349 70.9387
2350 70.7448
2351 70.7448
2352 70.7448
2353 70.7448
2354 70.7448
2355 70.7448
2356 70.7448
2357 70.7448
2358 70.7448
2359 70.7448
2360 70.7448
2361 70.7448
2362 70.7448
2363 70.7448
2364 70.7448
2365 70.7448
2366 70.7448
2367 70.7448
2368 70.7448
2369 70.7448
2370 70.7448
2371 70.7448
2372 70.7448
2373 70.7448
2374 70.7448
2375 70.7448
2376 70.7448
2377 70.7448
2378 70.7448
2379 70.7448
2380 70.7448
2381 70.7448
2382 70.7448
2383 70.7448
2384 70.7448
2385 70.7448
2386 70.7448
2387 70.7448
2388 70.7448
2389 70.7448
2390 70.0323
2391 70.0323
2392 70.0323
2393 70.0323
2394 70.0323
2395 70.0323
2396 70.0323
2397 70.0323
2398 70.0323
2399 70.0323
2400 70.0323
2401 70.0323
2402 70.0323
2403 70.0323
2404 70.0323
2405 70.0323
2406 70.0323
2407 70.0323
2408 70.0323
2409 70.0323
2410 70.0323
2411 70.0323
2412 70.0323
2413 70.0323
2414 70.0323
2415 70.0323
2416 70.0323
2417 70.0323
2418 70.0323
2419 70.0323
2420 70.0323
2421 70.0323
2422 70.0323
2423 69.9719
2424 69.9719
2425 69.9719
2426 69.9719
2427 69.9719
2428 69.9719
2429 69.9719
2430 69.9719
2431 69.9719
2432 69.9719
2433 69.9719
2434 69.9719
2435 69.9719
2436 69.9719
2437 69.9719
2438 69.9719
2439 69.9719
2440 69.9719
2441 69.9719
2442 69.9719
2443 69.9719
2444 69.9719
2445 69.9719
2446 69.9719
2447 69.9719
2448 69.9719
2449 69.9719
2450 69.9719
2451 69.9719
2452 69.9719
2453 69.9719
2454 69.9719
2455 69.9719
2456 69.9719
2457 69.9719
2458 69.9719
2459 69.9719
2460 69.9719
2461 69.9719
2462 69.9719
2463 69.9719
2464 69.9719
2465 69.9719
2466 69.9719
2467 69.9719
2468 69.9719
2469 69.9719
2470 69.9719
2471 69.9719
2472 69.9719
2473 69.9719
2474 69.9719
2475 69.9719
2476 69.9719
2477 69.9719
2478 69.9719
2479 69.9719
2480 69.9719
2481 69.9719
2482 69.9719
2483 69.9719
2484 69.9719
2485 69.9719
2486 69.9719
2487 69.9719
2488 69.9719
2489 69.9719
2490 69.9719
2491 69.9719
2492 69.9719
2493 69.9719
2494 69.9719
2495 69.9719
2496 69.9719
2497 69.9719
2498 69.9719
2499 69.9719
2500 69.9719
2501 69.9719
2502 69.9719
2503 69.9719
2504 69.9719
2505 69.9719
2506 69.9719
2507 69.9719
2508 69.9719
2509 69.9719
2510 69.9719
2511 69.9719
2512 69.9719
2513 69.9719
2514 69.9719
2515 69.9719
2516 69.9719
2517 69.9719
2518 69.9719
2519 69.9719
2520 69.9719
2521 69.9719
2522 69.9719
2523 69.9719
2524 69.9719
2525 69.9719
2526 69.9719
2527 69.9719
2528 69.9719
2529 69.9719
2530 69.9719
2531 69.9719
2532 69.9719
2533 69.9719
2534 69.9719
2535 69.9719
2536 69.9719
2537 69.9719
2538 69.9719
2539 69.9719
2540 69.9719
2541 69.9719
2542 69.9719
2543 69.9719
2544 69.9719
2545 69.9719
2546 69.9719
2547 69.9719
2548 69.9719
2549 69.9719
2550 69.9719
2551 69.9719
2552 69.9719
2553 69.9719
2554 69.9719
2555 69.9719
2556 69.9719
2557 69.9719
2558 69.9719
2559 69.9719
2560 69.9719
2561 69.9719
2562 69.9719
2563 69.9101
2564 69.9101
2565 69.9101
2566 69.9101
2567 69.9101
2568 69.9101
2569 69.9101
2570 69.9101
2571 69.9101
2572 69.9101
2573 69.9101
2574 69.9101
2575 69.9101
2576 69.9101
2577 69.9101
2578 69.9101
2579 69.9101
2580 69.9101
2581 69.9101
2582 69.9101
2583 69.9101
2584 69.9101
2585 69.9101
2586 69.9101
2587 69.9101
2588 69.9101
2589 69.9101
2590 69.9101
2591 69.9101
2592 69.9101
2593 69.9101
2594 69.9101
2595 69.9101
2596 69.9101
2597 69.9101
2598 69.9101
2599 69.9101
2600 69.9101
2601 69.9101
2602 69.9101
2603 69.9101
2604 69.9101
2605 69.9101
2606 69.9101
2607 69.9101
2608 69.9101
2609 69.9101
2610 69.9101
2611 69.9101
2612 69.9101
2613 69.9101
2614 69.9101
2615 69.9101
2616 69.9101
2617 69.9101
2618 69.9101
2619 69.9101
2620 69.9101
2621 69.9101
2622 69.9101
2623 69.9101
2624 69.9101
2625 69.9101
2626 69.9101
2627 69.9101
2628 69.9101
2629 69.9101
2630 69.9101
2631 69.9101
2632 69.9101
2633 69.9101
2634 69.9101
2635 69.9101
2636 69.9101
2637 69.9101
2638 69.9101
2639 69.9101
2640 69.9101
2641 69.9101
2642 69.9101
2643 69.9101
2644 69.9101
2645 69.9101
2646 69.9101
2647 69.9101
2648 69.9101
2649 69.9101
2650 69.9101
2651 69.9101
2652 69.9101
2653 69.9101
2654 69.9101
2655 69.9101
2656 69.8529
2657 69.8529
2658 69.8529
2659 69.8529
2660 69.8529
2661 69.8529
2662 69.8529
2663 69.8529
2664 69.8529
2665 69.8529
2666 69.8529
2667 69.8529
2668 69.8529
2669 69.8529
2670 69.8529
2671 69.8529
2672 69.8529
2673 69.8529
2674 69.8529
2675 69.8529
2676 69.8529
2677 69.8529
2678 69.8529
2679 69.8529
2680 69.8529
2681 69.8529
2682 69.8529
2683 69.8529
2684 69.8529
2685 69.8529
2686 69.8529
2687 69.8529
2688 69.8529
2689 69.8529
2690 69.8529
2691 69.8529
2692 69.8529
2693 69.8529
2694 69.8529
2695 69.8529
2696 69.8529
2697 69.8529
2698 69.8529
2699 69.8529
2700 69.8529
2701 69.8529
2702 69.8529
2703 69.8529
2704 69.8529
2705 69.8529
2706 69.8529
2707 69.8529
2708 69.8529
2709 69.8529
2710 69.8529
2711 69.8529
2712 69.8529
2713 69.8529
2714 69.8529
2715 69.8529
2716 69.8529
2717 69.8529
2718 69.8529
2719 69.8529
2720 69.8529
2721 67.2634
2722 67.2634
2723 67.2634
2724 67.2634
2725 67.2634
2726 67.2634
2727 67.2634
2728 67.2634
2729 67.2634
2730 67.2634
2731 67.2634
2732 67.2634
2733 67.2634
2734 67.2634
2735 67.2634
2736 67.2634
2737 67.2634
2738 67.2634
2739 67.2634
2740 67.2634
2741 67.2634
2742 67.2634
2743 67.2634
2744 67.2634
2745 67.2634
2746 67.2634
2747 67.2634
2748 67.2634
2749 67.2634
2750 67.2634
2751 67.2634
2752 67.2634
2753 67.2634
2754 67.2634
2755 67.2634
2756 67.2634
2757 67.2634
2758 67.2634
2759 67.2634
2760 67.2634
2761 67.2634
2762 67.2634
2763 67.2634
2764 67.2634
2765 67.2634
2766 67.2634
2767 67.2634
2768 67.2634
2769 67.2634
2770 67.2634
2771 67.2634
2772 67.2634
2773 67.2634
2774 67.2634
2775 67.2634
2776 67.2634
2777 67.2634
2778 67.2634
2779 67.2634
2780 67.2634
2781 67.2634
2782 67.2634
2783 67.2634
2784 67.2634
2785 67.2634
2786 67.2634
2787 67.2634
2788 67.2634
2789 67.2634
2790 67.2634
2791 67.2634
2792 67.2634
2793 67.2634
2794 67.2634
2795 67.0545
2796 67.0545
2797 67.0317
2798 67.0317
2799 67.0317
2800 67.0317
2801 67.0317
2802 67.0317
2803 67.0317
2804 67.0317
2805 67.0317
2806 67.0317
2807 67.0317
2808 67.0317
2809 67.0317
2810 67.0317
2811 67.0317
2812 67.0317
2813 67.0317
2814 67.0317
2815 67.0317
2816 67.0317
2817 67.0317
2818 67.0317
2819 67.0317
2820 67.0317
2821 67.0317
2822 67.0317
2823 67.0317
2824 67.0317
2825 67.0317
2826 67.0317
2827 67.0317
2828 67.0317
2829 67.0317
2830 67.0317
2831 67.0317
2832 67.0317
2833 67.0317
2834 67.0317
2835 67.0317
2836 67.0317
2837 67.0317
2838 67.0317
2839 67.0317
2840 67.0317
2841 67.0317
2842 67.0317
2843 67.0317
2844 67.0317
2845 67.0317
2846 67.0317
2847 67.0317
2848 67.0317
2849 67.0317
2850 67.0317
2851 67.0317
2852 67.0317
2853 67.0317
2854 67.0317
2855 67.0317
2856 67.0317
2857 67.0317
2858 67.0317
2859 67.0317
2860 67.0317
2861 67.0317
2862 67.0317
2863 67.0317
2864 67.0317
2865 67.0317
2866 67.0317
2867 67.0317
2868 67.0317
2869 67.0317
2870 67.0317
2871 67.0317
2872 67.0317
2873 67.0317
2874 67.0317
2875 67.0317
2876 67.0317
2877 67.0317
2878 67.0317
2879 67.0317
2880 67.0317
2881 67.0317
2882 67.0317
2883 67.0317
2884 67.0317
2885 67.0317
2886 67.0317
2887 67.0317
2888 67.0317
2889 67.0317
2890 67.0317
2891 67.0317
2892 67.0317
2893 67.0317
2894 67.0317
2895 67.0317
2896 67.0317
2897 67.0317
2898 67.0317
2899 67.0317
2900 67.0317
2901 67.0317
2902 67.0317
2903 67.0317
2904 67.0317
2905 67.0317
2906 67.0317
2907 67.0317
2908 67.0317
2909 67.0317
2910 67.0317
2911 67.0317
2912 67.0317
2913 67.0317
2914 67.0317
2915 67.0317
2916 67.0317
2917 67.0317
2918 67.0317
2919 67.0317
2920 67.0317
2921 67.0317
2922 67.0317
2923 67.0317
2924 67.0317
2925 67.0317
2926 67.0317
2927 67.0317
2928 67.0317
2929 67.0317
2930 67.0317
2931 67.0317
2932 67.0317
2933 67.0317
2934 67.0317
2935 67.0317
2936 67.0317
2937 67.0317
2938 67.0317
2939 67.0317
2940 67.0317
2941 67.0317
2942 67.0317
2943 67.0317
2944 67.0317
2945 67.0317
2946 67.0317
2947 67.0317
2948 67.0317
2949 67.0317
2950 67.0317
2951 67.0317
2952 67.0317
2953 67.0317
2954 67.0317
2955 67.0317
2956 67.0317
2957 67.0317
2958 67.0317
2959 67.0317
2960 67.0317
2961 67.0317
2962 67.0317
2963 67.0317
2964 67.0317
2965 67.0317
2966 67.0317
2967 67.0317
2968 67.0317
2969 67.0317
2970 67.0317
2971 67.0317
2972 67.0317
2973 67.0317
2974 67.0317
2975 67.0317
2976 67.0317
2977 67.0317
2978 67.0317
2979 67.0317
2980 67.0317
2981 67.0317
2982 67.0317
2983 67.0317
2984 67.0317
2985 67.0317
2986 67.0317
2987 67.0317
2988 67.0317
2989 67.0317
2990 67.0317
2991 67.0317
2992 67.0317
2993 67.0317
2994 67.0317
2995 67.0317
2996 67.0317
2997 67.0317
2998 67.0317
2999 67.0317
3000 67.0317
3001 67.0317
3002 67.0317
3003 67.0317
3004 67.0317
3005 67.0317
3006 67.0317
3007 67.0317
3008 67.0317
3009 67.0317
3010 67.0317
3011 67.0317
3012 67.0317
3013 67.0317
3014 67.0317
3015 67.0317
3016 67.0317
3017 67.0317
3018 67.0317
3019 67.0317
3020 67.0317
3021 67.0317
3022 67.0317
3023 67.0317
3024 67.0317
3025 67.0317
3026 67.0317
3027 67.0317
3028 67.0317
3029 67.0317
3030 67.0317
3031 67.0317
3032 67.0317
3033 67.0317
3034 67.0317
3035 67.0317
3036 67.0317
3037 67.0317
3038 67.0317
3039 67.0317
3040 67.0317
3041 67.0317
3042 67.0317
3043 67.0317
3044 67.0317
3045 67.0317
3046 67.0317
3047 67.0317
3048 67.0317
3049 67.0317
3050 67.0317
3051 67.0317
3052 67.0317
3053 67.0317
3054 67.0317
3055 67.0317
3056 67.0317
3057 67.0317
3058 67.0317
3059 67.0317
3060 67.0317
3061 67.0317
3062 67.0317
3063 67.0317
3064 67.0317
3065 67.0317
3066 67.0317
3067 67.0317
3068 67.0317
3069 67.0317
3070 67.0317
3071 67.0317
3072 67.0317
3073 67.0317
3074 67.0317
3075 67.0317
3076 67.0317
3077 67.0317
3078 67.0317
3079 67.0317
3080 67.0317
3081 67.0317
3082 67.0317
3083 67.0317
3084 67.0317
3085 67.0317
3086 67.0317
3087 67.0317
3088 67.0317
3089 67.0317
3090 67.0317
3091 67.0317
3092 67.0317
3093 67.0317
3094 67.0317
3095 67.0317
3096 67.0317
3097 67.0317
3098 67.0317
3099 67.0317
3100 67.0317
3101 67.0317
3102 67.0317
3103 67.0317
3104 67.0317
3105 67.0317
3106 67.0317
3107 67.0317
3108 67.0317
3109 67.0317
3110 67.0317
3111 67.0317
3112 67.0317
3113 67.0317
3114 67.0317
3115 67.0317
3116 67.0317
3117 67.0317
3118 67.0317
3119 67.0317
3120 67.0317
3121 67.0317
3122 67.0317
3123 67.0317
3124 67.0317
3125 67.0317
3126 67.0317
3127 67.0317
3128 67.0317
3129 67.0317
3130 67.0317
3131 67.0317
3132 67.0317
3133 67.0317
3134 67.0317
3135 67.0317
3136 67.0317
3137 67.0317
3138 67.0317
3139 67.0317
3140 67.0317
3141 67.0317
3142 67.0317
3143 67.0317
3144 67.0317
3145 67.0317
3146 67.0317
3147 67.0317
3148 67.0317
3149 67.0317
3150 67.0317
3151 67.0317
3152 67.0317
3153 67.0317
3154 67.0317
3155 67.0317
3156 67.0317
3157 67.0317
3158 67.0317
3159 67.0317
3160 67.0317
3161 67.0317
3162 67.0317
3163 67.0317
3164 67.0317
3165 67.0317
3166 67.0317
3167 67.0317
3168 67.0317
3169 67.0317
3170 67.0317
3171 67.0317
3172 67.0317
3173 67.0317
3174 67.0317
3175 67.0317
3176 67.0317
3177 67.0317
3178 67.0317
3179 67.0317
3180 67.0317
3181 67.0317
3182 67.0317
3183 67.0317
3184 67.0317
3185 67.0317
3186 67.0317
3187 67.0317
3188 67.0317
3189 67.0317
3190 67.0317
3191 67.0317
3192 67.0317
3193 67.0317
3194 67.0317
3195 67.0317
3196 67.0317
3197 67.0317
3198 67.0317
3199 67.0317
3200 67.0317
3201 67.0317
3202 67.0317
3203 67.0317
3204 67.0317
3205 67.0317
3206 67.0317
3207 67.0317
3208 67.0317
3209 67.0317
3210 67.0317
3211 67.0317
3212 67.0317
3213 67.0317
3214 67.0317
3215 67.0317
3216 67.0317
3217 67.0317
3218 67.0317
3219 67.0317
3220 67.0317
3221 67.0317
3222 67.0317
3223 67.0317
3224 67.0317
3225 67.0317
3226 67.0317
3227 67.0317
3228 67.0317
3229 67.0317
3230 67.0317
3231 67.0317
3232 67.0317
3233 67.0317
3234 67.0317
3235 67.0317
3236 67.0317
3237 67.0317
3238 67.0317
3239 67.0317
3240 67.0317
3241 67.0317
3242 67.0317
3243 67.0317
3244 67.0317
3245 67.0317
3246 67.0317
3247 67.0317
3248 67.0317
3249 67.0317
3250 67.0317
3251 67.0317
3252 67.0317
3253 67.0317
3254 67.0317
3255 67.0317
3256 67.0317
3257 67.0317
3258 67.0317
3259 67.0317
3260 67.0317
3261 67.0317
3262 67.0317
3263 67.0317
3264 67.0317
3265 67.0317
3266 67.0317
3267 67.0317
3268 67.0317
3269 67.0317
3270 67.0317
3271 67.0317
3272 67.0317
3273 67.0317
3274 67.0317
3275 67.0317
3276 67.0317
3277 67.0317
3278 67.0317
3279 67.0317
3280 67.0317
3281 67.0317
3282 67.0317
3283 67.0317
3284 67.0317
3285 67.0317
3286 67.0317
3287 67.0317
3288 67.0317
3289 67.0317
3290 67.0317
3291 67.0317
3292 67.0317
3293 67.0317
3294 67.0317
3295 67.0317
3296 67.0317
3297 67.0317
3298 67.0317
3299 67.0317
3300 67.0317
3301 67.0317
3302 67.0317
3303 67.0317
3304 67.0317
3305 67.0317
3306 67.0317
3307 67.0317
3308 67.0317
3309 67.0317
3310 67.0317
3311 67.0317
3312 67.0317
3313 67.0317
3314 67.0317
3315 67.0317
3316 67.0317
3317 67.0317
3318 67.0317
3319 67.0317
3320 67.0317
3321 67.0317
3322 67.0317
3323 67.0317
3324 67.0317
3325 67.0317
3326 67.0317
3327 67.0317
3328 67.0317
3329 67.0317
3330 67.0317
3331 67.0317
3332 67.0317
3333 67.0317
3334 67.0317
3335 67.0317
3336 67.0317
3337 67.0317
3338 67.0317
3339 67.0317
3340 67.0317
3341 67.0317
3342 67.0317
3343 67.0317
3344 67.0317
3345 67.0317
3346 67.0317
3347 67.0317
3348 67.0317
3349 67.0317
3350 67.0317
3351 67.0317
3352 67.0317
3353 67.0317
3354 67.0317
3355 67.0317
3356 67.0317
3357 67.0317
3358 67.0317
3359 67.0317
3360 67.0317
3361 67.0317
3362 67.0317
3363 67.0317
3364 67.0317
3365 67.0317
3366 67.0317
3367 67.0317
3368 67.0317
3369 67.0317
3370 67.0317
3371 67.0317
3372 67.0317
3373 67.0317
3374 67.0317
3375 67.0317
3376 67.0317
3377 67.0317
3378 67.0317
3379 67.0317
3380 67.0317
3381 67.0317
3382 67.0317
3383 67.0317
3384 67.0317
3385 67.0317
3386 67.0317
3387 67.0317
3388 67.0317
3389 67.0317
3390 67.0317
3391 67.0317
3392 67.0317
3393 67.0317
3394 67.0317
3395 67.0317
3396 67.0317
3397 67.0317
3398 67.0317
3399 67.0317
3400 67.0317
3401 67.0317
3402 67.0317
3403 67.0317
3404 67.0317
3405 67.0317
3406 66.3678
3407 66.3678
3408 66.3678
3409 66.3678
3410 66.3678
3411 66.3678
3412 66.3678
3413 66.3678
3414 66.3678
3415 66.3678
3416 66.3678
3417 66.3678
3418 66.3678
3419 66.3678
3420 66.3678
3421 66.3678
3422 66.3678
3423 66.3678
3424 66.3678
3425 66.3678
3426 66.3678
3427 66.3678
3428 66.3678
3429 66.3678
3430 66.3678
3431 66.3678
3432 66.3678
3433 66.3678
3434 66.3678
3435 66.3678
3436 66.3678
3437 66.3678
3438 66.3678
3439 66.3678
3440 66.3678
3441 66.3678
3442 66.3678
3443 66.3678
3444 66.3678
3445 66.3678
3446 66.3678
3447 66.3678
3448 66.3678
3449 66.3678
3450 66.3678
3451 66.3678
3452 66.3678
3453 66.3678
3454 66.3678
3455 66.3678
3456 66.3678
3457 66.3678
3458 66.3678
3459 66.3678
3460 66.3678
3461 66.3678
3462 66.3678
3463 66.3678
3464 66.3678
3465 66.3678
3466 66.3678
3467 66.3678
3468 66.3678
3469 66.3678
3470 66.3678
3471 66.3678
3472 66.3678
3473 66.3678
3474 66.3678
3475 66.3678
3476 66.3678
3477 66.3678
3478 66.3678
3479 66.3678
3480 66.3678
3481 66.3678
3482 66.3678
3483 66.3678
3484 66.3678
3485 66.3678
3486 66.3678
3487 66.3678
3488 66.3678
3489 66.3678
3490 66.3678
3491 66.3678
3492 66.3678
3493 66.3678
3494 66.3678
3495 66.3678
3496 66.3678
3497 66.3678
3498 66.3678
3499 66.3678
3500 66.3678
3501 66.3678
3502 66.3678
3503 66.3678
3504 66.3678
3505 66.3678
3506 66.3678
3507 66.3678
3508 66.3678
3509 66.3678
3510 66.3678
3511 66.3678
3512 66.3678
3513 66.3678
3514 66.3678
3515 66.3678
3516 66.3678
3517 66.3678
3518 66.3678
3519 66.3678
3520 66.3678
3521 66.3678
3522 66.3678
3523 66.3678
3524 66.3678
3525 66.3678
3526 66.3678
3527 66.3678
3528 66.3678
3529 66.3678
3530 66.3678
3531 66.3678
3532 66.3678
3533 66.3678
3534 66.3678
3535 66.3678
3536 66.3678
3537 66.3678
3538 66.3678
3539 66.3678
3540 66.3678
3541 66.3678
3542 66.3678
3543 66.3678
3544 66.3678
3545 66.3678
3546 66.3678
3547 66.3678
3548 66.3678
3549 66.3678
3550 66.3678
3551 66.3678
3552 66.3678
3553 66.3678
3554 66.3678
3555 66.3678
3556 66.3678
3557 66.3678
3558 66.3678
3559 66.3678
3560 66.3678
3561 66.3678
3562 66.3678
3563 66.3678
3564 66.3678
3565 66.3678
3566 66.3678
3567 66.3678
3568 66.3678
3569 66.3678
3570 66.3678
3571 66.3678
3572 66.3678
3573 66.3678
3574 66.3678
3575 66.3678
3576 66.3678
3577 66.3678
3578 66.3678
3579 66.3678
3580 66.3678
3581 66.3678
3582 66.3678
3583 66.3678
3584 66.3678
3585 66.3678
3586 66.3678
3587 66.3678
3588 66.3678
3589 66.3678
3590 66.3678
3591 66.3678
3592 66.3678
3593 66.3678
3594 66.3678
3595 66.3678
3596 66.3678
3597 66.3678
3598 66.3678
3599 66.3678
3600 66.3678
3601 66.3678
3602 66.3678
3603 66.3678
3604 66.3678
3605 66.3678
3606 66.3678
3607 66.3678
3608 66.3678
3609 66.3678
3610 66.3678
3611 66.3678
3612 66.3678
3613 66.3678
3614 66.3678
3615 66.3678
3616 66.3678
3617 66.3678
3618 66.3678
3619 66.3678
3620 66.3678
3621 66.3678
3622 66.3678
3623 66.3678
3624 66.3678
3625 66.3678
3626 66.3678
3627 66.3678
3628 66.3678
3629 66.3678
3630 66.3678
3631 66.3678
3632 66.3678
3633 66.3678
3634 66.3678
3635 66.3678
3636 66.3678
3637 66.3678
3638 66.3678
3639 66.3678
3640 66.3678
3641 66.3678
3642 66.3678
3643 66.3678
3644 66.3678
3645 66.3678
3646 66.3678
3647 66.3678
3648 66.3678
3649 66.3678
3650 66.3678
3651 66.3678
3652 66.3678
3653 66.3678
3654 66.3678
3655 66.3678
3656 66.3678
3657 66.3678
3658 66.3678
3659 66.3678
3660 66.3678
3661 66.3678
3662 66.3678
3663 66.3678
3664 66.3678
3665 66.3678
3666 66.3678
3667 66.3678
3668 66.3678
3669 66.3678
3670 66.3678
3671 66.3678
3672 66.3678
3673 66.3678
3674 66.3678
3675 66.3678
3676 66.3678
3677 66.3678
3678 66.3678
3679 66.3678
3680 66.3678
3681 66.3678
3682 66.3678
3683 66.3678
3684 66.3678
3685 66.3678
3686 66.3678
3687 66.3678
3688 66.3678
3689 66.3678
3690 66.3678
3691 66.3678
3692 66.3678
3693 66.3678
3694 66.3678
3695 66.3678
3696 66.3678
3697 66.3678
3698 66.3678
3699 66.3678
3700 66.3678
3701 66.3678
3702 66.3678
3703 66.3678
3704 66.3678
3705 66.3678
3706 66.3678
3707 66.3678
3708 66.3678
3709 66.3678
3710 66.3678
3711 66.3678
3712 66.3678
3713 66.3678
3714 66.3678
3715 66.3678
3716 66.3678
3717 66.3678
3718 66.3678
3719 66.3678
3720 66.3678
3721 66.3678
3722 66.3678
3723 66.3678
3724 66.3678
3725 66.3678
3726 66.3678
3727 66.3678
3728 66.3678
3729 66.3678
3730 66.3678
3731 66.3678
3732 66.3678
3733 66.3678
3734 66.3678
3735 66.3678
3736 66.3678
3737 66.3678
3738 66.3678
3739 66.3678
3740 66.3678
3741 66.3678
3742 66.3678
3743 66.3678
3744 66.3678
3745 66.3678
3746 66.3678
3747 66.3678
3748 66.3678
3749 66.3678
3750 66.3678
3751 66.3678
3752 66.3678
3753 66.3678
3754 66.3678
3755 66.3678
3756 66.3678
3757 66.3678
3758 66.3678
3759 66.3678
3760 66.3678
3761 66.3678
3762 66.3678
3763 66.3678
3764 66.3678
3765 66.3678
3766 66.3678
3767 66.3678
3768 66.3678
3769 66.3678
3770 66.3678
3771 66.3678
3772 66.3678
3773 66.3678
3774 66.3678
3775 66.3678
3776 66.3678
3777 66.3678
3778 66.3678
3779 66.3678
3780 66.3678
3781 66.3678
3782 66.3678
3783 66.3678
3784 66.3678
3785 66.3678
3786 66.3678
3787 66.3678
3788 66.3678
3789 66.3678
3790 66.3678
3791 66.3678
3792 66.3678
3793 66.3678
3794 66.3678
3795 66.3678
3796 66.3678
3797 66.3678
3798 66.3678
3799 66.3678
3800 66.3678
3801 66.3678
3802 66.3678
3803 66.3678
3804 66.3678
3805 66.3678
3806 66.3678
3807 66.3678
3808 66.3678
3809 66.3678
3810 66.3678
3811 66.3678
3812 66.3678
3813 66.3678
3814 66.3678
3815 66.3678
3816 66.3678
3817 66.3678
3818 66.3678
3819 66.3678
3820 66.3678
3821 66.3678
3822 66.3678
3823 66.3678
3824 66.3678
3825 66.3678
3826 66.3678
3827 66.3678
3828 66.3678
3829 66.3678
3830 66.3678
3831 66.3678
3832 66.3678
3833 66.3678
3834 66.3678
3835 66.3678
3836 66.3678
3837 66.3678
3838 66.3678
3839 66.3678
3840 66.3678
3841 66.3678
3842 66.3678
3843 66.3678
3844 66.3678
3845 66.3678
3846 66.3678
3847 66.3678
3848 66.3678
3849 66.3678
3850 66.3678
3851 66.3678
3852 66.3678
3853 66.3678
3854 66.3678
3855 66.3678
3856 66.3678
3857 66.3678
3858 66.3678
3859 66.3678
3860 66.3678
3861 66.3678
3862 66.3678
3863 66.3678
3864 66.3678
3865 66.3678
3866 66.3678
3867 66.3678
3868 66.3678
3869 66.3678
3870 66.3678
3871 66.3678
3872 66.3678
3873 66.3678
3874 66.3678
3875 66.3678
3876 66.3678
3877 66.3678
3878 66.3678
3879 66.3678
3880 66.3678
3881 66.3678
3882 66.3678
3883 66.3678
3884 66.3678
3885 66.3678
3886 66.3678
3887 66.3678
3888 66.3678
3889 66.3678
3890 66.3678
3891 66.3678
3892 66.3678
3893 66.3678
3894 66.3678
3895 66.3678
3896 66.3678
3897 66.3678
3898 66.3678
3899 66.3678
3900 66.3678
3901 66.3678
3902 66.3678
3903 66.3678
3904 66.3678
3905 66.3678
3906 66.3678
3907 66.3678
3908 66.3678
3909 66.3678
3910 66.3678
3911 66.3678
3912 66.3678
3913 66.3678
3914 66.3678
3915 66.3678
3916 66.3678
3917 66.3678
3918 66.3678
3919 66.3678
3920 66.3678
3921 66.3678
3922 66.3678
3923 66.3678
3924 66.3678
3925 66.3678
3926 66.3678
3927 66.3678
3928 66.3678
3929 66.1442
3930 66.1442
3931 66.1442
3932 66.1442
3933 66.1442
3934 66.1442
3935 66.1442
3936 66.1442
3937 66.1442
3938 66.1442
3939 66.1442
3940 66.1442
3941 66.1442
3942 66.1442
3943 66.1442
3944 66.1442
3945 66.1442
3946 66.1442
3947 66.1442
3948 66.1442
3949 66.1442
3950 66.1442
3951 66.1442
3952 66.1442
3953 66.1442
3954 66.1442
3955 66.1442
3956 66.1442
3957 66.1442
3958 66.1442
3959 66.1442
3960 66.1442
3961 66.1442
3962 66.1442
3963 66.1442
3964 66.1442
3965 66.1442
3966 66.1442
3967 66.1442
3968 66.1442
3969 66.1442
3970 66.1442
3971 66.1442
3972 66.1442
3973 66.1442
3974 66.1442
3975 66.1442
3976 66.1442
3977 66.1442
3978 66.1442
3979 66.1442
3980 66.1442
3981 66.1442
3982 66.1442
3983 66.1442
3984 66.1442
3985 66.1442
3986 66.1442
3987 66.1442
3988 66.1442
3989 66.1442
3990 66.1442
3991 66.1442
3992 66.1442
3993 66.1442
3994 66.1442
3995 66.1442
3996 66.1442
3997 66.1442
3998 66.1442
3999 66.1442
4000 66.1442
4001 66.1442
4002 66.1442
4003 66.1442
4004 66.1442
4005 66.1442
4006 66.1442
4007 66.1442
4008 66.1442
4009 66.1442
4010 66.1442
4011 66.1442
4012 66.1442
4013 66.1442
4014 66.1442
4015 66.1442
4016 66.1442
4017 66.1442
4018 66.1442
4019 66.1442
4020 66.1442
4021 66.1442
4022 66.1442
4023 66.1442
4024 66.1442
4025 66.1442
4026 66.1442
4027 66.1442
4028 66.1442
4029 66.1442
4030 66.1442
4031 66.1442
4032 66.1442
4033 66.1442
4034 66.1442
4035 66.1442
4036 66.1442
4037 66.1442
4038 66.1442
4039 66.1442
4040 66.1442
4041 66.1442
4042 66.1442
4043 66.1442
4044 66.1442
4045 66.1442
4046 66.1442
4047 66.1442
4048 66.1442
4049 66.1442
4050 66.1442
4051 66.1442
4052 66.1442
4053 66.1442
4054 66.1442
4055 66.1442
4056 66.1442
4057 66.1442
4058 66.1442
4059 66.1442
4060 66.1442
4061 66.1442
4062 66.1442
4063 66.1442
4064 66.1442
4065 66.1442
4066 66.1442
4067 66.1442
4068 66.1442
4069 66.1442
4070 66.1442
4071 66.1442
4072 66.1442
4073 66.1442
4074 66.1442
4075 66.1442
4076 66.1442
4077 66.1442
4078 66.1442
4079 66.1442
4080 66.1442
4081 66.1442
4082 66.1442
4083 66.1442
4084 66.1442
4085 66.1442
4086 66.1442
4087 66.1442
4088 66.1442
4089 66.1442
4090 66.1442
4091 66.1442
4092 66.1442
4093 66.1442
4094 66.1442
4095 66.1442
4096 66.1442
4097 66.1442
4098 66.1442
4099 66.1442
4100 66.1442
4101 66.1442
4102 66.1442
4103 66.1442
4104 66.1442
4105 66.1442
4106 66.1442
4107 66.1442
4108 66.1442
4109 66.1442
4110 66.1442
4111 66.1442
4112 66.1442
4113 66.1442
4114 66.1442
4115 66.1442
4116 66.1442
4117 66.1442
4118 66.1442
4119 66.1442
4120 66.1442
4121 66.1442
4122 66.1442
4123 66.1442
4124 66.1442
4125 66.1442
4126 66.1442
4127 66.1442
4128 66.1442
4129 66.1442
4130 66.1442
4131 66.1442
4132 66.1442
4133 66.1442
4134 66.1442
4135 66.1442
4136 66.1442
4137 66.1442
4138 66.1442
4139 66.1442
4140 66.1442
4141 66.1442
4142 66.1442
4143 66.1442
4144 66.1442
4145 66.1442
4146 66.1442
4147 66.1442
4148 66.1442
4149 66.1442
4150 66.1442
4151 66.1442
4152 66.1442
4153 66.1442
4154 66.1442
4155 66.1442
4156 66.1442
4157 66.1442
4158 66.1442
4159 66.1442
4160 66.1442
4161 66.1442
4162 66.1442
4163 66.1442
4164 66.1442
4165 66.1442
4166 66.1442
4167 66.1442
4168 66.1442
4169 66.1442
4170 66.1442
4171 66.1442
4172 66.1442
4173 66.1442
4174 66.1442
4175 66.1442
4176 66.1442
4177 66.1442
4178 66.1442
4179 66.1442
4180 66.1442
4181 66.1442
4182 66.1442
4183 66.1442
4184 66.1442
4185 66.1442
4186 66.1442
4187 66.1442
4188 66.1442
4189 66.1442
4190 66.1442
4191 66.1442
4192 66.1442
4193 66.1442
4194 66.1442
4195 66.1442
4196 66.1442
4197 66.1442
4198 66.1442
4199 66.1442
4200 66.1442
4201 66.1442
4202 66.1442
4203 66.1442
4204 66.1442
4205 66.1442
4206 66.1442
4207 66.1442
4208 66.1442
4209 66.1442
4210 66.1442
4211 66.1442
4212 66.1442
4213 66.1442
4214 66.1442
4215 66.1442
4216 66.1442
4217 66.1442
4218 66.1442
4219 66.1442
4220 66.1442
4221 66.1442
4222 66.1442
4223 66.1442
4224 66.1442
4225 66.1442
4226 66.1442
4227 66.1442
4228 66.1442
4229 66.1442
4230 66.1442
4231 66.1442
4232 66.1442
4233 66.1442
4234 66.1442
4235 66.1442
4236 66.1442
4237 66.1442
4238 66.1442
4239 66.1442
4240 66.1442
4241 66.1442
4242 66.1442
4243 66.1442
4244 66.1442
4245 66.1442
4246 66.1442
4247 66.1442
4248 66.1442
4249 66.1442
4250 66.1442
4251 66.1442
4252 66.1442
4253 66.1442
4254 66.1442
4255 66.1442
4256 66.1442
4257 66.1442
4258 66.1442
4259 66.1442
4260 66.1442
4261 66.1442
4262 66.1442
4263 66.1442
4264 66.1442
4265 66.1442
4266 66.1442
4267 66.1442
4268 66.1442
4269 66.1442
4270 66.1442
4271 66.1442
4272 66.1442
4273 66.1442
4274 66.1442
4275 66.1442
4276 66.1442
4277 66.1442
4278 66.1442
4279 66.1442
4280 66.1442
4281 66.1442
4282 66.1442
4283 66.1442
4284 66.1442
4285 66.1442
4286 66.1442
4287 66.1442
4288 66.1442
4289 66.1442
4290 66.1442
4291 66.1442
4292 66.1442
4293 66.1442
4294 66.1442
4295 66.1442
4296 66.1442
4297 66.1442
4298 66.1442
4299 66.1442
4300 66.1442
4301 66.1442
4302 66.1442
4303 66.1442
4304 66.1442
4305 66.1442
4306 66.1442
4307 66.1442
4308 66.1442
4309 66.1442
4310 66.1442
4311 66.1442
4312 66.1442
4313 66.1442
4314 66.1442
4315 66.1442
4316 66.1442
4317 66.1442
4318 66.1442
4319 66.1442
4320 66.1442
4321 66.1442
4322 66.1442
4323 66.1442
4324 66.1442
4325 66.1442
4326 66.1442
4327 66.1442
4328 66.1442
4329 66.1442
4330 66.1442
4331 66.1442
4332 66.1442
4333 66.1442
4334 66.1442
4335 66.1442
4336 66.1442
4337 66.1442
4338 66.1442
4339 66.1442
4340 66.1442
4341 66.1442
4342 66.1442
4343 66.1442
4344 66.1442
4345 66.1442
4346 66.1442
4347 66.1442
4348 66.1442
4349 66.1442
4350 66.1442
4351 66.1442
4352 66.1442
4353 66.1442
4354 66.1442
4355 66.1442
4356 66.1442
4357 66.1442
4358 66.1442
4359 66.1442
4360 66.1442
4361 66.1442
4362 66.1442
4363 66.1442
4364 66.1442
4365 66.1442
4366 66.1442
4367 66.1442
4368 66.1442
4369 66.1442
4370 66.1442
4371 66.1442
4372 66.1442
4373 66.1442
4374 66.1442
4375 66.1442
4376 66.1442
4377 66.1442
4378 66.1442
4379 66.1442
4380 66.1442
4381 66.1442
4382 66.1442
4383 66.1442
4384 66.1442
4385 66.1442
4386 66.1442
4387 66.1442
4388 66.1442
4389 66.1442
4390 66.1442
4391 66.1442
4392 66.1442
4393 66.1442
4394 66.1442
4395 66.1442
4396 66.1442
4397 66.1442
4398 66.1442
4399 66.1234
4400 66.1234
4401 66.1234
4402 66.1234
4403 66.1234
4404 66.1234
4405 66.1234
4406 66.1234
4407 66.1234
4408 66.1234
4409 66.1234
4410 66.1234
4411 66.1234
4412 66.1234
4413 66.1234
4414 66.1234
4415 66.1234
4416 66.1234
4417 66.1234
4418 66.1234
4419 66.1234
4420 66.1234
4421 66.1234
4422 66.1234
4423 66.1234
4424 66.1234
4425 66.1234
4426 66.1234
4427 66.1234
4428 66.1234
4429 66.1234
4430 66.1234
4431 66.1234
4432 66.1234
4433 66.1234
4434 66.1234
4435 66.1234
4436 66.1234
4437 66.1234
4438 66.1234
4439 66.1234
4440 66.1234
4441 66.1234
4442 66.1234
4443 66.1234
4444 66.1234
4445 66.1234
4446 66.1234
4447 66.1234
4448 66.1234
4449 66.1234
4450 66.1234
4451 66.1234
4452 66.1234
4453 66.1234
4454 66.1234
4455 66.1234
4456 66.1234
4457 66.1234
4458 66.1234
4459 66.1234
4460 66.1234
4461 66.1234
4462 66.1234
4463 66.1234
4464 66.1234
4465 66.1234
4466 66.1234
4467 66.1234
4468 66.1234
4469 66.1234
4470 66.1234
4471 66.1234
4472 66.1234
4473 66.1234
4474 66.1234
4475 66.1234
4476 66.1234
4477 66.1234
4478 66.1234
4479 66.1234
4480 66.1234
4481 66.1234
4482 66.1234
4483 66.1234
4484 66.1234
4485 66.1234
4486 66.1234
4487 66.1234
4488 66.1234
4489 66.1234
4490 66.1234
4491 66.1234
4492 66.1234
4493 66.1234
4494 66.1234
4495 66.1234
4496 66.1234
4497 66.1234
4498 66.1234
4499 66.1234
4500 66.1234
4501 66.1234
4502 66.1234
4503 66.1234
4504 66.1234
4505 66.1234
4506 66.1234
4507 66.1234
4508 66.1234
4509 66.1234
4510 66.1234
4511 66.1234
4512 66.1234
4513 66.1234
4514 66.1234
4515 66.1234
4516 66.1234
4517 66.1234
4518 66.1234
4519 66.1234
4520 66.1234
4521 65.4812
4522 65.4812
4523 65.4812
4524 65.4812
4525 65.4812
4526 65.4812
4527 65.4812
4528 65.4812
4529 65.4812
4530 65.4812
4531 65.4812
4532 65.4812
4533 65.4812
4534 65.4812
4535 65.4812
4536 65.4812
4537 65.4812
4538 65.4812
4539 65.4812
4540 65.4812
4541 65.4812
4542 65.4812
4543 65.4812
4544 65.4812
4545 65.4812
4546 65.4812
4547 65.4812
4548 65.4812
4549 65.4812
4550 65.4812
4551 65.4812
4552 65.4812
4553 65.4812
4554 65.4812
4555 65.4812
4556 65.4812
4557 65.4812
4558 65.4812
4559 65.4812
4560 65.4812
4561 65.4812
4562 65.4812
4563 65.4812
4564 65.4812
4565 65.4812
4566 65.4812
4567 65.4812
4568 65.4812
4569 65.4812
4570 65.4812
4571 65.4812
4572 65.4812
4573 65.4812
4574 65.4812
4575 65.4812
4576 65.4812
4577 65.4812
4578 65.4812
4579 65.4812
4580 65.4812
4581 65.4812
4582 65.4812
4583 65.4812
4584 65.4812
4585 65.4812
4586 65.4812
4587 65.4812
4588 65.4812
4589 65.4812
4590 65.4812
4591 65.4812
4592 65.4812
4593 65.4812
4594 65.4812
4595 65.4812
4596 65.4812
4597 65.4812
4598 65.4812
4599 65.4812
4600 65.4812
4601 65.4812
4602 65.4812
4603 65.4812
4604 65.4812
4605 65.4812
4606 65.4812
4607 65.4812
4608 65.4812
4609 65.4812
4610 65.4812
4611 65.4812
4612 65.4812
4613 65.4812
4614 65.4812
4615 65.4812
4616 65.4812
4617 65.4812
4618 65.4812
4619 65.4812
4620 65.4812
4621 65.4812
4622 65.4812
4623 65.4812
4624 65.4812
4625 65.4812
4626 65.4812
4627 65.4812
4628 65.4812
4629 65.4812
4630 65.4812
4631 65.4812
4632 65.4812
4633 65.4812
4634 65.4812
4635 65.4812
4636 65.4812
4637 65.4812
4638 65.4812
4639 65.4812
4640 65.4812
4641 65.4812
4642 65.4812
4643 65.4812
4644 65.4812
4645 65.4812
4646 65.4812
4647 65.4812
4648 65.4812
4649 65.4812
4650 65.4812
4651 65.4812
4652 65.4812
4653 65.4812
4654 65.4812
4655 65.4812
4656 65.4812
4657 65.4812
4658 65.4812
4659 65.4812
4660 65.4812
4661 65.4812
4662 65.4812
4663 65.4812
4664 65.4812
4665 65.4812
4666 65.4812
4667 65.4812
4668 65.4812
4669 65.4812
4670 65.4812
4671 65.4812
4672 65.4812
4673 65.4812
4674 65.4812
4675 65.4812
4676 65.4812
4677 65.4812
4678 65.4812
4679 65.4812
4680 65.4812
4681 65.4812
4682 65.4812
4683 65.4812
4684 65.4812
4685 65.4812
4686 65.4812
4687 65.4812
4688 65.4812
4689 65.4812
4690 65.4812
4691 65.4812
4692 65.4812
4693 65.4812
4694 65.4812
4695 65.4812
4696 65.4812
4697 65.4812
4698 65.4812
4699 65.4812
4700 65.4812
4701 65.4812
4702 65.4812
4703 65.4812
4704 65.4812
4705 65.4812
4706 65.4812
4707 65.4812
4708 65.4812
4709 65.4812
4710 65.4812
4711 65.4812
4712 65.4812
4713 65.4812
4714 65.4812
4715 65.4812
4716 65.4812
4717 65.4812
4718 65.4812
4719 65.4812
4720 65.4812
4721 65.4812
4722 65.4812
4723 65.4812
4724 65.4812
4725 65.4812
4726 65.4812
4727 65.4812
4728 65.4812
4729 65.4812
4730 65.4812
4731 65.4812
4732 65.4812
4733 65.4812
4734 65.4812
4735 65.4812
4736 65.4812
4737 65.4812
4738 65.4812
4739 65.4812
4740 65.4812
4741 65.4812
4742 65.4812
4743 65.4812
4744 65.4812
4745 65.4812
4746 65.4812
4747 65.4812
4748 65.4812
4749 65.4812
4750 65.4812
4751 65.4812
4752 65.4812
4753 65.4812
4754 65.4812
4755 65.4812
4756 65.4812
4757 65.4812
4758 65.4812
4759 65.4812
4760 65.4812
4761 65.4812
4762 65.4812
4763 65.4812
4764 65.4812
4765 65.4812
4766 65.4812
4767 65.4812
4768 65.4812
4769 65.4812
4770 65.4812
4771 65.4812
4772 65.4812
4773 65.4812
4774 65.4812
4775 65.4812
4776 65.4812
4777 65.4812
4778 65.4812
4779 65.4812
4780 65.4812
4781 65.4812
4782 65.4812
4783 65.4812
4784 65.4812
4785 65.4812
4786 65.4812
4787 65.4812
4788 65.4812
4789 65.4812
4790 65.4812
4791 65.4812
4792 65.4812
4793 65.4812
4794 65.4812
4795 65.4812
4796 65.4812
4797 65.4812
4798 65.4812
4799 65.4812
4800 65.4812
4801 65.4812
4802 65.4812
4803 65.4812
4804 65.4812
4805 65.4812
4806 65.4812
4807 65.4812
4808 65.4812
4809 65.4812
4810 65.4812
4811 65.4812
4812 65.4812
4813 65.4812
4814 65.4812
4815 65.4812
4816 65.4812
4817 65.4812
4818 65.4812
4819 65.4812
4820 65.4812
4821 65.4812
4822 65.4812
4823 65.4812
4824 65.4812
4825 65.4812
4826 65.4812
4827 65.4812
4828 65.4812
4829 65.4812
4830 65.4812
4831 65.4812
4832 65.4812
4833 65.4812
4834 65.4812
4835 65.4812
4836 65.4812
4837 65.4812
4838 65.4812
4839 65.4812
4840 65.4812
4841 65.4812
4842 65.4812
4843 65.4812
4844 65.4812
4845 65.4812
4846 65.4812
4847 65.4812
4848 65.4812
4849 65.4812
4850 65.4812
4851 65.4812
4852 65.4812
4853 65.4812
4854 65.4812
4855 65.4812
4856 65.4812
4857 65.4812
4858 65.4812
4859 65.4812
4860 65.4812
4861 65.4812
4862 65.4812
4863 65.4812
4864 65.4812
4865 65.4812
4866 65.4812
4867 65.4812
4868 65.4812
4869 65.4812
4870 65.4812
4871 65.4812
4872 65.4812
4873 65.4812
4874 65.4812
4875 65.4812
4876 65.4812
4877 65.4812
4878 65.4812
4879 65.4812
4880 65.4812
4881 65.4812
4882 65.4812
4883 65.4812
4884 65.4812
4885 65.4812
4886 65.4812
4887 65.4812
4888 65.4812
4889 65.4812
4890 65.4812
4891 65.4812
4892 65.4812
4893 65.4812
4894 65.4812
4895 65.4812
4896 65.4812
4897 65.4812
4898 65.4812
4899 65.4812
4900 65.4812
4901 65.4812
4902 65.4812
4903 65.4812
4904 65.4812
4905 65.4812
4906 65.4812
4907 65.4812
4908 65.4812
4909 65.4812
4910 65.4812
4911 65.4812
4912 65.4812
4913 65.4812
4914 65.4812
4915 65.4812
4916 65.4812
4917 65.4812
4918 65.4812
4919 65.4812
4920 65.4812
4921 65.4812
4922 65.4812
4923 65.4812
4924 65.4812
4925 65.4812
4926 65.4812
4927 65.4812
4928 65.4812
4929 65.4812
4930 65.4812
4931 65.4812
4932 65.4812
4933 65.4812
4934 65.4812
4935 65.4812
4936 65.4812
4937 65.4812
4938 65.4812
4939 65.4812
4940 65.4812
4941 65.4812
4942 65.4812
4943 65.4812
4944 65.4812
4945 65.4812
4946 65.4812
4947 65.4812
4948 65.4812
4949 65.4812
4950 65.4812
4951 65.4812
4952 65.4812
4953 65.4812
4954 65.4812
4955 65.4812
4956 65.4812
4957 65.4812
4958 65.4812
4959 65.4812
4960 65.4812
4961 65.4812
4962 65.4812
4963 65.4812
4964 65.4812
4965 65.4812
4966 65.4812
4967 65.4812
4968 65.4812
4969 65.4812
4970 65.4812
4971 65.4812
4972 65.4812
4973 65.4812
4974 65.4812
4975 65.4812
4976 65.4812
4977 65.4812
4978 65.4812
4979 65.4812
4980 65.4812
4981 65.4812
4982 65.4812
4983 65.4812
4984 65.4812
4985 65.4812
4986 65.4812
4987 65.4812
4988 65.4812
4989 65.4812
4990 65.4812
4991 65.4812
4992 65.4812
4993 65.4812
4994 65.4812
4995 65.4812
4996 65.4812
4997 65.4812
4998 65.4812
4999 65.4812
5000 65.4812
5001 65.4812
5002 65.4812
5003 65.4812
5004 65.4812
5005 65.4812
5006 65.4812
5007 65.4812
5008 65.4812
5009 65.4812
5010 65.4812
5011 65.4812
5012 65.4812
5013 65.4812
5014 65.4812
5015 65.4812
5016 65.4812
5017 65.4812
5018 65.4812
5019 65.4812
5020 65.4812
5021 65.4812
5022 65.4812
5023 65.4812
5024 65.4812
5025 65.4812
5026 65.4812
5027 65.4812
5028 65.4812
5029 65.4812
5030 65.4812
5031 65.4812
5032 65.4812
5033 65.4812
5034 65.4812
5035 65.4812
5036 65.4812
5037 65.4812
5038 65.4812
5039 65.4812
5040 65.4812
5041 65.4812
5042 65.4812
5043 65.4812
5044 65.4812
5045 65.4812
5046 65.4812
5047 65.4812
5048 65.4812
5049 65.4812
5050 65.4812
5051 65.4812
5052 65.4812
5053 65.4812
5054 65.4812
5055 65.4812
5056 65.4812
5057 65.4812
5058 65.4812
5059 65.4812
5060 65.4812
5061 65.4812
5062 65.4812
5063 65.4812
5064 65.4812
5065 65.4812
5066 65.4812
5067 65.4812
5068 65.4812
5069 65.4812
5070 65.4812
5071 65.4812
5072 65.4812
5073 65.4812
5074 65.4812
5075 65.4812
5076 65.4812
5077 65.4812
5078 65.4812
5079 65.4812
5080 65.4812
5081 65.4812
5082 65.4812
5083 65.4812
5084 65.4812
5085 65.4812
5086 65.4812
5087 65.4812
5088 65.4812
5089 65.4812
5090 65.4812
5091 65.4812
5092 65.4812
5093 65.4812
5094 65.4812
5095 65.4812
5096 65.4812
5097 65.4812
5098 65.4812
5099 65.4812
5100 65.4812
5101 65.4812
5102 65.4812
5103 65.4812
5104 65.4812
5105 65.4812
5106 65.4812
5107 65.4812
5108 65.4812
5109 65.4812
5110 65.4812
5111 65.4812
5112 65.4812
5113 65.4812
5114 65.4812
5115 65.4812
5116 65.4812
5117 65.4812
5118 65.4812
5119 65.4812
5120 65.4812
5121 65.4812
5122 65.4812
5123 65.4812
5124 65.4812
5125 65.4812
5126 65.4812
5127 65.4812
5128 65.4812
5129 65.4812
5130 65.4812
5131 65.4812
5132 65.4812
5133 65.4812
5134 65.4812
5135 65.4812
5136 65.4812
5137 65.4812
5138 65.4812
5139 65.4812
5140 65.4812
5141 65.4812
5142 65.4812
5143 65.4812
5144 65.4812
5145 65.4812
5146 65.4812
5147 65.4812
5148 65.4812
5149 65.4812
5150 65.4812
5151 65.4812
5152 65.4812
5153 65.4812
5154 65.4812
5155 65.4812
5156 65.4812
5157 65.4812
5158 65.4812
5159 65.4812
5160 65.4812
5161 65.4812
5162 65.4812
5163 65.4812
5164 65.4812
5165 65.4812
5166 65.4812
5167 65.4812
5168 65.4812
5169 65.4812
5170 65.4812
5171 65.4812
5172 65.4812
5173 65.4812
5174 65.4812
5175 65.4812
5176 65.4812
5177 65.4812
5178 65.4812
5179 65.4812
5180 65.4812
5181 65.4812
5182 65.4812
5183 65.4812
5184 65.4812
5185 65.4812
5186 65.4812
5187 65.4812
5188 65.4812
5189 65.4812
5190 65.4812
5191 65.4812
5192 65.4812
5193 65.4812
5194 65.4812
5195 65.4812
5196 65.4812
5197 65.4812
5198 65.4812
5199 65.4812
5200 65.4812
5201 65.4812
5202 65.4812
5203 65.4812
5204 65.4812
5205 65.4812
5206 65.4812
5207 65.4812
5208 65.4812
5209 65.4812
5210 65.4812
5211 65.4812
5212 65.4812
5213 65.4812
5214 65.4812
5215 65.4812
5216 65.4812
5217 65.4812
5218 65.4812
5219 65.4812
5220 65.4812
5221 65.4812
5222 65.4812
5223 65.4812
5224 65.4812
5225 65.4812
5226 65.4812
5227 65.4812
5228 65.4812
5229 65.4812
5230 65.4812
5231 65.4812
5232 65.4812
5233 65.4812
5234 65.4812
5235 65.4812
5236 65.4812
5237 65.4812
5238 65.4812
5239 65.4812
5240 65.4812
5241 65.4812
5242 65.4812
5243 65.4812
5244 65.4812
5245 65.4812
5246 65.4812
5247 65.4812
5248 65.4812
5249 65.4812
5250 65.4812
5251 65.4812
5252 65.4812
5253 65.4812
5254 65.4812
5255 65.4812
5256 65.4812
5257 65.4812
5258 65.4812
5259 65.4812
5260 65.4812
5261 65.4812
5262 65.4812
5263 65.4812
5264 65.4812
5265 65.4812
5266 65.4812
5267 65.4812
5268 65.4812
5269 65.4812
5270 65.4812
5271 65.4812
5272 65.4812
5273 65.4812
5274 65.4812
5275 65.4812
5276 65.4812
5277 65.4812
5278 65.4812
5279 65.4812
5280 65.4812
5281 65.4812
5282 65.4812
5283 65.4812
5284 65.4812
5285 65.4812
5286 65.4812
5287 65.4812
5288 65.4812
5289 65.4812
5290 65.4812
5291 65.4812
5292 65.4812
5293 65.4812
5294 65.4812
5295 65.4812
5296 65.4812
5297 65.4812
5298 65.4812
5299 65.4812
5300 65.4812
5301 65.4812
5302 65.4812
5303 65.4812
5304 65.4812
5305 65.4812
5306 65.4812
5307 65.4812
5308 65.4812
5309 65.4812
5310 65.4812
5311 65.4812
5312 65.4812
5313 65.4812
5314 65.4812
5315 65.4812
5316 65.4812
5317 65.4812
5318 65.4812
5319 65.4812
5320 65.4812
5321 65.4812
5322 65.4812
5323 65.4812
5324 65.4812
5325 65.4812
5326 65.4812
5327 65.4812
5328 65.4812
5329 65.4812
5330 65.4812
5331 65.4812
5332 65.4812
5333 65.4812
5334 65.4812
5335 65.4812
5336 65.4812
5337 65.4812
5338 65.4812
5339 65.4812
5340 65.4812
5341 65.4812
5342 65.4812
5343 65.4812
5344 65.4812
5345 65.4812
5346 65.4812
5347 65.4812
5348 65.4812
5349 65.4812
5350 65.4812
5351 65.4812
5352 65.4812
5353 65.4812
5354 65.4812
5355 65.4812
5356 65.4812
5357 65.4812
5358 65.4812
5359 65.4812
5360 65.4812
5361 65.4812
5362 65.4812
5363 65.4812
5364 65.4812
5365 65.4812
5366 65.4812
5367 65.4812
5368 65.4812
5369 65.4812
5370 65.4812
5371 65.4812
5372 65.4812
5373 65.4812
5374 65.4812
5375 65.4812
5376 65.4812
5377 65.4812
5378 65.4812
5379 65.4812
5380 65.4812
5381 65.4812
5382 65.4812
5383 65.4812
5384 65.4812
5385 65.4812
5386 65.4812
5387 65.4812
5388 65.4812
5389 65.4812
5390 65.4812
5391 65.4812
5392 65.4812
5393 65.4812
5394 65.4812
5395 65.4812
5396 65.4812
5397 65.4812
5398 65.4812
5399 65.4812
5400 65.4812
5401 65.4812
5402 65.4812
5403 65.4812
5404 65.4812
5405 65.4812
5406 65.4812
5407 65.4812
5408 65.4812
5409 65.4812
5410 65.4812
5411 65.4812
5412 65.4812
5413 65.4812
5414 65.4812
5415 65.4812
5416 65.4812
5417 65.4812
5418 65.4812
5419 65.4812
5420 65.4812
5421 65.4812
5422 65.4812
5423 65.4812
5424 65.4812
5425 65.4812
5426 65.4812
5427 65.4812
5428 65.4812
5429 65.4812
5430 65.4812
5431 65.4812
5432 65.4812
5433 65.4812
5434 65.4812
5435 65.4812
5436 65.4812
5437 65.4812
5438 65.4812
5439 65.4812
5440 65.4812
5441 65.4812
5442 65.4812
5443 65.4812
5444 65.4812
5445 65.4812
5446 65.4812
5447 65.4812
5448 65.4812
5449 65.4812
5450 65.4812
5451 65.4812
5452 65.4812
5453 65.4812
5454 65.4812
5455 65.4812
5456 65.4812
5457 65.4812
5458 65.4812
5459 65.4812
5460 65.4812
5461 65.4812
5462 65.4812
5463 65.4812
5464 65.4812
5465 65.4812
5466 65.4812
5467 65.4812
5468 65.4812
5469 65.4812
5470 65.4812
5471 65.4812
5472 65.4812
5473 65.4812
5474 65.4812
5475 65.4812
5476 65.4812
5477 65.4812
5478 65.4812
5479 65.4812
5480 65.4812
5481 65.4812
5482 65.4812
5483 65.4812
5484 65.4812
5485 65.4812
5486 65.4812
5487 65.4812
5488 65.4812
5489 65.4812
5490 65.4812
5491 65.4812
5492 65.4812
5493 65.4812
5494 65.4812
5495 65.4812
5496 65.4812
5497 65.4812
5498 65.4812
5499 65.4812
5500 65.4812
5501 65.4812
5502 65.4812
5503 65.4812
5504 65.4812
5505 65.4812
5506 65.4812
5507 65.4812
5508 65.4812
5509 65.4812
5510 65.4812
5511 65.4812
5512 65.4812
5513 65.4812
5514 65.4812
5515 65.4812
5516 65.4812
5517 65.4812
5518 65.4812
5519 65.4812
5520 65.4812
5521 65.4812
5522 65.4812
5523 65.4812
5524 65.4812
5525 65.4812
5526 65.4812
5527 65.4812
5528 65.4812
5529 65.4812
5530 65.4812
5531 65.4812
5532 65.4812
5533 65.4812
5534 65.4812
5535 65.4812
5536 65.4812
5537 65.4812
5538 65.4812
5539 65.4812
5540 65.4812
5541 65.4812
5542 65.4812
5543 65.4812
5544 65.4812
5545 65.4812
5546 65.4812
5547 65.4812
5548 65.4812
5549 65.4812
5550 65.4812
5551 65.4812
5552 65.4812
5553 65.4812
5554 65.4812
5555 65.4812
5556 65.4812
5557 65.4812
5558 65.4812
5559 65.4812
5560 65.4812
5561 65.4812
5562 65.4812
5563 65.4812
5564 65.4812
5565 65.4812
5566 65.4812
5567 65.4812
5568 65.4812
5569 65.4812
5570 65.4812
5571 65.4812
5572 65.4812
5573 65.4812
5574 65.4812
5575 65.4812
5576 65.4812
5577 65.4812
5578 65.4812
5579 65.4812
5580 65.4812
5581 65.4812
5582 65.4812
5583 65.4812
5584 65.4812
5585 65.4812
5586 65.4812
5587 65.4812
5588 65.4812
5589 65.4812
5590 65.4812
5591 65.4812
5592 65.4812
5593 65.4812
5594 65.4812
5595 65.4812
5596 65.4812
5597 65.4812
5598 65.4812
5599 65.4812
5600 65.4812
5601 65.4812
5602 65.4812
5603 65.4812
5604 65.4812
5605 65.4812
5606 65.4812
5607 65.4812
5608 65.4812
5609 65.4812
5610 65.4812
5611 65.4812
5612 65.4812
5613 65.4812
5614 65.4812
5615 65.4812
5616 65.4812
5617 65.4812
5618 65.4812
5619 65.4812
5620 65.4812
5621 65.4812
5622 65.4812
5623 65.4812
5624 65.4812
5625 65.4812
5626 65.4812
5627 65.4812
5628 65.4812
5629 65.4812
5630 65.4812
5631 65.4812
5632 65.4812
5633 65.4812
5634 65.4812
5635 65.4812
5636 65.4812
5637 65.4812
5638 65.4812
5639 65.4812
5640 65.4812
5641 65.4812
5642 65.4812
5643 65.4812
5644 65.4812
5645 65.4812
5646 65.4812
5647 65.4812
5648 65.4812
5649 65.4812
5650 65.4812
5651 65.4812
5652 65.4812
5653 65.4812
5654 65.4812
5655 65.4812
5656 65.4812
5657 65.4812
5658 65.4812
5659 65.4812
5660 65.4812
5661 65.4812
5662 65.4812
5663 65.4812
5664 65.4812
5665 65.4812
5666 65.4812
5667 65.4812
5668 65.4812
5669 65.4812
5670 65.4812
5671 65.4812
5672 65.4812
5673 65.4812
5674 65.4812
5675 65.4812
5676 65.4812
5677 65.4812
5678 65.4812
5679 65.4812
5680 65.4812
5681 65.4812
5682 65.4812
5683 65.4812
5684 65.4812
5685 65.4812
5686 65.4812
5687 65.4812
5688 65.4812
5689 65.4812
5690 65.4812
5691 65.4812
5692 65.4812
5693 65.4812
5694 65.4812
5695 65.4812
5696 65.4812
5697 65.4812
5698 65.4812
5699 65.4812
5700 65.4812
5701 65.4812
5702 65.4812
5703 65.4812
5704 65.4812
5705 65.4812
5706 65.4812
5707 65.4812
5708 65.4812
5709 65.4812
5710 65.4812
5711 65.4812
5712 65.4812
5713 65.4812
5714 65.4812
5715 65.4812
5716 65.4812
5717 65.4812
5718 65.4812
5719 65.4812
5720 65.4812
5721 65.4812
5722 65.4812
5723 65.4812
5724 65.4812
5725 65.4812
5726 65.4812
5727 65.4812
5728 65.4812
5729 65.4812
5730 65.4812
5731 65.4812
5732 65.4812
5733 65.4812
5734 65.4812
5735 65.4812
5736 65.4812
5737 65.4812
5738 65.4812
5739 65.4812
5740 65.4812
5741 65.4812
5742 65.4812
5743 65.4812
5744 65.4812
5745 65.4812
5746 65.4812
5747 65.4812
5748 65.4812
5749 65.4812
5750 65.4812
5751 65.4812
5752 65.4812
5753 65.4812
5754 65.4812
5755 65.4812
5756 65.4812
5757 65.4812
5758 65.4812
5759 65.4812
5760 65.4812
5761 65.4812
5762 65.4812
5763 65.4812
5764 65.4812
5765 65.4812
5766 65.4812
5767 65.4812
5768 65.4812
5769 65.4812
5770 65.4812
5771 65.4812
5772 65.4812
5773 65.4812
5774 65.4812
5775 65.4812
5776 65.4812
5777 65.4812
5778 65.4812
5779 65.4812
5780 65.4812
5781 65.4812
5782 65.4812
5783 65.4812
5784 65.4812
5785 65.4812
5786 65.4812
5787 65.4812
5788 65.4812
5789 65.4812
5790 65.4812
5791 65.4812
5792 65.4812
5793 65.4812
5794 65.4812
5795 65.4812
5796 65.4812
5797 65.4812
5798 65.4812
5799 65.4812
5800 65.4812
5801 65.4812
5802 65.4812
5803 65.4812
5804 65.4812
5805 65.4812
5806 65.4812
5807 65.4812
5808 65.4812
5809 65.4812
5810 65.4812
5811 65.4812
5812 65.4812
5813 65.4812
5814 65.4812
5815 65.4812
5816 65.4812
5817 65.4812
5818 65.4812
5819 65.4812
5820 65.4812
5821 65.4812
5822 65.4812
5823 65.4812
5824 65.4812
5825 65.4812
5826 65.4812
5827 65.4812
5828 65.4812
5829 65.4812
5830 65.4812
5831 65.4812
5832 65.4812
5833 65.4812
5834 65.4812
5835 65.4812
5836 65.4812
5837 65.4812
5838 65.4812
5839 65.4812
5840 65.4812
5841 65.4812
5842 65.4812
5843 65.4812
5844 65.4812
5845 65.4812
5846 65.4812
5847 65.4812
5848 65.4812
5849 65.4812
5850 65.4812
5851 65.4812
5852 65.4812
5853 65.4812
5854 65.4812
5855 65.4812
5856 65.4812
5857 65.4812
5858 65.4812
5859 65.4812
5860 65.4812
5861 65.4812
5862 65.4812
5863 65.4812
5864 65.4812
5865 65.4812
5866 65.4812
5867 65.4812
5868 65.4812
5869 65.4812
5870 65.4812
5871 65.4812
5872 65.4812
5873 65.4812
5874 65.4812
5875 65.4812
5876 65.4812
5877 65.4812
5878 65.4812
5879 65.4812
5880 65.4812
5881 65.4812
5882 65.4812
5883 65.4812
5884 65.4812
5885 65.4812
5886 65.4812
5887 65.4812
5888 65.4812
5889 65.4812
5890 65.4812
5891 65.4812
5892 65.4812
5893 65.4812
5894 65.4812
5895 65.4812
5896 65.4812
5897 65.4812
5898 65.4812
5899 65.4812
5900 65.4812
5901 65.4812
5902 65.4812
5903 65.4812
5904 65.4812
5905 65.4812
5906 65.4812
5907 65.4812
5908 65.4812
5909 65.4812
5910 65.4812
5911 65.4812
5912 65.4812
5913 65.4812
5914 65.4812
5915 65.4812
5916 65.4812
5917 65.4812
5918 65.4812
5919 65.4812
5920 65.4812
5921 65.4812
5922 65.4812
5923 65.4812
5924 65.4812
5925 65.4812
5926 65.4812
5927 65.4812
5928 65.4812
5929 65.4812
5930 65.4812
5931 65.4812
5932 65.4812
5933 65.4812
5934 65.4812
5935 65.4812
5936 65.4812
5937 65.4812
5938 65.4812
5939 65.4812
5940 65.4812
5941 65.4812
5942 65.4812
5943 65.4812
5944 65.4812
5945 65.4812
5946 65.4812
5947 65.4812
5948 65.4812
5949 65.4812
5950 65.4812
5951 65.4812
5952 65.4812
5953 65.4812
5954 65.4812
5955 65.4812
5956 65.4812
5957 65.4812
5958 65.4812
5959 65.4812
5960 65.4812
5961 65.2539
5962 65.2539
5963 65.2539
5964 65.2539
5965 65.2539
5966 65.2539
5967 65.2539
5968 65.2539
5969 65.2539
5970 65.2539
5971 65.2539
5972 65.2539
5973 65.2539
5974 65.2539
5975 65.2539
5976 65.2539
5977 65.2539
5978 65.2539
5979 65.2539
5980 65.2539
5981 65.2539
5982 65.2539
5983 65.2539
5984 65.2539
5985 65.2539
5986 65.2539
5987 65.2539
5988 65.2539
5989 65.2539
5990 65.2539
5991 65.2539
5992 65.2539
5993 65.2539
5994 65.2539
5995 65.2539
5996 65.2539
5997 65.2539
5998 65.2539
5999 65.2539
4000 65.2539
