1 436.844
2 422.843
3 395.459
4 391.761
5 371.314
6 369.635
7 360.866
8 358.352
9 356.833
10 347.095
11 343.875
12 339.423
13 336.635
14 333.864
15 325.11
16 318.968
17 316.071
18 316.464
19 316.174
20 309.799
21 308.438
22 303.308
23 301.974
24 300.247
25 300.247
26 300.247
27 297.599
28 296.121
29 288.24
30 288.24
31 288.24
32 285.699
33 285.68
34 285.059
35 280.633
36 280.62
37 275.091
38 276.339
39 276.339
40 269.095
41 268.643
42 268.643
43 266.023
44 265.261
45 259.098
46 256.618
47 255.275
48 255.275
49 254.723
50 254.723
51 246.766
52 245.84
53 244.024
54 243.374
55 239.397
56 239.397
57 235.928
58 233.999
59 232.715
60 229.589
61 229.589
62 226.977
63 225.488
64 225.488
65 224.648
66 224.371
67 222.345
68 222.345
69 221.563
70 221.138
71 219.124
72 217.884
73 217.884
74 217.884
75 212.705
76 212.297
77 212.297
78 212.297
79 209.252
80 209.076
81 208.622
82 206.381
83 206.381
84 206.381
85 205.154
86 204.763
87 204.763
88 202.149
89 202.149
90 202.149
91 201.492
92 201.492
93 201.492
94 198.568
95 199.149
96 197.6
97 197.576
98 196.308
99 197.576
100 197.269
101 196.227
102 196.227
103 194.471
104 194.471
105 194.12
106 194.12
107 194.093
108 194.093
109 193.099
110 193.099
111 193.099
112 193.099
113 193.099
114 193.099
115 192.565
116 191.217
117 191.217
118 191.217
119 189.085
120 189.085
121 187.713
122 187.563
123 187.563
124 186.538
125 185.692
126 185.692
127 185.638
128 185.638
129 185.692
130 185.692
131 185.692
132 182.535
133 182.535
134 182.535
135 182.535
136 181.896
137 180.369
138 180.369
139 176.385
140 176.385
141 175.358
142 175.358
143 175.358
144 172.063
145 172.063
146 172.063
147 168.658
148 168.658
149 168.231
150 167.896
151 167.896
152 167.884
153 167.283
154 167.427
155 167.427
156 167.39
157 166.853
158 164.108
159 163.614
160 163.614
161 163.31
162 163.31
163 160.746
164 159.321
165 159.321
166 159.321
167 153.586
168 153.586
169 152.22
170 152.22
171 152.031
172 152.031
173 152.031
174 150.12
175 150.12
176 150.12
177 149.836
178 149.836
179 149.836
180 149.975
181 149.975
182 149.893
183 149.89
184 148.593
185 147.19
186 147.19
187 147.19
188 145.685
189 145.572
190 145.685
191 145.685
192 145.685
193 145.685
194 145.509
195 145.509
196 144.202
197 144.202
198 144.202
199 144.202
200 144.069
201 144.069
202 144.069
203 144.008
204 141.797
205 141.797
206 141.797
207 141.797
208 141.797
209 141.419
210 141.797
211 141.511
212 141.511
213 141.004
214 141.004
215 140.408
216 140.305
217 140.305
218 140.305
219 139.467
220 140.251
221 139.015
222 139.015
223 138.943
224 138.94
225 138.943
226 138.355
227 138.943
228 138.015
229 138.015
230 138.015
231 137
232 137
233 137
234 137
235 137
236 135.839
237 135.839
238 134.629
239 135.839
240 134.629
241 134.629
242 134.629
243 134.401
244 134.401
245 134.401
246 134.401
247 134.401
248 134.401
249 133.436
250 132.907
251 132.907
252 132.907
253 132.907
254 132.907
255 132.907
256 132.907
257 132.907
258 132.85
259 132.636
260 132.117
261 132.061
262 132.061
263 132.061
264 131.434
265 131.434
266 131.134
267 130.864
268 130.723
269 130.864
270 130.864
271 130.864
272 130.82
273 130.82
274 130.565
275 129.774
276 130.552
277 130.552
278 130.552
279 130.552
280 130.082
281 130.082
282 129.551
283 129.551
284 129.551
285 129.551
286 129.551
287 129.551
288 129.551
289 129.551
290 129.551
291 129.551
292 129.376
293 129.365
294 129.365
295 129.082
296 129.082
297 129.082
298 128.847
299 128.847
300 128.847
301 128.173
302 128.173
303 128.173
304 128.173
305 127.89
306 127.89
307 127.69
308 127.69
309 126.624
310 127.69
311 127.484
312 127.484
313 127.484
314 127.084
315 126.762
316 126.762
317 126.762
318 126.502
319 126.502
320 126.12
321 126.087
322 125.701
323 125.701
324 125.247
325 125.178
326 124.924
327 124.924
328 124.924
329 124.924
330 124.924
331 124.725
332 124.155
333 124.155
334 122.775
335 122.775
336 122.775
337 122.775
338 122.775
339 122.775
340 122.775
341 122.775
342 122.576
343 122.576
344 122.576
345 121.62
346 121.434
347 121.434
348 121.434
349 121.434
350 121.434
351 121.434
352 121.326
353 121.434
354 121.434
355 121.434
356 121.434
357 121.434
358 121.434
359 121.434
360 121.434
361 120.563
362 120.563
363 121.434
364 121.434
365 119.534
366 119.534
367 119.534
368 119.534
369 119.534
370 119.534
371 119.534
372 119.534
373 119.534
374 119.534
375 119.534
376 119.467
377 118.948
378 118.948
379 118.948
380 118.948
381 118.948
382 118.881
383 118.948
384 118.881
385 118.881
386 118.881
387 118.881
388 118.396
389 118.396
390 118.329
391 118.329
392 118.329
393 118.329
394 117.16
395 117.16
396 117.16
397 117.16
398 117.16
399 117.16
400 117.16
401 117.16
402 116.762
403 116.762
404 116.762
405 116.762
406 116.762
407 116.762
408 115.662
409 115.662
410 115.662
411 115.662
412 115.662
413 115.662
414 115.662
415 115.662
416 115.662
417 115.662
418 115.662
419 114.301
420 114.301
421 114.301
422 114.301
423 112.983
424 114.301
425 114.301
426 114.301
427 114.301
428 114.301
429 114.301
430 114.294
431 114.294
432 114.121
433 114.121
434 114.121
435 114.121
436 112.653
437 112.653
438 112.653
439 112.653
440 111.143
441 111.143
442 111.143
443 112.473
444 112.473
445 112.058
446 112.473
447 112.473
448 112.473
449 112.473
450 112.473
451 112.473
452 112.473
453 112.473
454 110.847
455 110.847
456 110.847
457 110.799
458 110.799
459 110.093
460 110.093
461 110.093
462 110.093
463 110.093
464 110.093
465 110.045
466 109.631
467 109.631
468 109.631
469 109.631
470 109.631
471 109.631
472 109.631
473 109.578
474 108.992
475 108.746
476 108.746
477 108.746
478 108.746
479 108.746
480 108.746
481 108.746
482 108.746
483 108.746
484 108.746
485 108.746
486 108.746
487 108.746
488 108.746
489 107.17
490 107.17
491 107.17
492 107.17
493 107.17
494 107.006
495 107.006
496 106.131
497 106.131
498 106.131
499 106.131
500 106.131
501 104.556
502 104.556
503 104.556
504 104.556
505 104.556
506 104.556
507 104.556
508 104.556
509 104.556
510 104.556
511 104.391
512 104.391
513 104.052
514 104.391
515 104.391
516 104.391
517 104.048
518 103.846
519 103.846
520 103.846
521 103.846
522 103.304
523 102.992
524 102.992
525 102.714
526 101.271
527 101.271
528 100.959
529 100.959
530 100.711
531 100.711
532 100.711
533 99.4554
534 99.4554
535 99.3207
536 99.3207
537 99.3207
538 98.5485
539 98.5485
540 98.5485
541 98.5485
542 98.5485
543 98.4138
544 98.4138
545 98.4138
546 98.4138
547 98.4138
548 98.4138
549 98.4138
550 98.4138
551 98.4138
552 98.4138
553 98.4138
554 98.4138
555 98.4138
556 98.3523
557 98.0973
558 98.0973
559 98.0973
560 98.0973
561 98.0973
562 98.0973
563 97.5586
564 97.5586
565 97.242
566 97.3991
567 97.5586
568 97.5586
569 97.497
570 97.5586
571 97.5586
572 97.5586
573 97.5586
574 97.242
575 97.242
576 95.508
577 95.508
578 95.1914
579 95.1914
580 95.1794
581 95.1794
582 95.1794
583 95.1794
584 95.1794
585 95.1794
586 95.1794
587 95.1794
588 94.9409
589 95.1794
590 95.1794
591 95.1794
592 95.1794
593 95.1794
594 95.1794
595 95.1794
596 94.42
597 94.42
598 94.42
599 94.42
600 93.8821
601 93.8821
602 93.4871
603 93.4871
604 93.4871
605 93.4871
606 93.4871
607 93.4871
608 93.4871
609 93.4871
610 93.4871
611 93.4871
612 93.1679
613 93.1679
614 93.1679
615 93.1679
616 93.1679
617 93.1679
618 93.1679
619 93.1679
620 93.1679
621 93.1679
622 92.5741
623 92.5741
624 92.5741
625 92.5741
626 92.5741
627 92.5741
628 92.5741
629 92.5741
630 92.5741
631 92.5741
632 92.5741
633 92.5741
634 92.5741
635 92.4994
636 91.968
637 91.968
638 91.968
639 91.968
640 91.3252
641 91.3252
642 91.3252
643 91.3252
644 91.3252
645 91.3252
646 91.3252
647 91.3252
648 91.3252
649 91.3252
650 91.3252
651 91.3252
652 91.0686
653 91.0686
654 91.0686
655 91.0686
656 91.0686
657 91.0686
658 91.0686
659 91.0686
660 91.0686
661 91.0686
662 91.0686
663 90.7982
664 90.7982
665 90.7982
666 90.7982
667 90.7982
668 90.7982
669 90.6804
670 90.6804
671 90.6804
672 90.6804
673 90.6804
674 90.6804
675 90.4101
676 90.4101
677 90.4101
678 90.4101
679 90.4101
680 90.4101
681 90.4101
682 90.4101
683 90.4101
684 90.4101
685 90.4101
686 90.4101
687 90.2011
688 90.4101
689 90.4101
690 90.4101
691 90.2011
692 90.2011
693 90.2011
694 89.7189
695 89.7189
696 89.7189
697 89.7189
698 89.7189
699 89.7189
700 89.7189
701 89.7189
702 89.7189
703 89.4209
704 89.4209
705 89.4209
706 89.4209
707 89.0859
708 88.9265
709 88.9265
710 88.9265
711 88.9265
712 88.6074
713 88.6074
714 88.6074
715 88.6074
716 87.9415
717 87.0637
718 87.0637
719 87.0637
720 87.0637
721 87.0637
722 87.0637
723 87.0637
724 87.0637
725 87.0637
726 87.0637
727 87.0637
728 87.0637
729 87.0637
730 86.8585
731 86.8585
732 86.8585
733 86.8585
734 86.8585
735 86.8585
736 86.8585
737 86.8585
738 86.8585
739 86.8585
740 86.8585
741 86.8585
742 86.8585
743 86.8585
744 86.8585
745 86.8585
746 86.8585
747 86.8585
748 86.8585
749 86.5953
750 86.5953
751 86.5953
752 86.5953
753 86.8585
754 86.8585
755 86.852
756 86.852
757 86.852
758 86.852
759 86.852
760 86.852
761 86.852
762 86.852
763 86.852
764 86.852
765 86.098
766 86.098
767 86.098
768 86.098
769 86.098
770 86.098
771 86.098
772 86.098
773 86.098
774 86.098
775 86.098
776 86.098
777 86.098
778 86.098
779 86.098
780 86.098
781 86.098
782 86.098
783 86.098
784 86.098
785 86.098
786 86.098
787 86.0565
788 86.098
789 86.098
790 86.0894
791 86.0894
792 86.0894
793 86.0894
794 86.0894
795 86.0894
796 86.0894
797 86.0894
798 86.0894
799 86.0894
800 86.0894
801 86.0894
802 86.0894
803 86.0894
804 86.0894
805 86.0894
806 86.0894
807 86.0894
808 86.0894
809 86.0894
810 86.0894
811 86.0894
812 86.0894
813 85.7543
814 85.7543
815 85.7543
816 85.7543
817 85.7543
818 85.7543
819 85.7543
820 85.6762
821 85.6762
822 84.4891
823 84.4891
824 84.4891
825 84.4891
826 84.4891
827 84.4891
828 84.4891
829 84.4891
830 84.4891
831 84.4891
832 84.4891
833 84.4891
834 84.4891
835 84.4891
836 84.4891
837 84.4891
838 84.4891
839 84.4891
840 84.4891
841 84.4891
842 84.4891
843 84.4891
844 84.4891
845 84.4891
846 84.4891
847 84.4891
848 84.4891
849 84.4891
850 84.4891
851 84.4891
852 84.4891
853 84.4891
854 84.4891
855 84.4891
856 84.4891
857 84.2872
858 84.2872
859 84.2872
860 84.2872
861 84.2872
862 84.2872
863 84.2872
864 84.2872
865 84.2872
866 84.2872
867 84.2872
868 84.2872
869 84.2872
870 84.2872
871 84.2872
872 84.2872
873 84.2872
874 84.2872
875 84.2872
876 82.1988
877 82.1988
878 82.1988
879 82.1988
880 82.1988
881 82.1988
882 82.1988
883 82.1988
884 82.1988
885 82.1988
886 82.1988
887 82.1988
888 82.1988
889 82.1988
890 82.1988
891 82.1988
892 82.1988
893 82.1988
894 82.1988
895 82.1988
896 82.1988
897 82.1988
898 82.1988
899 82.1988
900 82.1988
901 82.1988
902 82.1988
903 82.1988
904 82.1988
905 82.1988
906 82.1621
907 82.0254
908 82.0254
909 82.0254
910 82.0254
911 82.0254
912 82.0254
913 82.0254
914 82.0254
915 82.0254
916 82.0254
917 82.0254
918 82.0254
919 82.0254
920 81.9593
921 81.9593
922 81.9593
923 81.9593
924 81.9593
925 81.9593
926 81.9593
927 81.9593
928 81.953
929 81.953
930 81.953
931 81.953
932 81.953
933 81.953
934 81.953
935 81.953
936 81.953
937 81.953
938 81.953
939 81.953
940 81.953
941 81.9219
942 81.9219
943 81.7356
944 81.7356
945 81.7356
946 81.7356
947 81.7356
948 81.7356
949 81.7356
950 80.5356
951 80.5356
952 80.5356
953 80.5356
954 80.5356
955 80.5356
956 80.5356
957 80.5356
958 80.2396
959 80.2396
960 80.2396
961 80.2396
962 80.2396
963 80.2396
964 80.2396
965 80.2396
966 80.2396
967 80.2396
968 80.2396
969 80.2396
970 80.2396
971 80.2396
972 80.2396
973 80.2396
974 80.0272
975 80.0272
976 80.0272
977 79.6542
978 79.335
979 79.2953
980 79.5077
981 79.5077
982 78.5701
983 78.5701
984 78.5701
985 78.5701
986 78.5701
987 78.5701
988 78.5701
989 78.5701
990 78.5701
991 78.5701
992 77.6655
993 77.6655
994 77.6655
995 77.6655
996 77.6655
997 77.6655
998 77.6655
999 77.6655
1000 77.6655
1001 77.6655
1002 77.6655
1003 77.6655
1004 77.6655
1005 77.6655
1006 77.6655
1007 77.6655
1008 77.6655
1009 77.6655
1010 77.6655
1011 77.6655
1012 77.6655
1013 77.6655
1014 77.6655
1015 77.6655
1016 77.6655
1017 77.6655
1018 77.5135
1019 76.8902
1020 76.8902
1021 76.8902
1022 76.8902
1023 76.8902
1024 76.8902
1025 76.7382
1026 76.8902
1027 76.8902
1028 76.8902
1029 76.8902
1030 76.8902
1031 76.8902
1032 76.6895
1033 76.6852
1034 76.6852
1035 76.6852
1036 76.6852
1037 76.6852
1038 76.6852
1039 76.6852
1040 76.6852
1041 76.6852
1042 76.6852
1043 76.6541
1044 76.6541
1045 76.6541
1046 76.6541
1047 76.6541
1048 76.6541
1049 76.6541
1050 76.6541
1051 76.6541
1052 76.6541
1053 76.6087
1054 76.6087
1055 75.7342
1056 75.7342
1057 75.7342
1058 75.7342
1059 75.7342
1060 75.7342
1061 75.7342
1062 75.7342
1063 75.7342
1064 75.488
1065 75.488
1066 75.488
1067 75.488
1068 75.488
1069 75.1296
1070 75.1296
1071 75.1296
1072 75.1296
1073 74.4018
1074 74.4018
1075 74.4018
1076 74.4018
1077 74.4018
1078 74.4018
1079 74.4018
1080 74.4018
1081 74.4018
1082 74.4018
1083 74.4018
1084 74.4018
1085 74.4018
1086 74.4018
1087 74.4018
1088 74.4018
1089 74.4018
1090 74.4018
1091 74.4018
1092 74.4018
1093 74.4018
1094 74.4018
1095 74.1689
1096 74.3444
1097 74.4018
1098 74.4018
1099 74.4018
1100 74.4018
1101 74.4018
1102 74.4018
1103 74.0758
1104 74.0758
1105 73.2522
1106 73.2522
1107 73.2522
1108 73.2522
1109 73.2522
1110 73.2522
1111 73.2522
1112 73.2522
1113 73.2522
1114 73.2522
1115 73.2522
1116 73.2522
1117 73.2522
1118 73.2522
1119 73.2522
1120 73.2522
1121 73.2522
1122 73.2522
1123 73.2522
1124 73.2522
1125 73.2522
1126 73.2522
1127 73.2522
1128 73.2522
1129 73.2522
1130 73.2522
1131 73.2522
1132 73.2522
1133 73.2522
1134 73.2522
1135 73.2522
1136 73.2522
1137 73.2522
1138 73.2522
1139 73.0939
1140 73.0939
1141 73.0939
1142 73.0939
1143 73.0939
1144 73.0939
1145 73.0939
1146 73.0939
1147 73.0939
1148 72.8782
1149 72.8782
1150 72.8279
1151 72.8279
1152 72.8279
1153 72.8279
1154 72.8279
1155 72.8279
1156 72.8279
1157 72.8279
1158 72.8279
1159 72.8279
1160 72.8279
1161 72.8279
1162 72.7559
1163 72.8279
1164 72.8279
1165 72.8279
1166 72.8279
1167 72.8279
1168 72.8279
1169 72.8279
1170 72.8279
1171 72.8279
1172 72.8279
1173 72.8279
1174 72.8279
1175 72.8279
1176 72.8279
1177 72.8279
1178 72.7856
1179 72.7856
1180 72.7856
1181 72.7856
1182 72.7856
1183 72.7856
1184 72.7856
1185 72.7856
1186 72.7856
1187 72.7856
1188 72.7856
1189 72.7856
1190 72.7856
1191 72.7856
1192 72.7856
1193 72.7856
1194 72.7856
1195 72.7856
1196 72.7856
1197 72.7856
1198 72.7856
1199 72.7856
1200 72.7856
1201 72.7856
1202 72.7856
1203 72.7856
1204 72.7856
1205 72.7856
1206 72.7856
1207 72.7856
1208 72.7856
1209 72.7856
1210 72.7856
1211 72.7856
1212 72.7175
1213 72.7175
1214 72.7175
1215 72.7175
1216 72.7175
1217 72.7175
1218 72.7175
1219 71.8174
1220 71.8174
1221 71.8174
1222 71.8174
1223 71.8174
1224 71.8174
1225 71.8174
1226 71.8174
1227 71.8174
1228 71.8174
1229 71.8174
1230 71.8174
1231 71.8174
1232 71.8174
1233 71.8174
1234 71.8174
1235 71.8174
1236 71.8174
1237 71.8174
1238 71.8174
1239 71.8174
1240 71.8174
1241 71.8174
1242 71.8174
1243 71.8174
1244 71.8174
1245 71.8174
1246 71.8174
1247 71.8174
1248 71.8174
1249 71.8174
1250 71.8174
1251 71.8174
1252 71.8174
1253 71.8174
1254 71.8174
1255 71.8174
1256 71.8174
1257 71.8174
1258 71.8174
1259 71.8174
1260 71.8174
1261 71.8174
1262 71.8174
1263 71.8174
1264 71.7512
1265 71.7512
1266 71.7512
1267 71.7512
1268 71.7512
1269 71.7512
1270 71.7512
1271 71.7512
1272 71.7512
1273 71.7512
1274 71.7512
1275 71.7512
1276 71.7512
1277 71.7512
1278 71.7458
1279 71.7458
1280 71.073
1281 71.073
1282 71.7458
1283 71.7458
1284 71.7458
1285 71.7458
1286 71.7458
1287 71.7458
1288 71.7458
1289 71.7458
1290 71.7458
1291 71.7458
1292 71.7458
1293 71.7458
1294 71.7458
1295 71.7458
1296 71.7458
1297 71.7458
1298 71.7458
1299 71.7458
1300 71.7458
1301 71.7458
1302 71.7458
1303 71.7458
1304 71.7458
1305 71.7458
1306 71.7458
1307 71.7458
1308 71.7458
1309 71.7458
1310 71.7458
1311 71.7458
1312 71.7458
1313 71.7458
1314 71.7458
1315 71.7458
1316 71.7458
1317 71.7458
1318 71.7458
1319 71.7458
1320 71.7458
1321 71.7458
1322 71.7458
1323 71.7458
1324 71.7458
1325 71.7458
1326 71.7458
1327 71.7458
1328 71.7458
1329 71.7458
1330 71.7458
1331 71.7458
1332 71.7458
1333 71.7458
1334 71.7458
1335 71.7458
1336 71.7458
1337 71.7458
1338 71.7458
1339 71.7458
1340 71.7458
1341 71.7458
1342 71.7458
1343 71.7458
1344 71.7458
1345 71.7458
1346 71.7458
1347 71.1898
1348 71.1898
1349 71.1898
1350 71.1898
1351 71.1898
1352 71.1898
1353 71.1898
1354 71.1898
1355 71.1898
1356 71.1898
1357 71.1898
1358 71.1898
1359 71.1898
1360 71.0353
1361 71.0353
1362 70.7364
1363 70.7364
1364 70.7364
1365 70.7364
1366 70.7364
1367 70.7364
1368 70.7364
1369 70.7364
1370 70.7364
1371 70.7364
1372 70.7364
1373 70.7364
1374 70.7364
1375 70.7364
1376 70.7364
1377 70.7364
1378 70.7364
1379 70.7364
1380 70.7364
1381 70.7364
1382 70.7364
1383 70.7364
1384 70.7364
1385 70.7364
1386 70.7364
1387 70.7364
1388 70.7364
1389 70.7364
1390 70.7364
1391 70.7364
1392 70.7364
1393 70.7364
1394 70.7364
1395 70.7364
1396 70.7364
1397 70.7364
1398 70.7364
1399 70.7364
1400 70.5923
1401 70.7364
1402 70.7364
1403 70.7364
1404 70.7364
1405 70.7364
1406 70.582
1407 70.582
1408 70.582
1409 70.582
1410 70.582
1411 70.582
1412 70.582
1413 70.582
1414 70.582
1415 70.582
1416 70.582
1417 70.582
1418 70.582
1419 70.582
1420 70.582
1421 70.582
1422 70.582
1423 70.582
1424 70.582
1425 70.582
1426 70.582
1427 70.582
1428 70.582
1429 70.582
1430 70.582
1431 70.582
1432 70.582
1433 70.582
1434 70.582
1435 70.582
1436 70.582
1437 70.582
1438 70.582
1439 70.582
1440 70.582
1441 70.582
1442 70.4872
1443 70.4872
1444 70.4872
1445 70.4872
1446 70.4872
1447 70.4872
1448 70.4872
1449 70.4872
1450 70.4872
1451 70.4872
1452 70.4872
1453 70.4872
1454 70.4872
1455 70.4872
1456 70.4872
1457 70.4872
1458 70.4872
1459 70.4872
1460 70.4872
1461 70.4872
1462 70.4872
1463 70.4872
1464 70.4872
1465 70.4872
1466 70.4872
1467 70.4872
1468 70.4872
1469 70.4303
1470 70.4303
1471 70.4303
1472 70.4303
1473 70.4303
1474 70.4303
1475 70.4303
1476 70.4303
1477 70.4303
1478 70.4303
1479 70.4303
1480 70.4303
1481 70.4303
1482 70.4303
1483 70.4303
1484 70.4303
1485 70.4303
1486 70.4303
1487 70.4303
1488 70.4303
1489 70.4303
1490 70.4303
1491 70.4303
1492 70.4303
1493 70.4303
1494 70.4303
1495 70.4303
1496 70.4303
1497 70.4303
1498 70.4303
1499 70.4303
1500 70.4303
1501 70.4303
1502 70.4303
1503 70.4303
1504 70.4303
1505 70.4303
1506 70.4303
1507 70.4303
1508 70.4303
1509 70.4303
1510 70.4303
1511 70.4303
1512 70.4303
1513 70.4303
1514 70.4303
1515 70.4303
1516 70.4303
1517 70.4303
1518 70.4303
1519 70.4303
1520 70.4303
1521 70.4303
1522 70.4303
1523 70.4303
1524 70.4303
1525 70.4303
1526 70.4303
1527 70.4303
1528 70.4303
1529 70.4303
1530 70.4303
1531 70.4303
1532 70.4303
1533 70.4303
1534 70.4303
1535 70.4303
1536 70.4303
1537 70.4303
1538 70.4303
1539 70.4303
1540 70.4303
1541 70.4303
1542 70.4303
1543 70.4303
1544 70.4303
1545 70.4303
1546 70.4303
1547 70.4303
1548 70.4303
1549 70.4303
1550 70.4303
1551 70.4303
1552 70.4303
1553 70.4303
1554 70.4303
1555 70.4303
1556 70.4303
1557 70.4303
1558 70.4303
1559 70.4303
1560 70.4303
1561 70.4303
1562 70.4303
1563 70.4303
1564 70.3867
1565 70.3867
1566 70.3867
1567 70.3867
1568 70.3867
1569 70.3867
1570 70.3867
1571 70.3867
1572 70.3867
1573 70.3867
1574 70.3867
1575 70.3867
1576 70.3867
1577 70.3867
1578 70.3867
1579 70.3867
1580 70.3867
1581 70.3867
1582 70.3867
1583 70.3867
1584 70.3867
1585 70.3867
1586 70.3867
1587 70.3867
1588 70.3867
1589 70.3867
1590 70.3867
1591 70.3867
1592 70.3867
1593 70.3867
1594 70.3867
1595 70.3867
1596 70.3859
1597 70.3859
1598 70.3859
1599 70.3859
1600 70.3859
1601 70.3859
1602 70.3859
1603 70.3859
1604 70.3859
1605 70.3859
1606 70.3859
1607 70.3859
1608 70.3859
1609 70.3859
1610 70.3859
1611 70.3859
1612 70.3859
1613 70.3859
1614 70.3859
1615 70.3859
1616 70.3859
1617 70.3859
1618 70.3859
1619 70.3859
1620 70.3859
1621 70.3859
1622 70.3859
1623 70.3859
1624 70.3859
1625 70.3859
1626 70.3859
1627 70.3859
1628 69.7778
1629 69.7778
1630 69.7778
1631 69.7778
1632 69.7778
1633 69.7778
1634 69.7778
1635 69.7778
1636 69.7778
1637 69.7778
1638 69.7778
1639 69.7778
1640 69.7778
1641 69.7778
1642 69.7778
1643 69.7778
1644 69.7778
1645 69.7778
1646 69.7778
1647 69.7778
1648 69.7778
1649 69.7778
1650 69.7778
1651 69.7778
1652 69.7778
1653 69.7778
1654 69.7778
1655 69.7778
1656 69.7778
1657 69.7778
1658 69.7778
1659 69.7778
1660 69.7778
1661 69.7778
1662 69.7778
1663 69.7778
1664 69.7778
1665 69.7778
1666 69.7778
1667 69.7778
1668 69.7778
1669 69.7778
1670 69.7778
1671 69.7778
1672 69.7778
1673 69.7778
1674 69.7778
1675 69.7778
1676 69.7778
1677 69.7778
1678 69.7778
1679 69.7778
1680 69.7778
1681 69.7778
1682 69.7778
1683 69.7778
1684 69.7778
1685 69.7778
1686 69.7778
1687 69.7778
1688 69.7778
1689 69.7778
1690 69.7778
1691 69.7778
1692 69.7778
1693 69.7778
1694 69.7778
1695 69.7778
1696 69.7778
1697 69.7778
1698 69.7778
1699 69.7778
1700 69.7778
1701 69.7778
1702 69.7778
1703 69.7778
1704 69.7778
1705 69.7778
1706 69.7778
1707 69.6748
1708 69.6748
1709 69.6748
1710 69.6748
1711 69.6748
1712 69.6748
1713 69.6748
1714 69.6748
1715 69.6748
1716 69.6748
1717 69.6748
1718 69.6748
1719 69.6748
1720 69.6748
1721 69.6748
1722 69.6748
1723 69.6748
1724 69.6748
1725 69.6748
1726 69.6748
1727 69.6748
1728 69.6748
1729 69.6748
1730 69.6748
1731 69.6748
1732 69.6748
1733 69.6748
1734 69.6748
1735 69.6748
1736 69.6748
1737 69.6748
1738 69.6748
1739 69.6748
1740 69.6748
1741 69.6748
1742 69.6748
1743 69.6748
1744 69.6748
1745 69.6748
1746 69.6748
1747 69.6748
1748 69.6748
1749 69.6748
1750 69.6748
1751 69.6748
1752 69.6748
1753 69.6748
1754 69.6748
1755 69.6748
1756 69.6748
1757 69.6748
1758 69.6748
1759 69.6748
1760 69.6748
1761 69.6748
1762 69.6748
1763 69.6748
1764 69.6748
1765 69.6748
1766 69.6748
1767 69.6748
1768 69.6748
1769 69.6748
1770 69.6748
1771 69.6748
1772 69.6748
1773 69.6748
1774 69.6748
1775 69.6748
1776 69.6748
1777 69.6748
1778 69.6748
1779 69.6748
1780 69.6748
1781 69.6748
1782 69.6748
1783 69.6748
1784 69.6748
1785 69.6748
1786 69.6748
1787 69.6748
1788 69.6748
1789 69.6748
1790 69.6748
1791 69.6748
1792 69.6748
1793 69.6748
1794 69.6748
1795 69.6748
1796 69.6748
1797 69.6748
1798 69.6748
1799 69.6748
1800 69.6748
1801 69.6748
1802 69.6748
1803 69.6748
1804 69.6748
1805 69.6748
1806 69.6748
1807 69.6748
1808 69.6748
1809 69.6748
1810 69.6748
1811 69.6748
1812 69.6748
1813 69.6748
1814 69.6748
1815 69.6748
1816 69.6748
1817 69.6748
1818 69.6748
1819 69.6748
1820 69.6748
1821 69.6748
1822 69.6748
1823 69.6748
1824 69.6748
1825 69.6748
1826 69.6748
1827 69.6748
1828 69.6748
1829 69.6748
1830 69.6748
1831 69.6748
1832 69.6748
1833 69.6748
1834 69.6748
1835 69.6748
1836 69.6748
1837 69.6748
1838 69.6748
1839 69.6748
1840 69.6748
1841 69.6748
1842 69.6748
1843 69.6748
1844 69.6748
1845 69.6748
1846 69.6748
1847 69.6748
1848 69.6748
1849 69.6748
1850 69.6748
1851 69.6748
1852 69.6748
1853 69.6748
1854 69.6748
1855 69.6748
1856 69.6748
1857 69.6748
1858 69.6748
1859 69.6748
1860 69.6748
1861 69.6748
1862 69.6748
1863 69.6748
1864 69.523
1865 69.523
1866 69.523
1867 69.523
1868 69.523
1869 69.523
1870 69.523
1871 69.523
1872 69.523
1873 69.523
1874 69.523
1875 69.523
1876 69.523
1877 69.523
1878 69.523
1879 69.523
1880 69.523
1881 69.523
1882 69.523
1883 69.523
1884 69.523
1885 69.523
1886 69.523
1887 69.523
1888 69.523
1889 69.523
1890 69.523
1891 69.523
1892 69.523
1893 69.523
1894 69.523
1895 69.523
1896 69.523
1897 69.523
1898 69.523
1899 69.523
1900 69.523
1901 69.523
1902 69.523
1903 69.523
1904 69.523
1905 69.523
1906 69.523
1907 69.523
1908 69.523
1909 69.523
1910 69.523
1911 69.523
1912 69.523
1913 69.523
1914 69.523
1915 69.523
1916 69.523
1917 69.523
1918 69.523
1919 69.523
1920 69.523
1921 69.523
1922 69.523
1923 69.523
1924 69.523
1925 69.523
1926 69.523
1927 69.523
1928 69.523
1929 69.523
1930 69.523
1931 69.523
1932 69.523
1933 69.523
1934 69.523
1935 69.523
1936 69.4657
1937 69.4657
1938 69.4657
1939 69.4657
1940 69.4657
1941 69.4657
1942 69.4657
1943 69.4657
1944 69.4657
1945 69.4657
1946 69.4657
1947 69.4657
1948 69.4657
1949 69.4657
1950 69.4657
1951 69.4657
1952 69.4657
1953 69.4657
1954 69.4657
1955 69.4657
1956 69.4657
1957 69.4657
1958 69.4657
1959 69.4657
1960 69.4657
1961 69.4657
1962 69.4657
1963 69.4657
1964 69.4657
1965 69.4657
1966 69.4657
1967 69.4657
1968 69.4657
1969 69.4657
1970 69.4657
1971 69.4657
1972 69.4657
1973 69.4657
1974 69.4657
1975 69.4657
1976 69.4657
1977 69.4657
1978 69.4657
1979 69.4657
1980 69.4657
1981 69.4657
1982 69.4657
1983 69.4657
1984 69.4657
1985 69.4657
1986 69.4657
1987 69.4657
1988 69.4657
1989 69.4657
1990 69.4657
1991 69.4657
1992 69.4657
1993 69.4657
1994 69.4657
1995 69.4657
1996 69.4657
1997 69.4657
1998 69.4657
1999 69.4657
2000 69.4657
2001 69.4657
2002 69.4657
2003 69.4657
2004 69.4657
2005 69.4657
2006 69.4657
2007 69.4657
2008 69.4657
2009 69.4657
2010 69.4657
2011 69.4657
2012 69.4657
2013 69.4657
2014 69.4657
2015 69.4657
2016 69.4657
2017 69.4657
2018 69.4657
2019 69.4657
2020 69.4657
2021 69.4657
2022 69.4657
2023 69.4657
2024 69.4657
2025 69.4657
2026 69.4657
2027 69.4657
2028 69.4657
2029 69.4657
2030 69.4657
2031 69.4657
2032 69.4657
2033 69.4657
2034 69.4657
2035 69.4657
2036 69.4657
2037 69.4657
2038 69.4657
2039 69.4657
2040 69.4657
2041 69.4657
2042 69.4657
2043 69.4657
2044 69.4657
2045 69.4657
2046 69.4657
2047 69.4014
2048 69.4014
2049 69.4014
2050 69.4014
2051 69.4014
2052 69.4014
2053 69.4014
2054 69.4014
2055 69.4014
2056 69.4014
2057 69.4014
2058 69.4014
2059 69.4014
2060 69.4014
2061 69.4014
2062 69.4014
2063 69.4014
2064 69.4014
2065 69.4014
2066 69.4014
2067 69.4014
2068 69.4014
2069 69.4014
2070 69.4014
2071 69.4014
2072 69.4014
2073 69.3861
2074 69.3861
2075 69.3861
2076 69.3861
2077 69.3861
2078 69.3861
2079 69.3861
2080 69.3861
2081 69.3861
2082 69.3861
2083 69.3861
2084 69.3861
2085 69.3861
2086 69.3861
2087 69.3861
2088 69.3861
2089 69.3861
2090 69.3861
2091 69.3861
2092 69.3861
2093 69.3861
2094 69.3861
2095 69.3861
2096 69.3861
2097 69.3861
2098 69.3861
2099 69.3861
2100 69.3861
2101 69.3861
2102 69.3861
2103 69.3861
2104 69.3861
2105 69.3861
2106 69.3861
2107 69.3861
2108 69.3861
2109 69.3861
2110 69.3861
2111 69.3861
2112 69.3861
2113 69.3861
2114 69.3861
2115 69.3861
2116 69.3861
2117 69.3861
2118 69.3861
2119 69.3861
2120 69.3861
2121 69.3861
2122 69.3861
2123 69.3861
2124 69.3861
2125 69.3861
2126 69.3861
2127 69.3861
2128 69.3861
2129 69.3861
2130 69.3861
2131 69.3861
2132 69.3861
2133 69.3861
2134 69.3861
2135 69.3861
2136 69.3861
2137 69.3861
2138 69.3861
2139 69.3861
2140 69.3861
2141 69.3861
2142 69.3861
2143 69.3861
2144 69.3861
2145 69.3861
2146 69.3861
2147 69.3861
2148 69.3861
2149 69.3861
2150 69.3861
2151 69.3861
2152 69.3861
2153 69.3861
2154 69.3861
2155 69.3861
2156 69.3861
2157 69.3861
2158 69.3861
2159 69.3861
2160 69.3861
2161 69.3861
2162 69.3861
2163 69.3861
2164 69.3861
2165 69.3861
2166 69.1968
2167 69.1968
2168 69.1968
2169 69.1968
2170 69.1968
2171 69.1968
2172 69.1968
2173 69.1968
2174 69.1968
2175 69.1968
2176 69.1968
2177 69.1968
2178 69.1968
2179 69.1968
2180 69.1968
2181 69.1968
2182 69.1968
2183 69.1968
2184 69.1968
2185 69.1968
2186 69.1968
2187 69.1968
2188 69.1968
2189 69.1968
2190 69.1968
2191 68.8271
2192 68.8271
2193 68.8271
2194 68.8271
2195 68.8271
2196 68.8271
2197 68.8271
2198 68.8271
2199 68.8271
2200 68.8271
2201 68.8271
2202 68.8271
2203 68.8271
2204 68.8271
2205 68.8271
2206 68.8271
2207 68.8271
2208 68.8271
2209 68.8271
2210 68.8271
2211 68.8271
2212 68.715
2213 68.715
2214 68.715
2215 68.715
2216 68.715
2217 68.715
2218 68.715
2219 68.715
2220 68.715
2221 68.715
2222 68.715
2223 68.715
2224 68.715
2225 68.715
2226 68.715
2227 68.715
2228 68.715
2229 68.715
2230 68.715
2231 68.0767
2232 68.0767
2233 68.0767
2234 68.0767
2235 68.0767
2236 68.0767
2237 68.0767
2238 68.0767
2239 68.0767
2240 68.0767
2241 68.0767
2242 68.0767
2243 68.0767
2244 68.0767
2245 68.0767
2246 68.0767
2247 68.0767
2248 68.0767
2249 68.0767
2250 68.0767
2251 68.0767
2252 68.0767
2253 68.0767
2254 68.0767
2255 68.0767
2256 68.0767
2257 68.0767
2258 68.0767
2259 68.0767
2260 68.0767
2261 68.0767
2262 68.0767
2263 68.0767
2264 68.0767
2265 67.6892
2266 68.0767
2267 67.9597
2268 67.9597
2269 67.9597
2270 67.9597
2271 67.5722
2272 67.5722
2273 67.5722
2274 67.5722
2275 67.5722
2276 67.5722
2277 67.5722
2278 67.5722
2279 67.5722
2280 67.5722
2281 67.5722
2282 67.5722
2283 67.5722
2284 66.9195
2285 66.9195
2286 66.9195
2287 66.9195
2288 66.9195
2289 66.9195
2290 66.9195
2291 66.9195
2292 66.9195
2293 66.9195
2294 66.9195
2295 66.9195
2296 66.9195
2297 66.9195
2298 66.9195
2299 66.9195
2300 66.9195
2301 66.9195
2302 66.9195
2303 66.9195
2304 66.9195
2305 66.9195
2306 66.9195
2307 66.9195
2308 66.9195
2309 66.9195
2310 66.9195
2311 66.9195
2312 66.9195
2313 66.9195
2314 66.9195
2315 66.9195
2316 66.9195
2317 66.9195
2318 66.9195
2319 66.9195
2320 66.9195
2321 66.9195
2322 66.9195
2323 66.9195
2324 66.9195
2325 66.9195
2326 66.9195
2327 66.9195
2328 66.9195
2329 66.9195
2330 66.9195
2331 66.9195
2332 66.9195
2333 66.9195
2334 66.9195
2335 66.9195
2336 66.9195
2337 66.9195
2338 66.9195
2339 66.9195
2340 66.9195
2341 66.9195
2342 66.9195
2343 66.9195
2344 66.9195
2345 66.9195
2346 66.9195
2347 66.9195
2348 66.9195
2349 66.9195
2350 66.9195
2351 66.9195
2352 66.9195
2353 66.9195
2354 66.9195
2355 66.9195
2356 66.9195
2357 66.9195
2358 66.9195
2359 66.9195
2360 66.8856
2361 66.8856
2362 66.8856
2363 66.8856
2364 66.8856
2365 66.8856
2366 66.8856
2367 66.8856
2368 66.8856
2369 66.8856
2370 66.8856
2371 66.8856
2372 66.8856
2373 66.8856
2374 66.8856
2375 66.8856
2376 66.8856
2377 66.8856
2378 66.8856
2379 66.8856
2380 66.8856
2381 66.8856
2382 66.8856
2383 66.8856
2384 66.8856
2385 66.8856
2386 66.8856
2387 66.8856
2388 66.8856
2389 66.8856
2390 66.8856
2391 66.8856
2392 66.8856
2393 66.8856
2394 66.8856
2395 66.8856
2396 66.8856
2397 66.8856
2398 66.8856
2399 66.8856
2400 66.8856
2401 66.8856
2402 66.8856
2403 66.8856
2404 66.8856
2405 66.8856
2406 66.8856
2407 66.8856
2408 66.8856
2409 66.8856
2410 66.8856
2411 66.8856
2412 66.8856
2413 66.8856
2414 66.8856
2415 66.8856
2416 66.8856
2417 66.8856
2418 66.8856
2419 66.8856
2420 66.8856
2421 66.8856
2422 66.8856
2423 66.8856
2424 66.8856
2425 66.8856
2426 66.8856
2427 66.8856
2428 66.8856
2429 66.8856
2430 66.662
2431 66.662
2432 66.662
2433 66.662
2434 66.662
2435 66.662
2436 66.662
2437 66.662
2438 66.662
2439 66.662
2440 66.662
2441 66.662
2442 66.662
2443 66.662
2444 66.662
2445 66.662
2446 66.662
2447 66.662
2448 66.662
2449 66.662
2450 66.662
2451 66.662
2452 66.662
2453 66.662
2454 66.662
2455 66.662
2456 66.662
2457 66.662
2458 66.662
2459 66.662
2460 66.662
2461 66.662
2462 66.662
2463 66.662
2464 66.662
2465 66.662
2466 66.662
2467 66.662
2468 66.662
2469 66.662
2470 66.662
2471 66.662
2472 66.662
2473 66.662
2474 66.662
2475 66.662
2476 66.662
2477 66.662
2478 66.662
2479 66.662
2480 66.662
2481 66.662
2482 66.662
2483 66.662
2484 66.662
2485 66.662
2486 66.662
2487 66.662
2488 66.662
2489 66.662
2490 66.662
2491 66.662
2492 66.662
2493 66.662
2494 66.662
2495 66.662
2496 66.662
2497 66.662
2498 66.662
2499 66.662
2500 66.662
2501 66.662
2502 66.662
2503 66.662
2504 66.662
2505 66.662
2506 66.662
2507 66.662
2508 66.662
2509 66.662
2510 66.662
2511 66.662
2512 66.662
2513 66.662
2514 66.662
2515 66.662
2516 66.662
2517 66.662
2518 66.662
2519 66.662
2520 66.662
2521 66.662
2522 66.662
2523 66.662
2524 66.662
2525 66.662
2526 66.662
2527 66.662
2528 66.662
2529 66.662
2530 66.662
2531 66.662
2532 66.662
2533 66.662
2534 66.662
2535 66.662
2536 66.662
2537 66.662
2538 66.662
2539 66.662
2540 66.662
2541 66.662
2542 66.662
2543 66.662
2544 66.662
2545 66.662
2546 66.662
2547 66.662
2548 66.662
2549 66.662
2550 66.662
2551 66.662
2552 66.662
2553 66.662
2554 66.662
2555 66.662
2556 66.662
2557 66.662
2558 66.662
2559 66.662
2560 66.6411
2561 66.6411
2562 66.6411
2563 66.6411
2564 66.6411
2565 66.6411
2566 66.6411
2567 66.6411
2568 66.6411
2569 66.6411
2570 66.6411
2571 66.6411
2572 66.6411
2573 66.6411
2574 66.6411
2575 66.6411
2576 66.6411
2577 66.6411
2578 66.6411
2579 66.6411
2580 66.6411
2581 66.6411
2582 66.6411
2583 66.6411
2584 66.6411
2585 66.6411
2586 66.6411
2587 66.6411
2588 66.6411
2589 66.429
2590 66.429
2591 66.429
2592 66.429
2593 66.429
2594 66.429
2595 66.429
2596 66.429
2597 66.429
2598 66.429
2599 66.429
2600 66.429
2601 66.429
2602 66.429
2603 66.429
2604 66.429
2605 66.429
2606 66.429
2607 66.429
2608 66.429
2609 66.429
2610 66.429
2611 66.429
2612 66.429
2613 66.429
2614 66.429
2615 66.429
2616 66.429
2617 66.429
2618 66.429
2619 66.429
2620 66.429
2621 66.429
2622 66.429
2623 66.429
2624 66.429
2625 66.429
2626 66.429
2627 66.429
2628 66.429
2629 66.429
2630 66.429
2631 66.429
2632 66.429
2633 66.429
2634 66.429
2635 66.429
2636 66.429
2637 66.429
2638 66.429
2639 66.429
2640 66.429
2641 66.429
2642 66.429
2643 66.429
2644 66.429
2645 66.429
2646 66.429
2647 66.429
2648 66.429
2649 66.429
2650 66.429
2651 66.429
2652 66.429
2653 66.429
2654 66.429
2655 66.429
2656 66.429
2657 66.429
2658 66.429
2659 66.429
2660 66.429
2661 66.429
2662 66.429
2663 66.429
2664 66.429
2665 66.429
2666 66.429
2667 66.429
2668 66.429
2669 66.429
2670 66.429
2671 66.429
2672 66.429
2673 66.429
2674 66.429
2675 66.429
2676 66.429
2677 66.429
2678 66.429
2679 66.429
2680 66.429
2681 66.429
2682 66.429
2683 66.429
2684 66.429
2685 66.429
2686 66.429
2687 66.429
2688 66.429
2689 66.429
2690 66.429
2691 66.429
2692 66.429
2693 66.429
2694 66.429
2695 66.429
2696 66.429
2697 66.429
2698 66.429
2699 66.429
2700 66.429
2701 66.429
2702 66.429
2703 66.429
2704 66.429
2705 66.429
2706 66.429
2707 66.429
2708 66.429
2709 66.429
2710 66.429
2711 66.429
2712 66.429
2713 66.429
2714 66.429
2715 66.429
2716 66.429
2717 66.429
2718 66.429
2719 66.429
2720 66.429
2721 66.429
2722 66.429
2723 66.429
2724 66.429
2725 66.429
2726 66.429
2727 66.429
2728 66.429
2729 66.429
2730 66.429
2731 66.429
2732 66.429
2733 66.429
2734 66.429
2735 66.429
2736 66.429
2737 66.429
2738 66.429
2739 66.429
2740 66.429
2741 66.429
2742 66.429
2743 66.429
2744 66.429
2745 66.429
2746 66.429
2747 66.429
2748 66.429
2749 66.429
2750 66.429
2751 66.429
2752 66.429
2753 66.429
2754 66.429
2755 66.429
2756 66.429
2757 66.429
2758 66.429
2759 66.429
2760 66.429
2761 66.429
2762 66.429
2763 66.429
2764 66.429
2765 66.429
2766 66.429
2767 66.429
2768 66.429
2769 66.429
2770 66.429
2771 66.429
2772 66.429
2773 66.429
2774 66.429
2775 66.429
2776 66.429
2777 66.429
2778 66.429
2779 66.429
2780 66.429
2781 66.429
2782 66.429
2783 66.429
2784 66.429
2785 66.429
2786 66.429
2787 66.429
2788 66.429
2789 66.429
2790 66.429
2791 66.429
2792 66.429
2793 66.429
2794 66.429
2795 66.429
2796 66.429
2797 66.429
2798 66.429
2799 66.429
2800 66.429
2801 66.429
2802 66.429
2803 66.429
2804 66.429
2805 66.429
2806 66.429
2807 66.429
2808 66.429
2809 66.429
2810 66.429
2811 66.429
2812 66.429
2813 66.429
2814 66.429
2815 66.429
2816 66.429
2817 66.429
2818 66.429
2819 66.429
2820 66.429
2821 66.429
2822 66.429
2823 66.429
2824 66.429
2825 66.429
2826 66.429
2827 66.429
2828 66.429
2829 66.429
2830 66.429
2831 66.429
2832 66.429
2833 66.429
2834 66.429
2835 66.429
2836 66.429
2837 66.429
2838 66.429
2839 66.429
2840 66.429
2841 66.429
2842 66.429
2843 66.429
2844 66.429
2845 66.429
2846 66.429
2847 66.429
2848 66.429
2849 66.429
2850 66.429
2851 66.429
2852 66.429
2853 66.429
2854 66.429
2855 66.429
2856 66.429
2857 66.429
2858 66.429
2859 66.429
2860 66.429
2861 66.429
2862 66.429
2863 66.429
2864 66.429
2865 66.429
2866 66.429
2867 66.429
2868 66.429
2869 66.429
2870 66.429
2871 66.429
2872 66.429
2873 66.429
2874 66.429
2875 66.429
2876 66.429
2877 66.429
2878 66.429
2879 66.429
2880 66.429
2881 66.429
2882 66.429
2883 66.429
2884 66.429
2885 66.429
2886 66.429
2887 66.429
2888 66.429
2889 66.429
2890 66.429
2891 66.429
2892 66.429
2893 66.429
2894 66.429
2895 66.429
2896 66.429
2897 66.429
2898 66.429
2899 66.429
2900 66.429
2901 66.429
2902 66.429
2903 66.429
2904 66.429
2905 66.429
2906 66.429
2907 66.429
2908 66.429
2909 66.429
2910 66.429
2911 66.429
2912 66.429
2913 66.429
2914 66.429
2915 66.429
2916 66.429
2917 66.429
2918 66.429
2919 66.429
2920 66.429
2921 66.429
2922 66.429
2923 66.429
2924 66.429
2925 66.429
2926 66.429
2927 66.429
2928 66.429
2929 66.429
2930 66.429
2931 66.429
2932 66.429
2933 66.429
2934 66.429
2935 66.429
2936 66.429
2937 66.429
2938 66.429
2939 66.429
2940 66.429
2941 66.429
2942 66.429
2943 66.429
2944 66.429
2945 66.429
2946 66.429
2947 66.429
2948 66.429
2949 66.429
2950 66.429
2951 66.429
2952 66.429
2953 66.429
2954 66.429
2955 66.429
2956 66.429
2957 66.429
2958 66.429
2959 66.429
2960 66.429
2961 66.429
2962 66.429
2963 66.429
2964 66.429
2965 66.429
2966 66.429
2967 66.429
2968 66.429
2969 66.429
2970 66.429
2971 66.429
2972 66.429
2973 66.429
2974 66.429
2975 66.429
2976 66.429
2977 66.429
2978 66.429
2979 66.429
2980 66.429
2981 66.429
2982 66.429
2983 66.429
2984 66.429
2985 66.429
2986 66.429
2987 66.429
2988 66.429
2989 66.429
2990 66.429
2991 66.429
2992 66.429
2993 66.429
2994 66.429
2995 66.429
2996 66.429
2997 66.429
2998 66.429
2999 66.429
3000 66.429
3001 66.429
3002 66.429
3003 66.429
3004 66.429
3005 66.429
3006 66.4066
3007 66.4066
3008 66.4066
3009 66.4066
3010 66.4066
3011 66.4066
3012 66.4066
3013 66.4066
3014 66.4066
3015 66.4066
3016 66.4066
3017 66.355
3018 66.355
3019 66.355
3020 66.355
3021 66.355
3022 66.355
3023 66.355
3024 66.355
3025 66.355
3026 66.355
3027 66.355
3028 66.355
3029 66.355
3030 66.355
3031 66.355
3032 66.355
3033 66.355
3034 66.355
3035 66.355
3036 66.355
3037 66.355
3038 66.355
3039 66.355
3040 66.355
3041 66.355
3042 66.355
3043 66.355
3044 66.355
3045 66.355
3046 66.355
3047 66.355
3048 66.355
3049 66.355
3050 66.355
3051 66.355
3052 66.355
3053 66.355
3054 66.355
3055 66.355
3056 66.355
3057 66.355
3058 66.355
3059 66.355
3060 66.355
3061 66.355
3062 66.355
3063 66.355
3064 66.355
3065 66.355
3066 66.355
3067 66.355
3068 66.355
3069 66.355
3070 66.355
3071 66.355
3072 66.355
3073 66.355
3074 66.355
3075 66.355
3076 66.355
3077 66.355
3078 66.355
3079 66.355
3080 66.355
3081 66.355
3082 66.355
3083 66.355
3084 66.355
3085 66.355
3086 66.355
3087 66.355
3088 66.355
3089 66.355
3090 66.355
3091 66.355
3092 66.355
3093 66.355
3094 66.355
3095 66.355
3096 66.355
3097 66.355
3098 66.355
3099 66.355
3100 66.355
3101 66.355
3102 66.355
3103 66.355
3104 66.355
3105 66.355
3106 66.355
3107 66.355
3108 66.355
3109 66.355
3110 66.355
3111 66.355
3112 66.355
3113 66.355
3114 66.355
3115 66.355
3116 66.355
3117 66.355
3118 66.355
3119 66.355
3120 66.355
3121 66.355
3122 66.355
3123 66.355
3124 66.355
3125 66.355
3126 66.355
3127 66.355
3128 66.355
3129 66.355
3130 66.355
3131 66.355
3132 66.355
3133 66.355
3134 66.355
3135 66.355
3136 66.355
3137 66.355
3138 66.355
3139 66.355
3140 66.355
3141 66.355
3142 66.355
3143 66.355
3144 66.355
3145 66.355
3146 66.355
3147 66.355
3148 66.355
3149 66.355
3150 66.355
3151 66.355
3152 66.355
3153 66.355
3154 66.355
3155 66.355
3156 66.355
3157 66.355
3158 66.355
3159 66.355
3160 66.355
3161 66.355
3162 66.355
3163 66.355
3164 66.355
3165 66.355
3166 66.355
3167 66.355
3168 66.355
3169 66.355
3170 66.355
3171 66.355
3172 66.355
3173 66.355
3174 66.355
3175 66.355
3176 66.355
3177 66.355
3178 66.355
3179 66.355
3180 66.355
3181 66.355
3182 66.355
3183 66.355
3184 66.355
3185 66.355
3186 66.355
3187 66.355
3188 66.355
3189 66.355
3190 66.355
3191 66.355
3192 66.355
3193 66.355
3194 66.355
3195 66.355
3196 66.355
3197 66.355
3198 66.355
3199 66.355
3200 66.355
3201 66.355
3202 66.355
3203 66.355
3204 66.355
3205 66.355
3206 66.355
3207 66.355
3208 66.355
3209 66.355
3210 66.355
3211 66.355
3212 66.355
3213 66.355
3214 66.355
3215 66.355
3216 66.355
3217 66.355
3218 66.355
3219 66.355
3220 66.355
3221 66.355
3222 66.355
3223 66.355
3224 66.355
3225 66.355
3226 66.355
3227 66.355
3228 66.355
3229 66.355
3230 66.355
3231 66.355
3232 66.355
3233 66.355
3234 66.355
3235 66.355
3236 66.355
3237 66.355
3238 66.355
3239 66.355
3240 66.355
3241 66.355
3242 66.355
3243 66.355
3244 66.355
3245 66.355
3246 66.355
3247 66.355
3248 66.355
3249 66.355
3250 66.355
3251 66.355
3252 66.355
3253 66.355
3254 66.355
3255 66.355
3256 66.355
3257 66.355
3258 66.355
3259 66.355
3260 66.355
3261 66.355
3262 66.355
3263 66.355
3264 66.355
3265 66.355
3266 66.355
3267 66.355
3268 66.355
3269 66.355
3270 66.355
3271 66.355
3272 66.355
3273 66.355
3274 66.355
3275 66.355
3276 66.355
3277 66.355
3278 66.355
3279 66.355
3280 66.355
3281 66.355
3282 66.355
3283 66.355
3284 66.355
3285 66.355
3286 66.355
3287 66.355
3288 66.355
3289 66.355
3290 66.355
3291 66.355
3292 66.355
3293 66.355
3294 66.355
3295 66.355
3296 66.355
3297 66.355
3298 66.355
3299 66.355
3300 66.355
3301 66.355
3302 66.355
3303 66.355
3304 66.355
3305 66.355
3306 66.355
3307 66.355
3308 66.355
3309 66.355
3310 66.355
3311 66.355
3312 66.355
3313 66.355
3314 66.355
3315 66.355
3316 66.355
3317 66.355
3318 66.355
3319 66.355
3320 66.355
3321 66.355
3322 66.355
3323 66.355
3324 66.355
3325 66.355
3326 66.355
3327 66.355
3328 66.355
3329 66.355
3330 66.355
3331 66.355
3332 66.355
3333 66.355
3334 66.355
3335 66.355
3336 66.355
3337 66.355
3338 66.355
3339 66.355
3340 66.355
3341 66.355
3342 66.355
3343 66.355
3344 66.355
3345 66.355
3346 66.355
3347 66.355
3348 66.355
3349 66.355
3350 66.355
3351 66.355
3352 66.355
3353 66.355
3354 66.355
3355 66.355
3356 66.355
3357 66.355
3358 66.355
3359 66.355
3360 66.355
3361 66.355
3362 66.355
3363 66.355
3364 66.355
3365 66.355
3366 66.355
3367 66.355
3368 66.355
3369 66.355
3370 66.355
3371 66.355
3372 66.355
3373 66.355
3374 66.355
3375 66.355
3376 66.355
3377 66.355
3378 66.355
3379 66.355
3380 66.355
3381 66.355
3382 66.355
3383 66.355
3384 66.355
3385 66.355
3386 66.355
3387 66.355
3388 66.355
3389 66.355
3390 66.355
3391 66.355
3392 66.355
3393 66.355
3394 66.355
3395 66.355
3396 66.355
3397 66.355
3398 66.355
3399 66.355
3400 66.355
3401 66.355
3402 66.355
3403 66.355
3404 66.355
3405 66.355
3406 66.355
3407 66.355
3408 66.355
3409 66.355
3410 66.355
3411 66.355
3412 66.355
3413 66.355
3414 66.355
3415 66.355
3416 66.355
3417 66.355
3418 66.355
3419 66.355
3420 66.355
3421 66.355
3422 66.355
3423 66.355
3424 66.355
3425 66.355
3426 66.355
3427 66.355
3428 66.355
3429 66.355
3430 66.355
3431 66.355
3432 66.355
3433 66.355
3434 66.355
3435 66.355
3436 66.355
3437 66.355
3438 66.355
3439 66.355
3440 66.355
3441 66.355
3442 66.355
3443 66.355
3444 66.355
3445 66.355
3446 66.355
3447 66.355
3448 66.355
3449 66.355
3450 66.355
3451 66.355
3452 66.355
3453 66.355
3454 66.355
3455 66.355
3456 66.355
3457 66.355
3458 66.355
3459 66.355
3460 66.355
3461 66.355
3462 66.355
3463 66.355
3464 66.355
3465 66.355
3466 66.355
3467 66.355
3468 66.355
3469 66.355
3470 66.355
3471 66.355
3472 66.355
3473 66.355
3474 66.355
3475 66.355
3476 66.355
3477 66.355
3478 66.355
3479 66.355
3480 66.355
3481 66.355
3482 66.355
3483 66.355
3484 66.355
3485 66.355
3486 66.355
3487 66.355
3488 66.355
3489 66.355
3490 66.355
3491 66.355
3492 66.355
3493 66.355
3494 66.355
3495 66.355
3496 66.355
3497 66.355
3498 66.355
3499 66.355
3500 66.355
3501 66.355
3502 66.355
3503 66.355
3504 66.355
3505 66.355
3506 66.355
3507 66.355
3508 66.355
3509 66.355
3510 66.355
3511 66.355
3512 66.355
3513 66.355
3514 66.355
3515 66.355
3516 66.355
3517 66.355
3518 66.355
3519 66.355
3520 66.355
3521 66.355
3522 66.355
3523 66.355
3524 66.355
3525 66.355
3526 66.355
3527 66.355
3528 66.355
3529 66.355
3530 66.355
3531 66.355
3532 66.355
3533 66.355
3534 66.355
3535 66.355
3536 66.355
3537 66.355
3538 66.355
3539 66.355
3540 66.355
3541 66.355
3542 66.355
3543 66.355
3544 66.355
3545 66.355
3546 66.355
3547 66.355
3548 66.355
3549 66.355
3550 66.355
3551 66.355
3552 66.355
3553 66.355
3554 66.355
3555 66.355
3556 66.355
3557 66.355
3558 66.355
3559 66.355
3560 66.355
3561 66.355
3562 66.355
3563 66.355
3564 66.355
3565 66.355
3566 66.355
3567 66.355
3568 66.355
3569 66.355
3570 66.355
3571 66.355
3572 66.355
3573 66.355
3574 66.355
3575 66.355
3576 66.355
3577 66.355
3578 66.355
3579 66.355
3580 66.355
3581 66.355
3582 66.355
3583 66.355
3584 66.355
3585 66.355
3586 66.355
3587 66.355
3588 66.355
3589 66.355
3590 66.355
3591 66.355
3592 66.355
3593 66.355
3594 66.355
3595 66.355
3596 66.355
3597 66.355
3598 66.355
3599 66.355
3600 66.355
3601 66.355
3602 66.355
3603 66.355
3604 66.355
3605 66.355
3606 66.355
3607 66.355
3608 66.355
3609 66.355
3610 66.355
3611 66.355
3612 66.355
3613 66.355
3614 66.355
3615 66.355
3616 66.355
3617 66.355
3618 66.355
3619 66.355
3620 66.355
3621 66.355
3622 66.355
3623 66.355
3624 66.355
3625 66.355
3626 66.355
3627 66.355
3628 66.355
3629 66.355
3630 66.355
3631 66.355
3632 66.355
3633 66.355
3634 66.355
3635 66.355
3636 66.355
3637 66.355
3638 66.355
3639 66.355
3640 66.355
3641 66.355
3642 66.355
3643 66.355
3644 66.355
3645 66.355
3646 66.355
3647 66.355
3648 66.355
3649 66.355
3650 66.355
3651 66.355
3652 66.355
3653 66.355
3654 66.355
3655 66.355
3656 66.355
3657 66.355
3658 66.355
3659 66.355
3660 66.355
3661 66.355
3662 66.355
3663 66.355
3664 66.355
3665 66.355
3666 66.355
3667 66.355
3668 66.355
3669 66.355
3670 66.355
3671 66.355
3672 66.355
3673 66.355
3674 66.355
3675 66.355
3676 66.355
3677 66.355
3678 66.355
3679 66.355
3680 66.355
3681 66.355
3682 66.355
3683 66.355
3684 66.355
3685 66.355
3686 66.355
3687 66.355
3688 66.355
3689 66.355
3690 66.355
3691 66.355
3692 66.355
3693 66.355
3694 66.355
3695 66.355
3696 66.355
3697 66.355
3698 66.355
3699 66.355
3700 66.355
3701 66.355
3702 66.355
3703 66.355
3704 66.355
3705 66.355
3706 66.355
3707 66.355
3708 66.355
3709 66.355
3710 66.355
3711 66.355
3712 66.355
3713 66.355
3714 66.355
3715 66.355
3716 66.355
3717 66.355
3718 66.355
3719 66.355
3720 66.355
3721 66.355
3722 66.355
3723 66.355
3724 66.355
3725 66.355
3726 66.355
3727 66.355
3728 66.355
3729 66.355
3730 66.355
3731 66.355
3732 66.355
3733 66.355
3734 66.355
3735 66.355
3736 66.355
3737 66.355
3738 66.355
3739 66.355
3740 66.355
3741 66.355
3742 66.355
3743 66.355
3744 66.355
3745 66.355
3746 66.355
3747 66.355
3748 66.355
3749 66.355
3750 66.355
3751 66.355
3752 66.355
3753 66.355
3754 66.355
3755 66.355
3756 66.355
3757 66.355
3758 66.355
3759 66.355
3760 66.355
3761 66.355
3762 66.355
3763 66.355
3764 66.355
3765 66.355
3766 66.355
3767 66.355
3768 66.355
3769 66.355
3770 66.355
3771 66.355
3772 66.355
3773 66.355
3774 66.355
3775 66.355
3776 66.355
3777 66.355
3778 66.355
3779 66.355
3780 66.355
3781 66.355
3782 66.355
3783 66.355
3784 66.355
3785 66.355
3786 66.355
3787 66.355
3788 66.355
3789 66.355
3790 66.355
3791 66.355
3792 66.355
3793 66.355
3794 66.355
3795 66.355
3796 66.355
3797 66.355
3798 66.355
3799 66.355
3800 66.355
3801 66.355
3802 66.355
3803 66.355
3804 66.355
3805 66.355
3806 66.355
3807 66.355
3808 66.355
3809 66.355
3810 66.355
3811 66.355
3812 66.355
3813 66.355
3814 66.355
3815 66.355
3816 66.355
3817 66.355
3818 66.355
3819 66.355
3820 66.355
3821 66.355
3822 66.355
3823 66.355
3824 66.355
3825 66.355
3826 66.355
3827 66.355
3828 66.355
3829 66.355
3830 66.355
3831 66.355
3832 66.355
3833 66.355
3834 66.355
3835 66.355
3836 66.1234
3837 66.1234
3838 66.1234
3839 66.1234
3840 66.1234
3841 66.1234
3842 66.1234
3843 66.1234
3844 66.1234
3845 66.1234
3846 66.1234
3847 66.1234
3848 66.1234
3849 66.1234
3850 66.1234
3851 66.1234
3852 66.1234
3853 66.1234
3854 66.1234
3855 66.1234
3856 66.1234
3857 66.1234
3858 66.1234
3859 66.1234
3860 66.1234
3861 66.1234
3862 66.1234
3863 66.1234
3864 66.1234
3865 66.1234
3866 66.1234
3867 66.1234
3868 66.1234
3869 66.1234
3870 66.1234
3871 66.1234
3872 66.1234
3873 66.1234
3874 66.1234
3875 66.1234
3876 66.1234
3877 66.1234
3878 66.1234
3879 66.1234
3880 66.1234
3881 66.1234
3882 66.1234
3883 66.1234
3884 66.1234
3885 66.1234
3886 66.1234
3887 66.1234
3888 66.1234
3889 66.1234
3890 66.1234
3891 66.1234
3892 66.1234
3893 66.1234
3894 66.1234
3895 66.1234
3896 66.1234
3897 66.1234
3898 66.1234
3899 66.1234
3900 66.1234
3901 66.1234
3902 66.1234
3903 66.1234
3904 66.1234
3905 66.1234
3906 66.1234
3907 66.1234
3908 66.1234
3909 66.1234
3910 66.1234
3911 66.1234
3912 66.1234
3913 66.1234
3914 66.1234
3915 66.1234
3916 66.1234
3917 66.1234
3918 66.1234
3919 66.1234
3920 66.1234
3921 66.1234
3922 66.1234
3923 66.1234
3924 66.1234
3925 66.1234
3926 66.1234
3927 66.1234
3928 66.1234
3929 66.1234
3930 66.1234
3931 66.1234
3932 66.1234
3933 66.1234
3934 66.1234
3935 66.1234
3936 66.1234
3937 66.1234
3938 66.1234
3939 66.1234
3940 66.1234
3941 66.1234
3942 66.1234
3943 66.1234
3944 66.1234
3945 66.1234
3946 66.1234
3947 66.1234
3948 66.1234
3949 66.1234
3950 66.1234
3951 66.1234
3952 66.1234
3953 66.1234
3954 66.1234
3955 66.1234
3956 66.1234
3957 66.1234
3958 66.1234
3959 66.1234
3960 66.1234
3961 66.1234
3962 66.1234
3963 66.1234
3964 66.1234
3965 66.1234
3966 66.1234
3967 66.1234
3968 66.1234
3969 66.1234
3970 66.1234
3971 66.1234
3972 66.1234
3973 66.1234
3974 66.1234
3975 66.1234
3976 66.1234
3977 66.1234
3978 66.1234
3979 66.1234
3980 66.1234
3981 66.1234
3982 66.1234
3983 66.1234
3984 66.1234
3985 66.1234
3986 66.1234
3987 66.1234
3988 66.1234
3989 66.1234
3990 66.1234
3991 66.1234
3992 66.1234
3993 66.1234
3994 66.1234
3995 66.1234
3996 66.1234
3997 66.1234
3998 66.1234
3999 66.1234
4000 66.1234
4001 66.1234
4002 66.1234
4003 66.1234
4004 66.1234
4005 66.1234
4006 66.1234
4007 66.1234
4008 66.1234
4009 66.1234
4010 66.1234
4011 66.1234
4012 66.1234
4013 66.1234
4014 66.1234
4015 66.1234
4016 66.1234
4017 66.1234
4018 66.1234
4019 66.1234
4020 66.1234
4021 66.1234
4022 66.1234
4023 66.1234
4024 66.1234
4025 66.1234
4026 66.1234
4027 66.1234
4028 66.1234
4029 66.1234
4030 66.1234
4031 66.1234
4032 66.1234
4033 66.1234
4034 66.1234
4035 66.1234
4036 66.1234
4037 66.1234
4038 66.1234
4039 66.1234
4040 66.1234
4041 66.1234
4042 66.1234
4043 66.1234
4044 66.1234
4045 66.1234
4046 66.1234
4047 66.1234
4048 66.1234
4049 66.1234
4050 66.1234
4051 66.1234
4052 66.1234
4053 66.1234
4054 66.1234
4055 66.1234
4056 66.1234
4057 66.1234
4058 66.1234
4059 66.1234
4060 66.1234
4061 66.1234
4062 66.1234
4063 66.1234
4064 66.1234
4065 66.1234
4066 66.1234
4067 66.1234
4068 66.1234
4069 66.1234
4070 66.1234
4071 66.1234
4072 66.1234
4073 66.1234
4074 66.1234
4075 66.1234
4076 66.1234
4077 66.1234
4078 66.1234
4079 66.1234
4080 66.1234
4081 66.1234
4082 66.1234
4083 66.1234
4084 66.1234
4085 66.1234
4086 66.1234
4087 66.1234
4088 66.1234
4089 66.1234
4090 66.1234
4091 66.1234
4092 66.1234
4093 66.1234
4094 66.1234
4095 66.1234
4096 66.1234
4097 66.1234
4098 66.1234
4099 66.1234
4100 66.1234
4101 66.1234
4102 66.1234
4103 66.1234
4104 66.1234
4105 66.1234
4106 66.1234
4107 66.1234
4108 66.1234
4109 66.1234
4110 66.1234
4111 66.1234
4112 66.1234
4113 66.1234
4114 66.1234
4115 66.1234
4116 66.1234
4117 66.1234
4118 66.1234
4119 66.1234
4120 66.1234
4121 66.1234
4122 66.1234
4123 66.1234
4124 66.1234
4125 66.1234
4126 66.1234
4127 66.1234
4128 66.1234
4129 66.1234
4130 66.1234
4131 66.1234
4132 66.1234
4133 66.1234
4134 66.1234
4135 66.1234
4136 66.1234
4137 66.1234
4138 66.1234
4139 66.1234
4140 66.1234
4141 66.1234
4142 66.1234
4143 66.1234
4144 66.1234
4145 66.1234
4146 66.1234
4147 66.1234
4148 66.1234
4149 66.1234
4150 66.1234
4151 66.1234
4152 66.1234
4153 66.1234
4154 66.1234
4155 66.1234
4156 66.1234
4157 66.1234
4158 66.1234
4159 66.1234
4160 66.1234
4161 66.1234
4162 66.1234
4163 66.1234
4164 66.1234
4165 66.1234
4166 66.1234
4167 66.1234
4168 66.1234
4169 66.1234
4170 66.1234
4171 66.1234
4172 66.1234
4173 66.1234
4174 66.1234
4175 66.1234
4176 66.1234
4177 66.1234
4178 66.1234
4179 66.1234
4180 66.1234
4181 66.1234
4182 66.1234
4183 66.1234
4184 66.1234
4185 66.1234
4186 66.1234
4187 66.1234
4188 66.1234
4189 66.1234
4190 66.1234
4191 66.1234
4192 66.1234
4193 66.1234
4194 66.1234
4195 66.1234
4196 66.1234
4197 66.1234
4198 66.1234
4199 66.1234
4200 66.1234
4201 66.1234
4202 66.1234
4203 66.1234
4204 66.1234
4205 66.1234
4206 66.1234
4207 66.1234
4208 66.1234
4209 66.1234
4210 66.1234
4211 66.1234
4212 66.1234
4213 66.1234
4214 66.1234
4215 66.1234
4216 66.1234
4217 66.1234
4218 66.1234
4219 66.1234
4220 66.1234
4221 66.1234
4222 66.1234
4223 66.1234
4224 66.1234
4225 66.1234
4226 66.1234
4227 66.1234
4228 66.1234
4229 66.1234
4230 66.1234
4231 66.1234
4232 66.1234
4233 66.1234
4234 66.1234
4235 66.1234
4236 66.1234
4237 66.1234
4238 66.1234
4239 66.1234
4240 66.1234
4241 66.1234
4242 66.1234
4243 66.1234
4244 66.1234
4245 66.1234
4246 66.1234
4247 66.1234
4248 66.1234
4249 66.1234
4250 66.1234
4251 66.1234
4252 66.1234
4253 66.1234
4254 66.1234
4255 66.1234
4256 66.1234
4257 66.1234
4258 66.1234
4259 66.1234
4260 66.1234
4261 66.1234
4262 66.1234
4263 66.1234
4264 66.1234
4265 66.1234
4266 66.1234
4267 66.1234
4268 66.1234
4269 66.1234
4270 66.1234
4271 66.1234
4272 66.1234
4273 66.1234
4274 66.1234
4275 66.1234
4276 66.1234
4277 66.1234
4278 66.1234
4279 66.1234
4280 66.1234
4281 66.1234
4282 66.1234
4283 66.1234
4284 66.1234
4285 66.1234
4286 66.1234
4287 66.1234
4288 66.1234
4289 66.1234
4290 66.1234
4291 66.1234
4292 66.1234
4293 66.1234
4294 66.1234
4295 66.1234
4296 66.1234
4297 66.1234
4298 66.1234
4299 66.1234
4300 66.1234
4301 66.1234
4302 66.1234
4303 66.1234
4304 66.1234
4305 66.1234
4306 66.1234
4307 66.1234
4308 66.1234
4309 66.1234
4310 66.1234
4311 66.1234
4312 66.1234
4313 66.1234
4314 66.1234
4315 66.1234
4316 66.1234
4317 66.1234
4318 66.1234
4319 66.1234
4320 66.1234
4321 66.1234
4322 66.1234
4323 66.1234
4324 66.1234
4325 66.1234
4326 66.1234
4327 66.1234
4328 66.1234
4329 66.1234
4330 66.1234
4331 66.1234
4332 66.1234
4333 66.1234
4334 66.1234
4335 66.1234
4336 66.1234
4337 66.1234
4338 66.1234
4339 66.1234
4340 66.1234
4341 66.1234
4342 66.1234
4343 66.1234
4344 66.1234
4345 66.1234
4346 66.1234
4347 66.1234
4348 66.1234
4349 66.1234
4350 66.1234
4351 66.1234
4352 66.1234
4353 66.1234
4354 66.1234
4355 66.1234
4356 66.1234
4357 66.1234
4358 66.1234
4359 66.1234
4360 66.1234
4361 66.1234
4362 66.1234
4363 66.1234
4364 66.1234
4365 66.1234
4366 66.1234
4367 66.1234
4368 66.1234
4369 66.1234
4370 66.1234
4371 66.1234
4372 66.1234
4373 66.1234
4374 66.1234
4375 66.1234
4376 66.1234
4377 66.1234
4378 66.1234
4379 66.1234
4380 66.1234
4381 66.1234
4382 66.1234
4383 66.1234
4384 66.1234
4385 66.1234
4386 66.1234
4387 66.1234
4388 66.1234
4389 66.1234
4390 66.1234
4391 66.1234
4392 66.1234
4393 66.1234
4394 66.1234
4395 66.1234
4396 66.1234
4397 66.1234
4398 66.1234
4399 66.1234
4400 66.1234
4401 66.1234
4402 66.1234
4403 66.1234
4404 66.1234
4405 66.1234
4406 66.1234
4407 66.1234
4408 66.1234
4409 66.1234
4410 66.1234
4411 66.1234
4412 66.1234
4413 66.1234
4414 66.1234
4415 66.1234
4416 66.1234
4417 66.1234
4418 66.1234
4419 66.1234
4420 66.1234
4421 66.1234
4422 66.1234
4423 66.1234
4424 66.1234
4425 66.1234
4426 66.1234
4427 66.1234
4428 66.1234
4429 66.1234
4430 66.1234
4431 66.1234
4432 66.1234
4433 66.1234
4434 66.1234
4435 66.1234
4436 66.1234
4437 66.1234
4438 66.1234
4439 66.1234
4440 66.1234
4441 66.1234
4442 66.1234
4443 66.1234
4444 66.1234
4445 66.1234
4446 66.1234
4447 66.1234
4448 66.1234
4449 66.1234
4450 66.1234
4451 66.1234
4452 66.1234
4453 66.1234
4454 66.1234
4455 66.1234
4456 66.1234
4457 66.1234
4458 66.1234
4459 66.1234
4460 66.1234
4461 66.1234
4462 66.1234
4463 66.1234
4464 66.1234
4465 66.1234
4466 66.1234
4467 66.1234
4468 66.1234
4469 66.1234
4470 66.1234
4471 66.1234
4472 66.1234
4473 66.1234
4474 66.1234
4475 66.1234
4476 66.1234
4477 66.1234
4478 66.1234
4479 66.1234
4480 66.1234
4481 66.1234
4482 66.1234
4483 66.1234
4484 66.1234
4485 66.1234
4486 66.1234
4487 66.1234
4488 66.1234
4489 66.1234
4490 66.1234
4491 66.1234
4492 66.1234
4493 66.1234
4494 66.1234
4495 66.1234
4496 66.1234
4497 66.1234
4498 66.1234
4499 66.1234
4500 66.1234
4501 66.1234
4502 66.1234
4503 66.1234
4504 66.1234
4505 66.1234
4506 66.1234
4507 66.1234
4508 66.1234
4509 66.1234
4510 66.1234
4511 66.1234
4512 66.1234
4513 66.1234
4514 66.1234
4515 66.1234
4516 66.1234
4517 66.1234
4518 66.1234
4519 66.1234
4520 66.1234
4521 66.1234
4522 66.1234
4523 66.1234
4524 66.1234
4525 66.1234
4526 66.1234
4527 66.1234
4528 66.1234
4529 66.1234
4530 66.1234
4531 66.1234
4532 66.1234
4533 66.1234
4534 66.1234
4535 66.1234
4536 66.1234
4537 66.1234
4538 66.1234
4539 66.1234
4540 66.1234
4541 66.1234
4542 66.1234
4543 66.1234
4544 66.1234
4545 66.1234
4546 66.1234
4547 66.1234
4548 66.1234
4549 66.1234
4550 66.1234
4551 66.1234
4552 66.1234
4553 66.1234
4554 66.1234
4555 66.1234
4556 66.1234
4557 66.1234
4558 66.1234
4559 66.1234
4560 66.1234
4561 66.1234
4562 66.1234
4563 66.1234
4564 66.1234
4565 66.1234
4566 66.1234
4567 66.1234
4568 66.1234
4569 66.1234
4570 66.1234
4571 66.1234
4572 66.1234
4573 66.1234
4574 66.1234
4575 66.1234
4576 66.1234
4577 66.1234
4578 66.1234
4579 66.1234
4580 66.1234
4581 66.1234
4582 66.1234
4583 66.1234
4584 66.1234
4585 66.1234
4586 66.1234
4587 66.1234
4588 66.1234
4589 66.1234
4590 66.1234
4591 66.1234
4592 66.1234
4593 66.1234
4594 66.1234
4595 66.1234
4596 66.1234
4597 66.1234
4598 66.1234
4599 66.1234
4600 66.1234
4601 66.1234
4602 66.1234
4603 66.1234
4604 66.1234
4605 66.1234
4606 66.1234
4607 66.1234
4608 66.1234
4609 66.1234
4610 66.1234
4611 66.1234
4612 66.1234
4613 66.1234
4614 66.1234
4615 66.1234
4616 66.1234
4617 66.1234
4618 66.1234
4619 66.1234
4620 66.1234
4621 66.1234
4622 66.1234
4623 66.1234
4624 66.1234
4625 66.1234
4626 66.1234
4627 66.1234
4628 66.1234
4629 66.1234
4630 66.1234
4631 66.1234
4632 66.1234
4633 66.1234
4634 66.1234
4635 66.1234
4636 66.1234
4637 66.1234
4638 66.1234
4639 66.1234
4640 66.1234
4641 66.1234
4642 66.1234
4643 66.1234
4644 66.1234
4645 66.1234
4646 66.1234
4647 66.1234
4648 66.1234
4649 66.1234
4650 66.1234
4651 66.1234
4652 66.1234
4653 66.1234
4654 66.1234
4655 66.1234
4656 66.1234
4657 66.1234
4658 66.1234
4659 66.1234
4660 66.1234
4661 66.1234
4662 66.1234
4663 66.1234
4664 66.1234
4665 66.1234
4666 66.1234
4667 66.1234
4668 66.1234
4669 66.1234
4670 66.1234
4671 66.1234
4672 66.1234
4673 66.1234
4674 66.1234
4675 66.1234
4676 66.1234
4677 66.1234
4678 66.1234
4679 66.1234
4680 66.1234
4681 66.1234
4682 66.1234
4683 66.1234
4684 66.1234
4685 66.1234
4686 66.1234
4687 66.1234
4688 66.1234
4689 66.1234
4690 66.1234
4691 66.1234
4692 66.1234
4693 66.1234
4694 66.1234
4695 66.1234
4696 66.1234
4697 66.1234
4698 66.1234
4699 66.1234
4700 66.1234
4701 66.1234
4702 66.1234
4703 66.1234
4704 66.1234
4705 66.1234
4706 66.1234
4707 66.1234
4708 66.1234
4709 66.1234
4710 66.1234
4711 66.1234
4712 66.1234
4713 66.1234
4714 66.1234
4715 66.1234
4716 66.1234
4717 66.1234
4718 66.1234
4719 66.1234
4720 66.1234
4721 66.1234
4722 66.1234
4723 66.1234
4724 66.1234
4725 66.1234
4726 66.1234
4727 66.1234
4728 66.1234
4729 66.1234
4730 66.1234
4731 66.1234
4732 66.1234
4733 66.1234
4734 66.1234
4735 66.1234
4736 66.1234
4737 66.1234
4738 66.1234
4739 66.1234
4740 66.1234
4741 66.1234
4742 66.1234
4743 66.1234
4744 66.1234
4745 66.1234
4746 66.1234
4747 66.1234
4748 66.1234
4749 66.1234
4750 66.1234
4751 66.1234
4752 66.1234
4753 66.1234
4754 66.1234
4755 66.1234
4756 66.1234
4757 66.1234
4758 66.1234
4759 66.1234
4760 66.1234
4761 66.1234
4762 66.1234
4763 66.1234
4764 66.1234
4765 66.1234
4766 66.1234
4767 66.1234
4768 66.1234
4769 66.1234
4770 66.1234
4771 66.1234
4772 66.1234
4773 66.1234
4774 66.1234
4775 66.1234
4776 66.1234
4777 66.1234
4778 66.1234
4779 66.1234
4780 66.1234
4781 66.1234
4782 66.1234
4783 66.1234
4784 66.1234
4785 66.1234
4786 66.1234
4787 66.1234
4788 66.1234
4789 66.1234
4790 66.1234
4791 66.1234
4792 66.1234
4793 66.1234
4794 66.1234
4795 66.1234
4796 66.1234
4797 66.1234
4798 66.1234
4799 66.1234
4800 66.1234
4801 66.1234
4802 66.1234
4803 66.1234
4804 66.1234
4805 66.1234
4806 66.1234
4807 66.1234
4808 66.1234
4809 66.1234
4810 66.1234
4811 66.1234
4812 66.1234
4813 66.1234
4814 66.1234
4815 66.1234
4816 66.1234
4817 66.1234
4818 66.1234
4819 66.1234
4820 66.1234
4821 66.1234
4822 66.1234
4823 66.1234
4824 66.1234
4825 66.1234
4826 66.1234
4827 66.1234
4828 66.1234
4829 66.1234
4830 66.1234
4831 66.1234
4832 66.1234
4833 66.1234
4834 66.1234
4835 66.1234
4836 66.1234
4837 66.1234
4838 66.1234
4839 66.1234
4840 66.1234
4841 66.1234
4842 66.1234
4843 66.1234
4844 66.1234
4845 66.1234
4846 66.1234
4847 66.1234
4848 66.1234
4849 66.1234
4850 66.1234
4851 66.1234
4852 66.1234
4853 66.1234
4854 66.1234
4855 66.1234
4856 66.1234
4857 66.1234
4858 66.1234
4859 66.1234
4860 66.1234
4861 66.1234
4862 66.1234
4863 66.1234
4864 66.1234
4865 66.1234
4866 66.1234
4867 66.1234
4868 66.1234
4869 66.1234
4870 66.1234
4871 66.1234
4872 66.1234
4873 66.1234
4874 66.1234
4875 66.1234
4876 66.1234
4877 66.1234
4878 66.1234
4879 66.1234
4880 66.1234
4881 66.1234
4882 66.1234
4883 66.1234
4884 66.1234
4885 66.1234
4886 66.1234
4887 66.1234
4888 66.1234
4889 66.1234
4890 66.1234
4891 66.1234
4892 66.1234
4893 66.1234
4894 66.1234
4895 66.1234
4896 66.1234
4897 66.1234
4898 66.1234
4899 66.1234
4900 66.1234
4901 66.1234
4902 66.1234
4903 66.1234
4904 66.1234
4905 66.1234
4906 66.1234
4907 66.1234
4908 66.1234
4909 66.1234
4910 66.1234
4911 66.1234
4912 66.1234
4913 66.1234
4914 66.1234
4915 66.1234
4916 66.1234
4917 66.1234
4918 66.1234
4919 66.1234
4920 66.1234
4921 66.1234
4922 66.1234
4923 66.1234
4924 66.1234
4925 66.1234
4926 66.1234
4927 66.1234
4928 66.1234
4929 66.1234
4930 66.1234
4931 66.1234
4932 66.1234
4933 66.1234
4934 66.1234
4935 66.1234
4936 66.1234
4937 66.1234
4938 66.1234
4939 66.1234
4940 66.1234
4941 66.1234
4942 66.1234
4943 66.1234
4944 66.1234
4945 66.1234
4946 66.1234
4947 66.1234
4948 66.1234
4949 66.1234
4950 66.1234
4951 66.1234
4952 66.1234
4953 66.1234
4954 66.1234
4955 66.1234
4956 66.1234
4957 66.1234
4958 66.1234
4959 66.1234
4960 66.1234
4961 66.1234
4962 66.1234
4963 66.1234
4964 66.1234
4965 66.1234
4966 66.1234
4967 66.1234
4968 66.1234
4969 66.1234
4970 66.1234
4971 66.1234
4972 66.1234
4973 66.1234
4974 66.1234
4975 66.1234
4976 66.1234
4977 66.1234
4978 66.1234
4979 66.1234
4980 66.1234
4981 66.1234
4982 66.1234
4983 66.1234
4984 66.1234
4985 66.1234
4986 66.1234
4987 66.1234
4988 66.1234
4989 66.1234
4990 66.1234
4991 66.1234
4992 66.1234
4993 66.1234
4994 66.1234
4995 66.1234
4996 66.1234
4997 66.1234
4998 66.1234
4999 66.1234
5000 66.1234
5001 66.1234
5002 66.1234
5003 66.1234
5004 66.1234
5005 66.1234
5006 66.1234
5007 66.1234
5008 66.1234
5009 66.1234
5010 66.1234
5011 66.1234
5012 66.1234
5013 66.1234
5014 66.1234
5015 66.1234
5016 66.1234
5017 66.1234
5018 66.1234
5019 66.1234
5020 66.1234
5021 66.1234
5022 66.1234
5023 66.1234
5024 66.1234
5025 66.1234
5026 66.1234
5027 66.1234
5028 66.1234
5029 66.1234
5030 66.1234
5031 66.1234
5032 66.1234
5033 66.1234
5034 66.1234
5035 66.1234
5036 66.1234
5037 66.1234
5038 66.1234
5039 66.1234
5040 66.1234
5041 66.1234
5042 66.1234
5043 66.1234
5044 66.1234
5045 66.1234
5046 66.1234
5047 66.1234
5048 66.1234
5049 66.1234
5050 66.1234
5051 66.1234
5052 66.1234
5053 66.1234
5054 66.1234
5055 66.1234
5056 66.1234
5057 66.1234
5058 66.1234
5059 66.1234
5060 66.1234
5061 66.1234
5062 66.1234
5063 66.1234
5064 66.1234
5065 66.1234
5066 66.1234
5067 66.1234
5068 66.1234
5069 66.1234
5070 66.1234
5071 66.1234
5072 66.1234
5073 66.1234
5074 66.1234
5075 66.1234
5076 66.1234
5077 66.1234
5078 66.1234
5079 66.1234
5080 66.1234
5081 66.1234
5082 66.1234
5083 66.1234
5084 66.1234
5085 66.1234
5086 66.1234
5087 66.1234
5088 66.1234
5089 66.1234
5090 66.1234
5091 66.1234
5092 66.1234
5093 66.1234
5094 66.1234
5095 66.1234
5096 66.1234
5097 66.1234
5098 66.1234
5099 66.1234
5100 66.1234
5101 66.1234
5102 66.1234
5103 66.1234
5104 66.1234
5105 66.1234
5106 66.1234
5107 66.1234
5108 66.1234
5109 66.1234
5110 66.1234
5111 66.1234
5112 66.1234
5113 66.1234
5114 66.1234
5115 66.1234
5116 66.1234
5117 66.1234
5118 66.1234
5119 66.1234
5120 66.1234
5121 66.1234
5122 66.1234
5123 66.1234
5124 66.1234
5125 66.1234
5126 66.1234
5127 66.1234
5128 66.1234
5129 66.1234
5130 66.1234
5131 66.1234
5132 66.1234
5133 66.1234
5134 66.1234
5135 66.1234
5136 66.1234
5137 66.1234
5138 66.1234
5139 66.1234
5140 66.1234
5141 66.1234
5142 66.1234
5143 66.1234
5144 66.1234
5145 66.1234
5146 66.1234
5147 66.1234
5148 66.1234
5149 66.1234
5150 66.1234
5151 66.1234
5152 66.1234
5153 66.1234
5154 66.1234
5155 66.1234
5156 66.1234
5157 66.1234
5158 66.1234
5159 66.1234
5160 66.1234
5161 66.1234
5162 66.1234
5163 66.1234
5164 66.1234
5165 66.1234
5166 66.1234
5167 66.1234
5168 66.1234
5169 66.1234
5170 66.1234
5171 66.1234
5172 66.1234
5173 66.1234
5174 66.1234
5175 66.1234
5176 66.1234
5177 66.1234
5178 66.1234
5179 66.1234
5180 66.1234
5181 66.1234
5182 66.1234
5183 66.1234
5184 66.1234
5185 66.1234
5186 66.1234
5187 66.1234
5188 66.1234
5189 66.1234
5190 66.1234
5191 66.1234
5192 66.1234
5193 66.1234
5194 66.1234
5195 66.1234
5196 66.1234
5197 66.1234
5198 66.1234
5199 66.1234
5200 66.1234
5201 66.1234
5202 66.1234
5203 66.1234
5204 66.1234
5205 66.1234
5206 66.1234
5207 66.1234
5208 66.1234
5209 66.1234
5210 66.1234
5211 66.1234
5212 66.1234
5213 66.1234
5214 66.1234
5215 66.1234
5216 66.1234
5217 66.1234
5218 66.1234
5219 66.1234
5220 66.1234
5221 66.1234
5222 66.1234
5223 66.1234
5224 66.1234
5225 66.1234
5226 66.1234
5227 66.1234
5228 66.1234
5229 66.1234
5230 66.1234
5231 66.1234
5232 66.1234
5233 66.1234
5234 66.1234
5235 66.1234
5236 66.1234
5237 66.1234
5238 66.1234
5239 66.1234
5240 66.1234
5241 66.1234
5242 66.1234
5243 66.1234
5244 66.1234
5245 66.1234
5246 66.1234
5247 66.1234
5248 66.1234
5249 66.1234
5250 66.1234
5251 66.1234
5252 66.1234
5253 66.1234
5254 66.1234
5255 66.1234
5256 66.1234
5257 66.1234
5258 66.1234
5259 66.1234
5260 66.1234
5261 66.1234
5262 66.1234
5263 66.1234
5264 66.1234
5265 66.1234
5266 66.1234
5267 66.1234
5268 66.1234
5269 66.1234
5270 66.1234
5271 66.1234
5272 66.1234
5273 66.1234
5274 66.1234
5275 66.1234
5276 66.1234
5277 66.1234
5278 66.1234
5279 66.1234
5280 66.1234
5281 66.1234
5282 66.1234
5283 66.1234
5284 66.1234
5285 66.1234
5286 66.1234
5287 66.1234
5288 66.1234
5289 66.1234
5290 66.1234
5291 66.1234
5292 66.1234
5293 66.1234
5294 66.1234
5295 66.1234
5296 66.1234
5297 66.1234
5298 66.1234
5299 66.1234
5300 66.1234
5301 66.1234
5302 66.1234
5303 66.1234
5304 66.1234
5305 66.1234
5306 66.1234
5307 66.1234
5308 66.1234
5309 66.1234
5310 66.1234
5311 66.1234
5312 66.1234
5313 66.1234
5314 66.1234
5315 66.1234
5316 66.1234
5317 66.1234
5318 66.1234
5319 66.1234
5320 66.1234
5321 66.1234
5322 66.1234
5323 66.1234
5324 66.1234
5325 66.1234
5326 66.1234
5327 66.1234
5328 66.1234
5329 66.1234
5330 66.1234
5331 66.1234
5332 66.1234
5333 66.1234
5334 66.1234
5335 66.1234
5336 66.1234
5337 66.1234
5338 66.1234
5339 66.1234
5340 66.1234
5341 66.1234
5342 66.1234
5343 66.1234
5344 66.1234
5345 66.1234
5346 66.1234
5347 66.1234
5348 66.1234
5349 66.1234
5350 66.1234
5351 66.1234
5352 66.1234
5353 66.1234
5354 66.1234
5355 66.1234
5356 66.1234
5357 66.1234
5358 66.1234
5359 66.1234
5360 66.1234
5361 66.1234
5362 66.1234
5363 66.1234
5364 66.1234
5365 66.1234
5366 66.1234
5367 66.1234
5368 66.1234
5369 66.1234
5370 66.1234
5371 66.1234
5372 66.1234
5373 66.1234
5374 66.1234
5375 66.1234
5376 66.1234
5377 66.1234
5378 66.1234
5379 66.1234
5380 66.1234
5381 66.1234
5382 66.1234
5383 66.1234
5384 66.1234
5385 66.1234
5386 66.1234
5387 66.1234
5388 66.1234
5389 66.1234
5390 66.1234
5391 66.1234
5392 66.1234
5393 66.1234
5394 66.1234
5395 66.1234
5396 66.1234
5397 66.1234
5398 66.1234
5399 66.1234
5400 66.1234
5401 66.1234
5402 66.1234
5403 66.1234
5404 66.1234
5405 66.1234
5406 66.1234
5407 66.1234
5408 66.1234
5409 66.1234
5410 66.1234
5411 66.1234
5412 66.1234
5413 66.1234
5414 66.1234
5415 66.1234
5416 66.1234
5417 66.1234
5418 66.1234
5419 66.1234
5420 66.1234
5421 66.1234
5422 66.1234
5423 66.1234
5424 66.1234
5425 66.1234
5426 66.1234
5427 66.1234
5428 66.1234
5429 66.1234
5430 66.1234
5431 66.1234
5432 66.1234
5433 66.1234
5434 66.1234
5435 66.1234
5436 66.1234
5437 66.1234
5438 66.1234
5439 66.1234
5440 66.1234
5441 66.1234
5442 66.1234
5443 66.1234
5444 66.1234
5445 66.1234
5446 66.1234
5447 66.1234
5448 66.1234
5449 66.1234
5450 66.1234
5451 66.1234
5452 66.1234
5453 66.1234
5454 66.1234
5455 66.1234
5456 66.1234
5457 66.1234
5458 66.1234
5459 66.1234
5460 66.1234
5461 66.1234
5462 66.1234
5463 66.1234
5464 66.1234
5465 66.1234
5466 66.1234
5467 66.1234
5468 66.1234
5469 66.1234
5470 66.1234
5471 66.1234
5472 66.1234
5473 66.1234
5474 66.1234
5475 66.1234
5476 66.1234
5477 66.1234
5478 66.1234
5479 66.1234
5480 66.1234
5481 66.1234
5482 66.1234
5483 66.1234
5484 66.1234
5485 66.1234
5486 66.1234
5487 66.1234
5488 66.1234
5489 66.1234
5490 66.1234
5491 66.1234
5492 66.1234
5493 66.1234
5494 66.1234
5495 66.1234
5496 66.1234
5497 66.1234
5498 66.1234
5499 66.1234
5500 66.1234
5501 66.1234
5502 66.1234
5503 66.1234
5504 66.1234
5505 66.1234
5506 66.1234
5507 66.1234
5508 66.1234
5509 66.1234
5510 66.1234
5511 66.1234
5512 66.1234
5513 66.1234
5514 66.1234
5515 66.1234
5516 66.1234
5517 66.1234
5518 66.1234
5519 66.1234
5520 66.1234
5521 66.1234
5522 66.1234
5523 66.1234
5524 66.1234
5525 66.1234
5526 66.1234
5527 66.1234
5528 66.1234
5529 66.1234
5530 66.1234
5531 66.1234
5532 66.1234
5533 66.1234
5534 66.1234
5535 66.1234
5536 66.1234
5537 66.1234
5538 66.1234
5539 66.1234
5540 66.1234
5541 66.1234
5542 66.1234
5543 66.1234
5544 66.1234
5545 66.1234
5546 66.1234
5547 66.1234
5548 66.1234
5549 66.1234
5550 66.1234
5551 66.1234
5552 66.1234
5553 66.1234
5554 66.1234
5555 66.1234
5556 66.1234
5557 66.1234
5558 66.1234
5559 66.1234
5560 66.1234
5561 66.1234
5562 66.1234
5563 66.1234
5564 66.1234
5565 66.1234
5566 66.1234
5567 66.1234
5568 66.1234
5569 66.1234
5570 66.1234
5571 66.1234
5572 66.1234
5573 66.1234
5574 66.1234
5575 66.1234
5576 66.1234
5577 66.1234
5578 66.1234
5579 66.1234
5580 66.1234
5581 66.1234
5582 66.1234
5583 66.1234
5584 66.1234
5585 66.1234
5586 66.1234
5587 66.1234
5588 66.1234
5589 66.1234
5590 66.1234
5591 66.1234
5592 66.1234
5593 66.1234
5594 66.1234
5595 66.1234
5596 66.1234
5597 66.1234
5598 66.1234
5599 66.1234
5600 66.1234
5601 66.1234
5602 66.1234
5603 66.1234
5604 66.1234
5605 66.1234
5606 66.1234
5607 66.1234
5608 66.1234
5609 66.1234
5610 66.1234
5611 66.1234
5612 66.1234
5613 66.1234
5614 66.1234
5615 66.1234
5616 66.1234
5617 66.1234
5618 66.1234
5619 66.1234
5620 66.1234
5621 66.1234
5622 66.1234
5623 66.1234
5624 66.1234
5625 66.1234
5626 66.1234
5627 66.1234
5628 66.1234
5629 66.1234
5630 66.1234
5631 66.1234
5632 66.1234
5633 66.1234
5634 66.1234
5635 66.1234
5636 66.1234
5637 66.1234
5638 66.1234
5639 66.1234
5640 66.1234
5641 66.1234
5642 66.1234
5643 66.1234
5644 66.1234
5645 66.1234
5646 66.1234
5647 66.1234
5648 66.1234
5649 66.1234
5650 66.1234
5651 66.1234
5652 66.1234
5653 66.1234
5654 66.1234
5655 66.1234
5656 66.1234
5657 66.1234
5658 66.1234
5659 66.1234
5660 66.1234
5661 66.1234
5662 66.1234
5663 66.1234
5664 66.1234
5665 66.1234
5666 66.1234
5667 66.1234
5668 66.1234
5669 66.1234
5670 66.1234
5671 66.1234
5672 66.1234
5673 66.1234
5674 66.1234
5675 66.1234
5676 66.1234
5677 66.1234
5678 66.1234
5679 66.1234
5680 66.1234
5681 66.1234
5682 66.1234
5683 66.1234
5684 66.1234
5685 66.1234
5686 66.1234
5687 66.1234
5688 66.1234
5689 66.1234
5690 66.1234
5691 66.1234
5692 66.1234
5693 66.1234
5694 66.1234
5695 66.1234
5696 66.1234
5697 66.1234
5698 66.1234
5699 66.1234
5700 66.1234
5701 66.1234
5702 66.1234
5703 66.1234
5704 66.1234
5705 66.1234
5706 66.1234
5707 66.1234
5708 66.1234
5709 66.1234
5710 66.1234
5711 66.1234
5712 66.1234
5713 66.1234
5714 66.1234
5715 66.1234
5716 66.1234
5717 66.1234
5718 66.1234
5719 66.1234
5720 66.1234
5721 66.1234
5722 66.1234
5723 66.1234
5724 66.1234
5725 66.1234
5726 66.1234
5727 66.1234
5728 66.1234
5729 66.1234
5730 66.1234
5731 66.1234
5732 66.1234
5733 66.1234
5734 66.1234
5735 66.1234
5736 66.1234
5737 66.1234
5738 66.1234
5739 66.1234
5740 66.1234
5741 66.1234
5742 66.1234
5743 66.1234
5744 66.1234
5745 66.1234
5746 66.1234
5747 66.1234
5748 66.1234
5749 66.1234
5750 66.1234
5751 66.1234
5752 66.1234
5753 66.1234
5754 66.1234
5755 66.1234
5756 66.1234
5757 66.1234
5758 66.1234
5759 66.1234
5760 66.1234
5761 66.1234
5762 66.1234
5763 66.1234
5764 66.1234
5765 66.1234
5766 66.1234
5767 66.1234
5768 66.1234
5769 66.1234
5770 66.1234
5771 66.1234
5772 66.1234
5773 66.1234
5774 66.1234
5775 66.1234
5776 66.1234
5777 66.1234
5778 66.1234
5779 66.1234
5780 66.1234
5781 66.1234
5782 66.1234
5783 66.1234
5784 66.1234
5785 66.1234
5786 66.1234
5787 66.1234
5788 66.1234
5789 66.1234
5790 66.1234
5791 66.1234
5792 66.1234
5793 66.1234
5794 66.1234
5795 66.1234
5796 66.1234
5797 66.1234
5798 66.1234
5799 66.1234
5800 66.1234
5801 66.1234
5802 66.1234
5803 66.1234
5804 66.1234
5805 66.1234
5806 66.1234
5807 66.1234
5808 66.1234
5809 66.1234
5810 66.1234
5811 66.1234
5812 66.1234
5813 66.1234
5814 66.1234
5815 66.1234
5816 66.1234
5817 66.1234
5818 66.1234
5819 66.1234
5820 66.1234
5821 66.1234
5822 66.1234
5823 66.1234
5824 66.1234
5825 66.1234
5826 66.1234
5827 66.1234
5828 66.1234
5829 66.1234
5830 66.1234
5831 66.1234
5832 66.1234
5833 66.1234
5834 66.1234
5835 66.1234
5836 66.1234
5837 66.1234
5838 66.1234
5839 66.1234
5840 66.1234
5841 66.1234
5842 66.1234
5843 66.1234
5844 66.1234
5845 66.1234
5846 66.1234
5847 66.1234
5848 66.1234
5849 66.1234
5850 66.1234
5851 66.1234
5852 66.1234
5853 66.1234
5854 66.1234
5855 66.1234
5856 66.1234
5857 66.1234
5858 66.1234
5859 66.1234
5860 66.1234
5861 66.1234
5862 66.1234
5863 66.1234
5864 66.1234
5865 66.1234
5866 66.1234
5867 66.1234
5868 66.1234
5869 66.1234
5870 66.1234
5871 66.1234
5872 66.1234
5873 66.1234
5874 66.1234
5875 66.1234
5876 66.1234
5877 66.1234
5878 66.1234
5879 66.1234
5880 66.1234
5881 66.1234
5882 66.1234
5883 66.1234
5884 66.1234
5885 66.1234
5886 66.1234
5887 66.1234
5888 66.1234
5889 66.1234
5890 66.1234
5891 66.1234
5892 66.1234
5893 66.1234
5894 66.1234
5895 66.1234
5896 66.1234
5897 66.1234
5898 66.1234
5899 66.1234
5900 66.1234
5901 66.1234
5902 66.1234
5903 66.1234
5904 66.1234
5905 66.1234
5906 66.1234
5907 66.1234
5908 66.1234
5909 66.1234
5910 66.1234
5911 66.1234
5912 66.1234
5913 66.1234
5914 66.1234
5915 66.1234
5916 66.1234
5917 66.1234
5918 66.1234
5919 66.1234
5920 66.1234
5921 66.1234
5922 66.1234
5923 66.1234
5924 66.1234
5925 66.1234
5926 66.1234
5927 66.1234
5928 66.1234
5929 66.1234
5930 66.1234
5931 66.1234
5932 66.1234
5933 66.1234
5934 66.1234
5935 66.1234
5936 66.1234
5937 66.1234
5938 66.1234
5939 66.1234
5940 66.1234
5941 66.1234
5942 66.1234
5943 66.1234
5944 66.1234
5945 66.1234
5946 66.1234
5947 66.1234
5948 66.1234
5949 66.1234
5950 66.1234
5951 66.1234
5952 66.1234
5953 66.1234
5954 66.1234
5955 66.1234
5956 66.1234
5957 66.1234
5958 66.1234
5959 66.1234
5960 66.1234
5961 66.1234
5962 66.1234
5963 66.1234
5964 66.1234
5965 66.1234
5966 66.1234
5967 66.1234
5968 66.1234
5969 66.1234
5970 66.1234
5971 66.1234
5972 66.1234
5973 66.1234
5974 66.1234
5975 66.1234
5976 66.1234
5977 66.1234
5978 66.1234
5979 66.1234
5980 66.1234
5981 66.1234
5982 66.1234
5983 66.1234
5984 66.1234
5985 66.1234
5986 66.1234
5987 66.1234
5988 66.1234
5989 66.1234
5990 66.1234
5991 66.1234
5992 66.1234
5993 66.1234
5994 66.1234
5995 66.1234
5996 66.1234
5997 66.1234
5998 66.1234
5999 66.1234
4000 66.1234
