1 437.922
2 423.757
3 406.744
4 398.169
5 388.394
6 381.298
7 375.525
8 375.525
9 365.07
10 353.992
11 348.712
12 346.99
13 333.188
14 321.884
15 304.237
16 304.237
17 304.237
18 296.394
19 296.394
20 296.394
21 289.901
22 285.696
23 285.696
24 285.148
25 281.238
26 280.457
27 279.907
28 277.41
29 267.978
30 267.978
31 267.654
32 267.654
33 267.078
34 262.869
35 257.28
36 257.28
37 257.28
38 256.751
39 256.572
40 252.313
41 250.972
42 245.492
43 245.492
44 241.036
45 245.492
46 242.316
47 238.272
48 238.791
49 238.105
50 238.105
51 235.976
52 236.867
53 234.452
54 234.452
55 232.785
56 232.785
57 231.764
58 231.764
59 231.344
60 231.344
61 230.568
62 231.059
63 224.549
64 224.549
65 224.549
66 221.75
67 219.814
68 217.231
69 217.231
70 216.676
71 216.676
72 216.362
73 216.362
74 215.858
75 215.799
76 215.329
77 212.132
78 212.132
79 212.132
80 211.156
81 210.897
82 210.527
83 209.927
84 209.927
85 208.685
86 206.418
87 206.418
88 205.998
89 205.227
90 203.53
91 203.53
92 201.392
93 201.335
94 201.335
95 200.443
96 196.901
97 196.901
98 196.901
99 193.005
100 193.005
101 193.005
102 192.997
103 192.997
104 190.039
105 189.936
106 189.936
107 188.659
108 186.214
109 186.214
110 186.214
111 186.214
112 185.493
113 182.645
114 181.607
115 181.607
116 181.607
117 181.607
118 181.607
119 181.607
120 180.599
121 180.599
122 180.573
123 180.573
124 180.573
125 178.975
126 176.587
127 176.587
128 176.587
129 176.587
130 173.147
131 174.028
132 173.192
133 174.028
134 174.028
135 173.331
136 171.076
137 169.478
138 169.478
139 169.478
140 169.478
141 167.761
142 167.761
143 167.761
144 167.761
145 167.761
146 167.585
147 167.585
148 167.761
149 167.761
150 167.761
151 167.761
152 167.761
153 166.375
154 166.69
155 166.045
156 166.045
157 166.045
158 165.931
159 165.062
160 164.992
161 164.699
162 163.96
163 163.96
164 163.785
165 163.156
166 159.896
167 159.896
168 161.152
169 160.256
170 160.256
171 160.102
172 160.102
173 160.102
174 160.102
175 160.071
176 158.567
177 158.413
178 158.413
179 158.413
180 157.639
181 157.476
182 156.001
183 156.001
184 155.847
185 154.926
186 154.91
187 154.91
188 154.91
189 154.91
190 154.312
191 154.312
192 151.72
193 151.72
194 151.72
195 151.72
196 151.68
197 151.68
198 151.596
199 151.596
200 151.336
201 151.214
202 150.6
203 150.421
204 150.421
205 149.646
206 149.646
207 147.537
208 147.537
209 147.537
210 147.537
211 142.445
212 142.445
213 142.269
214 139.405
215 139.405
216 139.405
217 138.073
218 138.073
219 138.073
220 138.073
221 138.073
222 137.314
223 137.546
224 137.546
225 137.307
226 136.636
227 136.636
228 136.636
229 136.636
230 136.355
231 136.355
232 136.355
233 136.355
234 135.792
235 135.792
236 135.599
237 135.45
238 135.45
239 135.45
240 135.45
241 135.45
242 133.878
243 133.878
244 133.878
245 133.878
246 133.878
247 133.878
248 132.911
249 132.911
250 132.911
251 132.442
252 132.442
253 132.442
254 132.442
255 130.258
256 130.194
257 130.194
258 130.194
259 128.786
260 128.786
261 128.51
262 127.294
263 127.294
264 127.294
265 127.294
266 127.294
267 127.294
268 127.294
269 127.294
270 127.294
271 127.294
272 127.294
273 127.294
274 127.294
275 127.294
276 127.294
277 127.294
278 127.294
279 127.294
280 127.294
281 126.639
282 126.639
283 126.639
284 126.639
285 126.639
286 125.214
287 125.214
288 125.214
289 124.58
290 124.58
291 124.58
292 124.58
293 124.58
294 124.58
295 124.328
296 124.328
297 124.328
298 124.328
299 124.328
300 124.328
301 124.328
302 124.328
303 124.328
304 124.328
305 124.328
306 124.328
307 124.328
308 124.328
309 124.136
310 124.136
311 124.029
312 124.029
313 124.029
314 123.563
315 123.563
316 123.563
317 122.059
318 122.059
319 121.532
320 122.059
321 122.059
322 122.059
323 121.276
324 121.276
325 120.901
326 120.901
327 120.51
328 120.51
329 120.024
330 120.024
331 119.383
332 119.312
333 119.208
334 119.208
335 119.208
336 118.176
337 118.176
338 118.176
339 116.936
340 118.176
341 118.176
342 116.943
343 116.943
344 116.943
345 116.943
346 116.943
347 116.277
348 116.187
349 115.981
350 116.187
351 116.187
352 116.187
353 115.27
354 116.015
355 116.015
356 116.015
357 116.015
358 116.015
359 116.015
360 115.349
361 116.015
362 116.015
363 116.015
364 113.556
365 113.556
366 113.556
367 113.556
368 113.556
369 113.556
370 113.311
371 112.25
372 112.687
373 112.687
374 112.687
375 112.687
376 112.687
377 112.308
378 112.687
379 112.687
380 111.139
381 111.139
382 111.139
383 110.799
384 110.799
385 110.799
386 110.799
387 110.799
388 110.799
389 110.799
390 110.799
391 110.345
392 110.345
393 110.345
394 110.345
395 110.345
396 109.264
397 109.264
398 109.264
399 109.264
400 108.632
401 108.632
402 108.632
403 108.632
404 108.425
405 108.425
406 108.425
407 108.425
408 108.046
409 108.046
410 108.046
411 108.046
412 108.022
413 108.022
414 108.022
415 108.022
416 108.022
417 108.022
418 107.493
419 107.493
420 107.493
421 107.493
422 107.493
423 107.493
424 107.493
425 107.493
426 107.493
427 107.493
428 107.493
429 107.09
430 107.09
431 107.493
432 107.493
433 107.114
434 107.114
435 107.114
436 107
437 107
438 107
439 107
440 107
441 101.198
442 101.198
443 101.198
444 101.198
445 101.198
446 101.198
447 101.198
448 101.198
449 101.198
450 101.198
451 101.198
452 101.121
453 101.121
454 101.121
455 101.121
456 101.121
457 100.511
458 100.086
459 100.086
460 100.086
461 100.086
462 100.086
463 100.086
464 100.086
465 100.086
466 100.086
467 100.086
468 100.086
469 100.086
470 100.086
471 100.086
472 100.086
473 100.086
474 100.053
475 100.053
476 100.053
477 99.1744
478 99.1744
479 99.1744
480 99.1744
481 99.1744
482 99.1744
483 98.7484
484 98.7484
485 98.1856
486 98.1452
487 98.1856
488 98.1856
489 98.1856
490 98.1856
491 98.0909
492 98.0909
493 98.0909
494 98.0909
495 98.0909
496 97.4113
497 97.4113
498 97.4113
499 97.4113
500 97.4113
501 97.3166
502 97.3166
503 97.3166
504 97.3166
505 97.3166
506 97.3166
507 97.3166
508 97.3166
509 97.3166
510 97.3166
511 97.2908
512 97.2908
513 97.2908
514 97.2908
515 97.2908
516 97.2908
517 97.2908
518 97.2908
519 97.2908
520 97.2908
521 97.2908
522 97.2908
523 97.2908
524 97.2908
525 97.2908
526 97.2908
527 97.1198
528 97.1198
529 97.1198
530 96.3079
531 96.3987
532 96.3987
533 96.2277
534 96.2277
535 96.2277
536 96.2277
537 96.2277
538 96.2277
539 96.2277
540 96.2277
541 96.2277
542 96.2277
543 96.2277
544 96.2277
545 96.2277
546 96.2277
547 94.4862
548 94.4862
549 94.4862
550 94.4862
551 94.4862
552 94.4862
553 94.4862
554 94.4862
555 94.4862
556 94.3127
557 94.3127
558 94.3127
559 94.3127
560 94.3127
561 94.1116
562 94.3127
563 94.1116
564 94.1116
565 94.1116
566 94.1116
567 94.1116
568 94.1116
569 94.1116
570 93.9139
571 94.1116
572 94.1116
573 94.1116
574 94.1116
575 94.1116
576 94.1116
577 94.1116
578 94.1116
579 94.1116
580 94.1116
581 94.1116
582 93.4239
583 93.7121
584 93.7121
585 93.4336
586 93.4336
587 93.4336
588 93.0341
589 93.0341
590 93.0341
591 93.0341
592 93.0341
593 92.8452
594 92.8452
595 92.8452
596 92.8452
597 92.8452
598 92.8452
599 92.8452
600 92.8452
601 92.8452
602 92.8452
603 92.8452
604 92.8452
605 92.8452
606 92.8452
607 92.8452
608 92.8409
609 92.8409
610 92.8409
611 92.8409
612 92.8409
613 92.8409
614 92.8409
615 92.8409
616 92.8409
617 92.8409
618 92.4644
619 92.4644
620 92.4644
621 92.4644
622 92.0618
623 92.0618
624 92.0618
625 92.0618
626 92.0618
627 92.0618
628 92.0618
629 92.0618
630 91.8035
631 91.8035
632 91.8035
633 91.8035
634 91.8035
635 91.8035
636 91.8035
637 91.8035
638 91.8035
639 91.8035
640 91.6387
641 91.6387
642 91.6387
643 91.6387
644 91.6387
645 91.6387
646 91.6387
647 91.6387
648 91.6387
649 91.6387
650 91.6387
651 91.6387
652 91.6387
653 90.584
654 90.584
655 90.5579
656 90.5579
657 90.5579
658 90.4192
659 90.4192
660 90.3297
661 90.3297
662 90.3297
663 90.3297
664 90.3297
665 90.0481
666 90.3059
667 90.3059
668 90.3297
669 90.3297
670 90.3297
671 90.3297
672 90.3297
673 90.3297
674 90.3297
675 88.5367
676 88.5367
677 88.5367
678 88.5367
679 88.5367
680 88.5367
681 88.5367
682 88.5367
683 88.5367
684 88.5367
685 88.0968
686 88.0968
687 87.9808
688 87.9808
689 87.9808
690 87.9808
691 87.9808
692 87.9808
693 87.9808
694 87.9808
695 87.6867
696 87.6867
697 87.6867
698 87.7125
699 87.7125
700 87.7125
701 87.7125
702 87.7125
703 87.7125
704 87.7125
705 87.7125
706 87.7125
707 87.7125
708 87.7125
709 87.7125
710 87.7125
711 87.7125
712 87.7125
713 87.1651
714 87.1651
715 87.1651
716 87.1651
717 87.1651
718 87.1651
719 87.1651
720 87.1651
721 87.1651
722 87.1651
723 87.1651
724 87.1651
725 87.1651
726 87.1651
727 87.1651
728 87.1651
729 87.1651
730 87.1651
731 87.1651
732 87.1651
733 87.1651
734 87.1651
735 87.1651
736 87.1651
737 87.1651
738 87.1651
739 87.1651
740 87.1651
741 87.0376
742 87.0376
743 87.0376
744 87.0376
745 87.0376
746 87.0376
747 87.0376
748 87.0376
749 87.0376
750 87.0376
751 87.0376
752 87.0376
753 87.0376
754 87.0376
755 87.0376
756 87.0376
757 87.0376
758 87.0376
759 87.0376
760 87.0376
761 87.0376
762 87.0376
763 87.0376
764 87.0376
765 87.0376
766 87.0376
767 87.0376
768 87.0376
769 87.0376
770 87.0376
771 87.0376
772 87.0376
773 87.0376
774 87.0376
775 87.0376
776 87.0376
777 86.8473
778 86.8473
779 86.8473
780 86.8473
781 86.8473
782 86.8473
783 86.8473
784 86.8473
785 86.8473
786 86.1596
787 86.1596
788 86.1596
789 86.1596
790 86.1596
791 86.1596
792 86.1596
793 85.8946
794 85.8946
795 85.8946
796 85.8946
797 85.8946
798 85.2069
799 85.2069
800 85.2069
801 85.2069
802 85.2069
803 85.2069
804 85.2069
805 85.2069
806 85.2069
807 85.2069
808 85.2069
809 85.2069
810 85.2069
811 85.2069
812 85.2069
813 84.9388
814 85.2069
815 85.2069
816 85.2069
817 85.2069
818 85.2069
819 85.2069
820 85.2069
821 85.2069
822 85.2069
823 85.2069
824 85.2069
825 85.2069
826 85.2069
827 85.2069
828 85.2069
829 85.2069
830 85.2069
831 85.2069
832 85.2069
833 85.2069
834 85.2069
835 85.2069
836 85.2069
837 85.2069
838 85.2069
839 85.2069
840 85.2069
841 85.2069
842 85.2069
843 85.2069
844 85.2069
845 85.2069
846 85.2069
847 85.2069
848 85.2069
849 85.2069
850 85.2069
851 85.2069
852 85.2069
853 85.2069
854 85.2069
855 85.2069
856 85.2069
857 85.2069
858 85.2069
859 85.2069
860 85.2069
861 85.2069
862 85.2069
863 85.2069
864 85.2069
865 85.2069
866 85.2069
867 85.2069
868 85.2069
869 85.2069
870 85.2069
871 85.1761
872 84.9388
873 84.9388
874 84.9388
875 84.9388
876 84.9388
877 84.9388
878 84.9388
879 84.9388
880 84.9388
881 84.9388
882 84.9388
883 84.9388
884 84.9388
885 84.9388
886 84.9388
887 84.9388
888 84.9388
889 84.9388
890 84.9388
891 84.9388
892 84.9388
893 84.9388
894 84.9388
895 84.9388
896 84.9388
897 84.6528
898 84.6528
899 84.6528
900 84.6528
901 84.6528
902 84.6528
903 84.6528
904 84.6528
905 84.6528
906 84.6528
907 84.6528
908 84.6528
909 84.6528
910 84.6528
911 84.6528
912 84.6528
913 84.6528
914 84.6528
915 84.6528
916 84.4985
917 84.4985
918 84.4985
919 84.4985
920 84.0859
921 84.0859
922 84.0859
923 84.0859
924 83.6392
925 83.6392
926 83.6392
927 83.6392
928 83.6392
929 83.6392
930 83.6392
931 83.6392
932 83.6392
933 83.6392
934 83.6392
935 83.6392
936 83.6392
937 83.6386
938 83.6386
939 83.6386
940 83.6386
941 83.5035
942 83.5035
943 83.5035
944 83.3509
945 83.3509
946 83.3509
947 83.3509
948 83.3503
949 83.3503
950 83.3503
951 82.9735
952 82.9735
953 82.9735
954 82.9735
955 82.9735
956 82.9735
957 82.9697
958 82.9697
959 82.9697
960 82.9697
961 82.9697
962 82.9697
963 82.9697
964 82.9697
965 82.9697
966 82.9697
967 82.9697
968 82.6769
969 82.6769
970 82.6769
971 82.6769
972 82.6769
973 82.6769
974 82.6769
975 82.6769
976 82.6769
977 82.6769
978 82.6769
979 82.6769
980 82.6769
981 81.7162
982 81.7162
983 81.7162
984 81.7162
985 81.7162
986 81.7162
987 81.7162
988 81.7162
989 81.7162
990 81.7162
991 81.7162
992 81.7162
993 81.4583
994 81.4583
995 81.4583
996 81.4583
997 81.4583
998 81.4583
999 81.4583
1000 81.4583
1001 81.4583
1002 81.4583
1003 81.4583
1004 81.4583
1005 81.4583
1006 81.4583
1007 81.4583
1008 81.4583
1009 81.4583
1010 81.4583
1011 81.4583
1012 81.4583
1013 81.4583
1014 81.4583
1015 81.4583
1016 81.2494
1017 81.4583
1018 81.4583
1019 80.0481
1020 80.0481
1021 80.0481
1022 80.0481
1023 80.0481
1024 80.0481
1025 80.0481
1026 80.0481
1027 80.0481
1028 80.0481
1029 80.0481
1030 80.0481
1031 80.0481
1032 80.0481
1033 80.0481
1034 80.0481
1035 80.0481
1036 80.0481
1037 80.0481
1038 80.0481
1039 80.0481
1040 80.0481
1041 80.0481
1042 80.0481
1043 80.0481
1044 80.0481
1045 80.0481
1046 80.0481
1047 80.0481
1048 80.0398
1049 80.0398
1050 80.0398
1051 80.0398
1052 80.0398
1053 80.0398
1054 80.0398
1055 80.0398
1056 80.0398
1057 80.0398
1058 80.0398
1059 80.0398
1060 80.0398
1061 80.0398
1062 80.0398
1063 80.0398
1064 80.0398
1065 80.0398
1066 80.0398
1067 80.0398
1068 80.0398
1069 80.0398
1070 80.0398
1071 80.0398
1072 80.0398
1073 80.0398
1074 80.0398
1075 80.0398
1076 79.7413
1077 79.7413
1078 79.7413
1079 79.7413
1080 79.7413
1081 79.7413
1082 79.7413
1083 79.7413
1084 79.7413
1085 79.7413
1086 79.7413
1087 79.7413
1088 79.7413
1089 79.7413
1090 79.7413
1091 79.7413
1092 79.7413
1093 79.7413
1094 79.7413
1095 79.7413
1096 79.7413
1097 79.7413
1098 79.7413
1099 79.7413
1100 79.7413
1101 79.7413
1102 79.7413
1103 79.7413
1104 79.7413
1105 79.7413
1106 79.7413
1107 79.7413
1108 79.7413
1109 79.7413
1110 79.7413
1111 79.7413
1112 79.7413
1113 79.7413
1114 79.7413
1115 79.7413
1116 79.7413
1117 79.7413
1118 79.7413
1119 79.7413
1120 79.7413
1121 74.113
1122 74.113
1123 74.113
1124 74.113
1125 74.113
1126 74.113
1127 74.113
1128 74.113
1129 74.113
1130 74.113
1131 74.113
1132 74.113
1133 74.113
1134 74.113
1135 74.113
1136 74.01
1137 74.01
1138 74.01
1139 74.01
1140 74.01
1141 74.01
1142 74.01
1143 74.01
1144 74.01
1145 74.01
1146 74.01
1147 74.01
1148 74.01
1149 74.01
1150 74.01
1151 74.01
1152 74.01
1153 74.01
1154 74.01
1155 74.01
1156 74.01
1157 74.01
1158 74.01
1159 74.01
1160 74.01
1161 74.01
1162 74.01
1163 74.01
1164 74.01
1165 74.01
1166 74.01
1167 74.01
1168 74.01
1169 74.01
1170 74.01
1171 74.01
1172 74.01
1173 74.01
1174 74.01
1175 74.01
1176 74.01
1177 74.01
1178 74.01
1179 74.01
1180 74.01
1181 74.01
1182 74.01
1183 74.01
1184 74.01
1185 74.01
1186 74.01
1187 74.01
1188 74.01
1189 74.01
1190 74.01
1191 74.01
1192 74.01
1193 74.01
1194 74.01
1195 74.01
1196 74.01
1197 74.01
1198 74.01
1199 74.01
1200 74.01
1201 74.01
1202 73.7767
1203 73.7767
1204 73.7767
1205 73.7767
1206 73.7767
1207 73.7767
1208 73.7767
1209 73.7767
1210 73.7767
1211 73.7767
1212 73.7767
1213 73.7767
1214 73.7767
1215 73.7767
1216 73.7767
1217 73.7767
1218 73.7767
1219 73.7767
1220 73.7767
1221 73.7767
1222 73.7767
1223 73.7767
1224 73.7767
1225 73.7767
1226 73.7767
1227 73.7767
1228 73.7767
1229 73.7767
1230 73.7767
1231 73.7767
1232 73.7767
1233 73.7767
1234 73.7767
1235 73.7767
1236 73.7767
1237 73.7767
1238 73.7767
1239 73.7767
1240 73.7767
1241 73.7767
1242 73.7767
1243 73.7767
1244 73.7767
1245 73.7767
1246 73.7767
1247 73.7767
1248 73.7767
1249 73.7767
1250 73.7767
1251 73.7767
1252 73.7767
1253 73.7767
1254 73.7767
1255 73.7767
1256 73.6597
1257 73.6597
1258 73.6597
1259 73.6597
1260 73.6597
1261 73.6597
1262 73.6597
1263 73.6597
1264 73.6597
1265 73.6597
1266 73.6597
1267 73.6597
1268 73.6597
1269 73.6597
1270 73.6597
1271 73.6597
1272 73.5761
1273 73.5761
1274 73.5761
1275 73.5761
1276 73.5761
1277 73.5761
1278 73.5761
1279 73.5761
1280 73.5761
1281 73.5761
1282 73.561
1283 73.561
1284 73.561
1285 73.561
1286 73.561
1287 73.561
1288 73.561
1289 73.561
1290 73.561
1291 73.561
1292 73.561
1293 73.561
1294 73.561
1295 73.561
1296 73.561
1297 73.561
1298 73.561
1299 73.561
1300 73.561
1301 73.561
1302 73.561
1303 73.561
1304 73.561
1305 73.561
1306 73.561
1307 73.561
1308 73.561
1309 73.561
1310 73.561
1311 73.561
1312 73.561
1313 73.561
1314 73.561
1315 73.561
1316 73.561
1317 73.561
1318 73.561
1319 73.561
1320 73.561
1321 73.561
1322 73.561
1323 73.561
1324 73.561
1325 73.561
1326 73.561
1327 73.561
1328 73.561
1329 73.561
1330 73.561
1331 73.561
1332 73.561
1333 73.561
1334 73.561
1335 73.561
1336 73.561
1337 73.561
1338 73.561
1339 73.561
1340 72.8898
1341 72.8898
1342 72.8898
1343 72.8898
1344 72.8898
1345 72.8898
1346 72.8898
1347 72.8898
1348 72.8898
1349 72.8898
1350 72.8898
1351 72.8898
1352 72.8898
1353 72.8898
1354 72.8898
1355 72.8898
1356 72.8898
1357 72.8898
1358 72.8898
1359 72.8898
1360 72.8898
1361 72.8898
1362 72.8898
1363 72.8898
1364 72.8898
1365 72.8898
1366 72.8898
1367 72.8898
1368 72.8898
1369 72.8898
1370 72.8898
1371 72.8898
1372 72.8898
1373 72.8898
1374 72.8898
1375 72.8898
1376 72.8898
1377 72.8898
1378 72.8898
1379 72.8898
1380 72.8898
1381 72.8898
1382 72.8898
1383 72.8898
1384 72.8898
1385 72.8898
1386 72.8898
1387 72.8898
1388 72.8898
1389 72.8898
1390 72.8898
1391 72.8898
1392 72.8898
1393 72.8898
1394 72.8898
1395 72.8898
1396 72.8898
1397 72.8898
1398 72.8898
1399 72.8898
1400 72.8898
1401 72.8898
1402 72.8898
1403 72.8898
1404 72.8898
1405 72.2121
1406 72.2121
1407 72.2121
1408 72.2121
1409 72.2121
1410 72.2121
1411 72.2121
1412 72.2121
1413 72.2121
1414 72.2121
1415 72.2121
1416 72.2121
1417 72.2121
1418 72.2121
1419 72.2121
1420 72.2121
1421 72.2121
1422 71.9682
1423 71.9682
1424 71.9682
1425 71.9682
1426 71.9682
1427 71.9682
1428 71.9682
1429 71.9682
1430 71.9682
1431 71.9682
1432 71.9682
1433 71.9682
1434 71.9682
1435 71.9682
1436 71.9682
1437 71.9682
1438 71.9682
1439 71.9682
1440 71.9682
1441 71.9682
1442 71.9682
1443 71.9682
1444 71.9682
1445 71.9682
1446 71.9682
1447 71.9682
1448 71.9682
1449 71.9682
1450 71.9682
1451 71.9682
1452 71.9682
1453 71.9682
1454 71.9682
1455 71.9682
1456 71.9682
1457 71.9682
1458 71.9682
1459 71.9682
1460 71.9682
1461 71.9682
1462 71.9682
1463 71.9682
1464 71.9682
1465 71.9682
1466 71.9682
1467 71.9682
1468 71.9682
1469 71.9682
1470 71.9682
1471 71.9682
1472 71.9682
1473 71.9682
1474 71.9682
1475 71.9682
1476 71.9237
1477 71.9237
1478 71.9237
1479 71.9237
1480 71.9237
1481 71.9237
1482 71.9237
1483 71.9237
1484 71.9237
1485 71.9237
1486 71.9237
1487 71.9237
1488 71.9237
1489 71.9237
1490 71.9237
1491 71.9237
1492 71.9237
1493 71.9237
1494 71.9237
1495 71.9237
1496 71.9237
1497 71.9237
1498 71.9237
1499 71.9237
1500 71.9237
1501 71.9237
1502 71.9237
1503 71.9237
1504 71.9237
1505 71.9237
1506 71.9237
1507 71.9237
1508 71.9237
1509 71.9237
1510 71.9237
1511 71.9237
1512 71.9237
1513 71.9237
1514 71.9237
1515 71.9237
1516 71.9237
1517 71.9237
1518 71.9237
1519 71.9237
1520 71.9237
1521 71.9237
1522 71.9237
1523 71.9237
1524 71.9237
1525 71.9237
1526 71.9237
1527 71.9237
1528 71.9237
1529 71.9237
1530 71.9237
1531 71.9237
1532 71.9237
1533 71.9237
1534 71.9237
1535 71.9237
1536 71.9237
1537 71.9237
1538 71.9237
1539 71.9237
1540 71.9237
1541 71.9237
1542 71.9237
1543 71.9237
1544 71.9237
1545 71.9237
1546 71.9237
1547 71.9237
1548 71.9237
1549 71.9237
1550 71.9237
1551 71.9237
1552 71.9237
1553 71.9237
1554 71.9237
1555 71.9237
1556 71.9237
1557 71.9237
1558 71.9237
1559 71.9237
1560 71.9237
1561 71.9237
1562 71.9237
1563 71.9237
1564 71.9237
1565 71.9237
1566 71.9237
1567 71.9237
1568 71.9237
1569 71.9237
1570 71.9237
1571 71.9237
1572 71.9237
1573 71.9237
1574 71.9237
1575 71.9237
1576 71.9237
1577 71.9237
1578 71.9237
1579 71.9237
1580 71.9237
1581 71.9237
1582 71.9237
1583 71.9237
1584 71.9237
1585 71.9237
1586 71.9237
1587 71.9237
1588 71.9237
1589 71.9237
1590 71.9237
1591 71.9237
1592 71.9237
1593 71.9237
1594 71.9237
1595 71.9237
1596 71.9237
1597 71.9237
1598 71.9237
1599 71.9237
1600 71.9237
1601 71.9237
1602 71.9237
1603 71.9237
1604 71.9237
1605 71.9237
1606 71.9237
1607 71.9237
1608 71.9237
1609 71.9237
1610 71.9237
1611 71.9237
1612 71.9237
1613 71.9237
1614 71.9237
1615 71.9237
1616 71.9237
1617 71.9237
1618 71.9237
1619 71.9237
1620 71.9237
1621 71.9237
1622 71.9237
1623 71.9237
1624 71.9237
1625 71.9237
1626 71.9237
1627 71.9237
1628 71.9237
1629 71.9237
1630 71.9237
1631 71.9237
1632 71.9237
1633 71.9237
1634 71.9237
1635 71.9237
1636 71.9237
1637 71.9237
1638 71.9237
1639 71.9237
1640 71.9237
1641 71.9237
1642 71.9237
1643 71.9095
1644 71.9095
1645 71.9095
1646 71.9095
1647 71.9095
1648 71.9095
1649 71.9095
1650 71.9095
1651 71.9095
1652 71.9095
1653 71.9095
1654 71.9095
1655 71.9095
1656 71.9095
1657 71.9095
1658 71.9095
1659 71.9095
1660 71.9095
1661 71.9095
1662 71.9095
1663 71.9095
1664 71.9095
1665 71.9095
1666 71.9095
1667 71.9095
1668 71.9095
1669 71.9095
1670 71.9095
1671 71.9095
1672 71.9095
1673 71.9095
1674 71.9095
1675 71.9095
1676 71.9095
1677 71.9095
1678 71.9095
1679 71.9095
1680 71.9095
1681 71.9095
1682 71.9095
1683 71.9095
1684 71.9095
1685 71.9095
1686 71.9095
1687 71.9095
1688 71.9095
1689 71.9095
1690 71.9095
1691 71.9095
1692 71.9095
1693 71.9095
1694 71.9095
1695 71.9095
1696 71.9095
1697 71.9095
1698 71.6323
1699 71.6323
1700 71.6323
1701 71.6323
1702 71.6323
1703 71.6323
1704 71.6323
1705 71.6323
1706 71.6323
1707 71.6323
1708 71.6323
1709 71.6323
1710 71.6323
1711 71.6323
1712 71.6323
1713 71.6323
1714 71.6323
1715 71.6323
1716 71.6323
1717 71.6323
1718 71.6323
1719 71.6323
1720 71.6323
1721 71.6323
1722 71.6323
1723 71.6323
1724 71.6323
1725 71.6323
1726 71.6323
1727 71.6323
1728 71.6323
1729 71.6323
1730 71.6323
1731 71.6323
1732 71.6323
1733 71.6323
1734 71.6323
1735 71.6323
1736 71.6323
1737 71.6323
1738 71.6323
1739 71.6323
1740 71.6323
1741 71.6323
1742 71.6323
1743 71.6323
1744 71.6323
1745 71.6323
1746 71.6323
1747 71.6323
1748 71.6323
1749 71.6323
1750 71.6323
1751 71.6323
1752 71.6323
1753 71.6115
1754 71.6115
1755 71.6115
1756 71.6115
1757 71.6115
1758 71.6115
1759 71.6115
1760 71.6115
1761 71.6115
1762 71.6115
1763 71.6115
1764 71.6115
1765 71.6115
1766 71.6115
1767 71.6115
1768 71.6115
1769 71.6115
1770 71.6115
1771 71.6115
1772 71.6115
1773 71.6115
1774 71.6115
1775 71.6115
1776 71.6115
1777 71.6115
1778 71.6115
1779 71.6115
1780 71.6115
1781 71.6115
1782 71.6115
1783 71.6115
1784 71.6115
1785 71.6115
1786 71.6115
1787 71.6115
1788 71.6115
1789 71.6115
1790 71.6115
1791 71.6115
1792 71.6115
1793 71.6115
1794 71.6115
1795 71.6115
1796 71.6115
1797 71.6115
1798 71.6115
1799 71.6115
1800 71.6115
1801 71.6115
1802 71.6115
1803 71.6115
1804 71.6115
1805 71.6115
1806 71.6115
1807 71.6115
1808 71.6115
1809 71.6115
1810 71.6115
1811 71.6115
1812 71.6115
1813 71.6115
1814 71.6115
1815 71.6115
1816 71.6115
1817 71.6115
1818 71.6115
1819 71.6115
1820 71.6115
1821 71.6115
1822 71.6115
1823 71.6115
1824 71.6115
1825 71.6115
1826 71.6115
1827 71.6115
1828 71.6115
1829 71.6115
1830 71.6115
1831 71.6115
1832 71.6115
1833 71.6115
1834 71.6115
1835 71.6115
1836 71.6115
1837 71.6115
1838 71.6115
1839 71.6115
1840 71.2336
1841 71.2336
1842 71.2336
1843 71.2336
1844 71.2336
1845 71.2336
1846 71.2336
1847 71.2336
1848 71.2336
1849 71.2336
1850 71.2336
1851 71.2336
1852 71.2336
1853 71.2336
1854 71.2336
1855 71.2336
1856 71.2336
1857 71.2336
1858 71.2336
1859 71.2336
1860 71.2336
1861 71.2336
1862 71.2336
1863 71.2336
1864 71.2336
1865 71.2336
1866 71.2336
1867 71.2336
1868 71.2336
1869 71.2336
1870 71.2336
1871 71.2336
1872 71.2336
1873 71.2336
1874 71.2336
1875 71.2336
1876 71.2336
1877 71.2336
1878 71.2336
1879 71.2336
1880 71.2336
1881 71.2336
1882 71.2336
1883 71.2336
1884 71.2336
1885 71.2336
1886 71.2336
1887 71.2336
1888 71.2336
1889 71.2336
1890 71.2336
1891 71.2336
1892 71.2336
1893 71.2336
1894 71.2336
1895 71.2336
1896 71.2336
1897 71.2336
1898 71.2336
1899 71.2336
1900 71.2336
1901 71.2336
1902 71.2336
1903 71.2336
1904 71.2336
1905 71.2336
1906 71.2336
1907 71.2336
1908 71.2336
1909 71.2336
1910 71.2336
1911 71.2336
1912 71.2336
1913 71.2336
1914 71.2336
1915 71.2336
1916 71.2336
1917 71.2336
1918 71.2336
1919 71.2336
1920 71.2336
1921 71.2336
1922 71.2336
1923 71.2336
1924 71.2336
1925 71.2336
1926 71.2336
1927 71.2336
1928 71.2336
1929 71.2336
1930 71.2336
1931 71.2336
1932 71.2336
1933 71.2336
1934 71.2336
1935 71.2336
1936 71.2336
1937 71.2336
1938 71.2336
1939 71.2336
1940 71.2336
1941 71.2336
1942 71.2336
1943 71.2336
1944 71.2336
1945 71.2336
1946 71.2336
1947 71.2336
1948 71.2336
1949 71.2336
1950 71.2336
1951 71.2336
1952 71.2336
1953 71.2336
1954 71.2336
1955 71.2336
1956 71.2336
1957 71.2336
1958 71.2336
1959 71.2336
1960 71.2336
1961 71.2336
1962 71.2336
1963 71.2336
1964 71.2336
1965 71.2336
1966 71.2336
1967 71.2336
1968 71.2336
1969 71.2336
1970 71.2336
1971 71.2336
1972 71.2336
1973 71.2336
1974 71.2336
1975 71.2336
1976 71.2336
1977 71.2336
1978 71.2336
1979 71.2336
1980 71.2336
1981 71.2336
1982 71.2336
1983 71.2336
1984 71.2336
1985 71.2336
1986 71.2336
1987 71.1434
1988 71.2336
1989 71.2336
1990 71.2336
1991 71.2336
1992 71.2336
1993 71.2336
1994 71.2336
1995 71.2336
1996 71.2336
1997 71.2336
1998 71.2336
1999 71.2336
2000 71.2336
2001 71.2336
2002 71.2336
2003 71.2336
2004 71.2336
2005 71.2336
2006 71.2336
2007 71.2336
2008 71.2336
2009 71.2336
2010 71.2336
2011 71.2336
2012 71.2336
2013 71.2336
2014 71.2336
2015 71.2336
2016 71.2336
2017 71.2336
2018 71.2336
2019 71.2336
2020 71.2336
2021 71.2336
2022 71.2336
2023 71.2336
2024 71.2336
2025 71.2336
2026 71.2336
2027 71.2336
2028 71.2336
2029 71.2336
2030 71.2336
2031 71.2336
2032 71.2336
2033 71.2336
2034 71.2336
2035 71.2336
2036 71.2336
2037 71.2336
2038 71.2336
2039 71.2336
2040 71.2336
2041 71.2336
2042 71.2336
2043 71.2336
2044 71.2336
2045 71.2336
2046 71.2336
2047 71.2336
2048 71.2336
2049 71.2336
2050 71.2336
2051 71.2336
2052 71.2336
2053 71.2336
2054 71.2336
2055 71.2336
2056 71.2336
2057 71.2336
2058 71.2336
2059 71.2336
2060 71.2336
2061 71.2336
2062 71.2336
2063 71.2336
2064 71.2336
2065 71.2336
2066 71.2336
2067 71.2336
2068 71.2336
2069 71.2336
2070 71.2336
2071 71.2336
2072 71.2336
2073 71.2336
2074 71.2336
2075 71.2336
2076 71.2336
2077 71.2336
2078 71.2336
2079 71.2336
2080 71.2336
2081 71.2336
2082 71.2336
2083 71.2336
2084 71.2336
2085 71.2336
2086 71.2336
2087 71.2336
2088 71.2336
2089 71.2336
2090 71.2336
2091 71.2336
2092 71.2336
2093 71.2336
2094 71.2336
2095 71.2336
2096 71.2336
2097 71.2336
2098 71.2336
2099 71.2336
2100 71.2336
2101 71.2336
2102 71.2336
2103 71.2336
2104 71.2336
2105 71.2336
2106 71.2336
2107 71.2336
2108 71.2336
2109 71.2336
2110 71.2336
2111 71.2336
2112 71.2336
2113 71.2336
2114 71.2336
2115 71.2336
2116 71.2336
2117 71.2336
2118 71.2336
2119 71.2336
2120 71.2336
2121 71.2336
2122 71.2336
2123 71.2336
2124 71.2336
2125 71.2336
2126 71.2336
2127 71.2336
2128 71.2336
2129 71.2336
2130 71.2336
2131 71.2336
2132 71.2336
2133 71.2336
2134 71.2336
2135 71.2336
2136 71.2336
2137 71.2336
2138 71.2336
2139 71.2336
2140 71.2336
2141 71.2336
2142 71.2336
2143 71.2336
2144 71.2336
2145 71.2336
2146 70.9016
2147 70.9016
2148 70.9016
2149 70.9016
2150 70.9016
2151 70.9016
2152 70.9016
2153 70.9016
2154 70.9016
2155 70.9016
2156 70.9016
2157 70.9016
2158 70.9016
2159 70.9016
2160 70.9016
2161 70.9016
2162 70.9016
2163 70.9016
2164 70.9016
2165 70.9016
2166 70.9016
2167 70.9016
2168 70.9016
2169 70.9016
2170 70.9016
2171 70.9016
2172 70.9016
2173 70.9016
2174 70.9016
2175 70.9016
2176 70.9016
2177 70.9016
2178 70.9016
2179 70.9016
2180 70.9016
2181 70.9016
2182 70.9016
2183 70.9016
2184 70.9016
2185 70.9016
2186 70.9016
2187 70.9016
2188 70.9016
2189 70.9016
2190 70.9016
2191 70.9016
2192 70.9016
2193 70.9016
2194 70.9016
2195 70.9016
2196 70.9016
2197 70.9016
2198 70.9016
2199 70.9016
2200 70.9016
2201 70.9016
2202 70.9016
2203 70.9016
2204 70.9016
2205 70.9016
2206 70.9016
2207 70.9016
2208 70.9016
2209 70.9016
2210 70.9016
2211 70.9016
2212 70.9016
2213 70.9016
2214 70.9016
2215 70.9016
2216 70.9016
2217 70.9016
2218 70.9016
2219 70.9016
2220 70.9016
2221 70.9016
2222 70.9016
2223 70.9016
2224 70.9016
2225 70.9016
2226 70.9016
2227 70.9016
2228 70.9016
2229 70.9016
2230 70.9016
2231 70.9016
2232 70.9016
2233 70.9016
2234 70.9016
2235 70.9016
2236 70.9016
2237 70.9016
2238 70.9016
2239 70.9016
2240 70.9016
2241 70.9016
2242 70.9016
2243 70.9016
2244 70.9016
2245 70.9016
2246 70.9016
2247 70.9016
2248 70.9016
2249 70.9016
2250 70.9016
2251 70.9016
2252 70.9016
2253 70.9016
2254 70.9016
2255 70.9016
2256 70.9016
2257 70.9016
2258 70.9016
2259 70.9016
2260 70.9016
2261 70.9016
2262 70.9016
2263 70.9016
2264 70.9016
2265 70.9016
2266 70.9016
2267 70.9016
2268 70.9016
2269 70.9016
2270 70.9016
2271 70.9016
2272 70.9016
2273 70.9016
2274 70.9016
2275 70.9016
2276 70.9016
2277 70.9016
2278 70.9016
2279 70.9016
2280 70.9016
2281 70.9016
2282 70.9016
2283 70.9016
2284 70.9016
2285 70.9016
2286 70.9016
2287 70.9016
2288 70.9016
2289 70.9016
2290 70.9016
2291 70.9016
2292 70.9016
2293 70.9016
2294 70.9016
2295 70.9016
2296 70.9016
2297 70.9016
2298 70.9016
2299 70.9016
2300 70.9016
2301 70.9016
2302 70.9016
2303 70.9016
2304 70.9016
2305 70.9016
2306 70.9016
2307 70.9016
2308 70.9016
2309 70.9016
2310 70.9016
2311 70.9016
2312 70.9016
2313 70.9016
2314 70.9016
2315 70.9016
2316 70.9016
2317 70.9016
2318 70.9016
2319 70.9016
2320 70.9016
2321 70.9016
2322 70.9016
2323 70.9016
2324 70.9016
2325 70.9016
2326 70.9016
2327 70.9016
2328 70.9016
2329 70.9016
2330 70.9016
2331 70.9016
2332 70.9016
2333 70.9016
2334 70.9016
2335 70.9016
2336 70.9016
2337 70.9016
2338 70.9016
2339 70.9016
2340 70.9016
2341 70.9016
2342 70.9016
2343 70.9016
2344 70.9016
2345 70.9016
2346 70.9016
2347 70.9016
2348 70.9016
2349 70.9016
2350 70.9016
2351 70.9016
2352 70.9016
2353 70.9016
2354 70.9016
2355 70.9016
2356 70.9016
2357 70.9016
2358 70.9016
2359 70.9016
2360 70.9016
2361 70.9016
2362 70.9016
2363 70.9016
2364 70.9016
2365 70.9016
2366 70.9016
2367 70.9016
2368 70.9016
2369 70.9016
2370 70.9016
2371 70.9016
2372 70.9016
2373 70.9016
2374 70.9016
2375 70.9016
2376 70.9016
2377 70.9016
2378 70.9016
2379 70.9016
2380 70.9016
2381 70.9016
2382 70.9016
2383 70.9016
2384 70.9016
2385 70.9016
2386 70.9016
2387 70.9016
2388 70.9016
2389 70.9016
2390 70.9016
2391 70.9016
2392 70.9016
2393 70.9016
2394 70.9016
2395 70.9016
2396 70.9016
2397 70.9016
2398 70.9016
2399 70.9016
2400 70.9016
2401 70.9016
2402 70.9016
2403 70.9016
2404 70.9016
2405 70.9016
2406 70.9016
2407 70.9016
2408 70.9016
2409 70.9016
2410 70.9016
2411 70.9016
2412 70.9016
2413 70.9016
2414 70.9016
2415 70.9016
2416 70.9016
2417 70.9016
2418 70.9016
2419 70.9016
2420 70.9016
2421 70.9016
2422 70.9016
2423 70.9016
2424 70.9016
2425 70.9016
2426 70.9016
2427 70.9016
2428 70.9016
2429 70.9016
2430 70.9016
2431 70.9016
2432 70.9016
2433 70.9016
2434 70.9016
2435 70.9016
2436 70.9016
2437 70.9016
2438 70.9016
2439 70.9016
2440 70.9016
2441 70.9016
2442 70.9016
2443 70.9016
2444 70.9016
2445 70.9016
2446 70.9016
2447 70.9016
2448 70.9016
2449 70.9016
2450 70.9016
2451 70.9016
2452 70.9016
2453 70.9016
2454 70.9016
2455 70.9016
2456 70.9016
2457 70.9016
2458 70.9016
2459 70.9016
2460 70.9016
2461 70.9016
2462 70.9016
2463 70.9016
2464 70.9016
2465 70.9016
2466 70.9016
2467 70.9016
2468 70.9016
2469 70.9016
2470 70.9016
2471 70.9016
2472 70.9016
2473 70.9016
2474 70.9016
2475 70.9016
2476 70.9016
2477 70.9016
2478 70.9016
2479 70.9016
2480 70.9016
2481 70.9016
2482 70.9016
2483 70.9016
2484 70.9016
2485 70.9016
2486 70.9016
2487 70.9016
2488 70.9016
2489 70.9016
2490 70.9016
2491 70.9016
2492 70.9016
2493 70.9016
2494 70.9016
2495 70.9016
2496 70.9016
2497 70.9016
2498 70.9016
2499 70.9016
2500 70.9016
2501 70.9016
2502 70.9016
2503 70.9016
2504 70.9016
2505 70.9016
2506 70.9016
2507 70.9016
2508 70.9016
2509 70.9016
2510 70.9016
2511 70.9016
2512 70.9016
2513 70.9016
2514 70.9016
2515 70.9016
2516 70.9016
2517 70.9016
2518 70.9016
2519 70.9016
2520 70.9016
2521 70.9016
2522 70.9016
2523 70.9016
2524 70.9016
2525 70.9016
2526 70.9016
2527 70.9016
2528 70.9016
2529 70.9016
2530 70.9016
2531 70.9016
2532 70.9016
2533 70.9016
2534 70.9016
2535 70.9016
2536 70.9016
2537 70.9016
2538 70.9016
2539 70.9016
2540 70.9016
2541 70.9016
2542 70.9016
2543 70.9016
2544 70.9016
2545 70.9016
2546 70.9016
2547 70.9016
2548 70.9016
2549 70.9016
2550 70.9016
2551 70.9016
2552 70.9016
2553 70.9016
2554 70.9016
2555 70.9016
2556 70.9016
2557 70.9016
2558 70.9016
2559 70.9016
2560 70.9016
2561 70.9016
2562 70.9016
2563 70.9016
2564 70.9016
2565 70.9016
2566 70.9016
2567 70.9016
2568 70.9016
2569 70.9016
2570 70.9016
2571 70.9016
2572 70.9016
2573 70.9016
2574 70.9016
2575 70.9016
2576 70.9016
2577 70.9016
2578 70.9016
2579 70.9016
2580 70.9016
2581 70.9016
2582 70.9016
2583 70.9016
2584 70.9016
2585 70.9016
2586 70.9016
2587 70.9016
2588 70.9016
2589 70.9016
2590 70.9016
2591 70.9016
2592 70.9016
2593 70.9016
2594 70.9016
2595 70.9016
2596 70.9016
2597 70.9016
2598 70.9016
2599 70.9016
2600 70.9016
2601 70.9016
2602 70.9016
2603 70.9016
2604 70.9016
2605 70.9016
2606 70.9016
2607 70.9016
2608 70.9016
2609 70.9016
2610 70.9016
2611 70.9016
2612 70.9016
2613 70.9016
2614 70.9016
2615 70.9016
2616 70.9016
2617 70.9016
2618 70.9016
2619 70.9016
2620 70.9016
2621 70.9016
2622 70.9016
2623 70.9016
2624 70.9016
2625 70.9016
2626 70.9016
2627 70.9016
2628 70.9016
2629 70.9016
2630 70.9016
2631 70.9016
2632 70.9016
2633 70.9016
2634 70.9016
2635 70.9016
2636 70.9016
2637 70.9016
2638 70.9016
2639 70.9016
2640 70.9016
2641 70.9016
2642 70.9016
2643 70.9016
2644 70.9016
2645 70.9016
2646 70.9016
2647 70.9016
2648 70.9016
2649 70.9016
2650 70.9016
2651 70.9016
2652 70.9016
2653 70.9016
2654 70.9016
2655 70.9016
2656 70.9016
2657 70.9016
2658 70.9016
2659 70.9016
2660 70.9016
2661 70.9016
2662 70.9016
2663 70.9016
2664 70.9016
2665 70.9016
2666 70.9016
2667 70.9016
2668 70.9016
2669 70.9016
2670 70.9016
2671 70.9016
2672 70.9016
2673 70.9016
2674 70.9016
2675 70.2799
2676 70.2799
2677 70.2799
2678 70.2799
2679 70.2799
2680 70.2799
2681 70.2799
2682 70.2799
2683 70.2799
2684 70.2799
2685 70.2799
2686 70.2799
2687 70.2799
2688 70.2799
2689 70.2799
2690 70.2799
2691 70.2799
2692 70.2799
2693 70.2799
2694 70.2799
2695 70.2799
2696 70.2799
2697 70.2799
2698 70.2799
2699 70.2799
2700 70.2799
2701 70.2799
2702 70.2799
2703 70.2799
2704 70.2799
2705 70.2799
2706 70.2799
2707 70.2799
2708 70.2799
2709 70.2799
2710 70.2799
2711 70.2799
2712 70.2799
2713 70.2799
2714 70.2799
2715 70.2799
2716 70.2799
2717 70.2799
2718 70.2799
2719 70.2799
2720 70.2799
2721 70.2799
2722 70.2799
2723 70.2799
2724 70.2799
2725 70.2799
2726 70.2799
2727 70.2799
2728 70.2799
2729 70.2799
2730 70.2799
2731 70.2799
2732 70.2799
2733 70.2799
2734 70.2799
2735 70.2799
2736 70.2799
2737 70.2799
2738 70.2799
2739 70.2799
2740 70.2799
2741 70.2799
2742 70.2799
2743 70.2799
2744 70.2799
2745 70.2274
2746 70.2274
2747 70.2274
2748 70.2274
2749 70.2274
2750 70.2274
2751 70.2274
2752 70.2274
2753 70.2274
2754 70.2274
2755 70.2274
2756 70.2274
2757 70.2274
2758 70.2274
2759 70.2274
2760 70.2274
2761 70.2274
2762 70.2274
2763 70.2274
2764 70.2274
2765 70.2274
2766 70.2274
2767 70.2274
2768 70.2274
2769 70.2274
2770 70.2274
2771 70.2274
2772 70.2274
2773 70.2274
2774 70.2274
2775 70.2274
2776 70.2274
2777 70.2274
2778 70.2274
2779 70.2274
2780 70.2274
2781 70.2274
2782 70.2274
2783 70.2274
2784 70.2274
2785 70.2274
2786 70.2274
2787 70.2274
2788 70.2274
2789 70.2274
2790 70.2274
2791 70.2274
2792 70.2274
2793 70.2274
2794 70.2274
2795 70.2274
2796 70.2274
2797 70.2274
2798 70.2274
2799 70.2274
2800 70.2274
2801 70.2274
2802 70.2274
2803 70.2274
2804 70.2274
2805 70.2274
2806 70.2274
2807 70.2274
2808 70.2274
2809 70.2274
2810 70.2274
2811 70.2274
2812 70.2274
2813 70.2274
2814 70.2274
2815 70.2274
2816 70.2274
2817 70.2274
2818 70.2274
2819 70.2274
2820 70.2274
2821 70.2274
2822 70.2274
2823 70.2274
2824 70.2274
2825 70.2274
2826 70.2274
2827 70.2274
2828 70.2274
2829 70.2274
2830 70.2274
2831 70.2274
2832 70.2274
2833 70.2274
2834 70.2274
2835 70.2274
2836 70.2274
2837 70.2274
2838 70.2274
2839 70.2274
2840 70.2274
2841 70.2274
2842 70.2274
2843 70.2274
2844 70.2274
2845 70.2274
2846 70.2274
2847 70.2274
2848 70.2274
2849 70.2274
2850 70.2274
2851 70.2274
2852 70.2274
2853 70.2274
2854 70.2274
2855 70.2274
2856 70.2274
2857 70.2274
2858 70.2274
2859 70.2274
2860 70.2274
2861 70.2274
2862 70.2274
2863 70.2274
2864 70.2274
2865 70.2274
2866 70.2274
2867 70.2274
2868 70.2274
2869 70.2274
2870 70.2274
2871 70.2274
2872 70.2274
2873 70.2274
2874 70.2274
2875 70.2274
2876 70.2274
2877 70.2274
2878 70.2274
2879 70.2274
2880 70.2274
2881 70.2274
2882 70.2274
2883 70.2274
2884 70.2274
2885 70.2274
2886 70.2274
2887 70.2274
2888 70.2274
2889 70.2274
2890 70.2274
2891 70.2274
2892 70.2274
2893 70.2274
2894 70.2274
2895 70.2274
2896 70.2274
2897 70.2274
2898 70.2274
2899 70.2274
2900 70.2274
2901 70.2274
2902 70.2274
2903 70.2274
2904 70.2274
2905 70.2274
2906 70.2274
2907 70.2274
2908 70.2274
2909 70.2274
2910 70.2274
2911 70.2274
2912 70.2274
2913 70.2274
2914 70.2274
2915 70.2274
2916 70.2274
2917 70.2274
2918 70.2274
2919 70.2274
2920 70.2274
2921 70.2274
2922 70.2274
2923 70.2274
2924 70.2274
2925 70.2274
2926 70.2274
2927 70.2274
2928 70.2274
2929 70.2274
2930 70.2274
2931 70.2274
2932 70.2274
2933 70.2274
2934 70.2274
2935 70.2274
2936 70.2274
2937 70.2274
2938 70.2274
2939 70.2274
2940 70.2274
2941 70.2274
2942 70.2274
2943 70.2274
2944 70.2274
2945 70.2274
2946 70.2274
2947 70.2274
2948 70.2274
2949 70.2274
2950 70.2274
2951 70.2274
2952 70.2274
2953 70.2274
2954 70.2274
2955 70.2274
2956 70.2274
2957 70.2274
2958 70.2274
2959 70.2274
2960 70.2274
2961 70.2274
2962 70.2274
2963 70.2274
2964 70.2274
2965 70.2274
2966 70.2274
2967 70.2274
2968 70.2274
2969 70.2274
2970 70.2274
2971 70.2274
2972 70.2274
2973 70.2274
2974 70.2274
2975 70.2274
2976 70.2274
2977 70.2274
2978 70.2274
2979 70.2274
2980 70.2274
2981 70.2274
2982 70.2274
2983 70.2274
2984 70.2274
2985 70.2274
2986 70.2274
2987 70.2274
2988 70.2274
2989 70.2274
2990 70.2274
2991 70.2274
2992 70.2274
2993 70.2274
2994 70.2274
2995 70.2274
2996 70.2274
2997 70.2274
2998 70.2274
2999 70.2274
3000 70.2274
3001 70.2274
3002 70.2274
3003 70.2274
3004 70.2274
3005 70.2274
3006 70.2274
3007 70.2274
3008 70.2274
3009 70.2274
3010 70.2274
3011 70.2274
3012 70.2274
3013 70.2274
3014 70.2274
3015 70.2274
3016 70.2274
3017 70.2274
3018 70.2274
3019 70.2274
3020 70.2274
3021 70.2274
3022 70.2274
3023 70.2274
3024 70.2274
3025 70.2274
3026 70.2274
3027 70.2274
3028 70.2274
3029 70.2274
3030 70.2274
3031 70.2274
3032 70.2274
3033 70.2274
3034 70.2274
3035 70.2274
3036 70.2274
3037 70.2274
3038 70.2274
3039 70.2274
3040 70.2274
3041 70.2274
3042 70.2274
3043 70.2274
3044 70.2274
3045 70.2274
3046 70.2274
3047 70.2274
3048 70.2274
3049 70.2274
3050 70.2274
3051 70.2274
3052 70.2274
3053 70.2274
3054 70.2011
3055 70.2274
3056 70.2274
3057 70.2274
3058 70.2274
3059 70.2274
3060 70.2274
3061 70.2274
3062 70.2274
3063 70.2274
3064 70.2274
3065 70.2274
3066 70.2274
3067 70.2274
3068 70.2274
3069 70.2274
3070 70.2274
3071 70.2274
3072 70.2274
3073 70.2274
3074 70.2274
3075 70.2274
3076 70.2274
3077 70.2274
3078 70.2274
3079 70.2274
3080 70.2274
3081 70.2274
3082 70.2274
3083 70.2274
3084 70.2274
3085 70.2274
3086 70.2274
3087 70.2274
3088 70.2274
3089 70.2274
3090 70.2274
3091 70.2274
3092 70.2274
3093 70.2274
3094 70.2274
3095 70.2274
3096 70.2274
3097 70.2274
3098 70.2274
3099 70.2274
3100 70.2274
3101 70.2274
3102 70.2274
3103 70.2274
3104 70.2274
3105 70.2274
3106 70.2274
3107 70.2274
3108 70.2274
3109 70.2274
3110 70.2274
3111 70.2274
3112 70.2274
3113 70.2274
3114 70.2274
3115 70.2274
3116 70.2274
3117 70.2274
3118 70.2274
3119 70.2274
3120 70.2274
3121 70.2274
3122 70.2274
3123 70.2274
3124 70.2274
3125 70.2199
3126 70.2199
3127 70.2199
3128 70.2199
3129 70.2199
3130 70.2199
3131 70.2199
3132 70.2199
3133 70.2199
3134 70.2199
3135 70.2199
3136 70.2199
3137 70.2199
3138 70.2199
3139 70.2199
3140 70.2199
3141 70.2199
3142 70.2199
3143 70.2199
3144 70.2199
3145 70.2199
3146 70.2199
3147 70.2199
3148 70.2199
3149 70.2199
3150 70.2199
3151 70.2199
3152 70.2199
3153 70.2199
3154 70.2199
3155 70.2199
3156 70.2199
3157 70.2199
3158 70.2199
3159 70.2199
3160 70.2199
3161 70.2199
3162 70.2199
3163 70.2199
3164 70.2199
3165 70.2199
3166 70.2199
3167 70.2199
3168 70.2199
3169 70.2199
3170 70.2199
3171 70.2199
3172 70.2199
3173 70.2199
3174 70.2199
3175 70.2199
3176 70.2199
3177 70.2199
3178 70.2199
3179 70.2199
3180 70.2199
3181 70.2199
3182 70.2199
3183 70.2199
3184 70.2199
3185 70.2199
3186 70.2199
3187 70.2199
3188 70.2199
3189 70.2199
3190 70.2199
3191 70.2199
3192 70.2199
3193 70.2199
3194 70.2199
3195 70.2199
3196 70.2199
3197 70.2199
3198 70.2199
3199 70.2199
3200 70.2199
3201 70.2199
3202 70.2199
3203 70.2199
3204 70.2199
3205 70.2199
3206 70.2199
3207 70.2199
3208 70.2199
3209 70.2199
3210 70.2199
3211 70.2199
3212 70.2199
3213 70.2199
3214 70.2199
3215 70.2199
3216 70.2199
3217 70.2199
3218 70.2199
3219 70.2199
3220 70.2199
3221 70.2199
3222 70.2199
3223 70.2199
3224 70.2199
3225 70.2199
3226 70.2199
3227 70.2199
3228 70.2199
3229 70.2199
3230 70.2199
3231 70.2199
3232 70.2199
3233 70.2199
3234 70.2199
3235 70.2199
3236 70.2199
3237 70.2199
3238 70.2199
3239 70.2199
3240 70.2199
3241 70.2199
3242 70.2199
3243 70.2199
3244 70.2199
3245 70.2199
3246 70.2199
3247 70.2199
3248 70.2199
3249 70.2199
3250 70.2199
3251 70.2199
3252 70.2199
3253 70.2199
3254 70.2199
3255 70.2199
3256 70.2199
3257 70.2199
3258 70.2199
3259 70.2199
3260 70.2199
3261 70.2199
3262 70.2199
3263 70.2199
3264 70.2199
3265 70.2199
3266 70.2199
3267 70.2199
3268 70.2199
3269 70.2199
3270 70.2199
3271 70.2199
3272 70.2199
3273 70.2199
3274 70.2199
3275 70.2199
3276 70.2199
3277 70.2199
3278 70.2199
3279 70.2199
3280 70.2199
3281 70.2199
3282 70.2199
3283 70.2199
3284 70.2199
3285 70.2199
3286 70.2199
3287 70.2199
3288 70.2199
3289 70.2199
3290 70.2199
3291 70.2199
3292 70.2199
3293 70.2199
3294 70.2199
3295 70.2199
3296 70.2199
3297 70.2199
3298 70.2199
3299 70.2199
3300 70.2199
3301 70.2199
3302 70.2199
3303 70.2199
3304 70.2199
3305 70.2199
3306 70.2199
3307 70.2199
3308 70.2199
3309 70.2199
3310 70.2199
3311 70.2199
3312 70.2199
3313 70.2199
3314 70.2199
3315 70.2199
3316 70.2199
3317 70.2199
3318 70.2199
3319 70.2199
3320 70.2199
3321 70.2199
3322 70.2199
3323 70.2199
3324 70.2199
3325 70.2199
3326 70.2199
3327 70.2199
3328 70.2199
3329 70.2199
3330 70.2199
3331 70.2199
3332 70.2199
3333 70.2199
3334 70.2199
3335 70.2199
3336 70.2199
3337 70.2199
3338 70.2199
3339 70.2199
3340 70.2199
3341 70.2199
3342 70.2199
3343 70.2199
3344 70.2199
3345 70.2199
3346 70.2199
3347 70.2199
3348 70.2199
3349 70.2199
3350 70.2199
3351 70.2199
3352 70.2199
3353 70.2199
3354 70.2199
3355 70.2199
3356 70.2199
3357 70.2199
3358 70.2199
3359 70.2199
3360 70.2199
3361 70.2199
3362 70.2199
3363 70.2199
3364 70.2199
3365 70.2199
3366 70.2199
3367 70.2199
3368 70.2199
3369 70.2199
3370 70.2199
3371 70.2199
3372 70.2199
3373 70.2199
3374 70.2199
3375 70.2199
3376 70.2199
3377 70.2199
3378 70.2199
3379 70.2199
3380 70.2199
3381 70.2199
3382 70.2199
3383 70.2199
3384 70.2199
3385 70.2199
3386 70.2199
3387 70.2199
3388 70.2199
3389 70.2199
3390 70.2199
3391 70.2199
3392 70.2199
3393 70.2199
3394 70.2199
3395 70.2199
3396 70.2199
3397 70.2199
3398 70.2199
3399 70.2199
3400 70.2199
3401 70.2199
3402 70.2199
3403 70.2199
3404 70.2199
3405 70.2199
3406 70.2199
3407 70.2199
3408 70.2199
3409 70.2199
3410 70.2199
3411 70.2199
3412 70.2199
3413 70.2199
3414 70.2199
3415 70.2199
3416 70.2199
3417 70.2199
3418 70.2199
3419 70.2199
3420 70.2199
3421 70.2199
3422 70.2199
3423 70.2199
3424 70.2199
3425 70.2199
3426 70.2199
3427 70.2199
3428 70.2199
3429 70.2199
3430 70.2199
3431 70.2199
3432 70.2199
3433 70.2199
3434 70.2199
3435 70.2199
3436 70.2199
3437 70.2199
3438 70.2199
3439 70.2199
3440 70.2199
3441 70.2199
3442 70.2199
3443 70.2199
3444 70.2199
3445 70.2199
3446 70.2199
3447 70.2199
3448 70.2199
3449 70.2199
3450 70.2199
3451 70.2199
3452 70.2199
3453 70.2199
3454 70.2199
3455 70.2199
3456 70.2199
3457 70.2199
3458 70.2199
3459 70.2199
3460 70.2199
3461 70.2199
3462 70.2199
3463 70.2199
3464 70.2199
3465 70.2199
3466 70.2199
3467 70.2199
3468 70.2199
3469 70.2199
3470 70.2199
3471 70.2199
3472 70.2199
3473 70.2199
3474 70.2199
3475 70.2199
3476 70.2199
3477 70.2199
3478 70.2199
3479 70.2199
3480 70.2199
3481 70.2199
3482 70.2199
3483 70.2199
3484 70.2199
3485 70.2199
3486 70.2199
3487 70.2199
3488 70.2199
3489 70.2199
3490 70.2199
3491 70.2199
3492 70.2199
3493 70.2199
3494 70.2199
3495 70.2199
3496 70.2199
3497 70.2199
3498 70.2199
3499 70.2199
3500 70.2199
3501 70.2199
3502 70.2199
3503 70.2199
3504 70.2199
3505 70.2199
3506 70.2199
3507 70.2199
3508 70.2199
3509 70.2199
3510 70.2199
3511 70.2199
3512 70.2199
3513 70.2199
3514 70.2199
3515 70.2199
3516 70.2199
3517 70.2199
3518 70.2199
3519 70.2199
3520 70.2199
3521 70.2199
3522 70.2199
3523 70.2199
3524 70.2199
3525 70.2199
3526 70.2199
3527 70.2199
3528 70.2199
3529 70.2199
3530 70.2199
3531 70.2199
3532 70.2199
3533 70.2199
3534 70.2199
3535 70.2199
3536 70.2199
3537 70.2199
3538 70.2199
3539 70.2199
3540 70.2199
3541 70.2199
3542 70.2199
3543 70.2199
3544 70.2199
3545 70.2199
3546 70.2199
3547 70.2199
3548 70.2199
3549 70.2199
3550 70.2199
3551 70.2199
3552 70.2199
3553 70.2199
3554 70.2199
3555 70.2199
3556 70.2199
3557 70.2199
3558 70.2199
3559 70.2199
3560 70.2199
3561 70.2199
3562 70.2199
3563 70.2199
3564 70.2199
3565 70.2199
3566 70.2199
3567 70.2199
3568 70.2199
3569 70.2199
3570 70.2199
3571 70.2199
3572 70.2199
3573 70.2199
3574 70.2199
3575 70.2199
3576 70.2199
3577 70.2199
3578 70.2199
3579 70.2199
3580 70.2199
3581 70.2199
3582 70.2199
3583 70.2199
3584 70.2199
3585 70.2199
3586 70.2199
3587 70.2199
3588 70.2199
3589 70.2199
3590 70.2199
3591 70.2199
3592 70.2199
3593 70.2199
3594 70.2199
3595 70.2199
3596 70.2199
3597 70.2199
3598 70.2199
3599 70.2199
3600 70.2199
3601 70.2199
3602 70.2199
3603 70.2199
3604 70.2199
3605 70.2199
3606 70.2199
3607 70.2199
3608 70.2199
3609 70.2199
3610 70.2199
3611 70.2199
3612 70.2199
3613 70.2199
3614 70.2199
3615 70.2199
3616 70.2199
3617 70.2199
3618 70.2199
3619 70.2199
3620 70.2199
3621 70.2199
3622 70.2199
3623 70.2199
3624 70.2199
3625 70.2199
3626 70.2199
3627 70.2199
3628 70.2199
3629 70.2199
3630 70.2199
3631 70.2199
3632 70.2199
3633 70.2199
3634 70.2199
3635 70.2199
3636 70.2199
3637 70.2199
3638 70.2199
3639 70.2199
3640 70.2199
3641 70.2199
3642 70.2199
3643 70.2199
3644 70.2199
3645 70.2199
3646 70.2199
3647 70.2199
3648 70.2199
3649 70.2199
3650 70.2199
3651 70.2199
3652 70.2199
3653 70.2199
3654 70.2199
3655 70.2199
3656 70.2199
3657 70.2199
3658 70.2199
3659 70.2199
3660 70.2199
3661 70.2199
3662 70.2199
3663 70.2199
3664 70.2199
3665 70.2199
3666 70.2199
3667 70.2199
3668 70.2199
3669 70.2199
3670 70.2199
3671 70.2199
3672 70.2199
3673 70.2199
3674 70.2199
3675 70.2199
3676 70.2199
3677 70.2199
3678 70.2199
3679 70.2199
3680 70.2199
3681 70.2199
3682 70.2199
3683 70.2199
3684 70.2199
3685 70.2199
3686 70.2199
3687 70.2199
3688 70.2199
3689 70.2199
3690 70.2199
3691 70.2199
3692 70.2199
3693 70.2199
3694 70.2199
3695 70.2199
3696 70.2199
3697 70.2199
3698 70.2199
3699 70.2199
3700 70.2199
3701 70.2199
3702 70.2199
3703 70.2199
3704 70.2199
3705 70.2199
3706 70.2199
3707 70.2199
3708 70.2199
3709 70.2199
3710 70.2199
3711 70.2199
3712 70.2199
3713 70.2199
3714 70.2199
3715 70.2199
3716 70.2199
3717 70.2199
3718 70.2199
3719 70.2199
3720 70.2199
3721 69.6057
3722 69.6057
3723 69.6057
3724 69.6057
3725 68.7941
3726 69.463
3727 67.3581
3728 66.3896
3729 66.3896
3730 66.3896
3731 66.3896
3732 66.3896
3733 66.3896
3734 66.3896
3735 66.3896
3736 66.3896
3737 66.3896
3738 66.3896
3739 66.3896
3740 66.3896
3741 66.3896
3742 66.3896
3743 66.3896
3744 66.3896
3745 66.3896
3746 66.3896
3747 66.3896
3748 66.3896
3749 66.3896
3750 66.3896
3751 66.3896
3752 66.3896
3753 66.3896
3754 66.3896
3755 66.3896
3756 66.3896
3757 66.3896
3758 66.3896
3759 66.3896
3760 66.3896
3761 66.3896
3762 66.3896
3763 66.3896
3764 66.3896
3765 66.3896
3766 66.3896
3767 66.3896
3768 66.3896
3769 66.3896
3770 66.3896
3771 66.3896
3772 66.3896
3773 66.3896
3774 66.3896
3775 66.3896
3776 66.3896
3777 66.3896
3778 66.3896
3779 66.3896
3780 66.3896
3781 66.3896
3782 66.3896
3783 66.3896
3784 66.3896
3785 66.3896
3786 66.3896
3787 66.3896
3788 66.3896
3789 66.3896
3790 66.3896
3791 66.3896
3792 66.3896
3793 66.3896
3794 66.3896
3795 66.3896
3796 66.3896
3797 66.3896
3798 66.3896
3799 66.3896
3800 66.3896
3801 66.3896
3802 66.3896
3803 66.3896
3804 66.3896
3805 66.3896
3806 66.3896
3807 66.3896
3808 66.3896
3809 66.3896
3810 66.3896
3811 66.3896
3812 66.3896
3813 66.3896
3814 66.3896
3815 66.3896
3816 66.3896
3817 66.3896
3818 66.3896
3819 66.3896
3820 66.3896
3821 66.3896
3822 66.3896
3823 66.3896
3824 66.3896
3825 66.3896
3826 66.3896
3827 66.3896
3828 66.3896
3829 66.3896
3830 66.3896
3831 66.3896
3832 66.3896
3833 66.3896
3834 66.3896
3835 66.3896
3836 66.3896
3837 66.3896
3838 66.3896
3839 66.3896
3840 66.3896
3841 66.3896
3842 66.3896
3843 66.3896
3844 66.3896
3845 66.3896
3846 66.3896
3847 66.3896
3848 66.3896
3849 66.3896
3850 66.3896
3851 66.3896
3852 66.3896
3853 66.3896
3854 66.3896
3855 66.3896
3856 66.3896
3857 66.3896
3858 66.3896
3859 66.3896
3860 66.3896
3861 66.3896
3862 66.3896
3863 66.3896
3864 66.3896
3865 66.3896
3866 66.3896
3867 66.3896
3868 66.3896
3869 66.3896
3870 66.3896
3871 66.3896
3872 66.3896
3873 66.3896
3874 66.3896
3875 66.3896
3876 66.3896
3877 66.3896
3878 66.3896
3879 66.3896
3880 66.3896
3881 66.3896
3882 66.3896
3883 66.3896
3884 66.3896
3885 66.3896
3886 66.3896
3887 66.3896
3888 66.3896
3889 66.3896
3890 66.3896
3891 66.3896
3892 66.3896
3893 66.3896
3894 66.3896
3895 66.3896
3896 66.3896
3897 66.3896
3898 66.3896
3899 66.3896
3900 66.3896
3901 66.3896
3902 66.3896
3903 66.3896
3904 66.3896
3905 66.3896
3906 66.3896
3907 66.3896
3908 66.3896
3909 66.3896
3910 66.3896
3911 66.3896
3912 66.3896
3913 66.3896
3914 66.3896
3915 66.3896
3916 66.3896
3917 66.3896
3918 66.3896
3919 66.3896
3920 66.3896
3921 66.3896
3922 66.3896
3923 66.3896
3924 66.3896
3925 66.3896
3926 66.3896
3927 66.3896
3928 66.3896
3929 66.3896
3930 66.3896
3931 66.3896
3932 66.3896
3933 66.3896
3934 66.3896
3935 66.3896
3936 66.3896
3937 66.3896
3938 66.3896
3939 66.3896
3940 66.3896
3941 66.3896
3942 66.3896
3943 66.3896
3944 66.3896
3945 66.3896
3946 66.3896
3947 66.3896
3948 66.3896
3949 66.3896
3950 66.3896
3951 66.3896
3952 66.3896
3953 66.3896
3954 66.3896
3955 66.3896
3956 66.3896
3957 66.3896
3958 66.3896
3959 66.3896
3960 66.3896
3961 66.3896
3962 66.3896
3963 66.3896
3964 66.3896
3965 66.3896
3966 66.3896
3967 66.3896
3968 66.3896
3969 66.3896
3970 66.3896
3971 66.3896
3972 66.3896
3973 66.3896
3974 66.3896
3975 66.3896
3976 66.3896
3977 66.3896
3978 66.3896
3979 66.3896
3980 66.3896
3981 66.3896
3982 66.3896
3983 66.3896
3984 66.3896
3985 66.3896
3986 66.3896
3987 66.3896
3988 66.3896
3989 66.3896
3990 66.3896
3991 66.3896
3992 66.3896
3993 66.3896
3994 65.7257
3995 65.7257
3996 65.7257
3997 65.7257
3998 65.7257
3999 65.7257
4000 65.7257
4001 65.7257
4002 65.7257
4003 65.7257
4004 65.7257
4005 65.7257
4006 65.7257
4007 65.7257
4008 65.7257
4009 65.7257
4010 65.7257
4011 65.7257
4012 65.7257
4013 65.7257
4014 65.7257
4015 65.7257
4016 65.7257
4017 65.7257
4018 65.7257
4019 65.7257
4020 65.7257
4021 65.7257
4022 65.7257
4023 65.7257
4024 65.7257
4025 65.7257
4026 65.7257
4027 65.7257
4028 65.7257
4029 65.7257
4030 65.7257
4031 65.7257
4032 65.7257
4033 65.7257
4034 65.7257
4035 65.7257
4036 65.7257
4037 65.7257
4038 65.7257
4039 65.7257
4040 65.7257
4041 65.7257
4042 65.7257
4043 65.7257
4044 65.7257
4045 65.7257
4046 65.7257
4047 65.7257
4048 65.7257
4049 65.7257
4050 65.7257
4051 65.7257
4052 65.7257
4053 65.7257
4054 65.7257
4055 65.7257
4056 65.7257
4057 65.7257
4058 65.7257
4059 65.7257
4060 65.7257
4061 65.7257
4062 65.7257
4063 65.7257
4064 65.7257
4065 65.7257
4066 65.7257
4067 65.7257
4068 65.7257
4069 65.7257
4070 65.7257
4071 65.7257
4072 65.7257
4073 65.7257
4074 65.7257
4075 65.7257
4076 65.7257
4077 65.7257
4078 65.7257
4079 65.7257
4080 65.7257
4081 65.7257
4082 65.7257
4083 65.7257
4084 65.7257
4085 65.7257
4086 65.7257
4087 65.7257
4088 65.7257
4089 65.7257
4090 65.7257
4091 65.7257
4092 65.7257
4093 65.7257
4094 65.7257
4095 65.7257
4096 65.7257
4097 65.7257
4098 65.7257
4099 65.7257
4100 65.7257
4101 65.7257
4102 65.7257
4103 65.7257
4104 65.7257
4105 65.7257
4106 65.7257
4107 65.7257
4108 65.7257
4109 65.7257
4110 65.7257
4111 65.7257
4112 65.7257
4113 65.7257
4114 65.7257
4115 65.7257
4116 65.7257
4117 65.7257
4118 65.7257
4119 65.7257
4120 65.7257
4121 65.7257
4122 65.7257
4123 65.7257
4124 65.7257
4125 65.7257
4126 65.7257
4127 65.7257
4128 65.7257
4129 65.7257
4130 65.7257
4131 65.7257
4132 65.7257
4133 65.7257
4134 65.7257
4135 65.7257
4136 65.7257
4137 65.7257
4138 65.7257
4139 65.7257
4140 65.7257
4141 65.7257
4142 65.7257
4143 65.7257
4144 65.7257
4145 65.7257
4146 65.7257
4147 65.7257
4148 65.7257
4149 65.7257
4150 65.7257
4151 65.7257
4152 65.7257
4153 65.7257
4154 65.7257
4155 65.7257
4156 65.7257
4157 65.7257
4158 65.7257
4159 65.7257
4160 65.7257
4161 65.7257
4162 65.7257
4163 65.7257
4164 65.7257
4165 65.7257
4166 65.7257
4167 65.7257
4168 65.7257
4169 65.7257
4170 65.7257
4171 65.7257
4172 65.7257
4173 65.7257
4174 65.7257
4175 65.7257
4176 65.7257
4177 65.7257
4178 65.7257
4179 65.7257
4180 65.7257
4181 65.7257
4182 65.7257
4183 65.7257
4184 65.7257
4185 65.7257
4186 65.7257
4187 65.7257
4188 65.7257
4189 65.7257
4190 65.7257
4191 65.7257
4192 65.7257
4193 65.7257
4194 65.7257
4195 65.7257
4196 65.7257
4197 65.7257
4198 65.7257
4199 65.7257
4200 65.7257
4201 65.7257
4202 65.7257
4203 65.7257
4204 65.7257
4205 65.7257
4206 65.7257
4207 65.7257
4208 65.7257
4209 65.7257
4210 65.7257
4211 65.7257
4212 65.7257
4213 65.7257
4214 65.7257
4215 65.7257
4216 65.7257
4217 65.7257
4218 65.7257
4219 65.7257
4220 65.7257
4221 65.7257
4222 65.7257
4223 65.7257
4224 65.7257
4225 65.7257
4226 65.7257
4227 65.7257
4228 65.7257
4229 65.7257
4230 65.7257
4231 65.7257
4232 65.7257
4233 65.7257
4234 65.7257
4235 65.7257
4236 65.7257
4237 65.7257
4238 65.7257
4239 65.7257
4240 65.7257
4241 65.7257
4242 65.7257
4243 65.7257
4244 65.7257
4245 65.7257
4246 65.7257
4247 65.7257
4248 65.7257
4249 65.7257
4250 65.7257
4251 65.7257
4252 65.7257
4253 65.7257
4254 65.7257
4255 65.7257
4256 65.7257
4257 65.7257
4258 65.7257
4259 65.7257
4260 65.7257
4261 65.7257
4262 65.7257
4263 65.7257
4264 65.7257
4265 65.7257
4266 65.7257
4267 65.7257
4268 65.7257
4269 65.7257
4270 65.7257
4271 65.7257
4272 65.7257
4273 65.7257
4274 65.7257
4275 65.7257
4276 65.7257
4277 65.7257
4278 65.7257
4279 65.7257
4280 65.7257
4281 65.7257
4282 65.7257
4283 65.7257
4284 65.7257
4285 65.7257
4286 65.5021
4287 65.5021
4288 65.5021
4289 65.5021
4290 65.5021
4291 65.5021
4292 65.5021
4293 65.5021
4294 65.5021
4295 65.5021
4296 65.5021
4297 65.5021
4298 65.5021
4299 65.5021
4300 65.5021
4301 65.5021
4302 65.5021
4303 65.5021
4304 65.5021
4305 65.5021
4306 65.5021
4307 65.5021
4308 65.5021
4309 65.5021
4310 65.5021
4311 65.5021
4312 65.5021
4313 65.5021
4314 65.5021
4315 65.5021
4316 65.5021
4317 65.5021
4318 65.5021
4319 65.5021
4320 65.5021
4321 65.5021
4322 65.5021
4323 65.5021
4324 65.5021
4325 65.5021
4326 65.5021
4327 65.5021
4328 65.5021
4329 65.5021
4330 65.5021
4331 65.5021
4332 65.5021
4333 65.5021
4334 65.5021
4335 65.5021
4336 65.5021
4337 65.5021
4338 65.5021
4339 65.5021
4340 65.5021
4341 65.5021
4342 65.5021
4343 65.5021
4344 65.5021
4345 65.5021
4346 65.5021
4347 65.5021
4348 65.5021
4349 65.5021
4350 65.5021
4351 65.5021
4352 65.5021
4353 65.5021
4354 65.5021
4355 65.5021
4356 65.5021
4357 65.5021
4358 65.5021
4359 65.5021
4360 65.5021
4361 65.5021
4362 65.5021
4363 65.5021
4364 65.5021
4365 65.5021
4366 65.5021
4367 65.5021
4368 65.5021
4369 65.5021
4370 65.5021
4371 65.5021
4372 65.5021
4373 65.5021
4374 65.5021
4375 65.5021
4376 65.5021
4377 65.5021
4378 65.5021
4379 65.5021
4380 65.5021
4381 65.5021
4382 65.5021
4383 65.5021
4384 65.5021
4385 65.5021
4386 65.5021
4387 65.5021
4388 65.5021
4389 65.5021
4390 65.5021
4391 65.5021
4392 65.5021
4393 65.5021
4394 65.5021
4395 65.5021
4396 65.5021
4397 65.5021
4398 65.5021
4399 65.5021
4400 65.5021
4401 65.5021
4402 65.5021
4403 65.5021
4404 65.5021
4405 65.5021
4406 65.5021
4407 65.5021
4408 65.5021
4409 65.5021
4410 65.5021
4411 65.5021
4412 65.5021
4413 65.5021
4414 65.5021
4415 65.5021
4416 65.5021
4417 65.5021
4418 65.5021
4419 65.5021
4420 65.5021
4421 65.5021
4422 65.5021
4423 65.5021
4424 65.5021
4425 65.5021
4426 65.5021
4427 65.5021
4428 65.5021
4429 65.5021
4430 65.5021
4431 65.5021
4432 65.5021
4433 65.5021
4434 65.5021
4435 65.5021
4436 65.5021
4437 65.5021
4438 65.5021
4439 65.5021
4440 65.5021
4441 65.5021
4442 65.5021
4443 65.5021
4444 65.5021
4445 65.5021
4446 65.5021
4447 65.5021
4448 65.5021
4449 65.5021
4450 65.5021
4451 65.5021
4452 65.5021
4453 65.5021
4454 65.5021
4455 65.5021
4456 65.5021
4457 65.5021
4458 65.5021
4459 65.5021
4460 65.5021
4461 65.5021
4462 65.5021
4463 65.5021
4464 65.5021
4465 65.5021
4466 65.5021
4467 65.5021
4468 65.5021
4469 65.5021
4470 65.5021
4471 65.5021
4472 65.4812
4473 65.4812
4474 65.4812
4475 65.4812
4476 65.4812
4477 65.4812
4478 65.4812
4479 65.4812
4480 65.4812
4481 65.4812
4482 65.4812
4483 65.4812
4484 65.4812
4485 65.4812
4486 65.4812
4487 65.4812
4488 65.4812
4489 65.4812
4490 65.4812
4491 65.4812
4492 65.4812
4493 65.4812
4494 65.4812
4495 65.4812
4496 65.4812
4497 65.4812
4498 65.4812
4499 65.4812
4500 65.4812
4501 65.4812
4502 65.4812
4503 65.4812
4504 65.4812
4505 65.4812
4506 65.4812
4507 65.4812
4508 65.4812
4509 65.4812
4510 65.4812
4511 65.4812
4512 65.4812
4513 65.4812
4514 65.4812
4515 65.4812
4516 65.4812
4517 65.4812
4518 65.4812
4519 65.4812
4520 65.4812
4521 65.4812
4522 65.4812
4523 65.4812
4524 65.4812
4525 65.4812
4526 65.4812
4527 65.4812
4528 65.4812
4529 65.4812
4530 65.4812
4531 65.4812
4532 65.4812
4533 65.4812
4534 65.4812
4535 65.4812
4536 65.4812
4537 65.4812
4538 65.4812
4539 65.4812
4540 65.4812
4541 65.4812
4542 65.4812
4543 65.4812
4544 65.4812
4545 65.4812
4546 65.4812
4547 65.4812
4548 65.4812
4549 65.4812
4550 65.4812
4551 65.4812
4552 65.4812
4553 65.4812
4554 65.4812
4555 65.4812
4556 65.4812
4557 65.4812
4558 65.4812
4559 65.4812
4560 65.4812
4561 65.4812
4562 65.4812
4563 65.4812
4564 65.4812
4565 65.4812
4566 65.4812
4567 65.4812
4568 65.4812
4569 65.4812
4570 65.4812
4571 65.4812
4572 65.4812
4573 65.4812
4574 65.4812
4575 65.4812
4576 65.4812
4577 65.4812
4578 65.4812
4579 65.4812
4580 65.4812
4581 65.4812
4582 65.4812
4583 65.4812
4584 65.4812
4585 65.4812
4586 65.4812
4587 65.4812
4588 65.4812
4589 65.4812
4590 65.4812
4591 65.4812
4592 65.4812
4593 65.4812
4594 65.4812
4595 65.4812
4596 65.4812
4597 65.4812
4598 65.4812
4599 65.4812
4600 65.4812
4601 65.4812
4602 65.4812
4603 65.4812
4604 65.4812
4605 65.4812
4606 65.4812
4607 65.4812
4608 65.4812
4609 65.4812
4610 65.4812
4611 65.4812
4612 65.4812
4613 65.4812
4614 65.4812
4615 65.4812
4616 65.4812
4617 65.4812
4618 65.4812
4619 65.4812
4620 65.4812
4621 65.4812
4622 65.4812
4623 65.4812
4624 65.4812
4625 65.4812
4626 65.4812
4627 65.4812
4628 65.4812
4629 65.4812
4630 65.4812
4631 65.4812
4632 65.4812
4633 65.4812
4634 65.4812
4635 65.4812
4636 65.4812
4637 65.4812
4638 65.4812
4639 65.4812
4640 65.4812
4641 65.4812
4642 65.4812
4643 65.4812
4644 65.4812
4645 65.4812
4646 65.4812
4647 65.4812
4648 65.4812
4649 65.4812
4650 65.4812
4651 65.4812
4652 65.4812
4653 65.4812
4654 65.4812
4655 65.4812
4656 65.4812
4657 65.4812
4658 65.4812
4659 65.4812
4660 65.4812
4661 65.4812
4662 65.4812
4663 65.4812
4664 65.4812
4665 65.4812
4666 65.4812
4667 65.4812
4668 65.4812
4669 65.4812
4670 65.4812
4671 65.4812
4672 65.4812
4673 65.4812
4674 65.4812
4675 65.4812
4676 65.4812
4677 65.4812
4678 65.4812
4679 65.4812
4680 65.4812
4681 65.4812
4682 65.4812
4683 65.4812
4684 65.4812
4685 65.4812
4686 65.4812
4687 65.4812
4688 65.4812
4689 65.4812
4690 65.4812
4691 65.4812
4692 65.4812
4693 65.4812
4694 65.4812
4695 65.4812
4696 65.4812
4697 65.4812
4698 65.4812
4699 65.4812
4700 65.4812
4701 65.4812
4702 65.4812
4703 65.4812
4704 65.4812
4705 65.4812
4706 65.4812
4707 65.4812
4708 65.4812
4709 65.4812
4710 65.4812
4711 65.4812
4712 65.4812
4713 65.4812
4714 65.4812
4715 65.4812
4716 65.4812
4717 65.4812
4718 65.4812
4719 65.4812
4720 65.4812
4721 65.4812
4722 65.4812
4723 65.4812
4724 65.4812
4725 65.4812
4726 65.4812
4727 65.4812
4728 65.4812
4729 65.4812
4730 65.4812
4731 65.4812
4732 65.4812
4733 65.4812
4734 65.4812
4735 65.4812
4736 65.4812
4737 65.4812
4738 65.4812
4739 65.4812
4740 65.4812
4741 65.4812
4742 65.4812
4743 65.4812
4744 65.4812
4745 65.4812
4746 65.4812
4747 65.4812
4748 65.4812
4749 65.4812
4750 65.4812
4751 65.4812
4752 65.4812
4753 65.4812
4754 65.4812
4755 65.4812
4756 65.4812
4757 65.4812
4758 65.4812
4759 65.4812
4760 65.4812
4761 65.4812
4762 65.4812
4763 65.4812
4764 65.4812
4765 65.4812
4766 65.4812
4767 65.4812
4768 65.4812
4769 65.4812
4770 65.4812
4771 65.4812
4772 65.4812
4773 65.4812
4774 65.4812
4775 65.4812
4776 65.4812
4777 65.4812
4778 65.4812
4779 65.4812
4780 65.4812
4781 65.4812
4782 65.4812
4783 65.4812
4784 65.4812
4785 65.4812
4786 65.4812
4787 65.4812
4788 65.4812
4789 65.4812
4790 65.4812
4791 65.4812
4792 65.4812
4793 65.4812
4794 65.4812
4795 65.4812
4796 65.4812
4797 65.4812
4798 65.4812
4799 65.4812
4800 65.4812
4801 65.4812
4802 65.4812
4803 65.4812
4804 65.4812
4805 65.4812
4806 65.4812
4807 65.4812
4808 65.4812
4809 65.4812
4810 65.4812
4811 65.4812
4812 65.4812
4813 65.4812
4814 65.4812
4815 65.4812
4816 65.4812
4817 65.4812
4818 65.4812
4819 65.4812
4820 65.4812
4821 65.4812
4822 65.4812
4823 65.4812
4824 65.4812
4825 65.4812
4826 65.4812
4827 65.4812
4828 65.4812
4829 65.4812
4830 65.4812
4831 65.4812
4832 65.4812
4833 65.4812
4834 65.4812
4835 65.4812
4836 65.4812
4837 65.4812
4838 65.4812
4839 65.4812
4840 65.4812
4841 65.4812
4842 65.4812
4843 65.4812
4844 65.4812
4845 65.4812
4846 65.4812
4847 65.4812
4848 65.4812
4849 65.4812
4850 65.4812
4851 65.4812
4852 65.4812
4853 65.4812
4854 65.4812
4855 65.4812
4856 65.4812
4857 65.4812
4858 65.4812
4859 65.4812
4860 65.4812
4861 65.4812
4862 65.4812
4863 65.4812
4864 65.4812
4865 65.4812
4866 65.4812
4867 65.4812
4868 65.4812
4869 65.4812
4870 65.4812
4871 65.4812
4872 65.4812
4873 65.4812
4874 65.4812
4875 65.4812
4876 65.4812
4877 65.4812
4878 65.4812
4879 65.4812
4880 65.4812
4881 65.4812
4882 65.4812
4883 65.4812
4884 65.4812
4885 65.4812
4886 65.4812
4887 65.4812
4888 65.4812
4889 65.4812
4890 65.4812
4891 65.4812
4892 65.4812
4893 65.4812
4894 65.4812
4895 65.4812
4896 65.4812
4897 65.4812
4898 65.4812
4899 65.4812
4900 65.4812
4901 65.4812
4902 65.4812
4903 65.4812
4904 65.4812
4905 65.4812
4906 65.4812
4907 65.4812
4908 65.4812
4909 65.4812
4910 65.4812
4911 65.4812
4912 65.4812
4913 65.4812
4914 65.4812
4915 65.4812
4916 65.4812
4917 65.4812
4918 65.4812
4919 65.4812
4920 65.4812
4921 65.4812
4922 65.4812
4923 65.4812
4924 65.4812
4925 65.4812
4926 65.4812
4927 65.4812
4928 65.4812
4929 65.4812
4930 65.4812
4931 65.4812
4932 65.4812
4933 65.4812
4934 65.4812
4935 65.4812
4936 65.4812
4937 65.4812
4938 65.4812
4939 65.4812
4940 65.4812
4941 65.4812
4942 65.4812
4943 65.4812
4944 65.4812
4945 65.4812
4946 65.4812
4947 65.4812
4948 65.4812
4949 65.4812
4950 65.4812
4951 65.4812
4952 65.4812
4953 65.4812
4954 65.4812
4955 65.4812
4956 65.4812
4957 65.4812
4958 65.4812
4959 65.4812
4960 65.4812
4961 65.4812
4962 65.4812
4963 65.4812
4964 65.4812
4965 65.4812
4966 65.4812
4967 65.4812
4968 65.4812
4969 65.4812
4970 65.4812
4971 65.4812
4972 65.4812
4973 65.4812
4974 65.4812
4975 65.4812
4976 65.4812
4977 65.4812
4978 65.4812
4979 65.4812
4980 65.4812
4981 65.4812
4982 65.4812
4983 65.4812
4984 65.4812
4985 65.4812
4986 65.4812
4987 65.4812
4988 65.4812
4989 65.4812
4990 65.4812
4991 65.4812
4992 65.4812
4993 65.4812
4994 65.4812
4995 65.4812
4996 65.4812
4997 65.4812
4998 65.4812
4999 65.4812
5000 65.4812
5001 65.4812
5002 65.4812
5003 65.4812
5004 65.4812
5005 65.4812
5006 65.4812
5007 65.4812
5008 65.4812
5009 65.4812
5010 65.4812
5011 65.4812
5012 65.4812
5013 65.4812
5014 65.4812
5015 65.4812
5016 65.4812
5017 65.4812
5018 65.4812
5019 65.4812
5020 65.4812
5021 65.4812
5022 65.4812
5023 65.4812
5024 65.4812
5025 65.4812
5026 65.4812
5027 65.4812
5028 65.4812
5029 65.4812
5030 65.4812
5031 65.4812
5032 65.4812
5033 65.4812
5034 65.4812
5035 65.4812
5036 65.4812
5037 65.4812
5038 65.4812
5039 65.4812
5040 65.4812
5041 65.4812
5042 65.4812
5043 65.4812
5044 65.4812
5045 65.4812
5046 65.4812
5047 65.4812
5048 65.4812
5049 65.4812
5050 65.4812
5051 65.4812
5052 65.4812
5053 65.4812
5054 65.4812
5055 65.3189
5056 65.3189
5057 65.3189
5058 65.3189
5059 65.3189
5060 65.3189
5061 65.3189
5062 65.3189
5063 65.3189
5064 65.3189
5065 65.3189
5066 65.3189
5067 65.3189
5068 65.3189
5069 65.3189
5070 65.3189
5071 65.3189
5072 65.3189
5073 65.3189
5074 65.3189
5075 65.3189
5076 65.3189
5077 65.3189
5078 65.3189
5079 65.3189
5080 65.3189
5081 65.3189
5082 65.3189
5083 65.3189
5084 65.3189
5085 65.3189
5086 65.3189
5087 65.3189
5088 65.3189
5089 65.3189
5090 65.3189
5091 65.3189
5092 65.3189
5093 65.3189
5094 65.3189
5095 65.3189
5096 65.3189
5097 65.3189
5098 65.3189
5099 65.3189
5100 65.3189
5101 65.3189
5102 65.3189
5103 65.3189
5104 65.3189
5105 65.3189
5106 65.3189
5107 65.3189
5108 65.3189
5109 65.3189
5110 65.3189
5111 65.3189
5112 65.3189
5113 65.3189
5114 65.3189
5115 65.3189
5116 65.3189
5117 65.3189
5118 65.3189
5119 65.3189
5120 65.3189
5121 65.3189
5122 65.3189
5123 65.3189
5124 65.3189
5125 65.3189
5126 65.3189
5127 65.3189
5128 65.3189
5129 65.3189
5130 65.3189
5131 65.3189
5132 65.3189
5133 65.3189
5134 65.3189
5135 65.3189
5136 65.3189
5137 65.3189
5138 65.3189
5139 65.3189
5140 65.3189
5141 65.3189
5142 65.3189
5143 65.3189
5144 65.3189
5145 65.3189
5146 65.3189
5147 65.3189
5148 65.3189
5149 65.3189
5150 65.3189
5151 65.3189
5152 65.3189
5153 65.3189
5154 65.3189
5155 65.3189
5156 65.3189
5157 65.3189
5158 65.3189
5159 65.3189
5160 65.3189
5161 65.3189
5162 65.3189
5163 65.3189
5164 65.3189
5165 65.3189
5166 65.3189
5167 65.3189
5168 65.3189
5169 65.3189
5170 65.3189
5171 65.3189
5172 65.3189
5173 65.3189
5174 65.3189
5175 65.3189
5176 65.3189
5177 65.3189
5178 65.3189
5179 65.3189
5180 65.3189
5181 65.3189
5182 65.3189
5183 65.3189
5184 65.3189
5185 65.3189
5186 65.3189
5187 65.3189
5188 65.3189
5189 65.3189
5190 65.3189
5191 65.3189
5192 65.3189
5193 65.3189
5194 65.3189
5195 65.3189
5196 65.3189
5197 65.3189
5198 65.3189
5199 65.3189
5200 65.3189
5201 65.3189
5202 65.3189
5203 65.3189
5204 65.3189
5205 65.3189
5206 65.3189
5207 65.3189
5208 65.3189
5209 65.3189
5210 65.3189
5211 65.3189
5212 65.3189
5213 65.3189
5214 65.3189
5215 65.3189
5216 65.3189
5217 65.3189
5218 65.3189
5219 65.3189
5220 65.3189
5221 65.3189
5222 65.3189
5223 65.3189
5224 65.3189
5225 65.3189
5226 65.3189
5227 65.3189
5228 65.3189
5229 65.3189
5230 65.3189
5231 65.3189
5232 65.3189
5233 65.3189
5234 65.3189
5235 65.3189
5236 65.3189
5237 65.3189
5238 65.3189
5239 65.3189
5240 65.3189
5241 65.3189
5242 65.3189
5243 65.3189
5244 65.3189
5245 65.3189
5246 65.3189
5247 65.3189
5248 65.3189
5249 65.3189
5250 65.3189
5251 65.3189
5252 65.3189
5253 65.3189
5254 65.3189
5255 65.3189
5256 65.3189
5257 65.3189
5258 65.3189
5259 65.3189
5260 65.3189
5261 65.3189
5262 65.3189
5263 65.3189
5264 65.3189
5265 65.3189
5266 65.3189
5267 65.3189
5268 65.3189
5269 65.3189
5270 65.3189
5271 65.3189
5272 65.3189
5273 65.3189
5274 65.3189
5275 65.3189
5276 65.3189
5277 65.3189
5278 65.3189
5279 65.3189
5280 65.3189
5281 65.3189
5282 65.3189
5283 65.3189
5284 65.3189
5285 65.3189
5286 65.3189
5287 65.3189
5288 65.3189
5289 65.3189
5290 65.3189
5291 65.3189
5292 65.3189
5293 65.3189
5294 65.3189
5295 65.3189
5296 65.3189
5297 65.3189
5298 65.3189
5299 65.3189
5300 65.3189
5301 65.3189
5302 65.3189
5303 65.3189
5304 65.3189
5305 65.3189
5306 65.3189
5307 65.3189
5308 65.3189
5309 65.3189
5310 65.3189
5311 65.3189
5312 65.3189
5313 65.3189
5314 65.3189
5315 65.3189
5316 65.3189
5317 65.3189
5318 65.3189
5319 65.3189
5320 65.3189
5321 65.3189
5322 65.3189
5323 65.3189
5324 65.3189
5325 65.3189
5326 65.3189
5327 65.3189
5328 65.3189
5329 65.3189
5330 65.3189
5331 65.3189
5332 65.3189
5333 65.3189
5334 65.3189
5335 65.3189
5336 65.3189
5337 65.3189
5338 65.3189
5339 65.3189
5340 65.3189
5341 65.3189
5342 65.3189
5343 65.3189
5344 65.3189
5345 65.3189
5346 65.3189
5347 65.3189
5348 65.3189
5349 65.3189
5350 65.3189
5351 65.3189
5352 65.3189
5353 65.3189
5354 65.3189
5355 65.3189
5356 65.3189
5357 65.3189
5358 65.3189
5359 65.3189
5360 65.3189
5361 65.3189
5362 65.3189
5363 65.3189
5364 65.3189
5365 65.3189
5366 65.3189
5367 65.3189
5368 65.3189
5369 65.3189
5370 65.3189
5371 65.3189
5372 65.3189
5373 65.3189
5374 65.3189
5375 65.3189
5376 65.3189
5377 65.3189
5378 65.3189
5379 65.3189
5380 65.3189
5381 65.3189
5382 65.3189
5383 65.3189
5384 65.3189
5385 65.3189
5386 65.3189
5387 65.3189
5388 65.3189
5389 65.3189
5390 65.3189
5391 65.3189
5392 65.3189
5393 65.3189
5394 65.3189
5395 65.3189
5396 65.3189
5397 65.3189
5398 65.3189
5399 65.3189
5400 65.3189
5401 65.3189
5402 65.3189
5403 65.3189
5404 65.3189
5405 65.3189
5406 65.3189
5407 65.3189
5408 65.3189
5409 65.3189
5410 65.3189
5411 65.3189
5412 65.3189
5413 65.3189
5414 65.3189
5415 65.3189
5416 65.3189
5417 65.3189
5418 65.3189
5419 65.3189
5420 65.3189
5421 65.3189
5422 65.3189
5423 65.3189
5424 65.3189
5425 65.3189
5426 65.3189
5427 65.3189
5428 65.3189
5429 65.3189
5430 65.3189
5431 65.3189
5432 65.3189
5433 65.3189
5434 65.3189
5435 65.3189
5436 65.3189
5437 65.3189
5438 65.3189
5439 65.3189
5440 65.3189
5441 65.3189
5442 65.3189
5443 65.3189
5444 65.3189
5445 65.3189
5446 65.3189
5447 65.3189
5448 65.3189
5449 65.3189
5450 65.3189
5451 65.3189
5452 65.3189
5453 65.3189
5454 65.3189
5455 65.3189
5456 65.3189
5457 65.3189
5458 65.3189
5459 65.3189
5460 65.3189
5461 65.3189
5462 65.3189
5463 65.3189
5464 65.3189
5465 65.3189
5466 65.3189
5467 65.3189
5468 65.3189
5469 65.3189
5470 65.3189
5471 65.3189
5472 65.3189
5473 65.3189
5474 65.3189
5475 65.3189
5476 65.3189
5477 65.3189
5478 65.3189
5479 65.3189
5480 65.3189
5481 65.3189
5482 65.3189
5483 65.3189
5484 65.3189
5485 65.3189
5486 65.3189
5487 65.3189
5488 65.3189
5489 65.3189
5490 65.3189
5491 65.3189
5492 65.3189
5493 65.3189
5494 65.3189
5495 65.3189
5496 65.3189
5497 65.3189
5498 65.3189
5499 65.3189
5500 65.3189
5501 65.3189
5502 65.3189
5503 65.3189
5504 65.3189
5505 65.3189
5506 65.3189
5507 65.3189
5508 65.3189
5509 65.3189
5510 65.3189
5511 65.3189
5512 65.3189
5513 65.3189
5514 65.3189
5515 65.3189
5516 65.3189
5517 65.3189
5518 65.3189
5519 65.3189
5520 65.3189
5521 65.3189
5522 65.3189
5523 65.3189
5524 65.3189
5525 65.3189
5526 65.3189
5527 65.3189
5528 65.3189
5529 65.3189
5530 65.3189
5531 65.3189
5532 65.3189
5533 65.3189
5534 65.3189
5535 65.3189
5536 65.3189
5537 65.3189
5538 65.3189
5539 65.3189
5540 65.3189
5541 65.3189
5542 65.3189
5543 65.3189
5544 65.3189
5545 65.3189
5546 65.3189
5547 65.3189
5548 65.3189
5549 65.3189
5550 65.3189
5551 65.3189
5552 65.3189
5553 65.3189
5554 65.3189
5555 65.3189
5556 65.3189
5557 65.3189
5558 65.3189
5559 65.3189
5560 65.3189
5561 65.3189
5562 65.3189
5563 65.3189
5564 65.3189
5565 65.3189
5566 65.3189
5567 65.3189
5568 65.3189
5569 65.3189
5570 65.3189
5571 65.3189
5572 65.3189
5573 65.3189
5574 65.3189
5575 65.3189
5576 65.3189
5577 65.3189
5578 65.3189
5579 65.3189
5580 65.3189
5581 65.3189
5582 65.3189
5583 65.3189
5584 65.3189
5585 65.3189
5586 65.3189
5587 65.3189
5588 65.3189
5589 65.3189
5590 65.3189
5591 65.3189
5592 65.3189
5593 65.3189
5594 65.3189
5595 65.3189
5596 65.3189
5597 65.3189
5598 65.3189
5599 65.3189
5600 65.3189
5601 65.3189
5602 65.3189
5603 65.3189
5604 65.3189
5605 65.3189
5606 65.3189
5607 65.3189
5608 65.3189
5609 65.3189
5610 65.3189
5611 65.3189
5612 65.3189
5613 65.3189
5614 65.3189
5615 65.3189
5616 65.3189
5617 65.3189
5618 65.3189
5619 65.3189
5620 65.3189
5621 65.3189
5622 65.3189
5623 65.3189
5624 65.3189
5625 65.3189
5626 65.3189
5627 65.3189
5628 65.3189
5629 65.3189
5630 65.3189
5631 65.3189
5632 65.3189
5633 65.3189
5634 65.3189
5635 65.3189
5636 65.3189
5637 65.3189
5638 65.3189
5639 65.3189
5640 65.3189
5641 65.3189
5642 65.3189
5643 65.3189
5644 65.3189
5645 65.3189
5646 65.3189
5647 65.3189
5648 65.3189
5649 65.3189
5650 65.3189
5651 65.3189
5652 65.3189
5653 65.3189
5654 65.3189
5655 65.3189
5656 65.3189
5657 65.3189
5658 65.3189
5659 65.3189
5660 65.3189
5661 65.3189
5662 65.3189
5663 65.3189
5664 65.3189
5665 65.3189
5666 65.3189
5667 65.3189
5668 65.3189
5669 65.3189
5670 65.3189
5671 65.3189
5672 65.3189
5673 65.3189
5674 65.3189
5675 65.3189
5676 65.3189
5677 65.3189
5678 65.3189
5679 65.3189
5680 65.3189
5681 65.3189
5682 65.3189
5683 65.3189
5684 65.3189
5685 65.3189
5686 65.3189
5687 65.3189
5688 65.3189
5689 65.3189
5690 65.3189
5691 65.3189
5692 65.3189
5693 65.3189
5694 65.3189
5695 65.3189
5696 65.3189
5697 65.3189
5698 65.3189
5699 65.3189
5700 65.3189
5701 65.3189
5702 65.3189
5703 65.3189
5704 65.3189
5705 65.3189
5706 65.3189
5707 65.3189
5708 65.3189
5709 65.3189
5710 65.3189
5711 65.3189
5712 65.3189
5713 65.3189
5714 65.3189
5715 65.3189
5716 65.3189
5717 65.3189
5718 65.3189
5719 65.3189
5720 65.3189
5721 65.3189
5722 65.3189
5723 65.3189
5724 65.3189
5725 65.3189
5726 65.3189
5727 65.3189
5728 65.3189
5729 65.3189
5730 65.3189
5731 65.3189
5732 65.3189
5733 65.3189
5734 65.3189
5735 65.3189
5736 65.3189
5737 65.3189
5738 65.3189
5739 65.3189
5740 65.3189
5741 65.3189
5742 65.3189
5743 65.3189
5744 65.3189
5745 65.3189
5746 65.3189
5747 65.3189
5748 65.3189
5749 65.3189
5750 65.3189
5751 65.3189
5752 65.3189
5753 65.3189
5754 65.3189
5755 65.3189
5756 65.3189
5757 65.3189
5758 65.3189
5759 65.3189
5760 65.3189
5761 65.3189
5762 65.3189
5763 65.3189
5764 65.3189
5765 65.3189
5766 65.3189
5767 65.3189
5768 65.3189
5769 65.3189
5770 65.3189
5771 65.3189
5772 65.3189
5773 65.3189
5774 65.3189
5775 65.3189
5776 65.3189
5777 65.3189
5778 65.3189
5779 65.3189
5780 65.3189
5781 65.3189
5782 65.3189
5783 65.3189
5784 65.3189
5785 65.3189
5786 65.3189
5787 65.3189
5788 65.3189
5789 65.3189
5790 65.3189
5791 65.3189
5792 65.3189
5793 65.3189
5794 65.3189
5795 65.3189
5796 65.3189
5797 65.3189
5798 65.3189
5799 65.3189
5800 65.3189
5801 65.3189
5802 65.3189
5803 65.3189
5804 65.3189
5805 65.3189
5806 65.3189
5807 65.3189
5808 65.3189
5809 65.3189
5810 65.3189
5811 65.3189
5812 65.3189
5813 65.3189
5814 65.3189
5815 65.3189
5816 65.3189
5817 65.3189
5818 65.3189
5819 65.3189
5820 65.3189
5821 65.3189
5822 65.3189
5823 65.3189
5824 65.3189
5825 65.3189
5826 65.3189
5827 65.3189
5828 65.3189
5829 65.3189
5830 65.3189
5831 65.3189
5832 65.3189
5833 65.3189
5834 65.3189
5835 65.3189
5836 65.3189
5837 65.3189
5838 65.3189
5839 65.3189
5840 65.3189
5841 65.3189
5842 65.3189
5843 65.3189
5844 65.3189
5845 65.3189
5846 65.3189
5847 65.3189
5848 65.3189
5849 65.3189
5850 65.3189
5851 65.3189
5852 65.3189
5853 65.3189
5854 65.3189
5855 65.3189
5856 65.3189
5857 65.3189
5858 65.3189
5859 65.3189
5860 65.3189
5861 65.3189
5862 65.3189
5863 65.3189
5864 65.3189
5865 65.3189
5866 65.3189
5867 65.3189
5868 65.3189
5869 65.3189
5870 65.3189
5871 65.3189
5872 65.3189
5873 65.3189
5874 65.3189
5875 65.3189
5876 65.3189
5877 65.3189
5878 65.3189
5879 65.3189
5880 65.3189
5881 65.3189
5882 65.3189
5883 65.3189
5884 65.3189
5885 65.3189
5886 65.3189
5887 65.3189
5888 65.3189
5889 65.3189
5890 65.3189
5891 65.3189
5892 65.3189
5893 65.3189
5894 65.3189
5895 65.3189
5896 65.3189
5897 65.3189
5898 65.3189
5899 65.3189
5900 65.3189
5901 65.3189
5902 65.3189
5903 65.3189
5904 65.3189
5905 65.3189
5906 65.3189
5907 65.3189
5908 65.3189
5909 65.3189
5910 65.3189
5911 65.3189
5912 65.3189
5913 65.3189
5914 65.3189
5915 65.3189
5916 65.3189
5917 65.3189
5918 65.3189
5919 65.3189
5920 65.3189
5921 65.3189
5922 65.3189
5923 65.3189
5924 65.3189
5925 65.3189
5926 65.3189
5927 65.3189
5928 65.3189
5929 65.3189
5930 65.3189
5931 65.3189
5932 65.3189
5933 65.3189
5934 65.3189
5935 65.3189
5936 65.3189
5937 65.3189
5938 65.3189
5939 65.3189
5940 65.3189
5941 65.3189
5942 65.3189
5943 65.3189
5944 65.3189
5945 65.3189
5946 65.3189
5947 65.3189
5948 65.3189
5949 65.3189
5950 65.3189
5951 65.3189
5952 65.3189
5953 65.3189
5954 65.3189
5955 65.3189
5956 65.3189
5957 65.3189
5958 65.3189
5959 65.3189
5960 65.3189
5961 65.3189
5962 65.3189
5963 65.3189
5964 65.3189
5965 65.3189
5966 65.3189
5967 65.3189
5968 65.3189
5969 65.3189
5970 65.3189
5971 65.3189
5972 65.3189
5973 65.3189
5974 65.3189
5975 65.3189
5976 65.3189
5977 65.3189
5978 65.3189
5979 65.3189
5980 65.3189
5981 65.3189
5982 65.3189
5983 65.3189
5984 65.3189
5985 65.3189
5986 65.3189
5987 65.3189
5988 65.3189
5989 65.3189
5990 65.3189
5991 65.3189
5992 65.3189
5993 65.3189
5994 65.3189
5995 65.3189
5996 65.3189
5997 65.3189
5998 65.3189
5999 65.3189
4000 65.3189
