1 442.345
2 429.173
3 404.767
4 401.668
5 390.041
6 388.451
7 364.808
8 364.682
9 360.482
10 359.893
11 349.385
12 340.358
13 345.845
14 336.751
15 336.751
16 333.3
17 329.146
18 327.454
19 319.532
20 305.082
21 305.082
22 298.876
23 298.876
24 297.164
25 297.164
26 293.119
27 288.333
28 280.988
29 280.988
30 270.239
31 269.464
32 269.464
33 269.464
34 265.026
35 264.023
36 262.763
37 262.028
38 262.028
39 255.639
40 255.639
41 255.299
42 253.713
43 253.542
44 247.045
45 247.045
46 247.045
47 247.045
48 244.138
49 236.131
50 236.131
51 229.804
52 224.329
53 224.329
54 224.329
55 224.329
56 224.329
57 224.329
58 222.876
59 220.645
60 220.645
61 220.645
62 220.645
63 219.844
64 218.866
65 218.866
66 218.246
67 216.588
68 216.588
69 214.835
70 214.835
71 213.937
72 211.572
73 211.572
74 211.572
75 210.591
76 211.434
77 210.153
78 203.348
79 203.348
80 203.348
81 201.939
82 200.467
83 200.467
84 200.467
85 195.704
86 195.704
87 195.704
88 194.218
89 186.308
90 186.308
91 186.308
92 186.308
93 186.308
94 183.488
95 183.488
96 183.488
97 182.104
98 182.104
99 180.555
100 180.555
101 180.475
102 179.859
103 179.78
104 179.78
105 180.213
106 179.353
107 177.471
108 177.471
109 177.35
110 177.35
111 177.35
112 175.282
113 175.282
114 175.282
115 173.59
116 171.498
117 171.498
118 171.498
119 170.098
120 169.76
121 166.112
122 166.112
123 166.112
124 165.11
125 165.764
126 166.112
127 165.024
128 165.024
129 165.024
130 164.165
131 163.153
132 163.153
133 163.153
134 163.153
135 163.153
136 162.844
137 158.669
138 158.669
139 161.258
140 161.258
141 158.623
142 158.623
143 156.994
144 156.994
145 156.994
146 156.994
147 156.994
148 156.994
149 156.032
150 156.032
151 156.032
152 156.053
153 153.306
154 152.371
155 151.806
156 153.106
157 152.993
158 148.135
159 148.135
160 148.135
161 148.045
162 146.212
163 146.212
164 145.838
165 145.498
166 145.498
167 144.854
168 144.854
169 144.854
170 144.854
171 143.881
172 143.881
173 143.881
174 143.881
175 143.881
176 143.791
177 143.663
178 143.663
179 140.011
180 140.011
181 139.521
182 139.521
183 138.953
184 137.747
185 135.343
186 134.931
187 134.931
188 134.931
189 134.427
190 132.81
191 132.81
192 132.81
193 132.727
194 132.305
195 131.795
196 131.795
197 131.795
198 130.939
199 130.939
200 130.939
201 130.018
202 130.939
203 130.101
204 130.101
205 130.101
206 130.101
207 129.398
208 129.398
209 128.542
210 128.542
211 128.542
212 128.542
213 128.445
214 128.227
215 128.227
216 128.227
217 128.227
218 128.227
219 128.227
220 128.098
221 127.372
222 127.372
223 127.372
224 127.372
225 126.247
226 126.247
227 126.247
228 126.247
229 125.365
230 124.629
231 124.629
232 124.629
233 124.629
234 123.674
235 123.674
236 123.674
237 123.674
238 123.674
239 123.674
240 123.629
241 123.434
242 123.434
243 120.411
244 120.283
245 120.283
246 120.283
247 120.283
248 118.37
249 117.978
250 117.127
251 115.362
252 115.362
253 115.362
254 115.362
255 115.362
256 115.268
257 115.268
258 114.136
259 114.136
260 113.909
261 113.909
262 113.633
263 113.909
264 113.633
265 113.633
266 113.633
267 112.805
268 112.805
269 112.805
270 111.735
271 111.735
272 111.735
273 109.269
274 108.384
275 107.315
276 107.315
277 107.315
278 107.315
279 107.304
280 107.232
281 107.232
282 106.781
283 106.781
284 107.084
285 106.759
286 106.759
287 106.688
288 106.688
289 106.216
290 105.44
291 105.44
292 105.44
293 105.172
294 104.468
295 104.468
296 104.909
297 104.909
298 104.909
299 104.468
300 104.468
301 104.468
302 104.468
303 104.468
304 103.995
305 103.502
306 103.502
307 103.489
308 103.489
309 102.951
310 102.951
311 102.951
312 102.951
313 102.951
314 102.477
315 102.477
316 102.477
317 102.477
318 102.08
319 102.08
320 102.08
321 102.08
322 102.08
323 102.08
324 102.08
325 102.08
326 102.08
327 102.08
328 102.08
329 102.08
330 102.08
331 101.808
332 101.808
333 101.808
334 101.808
335 101.808
336 101.808
337 101.808
338 101.808
339 101.808
340 101.808
341 101.052
342 100.384
343 100.384
344 101.052
345 101.052
346 101.052
347 100.554
348 100.554
349 100.317
350 100.317
351 100.115
352 100.115
353 100.115
354 100.115
355 100.115
356 100.115
357 100.115
358 100.115
359 100.115
360 100.104
361 99.609
362 99.609
363 99.609
364 99.609
365 99.4989
366 99.4989
367 99.4989
368 99.3821
369 99.3821
370 99.3821
371 99.3821
372 98.6794
373 98.6794
374 98.6794
375 98.6794
376 98.4525
377 98.4525
378 98.4525
379 98.4525
380 98.4525
381 98.3622
382 98.3622
383 98.3622
384 98.3622
385 98.3622
386 98.3622
387 98.4525
388 98.3622
389 98.3622
390 98.3622
391 98.2281
392 98.2281
393 98.2281
394 98.2281
395 98.2281
396 97.4313
397 97.4313
398 97.341
399 97.341
400 97.341
401 97.341
402 97.341
403 96.8556
404 97.2522
405 97.2522
406 97.2522
407 97.1725
408 97.1725
409 97.1725
410 97.1725
411 97.1725
412 97.1725
413 97.0842
414 97.0842
415 97.0842
416 97.0842
417 96.6942
418 96.6942
419 96.6942
420 96.6942
421 96.4247
422 96.4247
423 96.3847
424 96.3393
425 96.3393
426 96.3393
427 96.2993
428 96.2993
429 96.2993
430 96.1626
431 96.1626
432 96.1626
433 95.9419
434 95.9419
435 95.9419
436 95.9419
437 95.9419
438 95.9419
439 95.8697
440 95.6975
441 95.6975
442 95.7727
443 95.0281
444 95.0281
445 95.0281
446 95.0281
447 95.0281
448 94.8279
449 94.8279
450 94.8279
451 94.8279
452 94.8279
453 94.8279
454 94.8279
455 94.8279
456 94.8279
457 94.5835
458 94.5835
459 94.5835
460 94.5835
461 94.5835
462 94.5835
463 94.5835
464 93.9461
465 93.9461
466 93.9461
467 93.9461
468 93.9461
469 93.9461
470 93.9461
471 93.9461
472 93.9461
473 93.731
474 93.731
475 93.731
476 93.731
477 93.9461
478 93.9461
479 93.9461
480 93.6292
481 93.6292
482 93.6292
483 93.6292
484 93.5525
485 93.6292
486 93.542
487 93.3213
488 93.3213
489 93.3213
490 93.3213
491 92.9333
492 92.9333
493 92.9333
494 92.9333
495 92.9333
496 92.9333
497 92.9333
498 92.9174
499 92.9174
500 92.9174
501 92.4159
502 92.4159
503 92.3289
504 92.3289
505 92.3289
506 92.3289
507 92.3289
508 92.3289
509 92.3289
510 92.3289
511 92.3289
512 91.8211
513 91.8211
514 91.2405
515 91.2405
516 91.2405
517 91.2405
518 91.2405
519 91.2405
520 91.2405
521 91.2405
522 91.2405
523 91.2405
524 91.2405
525 91.2405
526 91.2405
527 91.1074
528 91.0203
529 91.0203
530 91.0203
531 91.0203
532 91.0203
533 91.0203
534 91.0203
535 90.8003
536 90.8003
537 90.8003
538 90.8003
539 90.8003
540 90.8003
541 90.8003
542 90.8003
543 90.8003
544 90.8003
545 90.8003
546 90.8003
547 90.8003
548 90.8003
549 90.1702
550 90.1702
551 90.1702
552 90.1702
553 90.1702
554 90.1702
555 90.1702
556 90.1702
557 90.1702
558 90.1702
559 90.1702
560 90.1702
561 90.1702
562 90.1702
563 90.1702
564 90.1702
565 90.1702
566 90.1702
567 90.1702
568 90.1702
569 90.1702
570 90.1702
571 90.1174
572 89.7286
573 89.7286
574 89.7286
575 89.7286
576 89.7286
577 89.7286
578 89.7286
579 89.7286
580 89.7286
581 89.7286
582 89.7286
583 89.7286
584 89.7286
585 89.7286
586 89.7286
587 89.7286
588 89.7286
589 89.7286
590 89.7286
591 89.7286
592 89.4207
593 89.5307
594 89.3888
595 89.1319
596 89.1319
597 89.1319
598 89.1319
599 88.8321
600 88.8321
601 88.8321
602 88.8321
603 88.8321
604 88.8321
605 88.8321
606 88.8321
607 88.8321
608 88.8321
609 88.8321
610 88.4038
611 88.4038
612 88.3139
613 88.4038
614 88.4038
615 88.4038
616 88.4038
617 88.4038
618 88.4038
619 87.2437
620 87.2437
621 87.1363
622 87.1363
623 87.1363
624 87.1363
625 87.1363
626 87.1363
627 87.1363
628 87.1363
629 87.1363
630 87.1363
631 87.1363
632 87.1363
633 87.1363
634 87.1363
635 87.1363
636 87.1363
637 87.1363
638 87.1363
639 87.1363
640 87.1363
641 87.1363
642 87.1363
643 87.1363
644 87.1363
645 87.1363
646 87.1363
647 87.1363
648 87.1363
649 87.1363
650 87.1363
651 87.1363
652 87.1363
653 87.1363
654 87.1363
655 86.9667
656 86.9667
657 86.9667
658 86.9667
659 86.9667
660 86.9667
661 86.9667
662 86.9667
663 86.3249
664 86.3249
665 86.3249
666 86.3249
667 86.3249
668 86.3249
669 86.3249
670 86.3249
671 85.7214
672 84.7897
673 84.7897
674 84.3557
675 84.1862
676 84.1862
677 84.1862
678 84.1862
679 84.1862
680 84.1862
681 84.1862
682 84.1862
683 84.1862
684 84.1862
685 84.1862
686 84.1862
687 84.1862
688 84.1862
689 84.1862
690 84.1862
691 84.1862
692 84.1862
693 84.1862
694 84.1862
695 84.1862
696 84.1862
697 84.1862
698 84.1862
699 84.1862
700 84.1862
701 83.8462
702 83.8462
703 83.8462
704 83.4375
705 83.4375
706 83.4375
707 83.4375
708 83.0975
709 83.0975
710 83.0975
711 83.0975
712 83.0975
713 83.0975
714 82.842
715 82.842
716 82.842
717 82.842
718 82.842
719 82.842
720 82.7631
721 82.7631
722 82.7631
723 82.7631
724 82.7631
725 82.7631
726 82.7631
727 82.7631
728 82.7631
729 82.7631
730 82.7631
731 82.7631
732 82.7631
733 81.0894
734 81.0894
735 81.0894
736 81.0894
737 81.0894
738 81.0894
739 81.0894
740 81.0894
741 81.0894
742 81.0894
743 81.0894
744 81.0894
745 81.0894
746 81.0894
747 81.0894
748 81.0894
749 81.0894
750 81.0894
751 81.0894
752 81.0894
753 81.0894
754 80.9978
755 80.9978
756 80.9978
757 80.9978
758 80.9978
759 80.9978
760 80.9978
761 80.9978
762 80.9594
763 80.9594
764 80.801
765 80.801
766 80.4382
767 80.4382
768 80.4382
769 80.4382
770 80.3082
771 80.2499
772 80.265
773 80.265
774 80.265
775 80.265
776 80.265
777 80.265
778 80.265
779 80.265
780 80.265
781 79.9499
782 79.9499
783 79.9499
784 79.9499
785 79.9499
786 79.9499
787 79.9499
788 79.9499
789 79.9499
790 79.9499
791 79.9499
792 79.9499
793 79.9499
794 79.9499
795 79.9499
796 79.9499
797 79.9499
798 79.9499
799 79.8161
800 79.8161
801 79.8161
802 79.8161
803 79.8161
804 79.8161
805 79.7541
806 79.7541
807 79.7541
808 79.7541
809 79.7541
810 79.7541
811 79.7541
812 79.7541
813 79.7541
814 79.7541
815 79.7541
816 79.7541
817 79.7541
818 79.7541
819 79.4651
820 79.4651
821 79.4651
822 79.4651
823 79.4651
824 79.4651
825 79.4651
826 79.4651
827 78.8597
828 78.8597
829 78.5707
830 78.5707
831 78.5707
832 78.5707
833 78.5707
834 78.5553
835 78.5553
836 78.5553
837 78.3758
838 78.3758
839 78.3758
840 78.3758
841 78.3758
842 78.3758
843 78.3758
844 78.3758
845 78.3758
846 78.2588
847 77.9698
848 77.9698
849 77.9698
850 77.9698
851 77.9698
852 77.9698
853 77.7791
854 77.9698
855 77.9698
856 77.9698
857 77.9698
858 77.9698
859 77.9698
860 77.1234
861 77.1234
862 77.1234
863 77.1234
864 77.1234
865 77.1234
866 77.1234
867 77.1234
868 77.1234
869 77.1234
870 77.1234
871 77.1234
872 77.1234
873 77.1234
874 77.1234
875 77.1234
876 77.1234
877 77.1234
878 77.1234
879 77.1234
880 77.1234
881 77.1234
882 77.1234
883 77.1234
884 77.1234
885 77.1234
886 77.1234
887 77.1234
888 77.1234
889 77.1234
890 77.1234
891 77.1234
892 77.1234
893 77.1234
894 77.1234
895 77.1234
896 77.1234
897 77.1234
898 77.1234
899 77.1234
900 77.1234
901 77.1234
902 77.1234
903 77.1234
904 77.1234
905 77.1234
906 77.1234
907 77.1234
908 77.1234
909 77.1234
910 77.1234
911 77.1234
912 77.1234
913 77.1234
914 77.1234
915 77.1234
916 77.1234
917 77.1234
918 77.1234
919 76.9771
920 76.9771
921 76.9771
922 76.9771
923 76.9771
924 76.9771
925 76.9771
926 76.9771
927 76.9771
928 76.9771
929 76.9771
930 76.9771
931 76.9771
932 76.9771
933 76.9771
934 76.9771
935 76.9771
936 76.9771
937 76.9771
938 76.9771
939 76.9771
940 76.9771
941 76.9771
942 76.886
943 76.886
944 76.886
945 76.886
946 76.886
947 76.886
948 76.886
949 76.886
950 76.886
951 76.886
952 76.886
953 76.886
954 76.886
955 76.886
956 76.886
957 76.886
958 76.886
959 76.886
960 76.886
961 76.886
962 76.886
963 76.886
964 76.886
965 76.886
966 76.886
967 76.886
968 76.886
969 76.886
970 76.886
971 76.886
972 76.886
973 76.886
974 76.886
975 75.8034
976 75.8034
977 75.8034
978 75.8034
979 75.8034
980 75.8034
981 75.8034
982 75.8034
983 75.8034
984 75.5149
985 75.5149
986 75.5149
987 75.5149
988 75.5149
989 75.5149
990 75.5149
991 75.5149
992 75.5149
993 75.5149
994 75.5149
995 75.5149
996 75.4363
997 75.4363
998 75.4363
999 75.4363
1000 75.4363
1001 75.4182
1002 75.4182
1003 75.4182
1004 75.4182
1005 75.4182
1006 75.4182
1007 75.4182
1008 75.4182
1009 75.4182
1010 75.4182
1011 75.4182
1012 75.4182
1013 74.8032
1014 74.8032
1015 74.8032
1016 74.8032
1017 74.8032
1018 74.8032
1019 74.3023
1020 74.3023
1021 74.3023
1022 74.3023
1023 74.3023
1024 74.3023
1025 74.3023
1026 74.3023
1027 74.3023
1028 74.3023
1029 74.3023
1030 74.3023
1031 74.3023
1032 74.2216
1033 74.2216
1034 74.2216
1035 74.2216
1036 74.2216
1037 74.2216
1038 74.2216
1039 74.2216
1040 74.2216
1041 74.2216
1042 74.2216
1043 74.2216
1044 74.2216
1045 74.2216
1046 74.2216
1047 74.2216
1048 74.2216
1049 74.2216
1050 74.2216
1051 74.2216
1052 74.2216
1053 74.2216
1054 74.2216
1055 74.2216
1056 74.2216
1057 74.2216
1058 74.2216
1059 73.6466
1060 73.6466
1061 73.6466
1062 73.6466
1063 73.6466
1064 73.6466
1065 73.6466
1066 73.6466
1067 73.6466
1068 73.6466
1069 73.6466
1070 73.6466
1071 73.6466
1072 73.6298
1073 73.6298
1074 73.6298
1075 73.6298
1076 73.6298
1077 73.6298
1078 73.6298
1079 73.6298
1080 73.6298
1081 73.6298
1082 73.6298
1083 73.6298
1084 73.6298
1085 73.6298
1086 73.6298
1087 73.6298
1088 73.6298
1089 73.6298
1090 73.6298
1091 73.6298
1092 73.6298
1093 73.6298
1094 73.6243
1095 73.6243
1096 73.6243
1097 73.6243
1098 73.5312
1099 73.5312
1100 73.5312
1101 73.5312
1102 73.5312
1103 73.5312
1104 73.5312
1105 73.5312
1106 73.218
1107 73.218
1108 73.218
1109 73.218
1110 73.218
1111 73.218
1112 73.218
1113 73.218
1114 73.218
1115 73.1195
1116 73.114
1117 73.1195
1118 73.1195
1119 73.1195
1120 73.1195
1121 73.1195
1122 73.114
1123 73.1195
1124 73.1195
1125 73.1195
1126 73.1195
1127 73.1195
1128 73.1195
1129 73.1195
1130 73.1195
1131 73.1195
1132 73.1195
1133 73.1195
1134 73.1195
1135 73.1195
1136 73.1195
1137 73.1195
1138 73.1195
1139 73.1195
1140 73.1195
1141 73.1195
1142 73.1195
1143 73.1195
1144 73.1195
1145 73.1195
1146 73.1195
1147 73.1195
1148 73.1195
1149 73.1195
1150 73.1195
1151 73.1195
1152 73.1195
1153 73.1195
1154 73.1195
1155 73.1195
1156 73.1195
1157 73.1195
1158 73.1195
1159 73.1195
1160 73.1195
1161 73.1195
1162 73.1195
1163 73.1195
1164 73.1195
1165 73.1195
1166 73.1195
1167 73.1195
1168 73.1195
1169 73.1195
1170 73.1195
1171 73.1195
1172 73.1195
1173 73.1195
1174 73.1195
1175 73.1195
1176 73.1195
1177 73.1195
1178 73.1195
1179 73.1195
1180 73.1195
1181 73.1195
1182 73.1195
1183 73.1195
1184 73.1195
1185 73.1195
1186 73.1195
1187 73.1195
1188 73.1195
1189 73.1195
1190 73.1195
1191 73.1195
1192 73.1195
1193 73.1195
1194 73.1195
1195 73.1195
1196 73.1195
1197 73.1195
1198 73.1195
1199 73.1195
1200 73.1195
1201 73.1195
1202 73.1195
1203 73.1195
1204 73.1195
1205 73.1195
1206 73.1195
1207 73.1195
1208 73.1195
1209 73.1195
1210 73.1195
1211 73.1195
1212 73.1195
1213 73.1195
1214 72.7613
1215 72.7613
1216 72.7613
1217 72.7613
1218 72.7613
1219 72.7613
1220 72.7613
1221 72.7613
1222 72.7613
1223 72.7613
1224 72.4422
1225 72.4422
1226 72.4422
1227 72.4422
1228 72.4422
1229 72.4422
1230 72.4422
1231 72.4422
1232 72.4422
1233 72.4422
1234 72.4422
1235 72.4422
1236 72.4422
1237 72.4422
1238 72.4422
1239 72.4422
1240 72.4422
1241 72.4422
1242 72.4422
1243 72.342
1244 72.342
1245 72.3365
1246 72.3365
1247 72.3365
1248 72.3365
1249 72.3365
1250 72.3365
1251 72.3365
1252 72.3365
1253 72.3365
1254 72.3365
1255 72.3365
1256 72.3365
1257 72.3365
1258 72.3365
1259 72.3365
1260 72.3365
1261 72.3365
1262 72.3365
1263 72.3365
1264 72.3365
1265 72.3365
1266 72.1567
1267 72.1567
1268 72.1567
1269 72.1567
1270 72.0393
1271 72.0393
1272 71.8595
1273 72.0393
1274 72.0393
1275 72.0393
1276 72.0393
1277 72.0393
1278 72.0393
1279 72.0393
1280 72.0393
1281 72.0393
1282 72.0393
1283 72.0393
1284 72.0393
1285 72.0393
1286 72.0393
1287 72.0393
1288 72.0393
1289 71.7887
1290 71.7887
1291 71.7887
1292 71.7887
1293 71.7887
1294 71.7887
1295 71.7887
1296 71.7887
1297 71.7887
1298 71.7887
1299 71.7887
1300 71.7887
1301 71.7887
1302 71.7832
1303 71.7832
1304 71.7832
1305 71.7832
1306 71.7832
1307 71.7832
1308 71.7832
1309 71.7832
1310 71.7832
1311 71.7832
1312 71.7832
1313 71.7832
1314 71.7832
1315 71.7832
1316 71.7832
1317 71.7832
1318 71.7832
1319 71.7832
1320 71.7832
1321 71.7832
1322 71.7832
1323 71.7832
1324 71.6926
1325 71.6926
1326 71.6926
1327 71.6926
1328 71.6926
1329 71.6926
1330 71.6926
1331 71.6926
1332 71.6926
1333 71.6926
1334 71.6926
1335 71.6926
1336 71.6926
1337 71.6926
1338 71.6926
1339 71.6926
1340 71.6926
1341 71.6926
1342 71.6926
1343 71.6926
1344 71.6926
1345 71.6926
1346 71.6926
1347 71.6926
1348 71.6926
1349 71.6926
1350 71.6399
1351 71.6399
1352 71.6399
1353 71.6399
1354 71.6399
1355 71.6399
1356 71.6399
1357 71.6399
1358 71.6399
1359 71.6399
1360 71.6399
1361 71.6399
1362 71.6399
1363 71.6399
1364 71.6399
1365 71.6399
1366 71.6399
1367 71.6399
1368 71.6399
1369 71.6399
1370 71.6399
1371 71.6399
1372 71.6399
1373 71.6399
1374 71.6399
1375 71.6399
1376 71.6399
1377 71.6399
1378 71.6399
1379 71.6399
1380 71.6399
1381 71.6399
1382 71.6399
1383 71.6399
1384 71.6399
1385 71.6399
1386 71.6399
1387 71.6399
1388 71.6399
1389 71.6399
1390 71.6399
1391 71.6399
1392 71.6399
1393 71.6399
1394 71.6399
1395 71.6399
1396 71.6399
1397 71.6399
1398 71.6399
1399 71.6399
1400 71.6399
1401 71.6399
1402 71.6399
1403 71.6399
1404 71.6399
1405 71.6399
1406 71.6399
1407 71.6399
1408 71.6399
1409 71.6399
1410 71.6399
1411 71.6399
1412 71.6399
1413 71.6399
1414 71.6399
1415 71.6399
1416 71.6399
1417 71.6399
1418 71.6399
1419 71.6399
1420 71.6399
1421 71.6399
1422 71.6399
1423 71.6399
1424 71.6399
1425 71.6399
1426 71.6399
1427 71.6399
1428 71.6399
1429 71.6399
1430 71.6399
1431 71.6399
1432 71.6399
1433 71.6399
1434 71.6399
1435 71.6399
1436 71.6399
1437 71.6399
1438 71.6399
1439 71.6399
1440 71.6399
1441 71.6399
1442 71.6399
1443 71.6399
1444 71.6399
1445 71.6399
1446 71.6399
1447 71.6399
1448 71.6399
1449 71.6399
1450 71.6399
1451 71.6399
1452 71.6399
1453 71.6399
1454 71.6399
1455 71.6399
1456 71.6399
1457 71.6399
1458 71.6399
1459 71.6399
1460 71.6399
1461 71.6399
1462 71.6399
1463 71.6399
1464 71.6399
1465 71.6399
1466 71.6399
1467 71.6399
1468 71.6399
1469 71.6399
1470 71.6399
1471 71.6399
1472 71.6399
1473 71.6399
1474 71.6399
1475 71.6399
1476 71.6399
1477 71.6399
1478 71.6399
1479 71.6399
1480 71.6399
1481 71.6399
1482 71.6399
1483 71.6399
1484 71.6399
1485 71.6399
1486 71.6399
1487 71.6399
1488 71.6399
1489 71.6399
1490 71.6399
1491 71.6399
1492 71.6399
1493 71.6399
1494 71.6399
1495 71.6399
1496 71.6399
1497 71.6399
1498 71.6399
1499 71.6399
1500 71.6399
1501 71.6399
1502 71.6399
1503 71.6399
1504 71.6399
1505 71.6399
1506 71.6399
1507 71.6399
1508 71.6399
1509 71.6399
1510 71.6399
1511 71.6399
1512 71.6399
1513 71.6399
1514 71.6399
1515 71.6399
1516 71.6399
1517 71.6399
1518 71.6399
1519 71.6399
1520 71.6399
1521 71.6399
1522 71.6399
1523 71.6399
1524 71.6399
1525 71.6399
1526 71.6399
1527 71.6399
1528 71.6399
1529 71.6399
1530 71.6399
1531 71.6399
1532 71.6399
1533 71.6399
1534 71.6399
1535 71.6399
1536 71.6399
1537 71.6399
1538 71.6399
1539 71.6399
1540 71.6399
1541 71.6399
1542 71.6399
1543 71.6399
1544 71.6399
1545 71.6399
1546 71.6399
1547 71.6399
1548 71.6399
1549 71.6399
1550 71.6399
1551 71.6399
1552 71.4888
1553 71.4888
1554 71.4888
1555 71.4888
1556 71.4888
1557 71.4888
1558 71.4888
1559 71.4888
1560 71.4888
1561 71.4888
1562 71.4888
1563 71.4888
1564 71.4888
1565 71.4888
1566 71.4888
1567 71.4888
1568 71.4888
1569 71.4888
1570 71.4888
1571 71.4888
1572 71.4888
1573 71.4888
1574 71.4888
1575 71.4888
1576 71.4888
1577 71.4888
1578 71.4888
1579 71.4888
1580 71.4888
1581 71.4888
1582 71.4888
1583 71.4888
1584 71.4888
1585 71.4888
1586 71.4888
1587 71.4888
1588 71.4888
1589 71.4888
1590 71.4888
1591 71.4888
1592 71.4888
1593 71.4888
1594 71.4888
1595 71.4888
1596 71.4888
1597 71.4888
1598 71.4888
1599 71.4888
1600 71.4888
1601 71.4888
1602 71.4888
1603 71.4888
1604 71.4888
1605 71.4888
1606 71.4888
1607 71.4888
1608 71.4888
1609 71.4888
1610 71.4888
1611 71.4888
1612 71.4888
1613 71.4888
1614 71.4888
1615 71.4888
1616 71.4006
1617 71.4006
1618 71.4006
1619 71.4006
1620 71.4006
1621 71.4006
1622 71.4006
1623 71.4006
1624 71.4006
1625 71.4006
1626 71.2494
1627 71.2494
1628 70.7835
1629 70.7835
1630 70.7835
1631 70.7835
1632 70.7835
1633 70.7835
1634 70.7835
1635 70.7835
1636 70.7835
1637 70.7835
1638 70.7835
1639 70.7835
1640 70.7835
1641 70.7835
1642 70.7835
1643 70.7835
1644 70.7835
1645 70.7835
1646 70.7835
1647 70.7835
1648 70.7835
1649 70.7835
1650 70.7835
1651 70.7835
1652 70.7835
1653 70.7835
1654 70.7835
1655 70.7835
1656 70.7835
1657 70.7835
1658 70.7835
1659 70.7835
1660 70.7835
1661 70.7835
1662 70.7835
1663 70.7835
1664 70.7835
1665 70.7835
1666 70.7835
1667 70.7835
1668 70.7835
1669 70.7835
1670 70.7835
1671 70.7835
1672 70.7835
1673 70.7835
1674 70.7835
1675 70.7835
1676 70.7835
1677 70.7835
1678 69.8665
1679 69.8665
1680 70.7835
1681 70.7835
1682 70.7835
1683 70.7835
1684 70.7835
1685 70.6095
1686 70.6095
1687 70.6095
1688 70.6095
1689 70.6095
1690 70.6095
1691 70.6095
1692 70.6095
1693 70.6095
1694 70.6095
1695 70.6095
1696 70.6095
1697 70.6095
1698 70.6095
1699 70.6095
1700 70.6095
1701 70.6095
1702 70.6095
1703 70.6095
1704 70.6095
1705 70.6095
1706 70.6095
1707 70.6095
1708 70.6095
1709 70.6095
1710 70.6095
1711 70.6095
1712 70.6095
1713 70.6095
1714 70.6095
1715 70.6095
1716 70.6095
1717 70.6095
1718 70.6095
1719 70.6095
1720 70.6095
1721 70.6095
1722 70.6095
1723 70.6095
1724 70.6095
1725 70.6095
1726 70.6095
1727 70.6095
1728 70.6095
1729 70.6095
1730 70.6095
1731 70.6095
1732 70.6095
1733 70.6095
1734 70.6095
1735 70.6095
1736 70.6095
1737 70.6095
1738 70.6095
1739 70.6095
1740 70.6095
1741 70.6095
1742 70.6095
1743 70.6095
1744 70.6095
1745 70.6095
1746 70.6095
1747 70.6095
1748 70.6095
1749 70.6095
1750 70.6095
1751 70.6095
1752 70.6095
1753 70.6095
1754 70.6095
1755 70.6095
1756 70.6095
1757 70.6095
1758 70.6095
1759 70.6095
1760 70.6095
1761 70.6095
1762 70.6095
1763 70.6095
1764 70.6095
1765 70.6095
1766 70.6095
1767 70.6095
1768 70.6095
1769 70.6095
1770 70.6095
1771 70.6095
1772 70.6095
1773 70.6095
1774 70.6095
1775 70.6095
1776 70.4724
1777 70.4724
1778 70.6095
1779 70.6095
1780 70.6095
1781 70.6095
1782 70.6095
1783 70.6095
1784 70.6095
1785 70.6095
1786 70.6095
1787 70.6095
1788 70.6095
1789 70.6095
1790 70.6095
1791 70.6095
1792 70.6095
1793 70.6095
1794 70.6095
1795 70.6095
1796 70.6095
1797 70.6095
1798 70.1355
1799 70.1355
1800 70.1355
1801 70.1355
1802 70.1355
1803 70.1355
1804 70.1355
1805 70.1355
1806 70.1355
1807 69.9452
1808 69.9452
1809 69.9452
1810 69.9452
1811 69.9452
1812 70.1355
1813 69.9634
1814 69.9634
1815 69.9634
1816 69.9634
1817 69.9634
1818 69.9452
1819 69.9452
1820 69.9452
1821 69.9452
1822 69.9452
1823 69.9452
1824 69.9452
1825 69.9452
1826 69.9452
1827 69.9452
1828 69.9452
1829 69.9452
1830 69.9452
1831 69.9452
1832 69.9452
1833 69.9452
1834 69.9452
1835 69.9452
1836 69.9452
1837 69.9452
1838 69.9452
1839 69.9452
1840 69.9452
1841 69.9452
1842 69.9452
1843 69.9452
1844 69.9452
1845 69.9452
1846 69.8239
1847 69.8239
1848 69.9452
1849 69.9452
1850 69.9452
1851 69.9452
1852 69.9452
1853 69.9452
1854 69.9452
1855 69.9452
1856 69.9452
1857 69.9452
1858 69.9452
1859 69.9452
1860 69.9452
1861 69.9452
1862 69.9452
1863 69.9452
1864 69.9452
1865 69.9452
1866 69.9452
1867 69.9452
1868 69.9452
1869 69.9452
1870 69.9452
1871 69.9452
1872 69.9452
1873 69.9452
1874 69.9452
1875 69.9452
1876 69.9452
1877 69.9452
1878 69.9452
1879 69.9452
1880 69.9452
1881 69.9452
1882 69.9452
1883 69.9452
1884 69.9452
1885 69.9452
1886 69.9452
1887 69.9452
1888 69.9452
1889 69.9452
1890 69.9452
1891 69.9452
1892 69.9452
1893 69.9452
1894 69.9452
1895 69.9452
1896 69.9452
1897 69.9452
1898 69.9452
1899 69.9452
1900 69.9452
1901 69.9452
1902 69.9452
1903 69.9452
1904 69.9452
1905 69.9452
1906 69.9452
1907 69.9452
1908 69.9452
1909 69.9452
1910 69.9452
1911 69.9452
1912 69.9452
1913 69.9452
1914 69.9452
1915 69.9452
1916 69.9452
1917 69.9452
1918 69.9452
1919 69.9452
1920 69.9452
1921 69.9452
1922 69.9452
1923 69.9452
1924 69.9452
1925 69.9452
1926 69.9452
1927 69.9452
1928 69.9452
1929 69.9452
1930 69.9452
1931 69.9452
1932 69.9452
1933 69.9452
1934 69.9452
1935 69.9452
1936 69.9452
1937 69.9452
1938 69.9452
1939 69.9452
1940 69.9452
1941 69.9452
1942 69.9452
1943 69.9452
1944 69.9452
1945 69.9452
1946 69.9452
1947 69.9452
1948 69.9452
1949 69.9452
1950 69.9452
1951 69.9452
1952 69.9452
1953 69.9452
1954 69.9452
1955 69.9452
1956 69.9452
1957 69.9452
1958 69.9452
1959 69.9452
1960 69.9452
1961 69.9452
1962 69.9452
1963 69.9452
1964 69.9452
1965 69.9452
1966 69.9452
1967 69.9452
1968 69.9452
1969 69.9452
1970 69.9452
1971 69.9452
1972 69.9452
1973 69.9452
1974 69.9452
1975 69.9452
1976 69.9452
1977 69.9452
1978 69.9452
1979 69.9452
1980 69.9452
1981 69.9452
1982 69.9452
1983 69.9452
1984 69.9452
1985 69.9452
1986 69.9452
1987 69.9452
1988 69.9452
1989 69.9452
1990 69.9452
1991 69.9452
1992 69.9452
1993 69.9452
1994 69.9452
1995 69.9452
1996 69.9452
1997 69.9452
1998 69.9452
1999 69.9452
2000 69.9452
2001 69.9452
2002 69.9452
2003 69.9452
2004 69.9452
2005 69.9452
2006 69.9452
2007 69.9452
2008 69.9452
2009 69.9452
2010 69.9452
2011 69.9452
2012 69.9452
2013 69.9452
2014 69.9452
2015 69.9452
2016 69.9452
2017 69.9452
2018 69.9452
2019 69.9452
2020 69.9452
2021 69.9452
2022 69.9452
2023 69.9452
2024 69.9452
2025 69.9452
2026 69.9452
2027 69.9452
2028 69.9452
2029 69.9452
2030 69.9452
2031 69.9452
2032 69.9452
2033 69.9452
2034 69.9452
2035 69.9452
2036 69.9452
2037 69.9452
2038 69.9452
2039 69.9452
2040 69.9452
2041 69.9452
2042 69.9452
2043 69.9452
2044 69.9452
2045 69.9452
2046 69.9452
2047 69.9452
2048 69.9452
2049 69.9452
2050 69.9452
2051 69.9452
2052 69.9452
2053 69.9452
2054 69.9452
2055 69.9452
2056 69.9452
2057 69.9452
2058 69.9452
2059 69.9452
2060 69.9452
2061 69.9452
2062 69.9452
2063 69.9452
2064 69.7906
2065 69.7906
2066 69.7906
2067 69.7906
2068 69.7906
2069 69.7906
2070 69.7906
2071 69.7906
2072 69.7906
2073 69.7906
2074 69.7906
2075 69.7906
2076 69.7906
2077 69.7906
2078 69.7906
2079 69.7906
2080 69.7906
2081 69.7906
2082 69.7906
2083 69.7906
2084 69.7906
2085 69.7906
2086 69.7906
2087 69.7906
2088 69.7906
2089 69.7906
2090 69.7906
2091 69.7906
2092 69.7906
2093 69.7906
2094 69.7906
2095 69.7906
2096 69.7906
2097 69.7906
2098 69.7906
2099 69.7906
2100 69.7906
2101 69.7906
2102 69.7906
2103 69.7906
2104 69.7906
2105 69.7906
2106 69.7906
2107 69.7906
2108 69.7906
2109 69.7906
2110 69.7906
2111 69.7906
2112 69.7906
2113 69.7906
2114 69.7906
2115 69.7906
2116 69.7906
2117 69.7906
2118 69.7906
2119 69.7906
2120 69.7906
2121 69.7906
2122 69.7906
2123 69.7906
2124 69.7906
2125 69.7906
2126 69.7906
2127 69.7906
2128 69.7906
2129 69.7906
2130 69.7906
2131 69.7906
2132 69.7906
2133 69.7906
2134 69.7906
2135 69.7906
2136 69.7906
2137 69.7906
2138 69.7906
2139 69.7906
2140 69.7906
2141 69.7906
2142 69.7906
2143 69.7906
2144 69.7906
2145 69.7906
2146 69.7906
2147 69.7906
2148 69.7906
2149 69.7906
2150 69.7906
2151 69.7906
2152 69.7906
2153 69.7906
2154 69.7906
2155 69.7906
2156 69.7906
2157 69.7906
2158 69.7906
2159 69.7906
2160 69.7906
2161 69.7906
2162 69.7906
2163 69.7906
2164 69.7906
2165 69.7906
2166 69.7906
2167 69.7906
2168 69.6445
2169 69.6445
2170 69.6445
2171 69.6445
2172 69.6445
2173 69.6445
2174 69.6445
2175 69.6445
2176 69.6445
2177 69.6445
2178 69.6445
2179 69.6445
2180 69.6445
2181 69.6445
2182 69.6445
2183 69.6445
2184 69.6445
2185 69.6445
2186 69.6445
2187 69.6445
2188 69.6445
2189 69.6445
2190 69.6445
2191 69.6445
2192 69.6445
2193 69.6445
2194 69.6445
2195 69.6445
2196 69.6445
2197 69.6445
2198 69.6445
2199 69.6445
2200 69.6445
2201 69.6445
2202 69.6445
2203 69.6445
2204 69.6445
2205 69.6445
2206 69.6445
2207 69.6445
2208 69.6445
2209 69.6445
2210 69.6445
2211 69.6445
2212 69.6445
2213 69.6445
2214 69.6445
2215 69.6445
2216 69.6445
2217 69.6445
2218 69.6445
2219 69.6445
2220 69.6445
2221 69.6445
2222 69.6445
2223 69.6445
2224 69.6445
2225 69.6445
2226 69.6445
2227 69.6445
2228 69.6445
2229 69.6445
2230 69.5233
2231 69.5233
2232 69.5233
2233 69.5233
2234 69.5233
2235 69.5233
2236 69.5233
2237 69.5233
2238 69.5233
2239 69.5233
2240 69.5233
2241 69.5233
2242 69.5233
2243 69.5233
2244 69.5233
2245 69.5233
2246 69.5233
2247 69.5233
2248 69.5233
2249 69.5233
2250 69.5233
2251 69.5233
2252 69.5233
2253 69.5233
2254 69.5233
2255 69.5233
2256 69.5233
2257 69.5233
2258 69.5233
2259 69.5233
2260 69.5233
2261 69.5233
2262 69.5233
2263 69.5233
2264 69.5233
2265 69.5233
2266 69.5233
2267 69.5233
2268 69.5233
2269 69.5233
2270 69.5233
2271 69.5233
2272 69.5233
2273 69.5233
2274 69.5233
2275 69.5233
2276 69.5233
2277 69.5233
2278 69.5233
2279 69.5233
2280 69.5233
2281 69.5233
2282 69.5233
2283 69.5233
2284 69.5233
2285 69.5233
2286 69.5233
2287 69.5233
2288 69.5233
2289 69.5233
2290 69.5233
2291 69.5233
2292 69.5233
2293 69.5233
2294 69.5233
2295 69.5233
2296 69.5233
2297 69.5233
2298 69.5233
2299 69.5233
2300 69.5233
2301 69.5233
2302 69.5233
2303 69.5233
2304 69.5233
2305 69.5233
2306 69.5233
2307 69.5233
2308 69.5233
2309 69.5233
2310 69.5233
2311 69.5233
2312 69.5233
2313 69.5233
2314 69.5233
2315 69.5233
2316 69.5233
2317 69.5233
2318 69.5233
2319 69.5233
2320 69.5233
2321 69.5233
2322 69.5233
2323 69.5233
2324 69.5233
2325 69.5233
2326 69.5233
2327 69.5233
2328 69.5233
2329 69.5233
2330 69.5233
2331 69.5233
2332 69.5233
2333 69.5233
2334 69.5233
2335 69.5233
2336 69.5233
2337 69.5233
2338 69.5233
2339 69.5233
2340 69.5233
2341 69.5233
2342 69.5233
2343 69.5233
2344 69.5233
2345 69.5233
2346 69.5233
2347 69.5233
2348 69.5233
2349 69.5233
2350 69.5233
2351 69.5233
2352 69.5233
2353 69.5233
2354 69.5233
2355 69.5233
2356 69.5233
2357 69.5233
2358 69.5233
2359 69.5233
2360 69.5233
2361 69.5233
2362 69.5233
2363 69.5233
2364 69.5233
2365 69.5233
2366 69.5233
2367 69.5233
2368 69.5233
2369 69.5233
2370 69.5233
2371 69.4667
2372 69.4667
2373 69.4667
2374 69.4667
2375 69.4667
2376 69.4667
2377 69.4667
2378 69.4667
2379 69.4667
2380 69.4667
2381 69.4667
2382 69.4667
2383 69.4667
2384 69.4667
2385 69.4667
2386 69.4667
2387 69.4667
2388 69.4667
2389 69.4667
2390 69.4667
2391 69.4667
2392 69.4667
2393 69.4667
2394 69.4667
2395 69.4667
2396 69.4667
2397 69.4667
2398 69.4667
2399 69.4667
2400 69.4667
2401 69.4667
2402 69.4667
2403 69.4667
2404 69.4667
2405 69.4667
2406 69.4667
2407 69.4667
2408 69.4667
2409 69.4667
2410 69.4667
2411 69.4667
2412 69.4667
2413 69.4667
2414 69.4667
2415 69.4667
2416 69.4667
2417 69.4667
2418 69.4667
2419 69.4667
2420 69.4667
2421 69.4667
2422 69.4667
2423 69.4667
2424 69.4667
2425 69.4667
2426 69.4667
2427 69.4667
2428 69.4667
2429 69.4667
2430 69.4667
2431 69.4667
2432 69.4667
2433 69.4667
2434 69.4667
2435 69.4667
2436 69.4667
2437 69.4667
2438 69.4667
2439 69.4667
2440 69.4667
2441 69.4667
2442 69.4667
2443 69.4667
2444 69.4667
2445 69.4667
2446 69.4667
2447 69.4667
2448 69.4667
2449 69.4667
2450 69.4667
2451 69.4667
2452 69.4667
2453 69.4667
2454 69.4667
2455 69.4667
2456 69.4667
2457 69.4667
2458 69.4667
2459 69.4667
2460 69.4667
2461 69.4667
2462 69.4667
2463 69.4667
2464 69.4667
2465 69.4667
2466 69.4667
2467 69.4667
2468 69.4667
2469 69.4667
2470 69.4667
2471 69.4667
2472 69.4667
2473 69.4667
2474 69.4667
2475 69.4667
2476 69.4667
2477 69.4667
2478 69.4667
2479 69.4667
2480 69.4667
2481 69.4667
2482 69.4667
2483 69.4667
2484 69.4667
2485 69.4667
2486 69.4667
2487 69.4667
2488 69.4667
2489 69.4667
2490 69.4667
2491 69.4667
2492 69.4667
2493 69.4667
2494 69.4667
2495 69.4667
2496 69.4667
2497 69.4667
2498 69.4667
2499 69.4667
2500 69.4667
2501 69.4667
2502 69.4667
2503 69.4667
2504 69.4667
2505 69.4667
2506 69.4667
2507 69.4667
2508 69.4667
2509 69.4667
2510 69.4667
2511 69.4667
2512 69.4667
2513 69.4667
2514 69.4667
2515 69.4667
2516 69.4667
2517 69.4667
2518 69.4667
2519 69.4667
2520 69.4667
2521 69.4667
2522 69.4667
2523 69.4667
2524 69.4667
2525 69.4667
2526 69.4667
2527 69.4667
2528 69.4667
2529 69.4667
2530 69.4667
2531 69.4667
2532 69.4667
2533 69.4667
2534 69.4667
2535 68.683
2536 68.683
2537 68.683
2538 68.683
2539 68.683
2540 68.683
2541 68.683
2542 68.683
2543 68.683
2544 68.683
2545 68.683
2546 68.683
2547 68.683
2548 68.683
2549 68.683
2550 68.683
2551 68.683
2552 68.683
2553 68.683
2554 68.683
2555 68.683
2556 68.683
2557 68.683
2558 68.683
2559 68.683
2560 68.683
2561 68.683
2562 68.683
2563 68.683
2564 68.683
2565 68.683
2566 68.683
2567 68.683
2568 68.683
2569 68.683
2570 68.683
2571 68.683
2572 68.683
2573 68.683
2574 68.683
2575 68.683
2576 68.683
2577 68.683
2578 68.683
2579 68.683
2580 68.683
2581 68.683
2582 68.683
2583 68.683
2584 68.683
2585 68.683
2586 68.683
2587 68.683
2588 68.683
2589 68.683
2590 68.683
2591 68.683
2592 68.683
2593 68.683
2594 68.683
2595 68.683
2596 68.683
2597 68.683
2598 68.683
2599 68.683
2600 68.683
2601 68.683
2602 68.683
2603 68.683
2604 68.683
2605 68.683
2606 68.683
2607 68.683
2608 68.683
2609 68.683
2610 68.683
2611 68.683
2612 68.683
2613 68.683
2614 68.683
2615 68.683
2616 68.683
2617 68.683
2618 68.683
2619 68.683
2620 68.683
2621 68.683
2622 68.683
2623 68.683
2624 68.683
2625 68.683
2626 68.683
2627 68.683
2628 68.683
2629 68.683
2630 68.683
2631 68.683
2632 68.683
2633 68.683
2634 68.683
2635 68.683
2636 68.683
2637 68.683
2638 68.683
2639 68.683
2640 68.683
2641 68.683
2642 68.683
2643 68.683
2644 68.683
2645 68.683
2646 68.683
2647 68.683
2648 68.683
2649 68.683
2650 68.683
2651 68.683
2652 68.683
2653 68.683
2654 68.683
2655 68.683
2656 68.683
2657 68.683
2658 68.683
2659 68.683
2660 68.683
2661 68.683
2662 68.683
2663 68.683
2664 68.683
2665 68.683
2666 68.683
2667 68.683
2668 68.683
2669 68.683
2670 68.683
2671 68.683
2672 68.683
2673 68.683
2674 68.683
2675 68.683
2676 68.683
2677 68.683
2678 68.683
2679 68.683
2680 68.683
2681 68.683
2682 68.683
2683 68.683
2684 68.683
2685 68.683
2686 68.683
2687 68.683
2688 68.683
2689 68.683
2690 68.683
2691 68.683
2692 68.683
2693 68.683
2694 68.683
2695 68.683
2696 68.683
2697 68.683
2698 68.5309
2699 68.5309
2700 68.5309
2701 68.5309
2702 68.5309
2703 68.5309
2704 68.5309
2705 68.5309
2706 68.5309
2707 68.5309
2708 68.5309
2709 68.5309
2710 68.5309
2711 68.5309
2712 68.5309
2713 68.5309
2714 68.5309
2715 68.5309
2716 68.5309
2717 68.5309
2718 68.5309
2719 68.5309
2720 68.5309
2721 68.5309
2722 68.5309
2723 68.5309
2724 68.5309
2725 68.5309
2726 68.5309
2727 68.5309
2728 68.5309
2729 68.5309
2730 68.5309
2731 68.5309
2732 68.5309
2733 68.5309
2734 68.5309
2735 68.5309
2736 68.5309
2737 68.5309
2738 68.5309
2739 68.5309
2740 68.5309
2741 68.5309
2742 68.5309
2743 68.5309
2744 68.5309
2745 68.5309
2746 68.5309
2747 68.5309
2748 68.5309
2749 68.5309
2750 68.5309
2751 68.5309
2752 68.5309
2753 68.5309
2754 68.5309
2755 68.5309
2756 68.5309
2757 68.5309
2758 68.5309
2759 68.5309
2760 68.5309
2761 68.5309
2762 68.5309
2763 68.5309
2764 68.5309
2765 68.5309
2766 68.5309
2767 68.5309
2768 68.5309
2769 68.5309
2770 68.5309
2771 68.5309
2772 68.5309
2773 68.5309
2774 68.5309
2775 68.5309
2776 68.5309
2777 68.5309
2778 68.5309
2779 68.5309
2780 68.5309
2781 68.5309
2782 68.5309
2783 68.5309
2784 68.5309
2785 68.5309
2786 68.5309
2787 68.5309
2788 68.5309
2789 68.5309
2790 68.5309
2791 68.5309
2792 68.5309
2793 68.5309
2794 68.5309
2795 68.5309
2796 68.5309
2797 68.5309
2798 68.5309
2799 68.5309
2800 68.5309
2801 68.5309
2802 68.5309
2803 68.5309
2804 68.5309
2805 68.0126
2806 67.614
2807 67.614
2808 67.614
2809 67.614
2810 67.614
2811 67.614
2812 67.614
2813 67.614
2814 67.614
2815 67.614
2816 67.614
2817 67.614
2818 67.614
2819 67.614
2820 67.614
2821 67.614
2822 67.614
2823 67.614
2824 67.614
2825 67.614
2826 67.614
2827 67.614
2828 67.614
2829 67.614
2830 67.614
2831 67.614
2832 67.614
2833 67.614
2834 67.614
2835 67.614
2836 67.614
2837 67.614
2838 67.614
2839 67.614
2840 67.614
2841 67.614
2842 67.614
2843 67.614
2844 67.614
2845 67.614
2846 67.5877
2847 67.5877
2848 67.5877
2849 67.5877
2850 67.5877
2851 67.4243
2852 67.4243
2853 67.4243
2854 67.4243
2855 67.4243
2856 67.4243
2857 67.4243
2858 66.8665
2859 66.8665
2860 66.8665
2861 66.8665
2862 66.8665
2863 66.8665
2864 66.8665
2865 66.8665
2866 66.8665
2867 66.8665
2868 66.8665
2869 66.8665
2870 66.8665
2871 66.8665
2872 66.8665
2873 66.8665
2874 66.8665
2875 66.8665
2876 66.8665
2877 66.8665
2878 66.8665
2879 66.8665
2880 66.8665
2881 66.8665
2882 66.8665
2883 66.8665
2884 66.8665
2885 66.8665
2886 66.8665
2887 66.8665
2888 66.8665
2889 66.8665
2890 66.8665
2891 66.8665
2892 66.8665
2893 66.8665
2894 66.8665
2895 66.8665
2896 66.8665
2897 66.8665
2898 66.8665
2899 66.8665
2900 66.8665
2901 66.8665
2902 66.8665
2903 66.8665
2904 66.8665
2905 66.8665
2906 66.8665
2907 66.8665
2908 66.8665
2909 66.8665
2910 66.8665
2911 66.8665
2912 66.8665
2913 66.8665
2914 66.8665
2915 66.8665
2916 66.8665
2917 66.8665
2918 66.8665
2919 66.8665
2920 66.8665
2921 66.8665
2922 66.8665
2923 66.8665
2924 66.8665
2925 66.8665
2926 66.8665
2927 66.8665
2928 66.8665
2929 66.8665
2930 66.8665
2931 66.8665
2932 66.8665
2933 66.8665
2934 66.8665
2935 66.8665
2936 66.8665
2937 66.8665
2938 66.8665
2939 66.8665
2940 66.8665
2941 66.8665
2942 66.8665
2943 66.8665
2944 66.8665
2945 66.8665
2946 66.8665
2947 66.8665
2948 66.8665
2949 66.8665
2950 66.8665
2951 66.8665
2952 66.8665
2953 66.8665
2954 66.8665
2955 66.8665
2956 66.8665
2957 66.8665
2958 66.8665
2959 66.8665
2960 66.8665
2961 66.8665
2962 66.8665
2963 66.8665
2964 66.8665
2965 66.8665
2966 66.8665
2967 66.8665
2968 66.8665
2969 66.8665
2970 66.8665
2971 66.8665
2972 66.8665
2973 66.8665
2974 66.8665
2975 66.8665
2976 66.8665
2977 66.8665
2978 66.8665
2979 66.8665
2980 66.8665
2981 66.8665
2982 66.8665
2983 66.8665
2984 66.8665
2985 66.8665
2986 66.8665
2987 66.8665
2988 66.8665
2989 66.8665
2990 66.8665
2991 66.8665
2992 66.8665
2993 66.8665
2994 66.8665
2995 66.8665
2996 66.8665
2997 66.8665
2998 66.8665
2999 66.8665
3000 66.8665
3001 66.8665
3002 66.8665
3003 66.8665
3004 66.8665
3005 66.8665
3006 66.8665
3007 66.8665
3008 66.8665
3009 66.8665
3010 66.8665
3011 66.8665
3012 66.8665
3013 66.8665
3014 66.8665
3015 66.8665
3016 66.8665
3017 66.8665
3018 66.8665
3019 66.8665
3020 66.8665
3021 66.8665
3022 66.8665
3023 66.8665
3024 66.8665
3025 66.8665
3026 66.8665
3027 66.8665
3028 66.8665
3029 66.8665
3030 66.8665
3031 66.8665
3032 66.8665
3033 66.8665
3034 66.8665
3035 66.8665
3036 66.8665
3037 66.8665
3038 66.8665
3039 66.8665
3040 66.8665
3041 66.8665
3042 66.8665
3043 66.8665
3044 66.8665
3045 66.8665
3046 66.8665
3047 66.8665
3048 66.8665
3049 66.8665
3050 66.8665
3051 66.8665
3052 66.8665
3053 66.8665
3054 66.8665
3055 66.8665
3056 66.8665
3057 66.8665
3058 66.8665
3059 66.8665
3060 66.8665
3061 66.8665
3062 66.8665
3063 66.8665
3064 66.8665
3065 66.8665
3066 66.8665
3067 66.8665
3068 66.8665
3069 66.8665
3070 66.8665
3071 66.8665
3072 66.8665
3073 66.8665
3074 66.8665
3075 66.8665
3076 66.8665
3077 66.8665
3078 66.8665
3079 66.8665
3080 66.8665
3081 66.8665
3082 66.8665
3083 66.8665
3084 66.8665
3085 66.8665
3086 66.8665
3087 66.8665
3088 66.8665
3089 66.8665
3090 66.8665
3091 66.8665
3092 66.8665
3093 66.8665
3094 66.8665
3095 66.8665
3096 66.8665
3097 66.8665
3098 66.8665
3099 66.8665
3100 66.8665
3101 66.8665
3102 66.8665
3103 66.8665
3104 66.8665
3105 66.8665
3106 66.8665
3107 66.8665
3108 66.8665
3109 66.8665
3110 66.8665
3111 66.8665
3112 66.8665
3113 66.8665
3114 66.8665
3115 66.8665
3116 66.8665
3117 66.8665
3118 66.8665
3119 66.8665
3120 66.8665
3121 66.8665
3122 66.8665
3123 66.8665
3124 66.8665
3125 66.8665
3126 66.8665
3127 66.8665
3128 66.8665
3129 66.8665
3130 66.8665
3131 66.8665
3132 66.8665
3133 66.8665
3134 66.8665
3135 66.8665
3136 66.8665
3137 66.8665
3138 66.8665
3139 66.8665
3140 66.8665
3141 66.8665
3142 66.8665
3143 66.8665
3144 66.8665
3145 66.8665
3146 66.8665
3147 66.8665
3148 66.8665
3149 66.8665
3150 66.8665
3151 66.8665
3152 66.8665
3153 66.8665
3154 66.8665
3155 66.8665
3156 66.8665
3157 66.8665
3158 66.8665
3159 66.8665
3160 66.8665
3161 66.8665
3162 66.8665
3163 66.8665
3164 66.8665
3165 66.8665
3166 66.8665
3167 66.8665
3168 66.8665
3169 66.8665
3170 66.8665
3171 66.8665
3172 66.8665
3173 66.8665
3174 66.8665
3175 66.8665
3176 66.8665
3177 66.8665
3178 66.8665
3179 66.8665
3180 66.8665
3181 66.8665
3182 66.8665
3183 66.8665
3184 66.8665
3185 66.8665
3186 66.8665
3187 66.8665
3188 66.8665
3189 66.8665
3190 66.8665
3191 66.8665
3192 66.8665
3193 66.8665
3194 66.8665
3195 66.8665
3196 66.8665
3197 66.8665
3198 66.8665
3199 66.8665
3200 66.8665
3201 66.8665
3202 66.8665
3203 66.8665
3204 66.8665
3205 66.8665
3206 66.8665
3207 66.8665
3208 66.8665
3209 66.8665
3210 66.8665
3211 66.8665
3212 66.8665
3213 66.8665
3214 66.8665
3215 66.8665
3216 66.8665
3217 66.8665
3218 66.8665
3219 66.8665
3220 66.8665
3221 66.8665
3222 66.8665
3223 66.8665
3224 66.8665
3225 66.8665
3226 66.8665
3227 66.8665
3228 66.8665
3229 66.8665
3230 66.8665
3231 66.8665
3232 66.8665
3233 66.8665
3234 66.8665
3235 66.8665
3236 66.8665
3237 66.8665
3238 66.8665
3239 66.8665
3240 66.8665
3241 66.8665
3242 66.8665
3243 66.8665
3244 66.8665
3245 66.8665
3246 66.8665
3247 66.8665
3248 66.8665
3249 66.8665
3250 66.8665
3251 66.8665
3252 66.8665
3253 66.8665
3254 66.8665
3255 66.8665
3256 66.8665
3257 66.8665
3258 66.8665
3259 66.8665
3260 66.8665
3261 66.8665
3262 66.8665
3263 66.8665
3264 66.8665
3265 66.8665
3266 66.8665
3267 66.8665
3268 66.8665
3269 66.8665
3270 66.8665
3271 66.8665
3272 66.8665
3273 66.8665
3274 66.8665
3275 66.8665
3276 66.8665
3277 66.8665
3278 66.8665
3279 66.8665
3280 66.8665
3281 66.8665
3282 66.8665
3283 66.8665
3284 66.8665
3285 66.8665
3286 66.8665
3287 66.8665
3288 66.8665
3289 66.8665
3290 66.8665
3291 66.8665
3292 66.8665
3293 66.8665
3294 66.8665
3295 66.8665
3296 66.8665
3297 66.8665
3298 66.8665
3299 66.8665
3300 66.8665
3301 66.8665
3302 66.8665
3303 66.8665
3304 66.8665
3305 66.8665
3306 66.8665
3307 66.8665
3308 66.8665
3309 66.8665
3310 66.8665
3311 66.8665
3312 66.8665
3313 66.8665
3314 66.8665
3315 66.8665
3316 66.8665
3317 66.8665
3318 66.8665
3319 66.8665
3320 66.8665
3321 66.8665
3322 66.8665
3323 66.8665
3324 66.8665
3325 66.8665
3326 66.8665
3327 66.8665
3328 66.8665
3329 66.8665
3330 66.8665
3331 66.8665
3332 66.8665
3333 66.8665
3334 66.8665
3335 66.8665
3336 66.8665
3337 66.8665
3338 66.8665
3339 66.8665
3340 66.8665
3341 66.8665
3342 66.8665
3343 66.8665
3344 66.8665
3345 66.8665
3346 66.8665
3347 66.8665
3348 66.8665
3349 66.8665
3350 66.8665
3351 66.8665
3352 66.8665
3353 66.8665
3354 66.8665
3355 66.8665
3356 66.8665
3357 66.8665
3358 66.8665
3359 66.8665
3360 66.8665
3361 66.8665
3362 66.8665
3363 66.8665
3364 66.8665
3365 66.8665
3366 66.8665
3367 66.8665
3368 66.8665
3369 66.8665
3370 66.8665
3371 66.8665
3372 66.8665
3373 66.8665
3374 66.8665
3375 66.8665
3376 66.8665
3377 66.8665
3378 66.8665
3379 66.8665
3380 66.8665
3381 66.8665
3382 66.8665
3383 66.8665
3384 66.8665
3385 66.8665
3386 66.8665
3387 66.8665
3388 66.8665
3389 66.8665
3390 66.8665
3391 66.8665
3392 66.8665
3393 66.8665
3394 66.8665
3395 66.8665
3396 66.8665
3397 66.8665
3398 66.8665
3399 66.8665
3400 66.8665
3401 66.8665
3402 66.8665
3403 66.8665
3404 66.8665
3405 66.8665
3406 66.8665
3407 66.8665
3408 66.8665
3409 66.8665
3410 66.8665
3411 66.8665
3412 66.8665
3413 66.8665
3414 66.8665
3415 66.8665
3416 66.8665
3417 66.8665
3418 66.8665
3419 66.8665
3420 66.8665
3421 66.8665
3422 66.8665
3423 66.8665
3424 66.8665
3425 66.8665
3426 66.8665
3427 66.8665
3428 66.8665
3429 66.8665
3430 66.8665
3431 66.8665
3432 66.8665
3433 66.8665
3434 66.8665
3435 66.8665
3436 66.8665
3437 66.8665
3438 66.8665
3439 66.8665
3440 66.8665
3441 66.8665
3442 66.8665
3443 66.8665
3444 66.8665
3445 66.8665
3446 66.8665
3447 66.8665
3448 66.8665
3449 66.8665
3450 66.8665
3451 66.8665
3452 66.8665
3453 66.8665
3454 66.8665
3455 66.8665
3456 66.8665
3457 66.8665
3458 66.8665
3459 66.8665
3460 66.8665
3461 66.8665
3462 66.8665
3463 66.8665
3464 66.8665
3465 66.8665
3466 66.8665
3467 66.8665
3468 66.8665
3469 66.8665
3470 66.8665
3471 66.8665
3472 66.8665
3473 66.8665
3474 66.8665
3475 66.8665
3476 66.8665
3477 66.8665
3478 66.8665
3479 66.8665
3480 66.8665
3481 66.8665
3482 66.8665
3483 66.8665
3484 66.8665
3485 66.8665
3486 66.8665
3487 66.8665
3488 66.8665
3489 66.8665
3490 66.8665
3491 66.8665
3492 66.8665
3493 66.8665
3494 66.8665
3495 66.8665
3496 66.8665
3497 66.8665
3498 66.8665
3499 66.8665
3500 66.8665
3501 66.8665
3502 66.8665
3503 66.8665
3504 66.8665
3505 66.8665
3506 66.8665
3507 66.8665
3508 66.8665
3509 66.8665
3510 66.8665
3511 66.8665
3512 66.8665
3513 66.8665
3514 66.8665
3515 66.8665
3516 66.8665
3517 66.8665
3518 66.8665
3519 66.8665
3520 66.8665
3521 66.8665
3522 66.8665
3523 66.8665
3524 66.8665
3525 66.8665
3526 66.8665
3527 66.8665
3528 66.8665
3529 66.8665
3530 66.8665
3531 66.8665
3532 66.8665
3533 66.8665
3534 66.8665
3535 66.8665
3536 66.8665
3537 66.8665
3538 66.8665
3539 66.8665
3540 66.8665
3541 66.8665
3542 66.8665
3543 66.8665
3544 66.8665
3545 66.8665
3546 66.8665
3547 66.8665
3548 66.8665
3549 66.8665
3550 66.8665
3551 66.8665
3552 66.8665
3553 66.8665
3554 66.8665
3555 66.8665
3556 66.8665
3557 66.8665
3558 66.8665
3559 66.8665
3560 66.8665
3561 66.8665
3562 66.8665
3563 66.8665
3564 66.8665
3565 66.8665
3566 66.8665
3567 66.8665
3568 66.8665
3569 66.8665
3570 66.8665
3571 66.8665
3572 66.8665
3573 66.8665
3574 66.8665
3575 66.8665
3576 66.8665
3577 66.8665
3578 66.8665
3579 66.8665
3580 66.8665
3581 66.8665
3582 66.8665
3583 66.8665
3584 66.8665
3585 66.8665
3586 66.8665
3587 66.8665
3588 66.8665
3589 66.8665
3590 66.8665
3591 66.8665
3592 66.8665
3593 66.8665
3594 66.8665
3595 66.8665
3596 66.8665
3597 66.8665
3598 66.8665
3599 66.8665
3600 66.8665
3601 66.8665
3602 66.8665
3603 66.8665
3604 66.8665
3605 66.8665
3606 66.8665
3607 66.8665
3608 66.8665
3609 66.8665
3610 66.8665
3611 66.8665
3612 66.8665
3613 66.8665
3614 66.8665
3615 66.8665
3616 66.8665
3617 66.8665
3618 66.8665
3619 66.8665
3620 66.8665
3621 66.8665
3622 66.8665
3623 66.8665
3624 66.8665
3625 66.8665
3626 66.8665
3627 66.8665
3628 66.8665
3629 66.8665
3630 66.8665
3631 66.8665
3632 66.8665
3633 66.8665
3634 66.8665
3635 66.8665
3636 66.8665
3637 66.8665
3638 66.8665
3639 66.8665
3640 66.8665
3641 66.8665
3642 66.8665
3643 66.8665
3644 66.8665
3645 66.8665
3646 66.8665
3647 66.8665
3648 66.8665
3649 66.8665
3650 66.8665
3651 66.8665
3652 66.8665
3653 66.8665
3654 66.8665
3655 66.8665
3656 66.8665
3657 66.8665
3658 66.8665
3659 66.8665
3660 66.8665
3661 66.8665
3662 66.8665
3663 66.8665
3664 66.8665
3665 66.8665
3666 66.8665
3667 66.8665
3668 66.8665
3669 66.8665
3670 66.8665
3671 66.8665
3672 66.8665
3673 66.8665
3674 66.8665
3675 66.8665
3676 66.8665
3677 66.8665
3678 66.8665
3679 66.8665
3680 66.8665
3681 66.8665
3682 66.8665
3683 66.8665
3684 66.8665
3685 66.8665
3686 66.8665
3687 66.8665
3688 66.8665
3689 66.8665
3690 66.8665
3691 66.8665
3692 66.8665
3693 66.8665
3694 66.8665
3695 66.8665
3696 66.8665
3697 66.8665
3698 66.8665
3699 66.8665
3700 66.8665
3701 66.8665
3702 66.8665
3703 66.8665
3704 66.8665
3705 66.8665
3706 66.8665
3707 66.8665
3708 66.8665
3709 66.8665
3710 66.8665
3711 66.8665
3712 66.8665
3713 66.8665
3714 66.8665
3715 66.8665
3716 66.8665
3717 66.8665
3718 66.8665
3719 66.8665
3720 66.8665
3721 66.8665
3722 66.8665
3723 66.8665
3724 66.8665
3725 66.8665
3726 66.8665
3727 66.8665
3728 66.8665
3729 66.8665
3730 66.8665
3731 66.8665
3732 66.8665
3733 66.8665
3734 66.8665
3735 66.8665
3736 66.8665
3737 66.8665
3738 66.8665
3739 66.8665
3740 66.8665
3741 66.8665
3742 66.8665
3743 66.8665
3744 66.8665
3745 66.8665
3746 66.8665
3747 66.8665
3748 66.8665
3749 66.8665
3750 66.8665
3751 66.8665
3752 66.8665
3753 66.8665
3754 66.8665
3755 66.8665
3756 66.8665
3757 66.8665
3758 66.8665
3759 66.8665
3760 66.8665
3761 66.8665
3762 66.8665
3763 66.8665
3764 66.8665
3765 66.8665
3766 66.8665
3767 66.8665
3768 66.8665
3769 66.8665
3770 66.8665
3771 66.8665
3772 66.8665
3773 66.8665
3774 66.8665
3775 66.8665
3776 66.8665
3777 66.8665
3778 66.8665
3779 66.8665
3780 66.8665
3781 66.8665
3782 66.8665
3783 66.8665
3784 66.8665
3785 66.8665
3786 66.8665
3787 66.8665
3788 66.8665
3789 66.8665
3790 66.8665
3791 66.8665
3792 66.8665
3793 66.8665
3794 66.8665
3795 66.8665
3796 66.8665
3797 66.8665
3798 66.8665
3799 66.8665
3800 66.8665
3801 66.8665
3802 66.8665
3803 66.8665
3804 66.8665
3805 66.8665
3806 66.8665
3807 66.8665
3808 66.8665
3809 66.8665
3810 66.8665
3811 66.8665
3812 66.8665
3813 66.8665
3814 66.8665
3815 66.8665
3816 66.8665
3817 66.8665
3818 66.8665
3819 66.8665
3820 66.8665
3821 66.8665
3822 66.8665
3823 66.8665
3824 66.8665
3825 66.8665
3826 66.8665
3827 66.8665
3828 66.8665
3829 66.8665
3830 66.8665
3831 66.8665
3832 66.8665
3833 66.8665
3834 66.8665
3835 66.8665
3836 66.8665
3837 66.8665
3838 66.8665
3839 66.8665
3840 66.8665
3841 66.8665
3842 66.8665
3843 66.8665
3844 66.8665
3845 66.8665
3846 66.8665
3847 66.8665
3848 66.8665
3849 66.8665
3850 66.8665
3851 66.8665
3852 66.8665
3853 66.8665
3854 66.8665
3855 66.8665
3856 66.8665
3857 66.8665
3858 66.8665
3859 66.8665
3860 66.8665
3861 66.8665
3862 66.8665
3863 66.8665
3864 66.8665
3865 66.8665
3866 66.8665
3867 66.8665
3868 66.8665
3869 66.8665
3870 66.8665
3871 66.8665
3872 66.8665
3873 66.8665
3874 66.8665
3875 66.8665
3876 66.8665
3877 66.8665
3878 66.8665
3879 66.8665
3880 66.8665
3881 66.8665
3882 66.8665
3883 66.8665
3884 66.8665
3885 66.8665
3886 66.8665
3887 66.8665
3888 66.8665
3889 66.8665
3890 66.8665
3891 66.8665
3892 66.8665
3893 66.8665
3894 66.8665
3895 66.8665
3896 66.8665
3897 66.8665
3898 66.8665
3899 66.8665
3900 66.8665
3901 66.8665
3902 66.8665
3903 66.8665
3904 66.8665
3905 66.8665
3906 66.8665
3907 66.8665
3908 66.8665
3909 66.8665
3910 66.8665
3911 66.8665
3912 66.8665
3913 66.8665
3914 66.8665
3915 66.8665
3916 66.8665
3917 66.8665
3918 66.8665
3919 66.8665
3920 66.8665
3921 66.8665
3922 66.8665
3923 66.8665
3924 66.8665
3925 66.8665
3926 66.8665
3927 66.8665
3928 66.8665
3929 66.8665
3930 66.8665
3931 66.8665
3932 66.8665
3933 66.8665
3934 66.8665
3935 66.8665
3936 66.8665
3937 66.8665
3938 66.8665
3939 66.8665
3940 66.8665
3941 66.8665
3942 66.8665
3943 66.8665
3944 66.8665
3945 66.8665
3946 66.8665
3947 66.8665
3948 66.8665
3949 66.8665
3950 66.8665
3951 66.8665
3952 66.8665
3953 66.8665
3954 66.8665
3955 66.8665
3956 66.8665
3957 66.8665
3958 66.8665
3959 66.8665
3960 66.8665
3961 66.8665
3962 66.8665
3963 66.8665
3964 66.8665
3965 66.8665
3966 66.8665
3967 66.8665
3968 66.8665
3969 66.8665
3970 66.8665
3971 66.8665
3972 66.8665
3973 66.8665
3974 66.8665
3975 66.8665
3976 66.8665
3977 66.8665
3978 66.8665
3979 66.8665
3980 66.8665
3981 66.8665
3982 66.8665
3983 66.8665
3984 66.8665
3985 66.8665
3986 66.8665
3987 66.8665
3988 66.8665
3989 66.8665
3990 66.8665
3991 66.8665
3992 66.8665
3993 66.8665
3994 66.8665
3995 66.8665
3996 66.8665
3997 66.8665
3998 66.8665
3999 66.8665
4000 66.8665
4001 66.1234
4002 66.1234
4003 66.1234
4004 66.1234
4005 66.1234
4006 66.1234
4007 66.1234
4008 66.1234
4009 65.8417
4010 65.8417
4011 65.8417
4012 65.8417
4013 65.8417
4014 65.8417
4015 65.8417
4016 65.8417
4017 65.8417
4018 65.8417
4019 65.8417
4020 65.8417
4021 65.8417
4022 65.8417
4023 65.8164
4024 65.8417
4025 65.8417
4026 65.8164
4027 65.5657
4028 65.5657
4029 65.5657
4030 65.5657
4031 65.5405
4032 65.5405
4033 65.5405
4034 65.5405
4035 65.5405
4036 65.5405
4037 65.5405
4038 65.5405
4039 65.5405
4040 65.5405
4041 65.5405
4042 65.5405
4043 65.5405
4044 65.5405
4045 65.5405
4046 65.5405
4047 65.5405
4048 65.5405
4049 65.5405
4050 65.5405
4051 65.5405
4052 65.5405
4053 65.5405
4054 65.5405
4055 65.5405
4056 65.5405
4057 65.5405
4058 65.5405
4059 65.5405
4060 65.5405
4061 65.5405
4062 65.5405
4063 65.5405
4064 65.5405
4065 65.5405
4066 65.5405
4067 65.5405
4068 65.5405
4069 65.5405
4070 65.5405
4071 65.5405
4072 65.5405
4073 65.5405
4074 65.5405
4075 65.5405
4076 65.5405
4077 65.5405
4078 65.5405
4079 65.5405
4080 65.5405
4081 65.5405
4082 65.5405
4083 65.5405
4084 65.5405
4085 65.5405
4086 65.5405
4087 65.5405
4088 65.5405
4089 65.5405
4090 65.5405
4091 65.5405
4092 65.5405
4093 65.5405
4094 65.5405
4095 65.5405
4096 65.5405
4097 65.5405
4098 65.5405
4099 65.5405
4100 65.5405
4101 65.5405
4102 65.5405
4103 65.5405
4104 65.5405
4105 65.5405
4106 65.5405
4107 65.5405
4108 65.5405
4109 65.5405
4110 65.5405
4111 65.5405
4112 65.5405
4113 65.5405
4114 65.5405
4115 65.5405
4116 65.5405
4117 65.5405
4118 65.5405
4119 65.5405
4120 65.5405
4121 65.5405
4122 65.5405
4123 65.5405
4124 65.5405
4125 65.5405
4126 65.5405
4127 65.5405
4128 65.5405
4129 65.5405
4130 65.5405
4131 65.5405
4132 65.5405
4133 65.5405
4134 65.5405
4135 65.5405
4136 65.5405
4137 65.5405
4138 65.5405
4139 65.5405
4140 65.5405
4141 65.5405
4142 65.5405
4143 65.5405
4144 65.5405
4145 65.5405
4146 65.5405
4147 65.5405
4148 65.5405
4149 65.5405
4150 65.5405
4151 65.5405
4152 65.5405
4153 65.5405
4154 65.5405
4155 65.5405
4156 65.5405
4157 65.5405
4158 65.5405
4159 65.5405
4160 65.5405
4161 65.5405
4162 65.5405
4163 65.5405
4164 65.5405
4165 65.5405
4166 65.5405
4167 65.5405
4168 65.5405
4169 65.5405
4170 65.5405
4171 65.5405
4172 65.5405
4173 65.5405
4174 65.5405
4175 65.5405
4176 65.5405
4177 65.5405
4178 65.5405
4179 65.5405
4180 65.5405
4181 65.5405
4182 65.5405
4183 65.5405
4184 65.5405
4185 65.5405
4186 65.5405
4187 65.5405
4188 65.5405
4189 65.5405
4190 65.5405
4191 65.5405
4192 65.5405
4193 65.5405
4194 65.5405
4195 65.5405
4196 65.5405
4197 65.5405
4198 65.5405
4199 65.5405
4200 65.5405
4201 65.5405
4202 65.5405
4203 65.5405
4204 65.5405
4205 65.5405
4206 65.5405
4207 65.5405
4208 65.5405
4209 65.5405
4210 65.5405
4211 65.5405
4212 65.5405
4213 65.5405
4214 65.5405
4215 65.5405
4216 65.5405
4217 65.5405
4218 65.5405
4219 65.5405
4220 65.5405
4221 65.5405
4222 65.5405
4223 65.5405
4224 65.5405
4225 65.5405
4226 65.5405
4227 65.5405
4228 65.5405
4229 65.5405
4230 65.5405
4231 65.5405
4232 65.5405
4233 65.5405
4234 65.5405
4235 65.5405
4236 65.5405
4237 65.5405
4238 65.5405
4239 65.5405
4240 65.5405
4241 65.5405
4242 65.5405
4243 65.5405
4244 65.5405
4245 65.5405
4246 65.5405
4247 65.5405
4248 65.5405
4249 65.5405
4250 65.5405
4251 65.5405
4252 65.5405
4253 65.5405
4254 65.5405
4255 65.5405
4256 65.5405
4257 65.5405
4258 65.5405
4259 65.5405
4260 65.5405
4261 65.5405
4262 65.5405
4263 65.5405
4264 65.5405
4265 65.5405
4266 65.5405
4267 65.5405
4268 65.5405
4269 65.5405
4270 65.5405
4271 65.5405
4272 65.5405
4273 65.5405
4274 65.5405
4275 65.5405
4276 65.5405
4277 65.5405
4278 65.5405
4279 65.5405
4280 65.5405
4281 65.5405
4282 65.5405
4283 65.5405
4284 65.5405
4285 65.5405
4286 65.5405
4287 65.5405
4288 65.5405
4289 65.5405
4290 65.5405
4291 65.5405
4292 65.5405
4293 65.5405
4294 65.5405
4295 65.5405
4296 65.5405
4297 65.5405
4298 65.5405
4299 65.5405
4300 65.5405
4301 65.5405
4302 65.5405
4303 65.5405
4304 65.5405
4305 65.5405
4306 65.5405
4307 65.5405
4308 65.5405
4309 65.5405
4310 65.5405
4311 65.5405
4312 65.5405
4313 65.5405
4314 65.5405
4315 65.5405
4316 65.5405
4317 65.5405
4318 65.5405
4319 65.5405
4320 65.5405
4321 65.5405
4322 65.5405
4323 65.5405
4324 65.5405
4325 65.5405
4326 65.5405
4327 65.5405
4328 65.5405
4329 65.5405
4330 65.5405
4331 65.5405
4332 65.5405
4333 65.5405
4334 65.5405
4335 65.5405
4336 65.5405
4337 65.5405
4338 65.5405
4339 65.5405
4340 65.5405
4341 65.5405
4342 65.5405
4343 65.5405
4344 65.5405
4345 65.5405
4346 65.5405
4347 65.5405
4348 65.5405
4349 65.5405
4350 65.5405
4351 65.5405
4352 65.5405
4353 65.5405
4354 65.5405
4355 65.5405
4356 65.5405
4357 65.5405
4358 65.5405
4359 65.5405
4360 65.5405
4361 65.5405
4362 65.5405
4363 65.5405
4364 65.5405
4365 65.5405
4366 65.5405
4367 65.5405
4368 65.5405
4369 65.5405
4370 65.5405
4371 65.5405
4372 65.5405
4373 65.5405
4374 65.5405
4375 65.5405
4376 65.5405
4377 65.5405
4378 65.5405
4379 65.5405
4380 65.5405
4381 65.5405
4382 65.5405
4383 65.5405
4384 65.5405
4385 65.5405
4386 65.5405
4387 65.5405
4388 65.5405
4389 65.5405
4390 65.5405
4391 65.5405
4392 65.5405
4393 65.5405
4394 65.5405
4395 65.5405
4396 65.5405
4397 65.5405
4398 65.5405
4399 65.5405
4400 65.5405
4401 65.5405
4402 65.5405
4403 65.5405
4404 65.5405
4405 65.5405
4406 65.5405
4407 65.5405
4408 65.5405
4409 65.5405
4410 65.5405
4411 65.5405
4412 65.5405
4413 65.5405
4414 65.5405
4415 65.5405
4416 65.5405
4417 65.5405
4418 65.5405
4419 65.5405
4420 65.5405
4421 65.5405
4422 65.5405
4423 65.5405
4424 65.5405
4425 65.5405
4426 65.5405
4427 65.5405
4428 65.5405
4429 65.5405
4430 65.5405
4431 65.5405
4432 65.5405
4433 65.5405
4434 65.5405
4435 65.5405
4436 65.5405
4437 65.5405
4438 65.5405
4439 65.5405
4440 65.5405
4441 65.5405
4442 65.5405
4443 65.5405
4444 65.5405
4445 65.5405
4446 65.5405
4447 65.5405
4448 65.5405
4449 65.5405
4450 65.5405
4451 65.5405
4452 65.5405
4453 65.5405
4454 65.5405
4455 65.5405
4456 65.5405
4457 65.5405
4458 65.5405
4459 65.5405
4460 65.5405
4461 65.5405
4462 65.5405
4463 65.5405
4464 65.5405
4465 65.5405
4466 65.5405
4467 65.5405
4468 65.5405
4469 65.5405
4470 65.5405
4471 65.5405
4472 65.5405
4473 65.5405
4474 65.5405
4475 65.5405
4476 65.5405
4477 65.5405
4478 65.5405
4479 65.5405
4480 65.5405
4481 65.5405
4482 65.5405
4483 65.5405
4484 65.5405
4485 65.5405
4486 65.5405
4487 65.5405
4488 65.5405
4489 65.5405
4490 65.5405
4491 65.5405
4492 65.5405
4493 65.5405
4494 65.5405
4495 65.5405
4496 65.5405
4497 65.5405
4498 65.5405
4499 65.5405
4500 65.5405
4501 65.5405
4502 65.5405
4503 65.5405
4504 65.5405
4505 65.5405
4506 65.5405
4507 65.5405
4508 65.5405
4509 65.5405
4510 65.5405
4511 65.5405
4512 65.5405
4513 65.5405
4514 65.5405
4515 65.5405
4516 65.5405
4517 65.5405
4518 65.5405
4519 65.5405
4520 65.5405
4521 65.5405
4522 65.5405
4523 65.5405
4524 65.5405
4525 65.5405
4526 65.5405
4527 65.5405
4528 65.5405
4529 65.5405
4530 65.5405
4531 65.5405
4532 65.5405
4533 65.5405
4534 65.5405
4535 65.5405
4536 65.5405
4537 65.5405
4538 65.5405
4539 65.5405
4540 65.5405
4541 65.5405
4542 65.5405
4543 65.5405
4544 65.5405
4545 65.5405
4546 65.5405
4547 65.5405
4548 65.5405
4549 65.5405
4550 65.5405
4551 65.5405
4552 65.5405
4553 65.5405
4554 65.5405
4555 65.5405
4556 65.5405
4557 65.5405
4558 65.5405
4559 65.5405
4560 65.5405
4561 65.5405
4562 65.5405
4563 65.5405
4564 65.5405
4565 65.5405
4566 65.5405
4567 65.5405
4568 65.5405
4569 65.5405
4570 65.5405
4571 65.5405
4572 65.5405
4573 65.5405
4574 65.5405
4575 65.5405
4576 65.5405
4577 65.5405
4578 65.5405
4579 65.5405
4580 65.5405
4581 65.5405
4582 65.5405
4583 65.5405
4584 65.5405
4585 65.5405
4586 65.5405
4587 65.5405
4588 65.5405
4589 65.5405
4590 65.5405
4591 65.5405
4592 65.5405
4593 65.5405
4594 65.5405
4595 65.5405
4596 65.5405
4597 65.5405
4598 65.5405
4599 65.5405
4600 65.5405
4601 65.5405
4602 65.5405
4603 65.5405
4604 65.5405
4605 65.5405
4606 65.5405
4607 65.5405
4608 65.5405
4609 65.5405
4610 65.5405
4611 65.5405
4612 65.5405
4613 65.5405
4614 65.5405
4615 65.5405
4616 65.5405
4617 65.5405
4618 65.5405
4619 65.5405
4620 65.5405
4621 65.5405
4622 65.5405
4623 65.5405
4624 65.5405
4625 65.5405
4626 65.5405
4627 65.5405
4628 65.5405
4629 65.5405
4630 65.5405
4631 65.5405
4632 65.5405
4633 65.5405
4634 65.5405
4635 65.5405
4636 65.5405
4637 65.5405
4638 65.5405
4639 65.5405
4640 65.5405
4641 65.5405
4642 65.5405
4643 65.5405
4644 65.5405
4645 65.5405
4646 65.5405
4647 65.5405
4648 65.5405
4649 65.5405
4650 65.5405
4651 65.5405
4652 65.5405
4653 65.5405
4654 65.5405
4655 65.5405
4656 65.5405
4657 65.5405
4658 65.5405
4659 65.5405
4660 65.5405
4661 65.5405
4662 65.5405
4663 65.5405
4664 65.5405
4665 65.5405
4666 65.5405
4667 65.5405
4668 65.5405
4669 65.5405
4670 65.5405
4671 65.5405
4672 65.5405
4673 65.5405
4674 65.5405
4675 65.5405
4676 65.5405
4677 65.5405
4678 65.5405
4679 65.5405
4680 65.5405
4681 65.5405
4682 65.5405
4683 65.5405
4684 65.5405
4685 65.5405
4686 65.5405
4687 65.5405
4688 65.5405
4689 65.5405
4690 65.5405
4691 65.5405
4692 65.5405
4693 65.5405
4694 65.5405
4695 65.5405
4696 65.5405
4697 65.5405
4698 65.5405
4699 65.5405
4700 65.5405
4701 65.5405
4702 65.5405
4703 65.5405
4704 65.5405
4705 65.5405
4706 65.5405
4707 65.5405
4708 65.5405
4709 65.5405
4710 65.5405
4711 65.5405
4712 65.5405
4713 65.5405
4714 65.5405
4715 65.5405
4716 65.5405
4717 65.5405
4718 65.5405
4719 65.5405
4720 65.5405
4721 65.5405
4722 65.5405
4723 65.5405
4724 65.5405
4725 65.5405
4726 65.5405
4727 65.5405
4728 65.5405
4729 65.5405
4730 65.5405
4731 65.5405
4732 65.5405
4733 65.5405
4734 65.5405
4735 65.5405
4736 65.5405
4737 65.5405
4738 65.5405
4739 65.5405
4740 65.5405
4741 65.5405
4742 65.5405
4743 65.5405
4744 65.5405
4745 65.5405
4746 65.5405
4747 65.5405
4748 65.5405
4749 65.5405
4750 65.5405
4751 65.5405
4752 65.5405
4753 65.5405
4754 65.5405
4755 65.5405
4756 65.5405
4757 65.5405
4758 65.5405
4759 65.5405
4760 65.5405
4761 65.5405
4762 65.5405
4763 65.5405
4764 65.5405
4765 65.5405
4766 65.5405
4767 65.5405
4768 65.5405
4769 65.5405
4770 65.5405
4771 65.5405
4772 65.5405
4773 65.5405
4774 65.5405
4775 65.5405
4776 65.5405
4777 65.5405
4778 65.5405
4779 65.5405
4780 65.5405
4781 65.5405
4782 65.5405
4783 65.5405
4784 65.5405
4785 65.5405
4786 65.5405
4787 65.5405
4788 65.5405
4789 65.5405
4790 65.5405
4791 65.5405
4792 65.5405
4793 65.5405
4794 65.5405
4795 65.5405
4796 65.5405
4797 65.5405
4798 65.5405
4799 65.5405
4800 65.5405
4801 65.5405
4802 65.5405
4803 65.5405
4804 65.5405
4805 65.5405
4806 65.5405
4807 65.5405
4808 65.5405
4809 65.5405
4810 65.5405
4811 65.5405
4812 65.5405
4813 65.5405
4814 65.5405
4815 65.5405
4816 65.5405
4817 65.5405
4818 65.5405
4819 65.5405
4820 65.5405
4821 65.5405
4822 65.5405
4823 65.5405
4824 65.5405
4825 65.5405
4826 65.5405
4827 65.5405
4828 65.5405
4829 65.5405
4830 65.5405
4831 65.5405
4832 65.5405
4833 65.5405
4834 65.5405
4835 65.5405
4836 65.5405
4837 65.5405
4838 65.5405
4839 65.5405
4840 65.5405
4841 65.5405
4842 65.5405
4843 65.5405
4844 65.5405
4845 65.5405
4846 65.5405
4847 65.5405
4848 65.5405
4849 65.5405
4850 65.5405
4851 65.5405
4852 65.5405
4853 65.5405
4854 65.5405
4855 65.5405
4856 65.5405
4857 65.5405
4858 65.5405
4859 65.5405
4860 65.5405
4861 65.5405
4862 65.5405
4863 65.5405
4864 65.5405
4865 65.5405
4866 65.5405
4867 65.5405
4868 65.5405
4869 65.5405
4870 65.5405
4871 65.5405
4872 65.5405
4873 65.5405
4874 65.5405
4875 65.5405
4876 65.5405
4877 65.5405
4878 65.5405
4879 65.5405
4880 65.5405
4881 65.5405
4882 65.5405
4883 65.5405
4884 65.5405
4885 65.5405
4886 65.5405
4887 65.5405
4888 65.5405
4889 65.5405
4890 65.5405
4891 65.5405
4892 65.5405
4893 65.5405
4894 65.5405
4895 65.5405
4896 65.5405
4897 65.5405
4898 65.5405
4899 65.5405
4900 65.5405
4901 65.5405
4902 65.5405
4903 65.5405
4904 65.5405
4905 65.5405
4906 65.5405
4907 65.5405
4908 65.5405
4909 65.5405
4910 65.5405
4911 65.5405
4912 65.5405
4913 65.5405
4914 65.5405
4915 65.5405
4916 65.5405
4917 65.5405
4918 65.5405
4919 65.5405
4920 65.5405
4921 65.5405
4922 65.5405
4923 65.5405
4924 65.5405
4925 65.5405
4926 65.5405
4927 65.5405
4928 65.5405
4929 65.5405
4930 65.5405
4931 65.5405
4932 65.5405
4933 65.5209
4934 65.5405
4935 65.5405
4936 65.5405
4937 65.5405
4938 65.5405
4939 65.5405
4940 65.5405
4941 65.5405
4942 65.5405
4943 65.5405
4944 65.5405
4945 65.5405
4946 65.5405
4947 65.5405
4948 65.5405
4949 65.5405
4950 65.5405
4951 65.5405
4952 65.5405
4953 65.5405
4954 65.5405
4955 65.5405
4956 65.5405
4957 65.5405
4958 65.5405
4959 65.5405
4960 65.5405
4961 65.5405
4962 65.5405
4963 65.5405
4964 65.5405
4965 65.5405
4966 65.5405
4967 65.5405
4968 65.5405
4969 65.5405
4970 65.5405
4971 65.5405
4972 65.5405
4973 65.5405
4974 65.5405
4975 65.5405
4976 65.5405
4977 65.5405
4978 65.5405
4979 65.5405
4980 65.5405
4981 65.5405
4982 65.5405
4983 65.5405
4984 65.5405
4985 65.5405
4986 65.5405
4987 65.5405
4988 65.5405
4989 65.5405
4990 65.5405
4991 65.5405
4992 65.5405
4993 65.5405
4994 65.5405
4995 65.5405
4996 65.5405
4997 65.5405
4998 65.5405
4999 65.5405
5000 65.5405
5001 65.5405
5002 65.5405
5003 65.5405
5004 65.5405
5005 65.5405
5006 65.5405
5007 65.5405
5008 65.5405
5009 65.5405
5010 65.5405
5011 65.5405
5012 65.5405
5013 65.5405
5014 65.5405
5015 65.5405
5016 65.5405
5017 65.5405
5018 65.5405
5019 65.5405
5020 65.5405
5021 65.5405
5022 65.5405
5023 65.5405
5024 65.5405
5025 65.5405
5026 65.5405
5027 65.5405
5028 65.5405
5029 65.5405
5030 65.5405
5031 65.5405
5032 65.5405
5033 65.5405
5034 65.5405
5035 65.5405
5036 65.5405
5037 65.5405
5038 65.5405
5039 65.5405
5040 65.5405
5041 65.5405
5042 65.5405
5043 65.5405
5044 65.5405
5045 65.5405
5046 65.5405
5047 65.5405
5048 65.5405
5049 65.5405
5050 65.5405
5051 65.5405
5052 65.5405
5053 65.5405
5054 65.5405
5055 65.5405
5056 65.5405
5057 65.5405
5058 65.5405
5059 65.5405
5060 65.5405
5061 65.5405
5062 65.5405
5063 65.5405
5064 65.5405
5065 65.5405
5066 65.5405
5067 65.5405
5068 65.5405
5069 65.5405
5070 65.5405
5071 65.5405
5072 65.5405
5073 65.5405
5074 65.5405
5075 65.5405
5076 65.5405
5077 65.5405
5078 65.5405
5079 65.5405
5080 65.5405
5081 65.5405
5082 65.5405
5083 65.5405
5084 65.5405
5085 65.5405
5086 65.5405
5087 65.5405
5088 65.5405
5089 65.5405
5090 65.5405
5091 65.5405
5092 65.5405
5093 65.5405
5094 65.5405
5095 65.5405
5096 65.5405
5097 65.5405
5098 65.5405
5099 65.5405
5100 65.5405
5101 65.5405
5102 65.5405
5103 65.5405
5104 65.5405
5105 65.5405
5106 65.5405
5107 65.5405
5108 65.5405
5109 65.5405
5110 65.5405
5111 65.5405
5112 65.5405
5113 65.5405
5114 65.5405
5115 65.5405
5116 65.5405
5117 65.5405
5118 65.5405
5119 65.5405
5120 65.5405
5121 65.5405
5122 65.5405
5123 65.5405
5124 65.5405
5125 65.5405
5126 65.5405
5127 65.5405
5128 65.5405
5129 65.5405
5130 65.5405
5131 65.5405
5132 65.5405
5133 65.5405
5134 65.5405
5135 65.5405
5136 65.5405
5137 65.5405
5138 65.5405
5139 65.5405
5140 65.5405
5141 65.5405
5142 65.5405
5143 65.5405
5144 65.5405
5145 65.5405
5146 65.5405
5147 65.5405
5148 65.5405
5149 65.5405
5150 65.5405
5151 65.5405
5152 65.5405
5153 65.5405
5154 65.5405
5155 65.5405
5156 65.5405
5157 65.5405
5158 65.5405
5159 65.5405
5160 65.5405
5161 65.5405
5162 65.5405
5163 65.5405
5164 65.5405
5165 65.5405
5166 65.5405
5167 65.5405
5168 65.5405
5169 65.5405
5170 65.5405
5171 65.5405
5172 65.5405
5173 65.5405
5174 65.5405
5175 65.5405
5176 65.5405
5177 65.5405
5178 65.5405
5179 65.5405
5180 65.5405
5181 65.5405
5182 65.5405
5183 65.5405
5184 65.5405
5185 65.5405
5186 65.5405
5187 65.5405
5188 65.5405
5189 65.5405
5190 65.5405
5191 65.5405
5192 65.5405
5193 65.5405
5194 65.5405
5195 65.5405
5196 65.5405
5197 65.5405
5198 65.5405
5199 65.5405
5200 65.5405
5201 65.5405
5202 65.5405
5203 65.5405
5204 65.5405
5205 65.5405
5206 65.5405
5207 65.5405
5208 65.5405
5209 65.5405
5210 65.5405
5211 65.5405
5212 65.5405
5213 65.5405
5214 65.5405
5215 65.5405
5216 65.5405
5217 65.5405
5218 65.5405
5219 65.5405
5220 65.5405
5221 65.5405
5222 65.5405
5223 65.5405
5224 65.5405
5225 65.5405
5226 65.5405
5227 65.5405
5228 65.5405
5229 65.5405
5230 65.5405
5231 65.5405
5232 65.5405
5233 65.5405
5234 65.5405
5235 65.5405
5236 65.5405
5237 65.5405
5238 65.5405
5239 65.5405
5240 65.5405
5241 65.5405
5242 65.5405
5243 65.5405
5244 65.5405
5245 65.5405
5246 65.5405
5247 65.5405
5248 65.5405
5249 65.5405
5250 65.5405
5251 65.5405
5252 65.5405
5253 65.5405
5254 65.5405
5255 65.5405
5256 65.5405
5257 65.5405
5258 65.5405
5259 65.5405
5260 65.5405
5261 65.5405
5262 65.5405
5263 65.5405
5264 65.5405
5265 65.5405
5266 65.5405
5267 65.5405
5268 65.5405
5269 65.5405
5270 65.5405
5271 65.5405
5272 65.5405
5273 65.5405
5274 65.5405
5275 65.5405
5276 65.5405
5277 65.5405
5278 65.5405
5279 65.5405
5280 65.5405
5281 65.5405
5282 65.5405
5283 65.5405
5284 65.5405
5285 65.5405
5286 65.5405
5287 65.5405
5288 65.5405
5289 65.5405
5290 65.5405
5291 65.5405
5292 65.5405
5293 65.5405
5294 65.5405
5295 65.5405
5296 65.5405
5297 65.5405
5298 65.5405
5299 65.5405
5300 65.5405
5301 65.5405
5302 65.5405
5303 65.5405
5304 65.5405
5305 65.5405
5306 65.5405
5307 65.5405
5308 65.5405
5309 65.5405
5310 65.5405
5311 65.5405
5312 65.5405
5313 65.5405
5314 65.5405
5315 65.5405
5316 65.5405
5317 65.5405
5318 65.5405
5319 65.5405
5320 65.5405
5321 65.5405
5322 65.5405
5323 65.5405
5324 65.5405
5325 65.5405
5326 65.5405
5327 65.5405
5328 65.5405
5329 65.5405
5330 65.5405
5331 65.5405
5332 65.5405
5333 65.5405
5334 65.5405
5335 65.5405
5336 65.5405
5337 65.5405
5338 65.5405
5339 65.5405
5340 65.5405
5341 65.5405
5342 65.5405
5343 65.5405
5344 65.5405
5345 65.5405
5346 65.5405
5347 65.5405
5348 65.5405
5349 65.5405
5350 65.5405
5351 65.5405
5352 65.5405
5353 65.5405
5354 65.5405
5355 65.5405
5356 65.5405
5357 65.5405
5358 65.5405
5359 65.5209
5360 65.5209
5361 65.5209
5362 65.5209
5363 65.5209
5364 65.5209
5365 65.5209
5366 65.5209
5367 65.5209
5368 65.5209
5369 65.5209
5370 65.5209
5371 65.5209
5372 65.5209
5373 65.5209
5374 65.5209
5375 65.5209
5376 65.5209
5377 65.5209
5378 65.5209
5379 65.5209
5380 65.5209
5381 65.5209
5382 65.5209
5383 65.5209
5384 65.5209
5385 65.5209
5386 65.5209
5387 65.5209
5388 65.5209
5389 65.5209
5390 65.5209
5391 65.5209
5392 65.5209
5393 65.5209
5394 65.5209
5395 65.5209
5396 65.5209
5397 65.5209
5398 65.5209
5399 65.5209
5400 65.5209
5401 65.5209
5402 65.5209
5403 65.5209
5404 65.5209
5405 65.5209
5406 65.5209
5407 65.5209
5408 65.5209
5409 65.5209
5410 65.5209
5411 65.5209
5412 65.5209
5413 65.5209
5414 65.5209
5415 65.5209
5416 65.5209
5417 65.5209
5418 65.5209
5419 65.5209
5420 65.5209
5421 65.5209
5422 65.5209
5423 65.5209
5424 65.5209
5425 65.5209
5426 65.5209
5427 65.5209
5428 65.5209
5429 65.5209
5430 65.5209
5431 65.5209
5432 65.5209
5433 65.5209
5434 65.5209
5435 65.5209
5436 65.5209
5437 65.5209
5438 65.5209
5439 65.5209
5440 65.5209
5441 65.3189
5442 65.3189
5443 65.3189
5444 65.3189
5445 65.3189
5446 65.3189
5447 65.3189
5448 65.3189
5449 65.3189
5450 65.3189
5451 65.3189
5452 65.3189
5453 65.3189
5454 65.3189
5455 65.3189
5456 65.3189
5457 65.3189
5458 65.3189
5459 65.3189
5460 65.3189
5461 65.3189
5462 65.3189
5463 65.3189
5464 65.3189
5465 65.3189
5466 65.3189
5467 65.3189
5468 65.3189
5469 65.3189
5470 65.3189
5471 65.3189
5472 65.3189
5473 65.3189
5474 65.3189
5475 65.3189
5476 65.3189
5477 65.3189
5478 65.3189
5479 65.3189
5480 65.3189
5481 65.3189
5482 65.3189
5483 65.3189
5484 65.3189
5485 65.3189
5486 65.3189
5487 65.3189
5488 65.3189
5489 65.3189
5490 65.3189
5491 65.3189
5492 65.3189
5493 65.3189
5494 65.3189
5495 65.3189
5496 65.3189
5497 65.3189
5498 65.3189
5499 65.3189
5500 65.3189
5501 65.3189
5502 65.3189
5503 65.3189
5504 65.3189
5505 65.3189
5506 65.3189
5507 65.3189
5508 65.3189
5509 65.3189
5510 65.3189
5511 65.3189
5512 65.3189
5513 65.3189
5514 65.3189
5515 65.3189
5516 65.3189
5517 65.3189
5518 65.3189
5519 65.3189
5520 65.3189
5521 65.3189
5522 65.3189
5523 65.3189
5524 65.3189
5525 65.3189
5526 65.3189
5527 65.3189
5528 65.3189
5529 65.3189
5530 65.3189
5531 65.3189
5532 65.3189
5533 65.3189
5534 65.3189
5535 65.3189
5536 65.3189
5537 65.3189
5538 65.3189
5539 65.3189
5540 65.3189
5541 65.3189
5542 65.3189
5543 65.3189
5544 65.3189
5545 65.3189
5546 65.3189
5547 65.3189
5548 65.3189
5549 65.3189
5550 65.3189
5551 65.3189
5552 65.3189
5553 65.3189
5554 65.3189
5555 65.3189
5556 65.3189
5557 65.3189
5558 65.3189
5559 65.3189
5560 65.3189
5561 65.3189
5562 65.3189
5563 65.3189
5564 65.3189
5565 65.3189
5566 65.3189
5567 65.3189
5568 65.3189
5569 65.3189
5570 65.3189
5571 65.3189
5572 65.3189
5573 65.3189
5574 65.3189
5575 65.3189
5576 65.3189
5577 65.3189
5578 65.3189
5579 65.3189
5580 65.3189
5581 65.3189
5582 65.3189
5583 65.3189
5584 65.3189
5585 65.3189
5586 65.3189
5587 65.3189
5588 65.3189
5589 65.3189
5590 65.3189
5591 65.3189
5592 65.3189
5593 65.3189
5594 65.3189
5595 65.3189
5596 65.3189
5597 65.3189
5598 65.3189
5599 65.3189
5600 65.3189
5601 65.3189
5602 65.3189
5603 65.3189
5604 65.3189
5605 65.3189
5606 65.3189
5607 65.3189
5608 65.3189
5609 65.3189
5610 65.3189
5611 65.3189
5612 65.3189
5613 65.3189
5614 65.3189
5615 65.3189
5616 65.3189
5617 65.3189
5618 65.3189
5619 65.3189
5620 65.3189
5621 65.3189
5622 65.3189
5623 65.3189
5624 65.3189
5625 65.3189
5626 65.3189
5627 65.3189
5628 65.3189
5629 65.3189
5630 65.3189
5631 65.3189
5632 65.3189
5633 65.3189
5634 65.3189
5635 65.3189
5636 65.3189
5637 65.3189
5638 65.3189
5639 65.3189
5640 65.3189
5641 65.3189
5642 65.3189
5643 65.3189
5644 65.3189
5645 65.3189
5646 65.3189
5647 65.3189
5648 65.3189
5649 65.3189
5650 65.3189
5651 65.3189
5652 65.3189
5653 65.3189
5654 65.3189
5655 65.3189
5656 65.3189
5657 65.3189
5658 65.3189
5659 65.3189
5660 65.3189
5661 65.3189
5662 65.3189
5663 65.3189
5664 65.3189
5665 65.3189
5666 65.3189
5667 65.3189
5668 65.3189
5669 65.3189
5670 65.3189
5671 65.3189
5672 65.3189
5673 65.3189
5674 65.3189
5675 65.3189
5676 65.3189
5677 65.3189
5678 65.3189
5679 65.3189
5680 65.3189
5681 65.3189
5682 65.3189
5683 65.3189
5684 65.3189
5685 65.3189
5686 65.3189
5687 65.3189
5688 65.3189
5689 65.3189
5690 65.3189
5691 65.3189
5692 65.3189
5693 65.3189
5694 65.3189
5695 65.3189
5696 65.3189
5697 65.3189
5698 65.3189
5699 65.3189
5700 65.3189
5701 65.3189
5702 65.3189
5703 65.3189
5704 65.3189
5705 65.3189
5706 65.3189
5707 65.3189
5708 65.3189
5709 65.3189
5710 65.3189
5711 65.3189
5712 65.3189
5713 65.3189
5714 65.3189
5715 65.3189
5716 65.3189
5717 65.3189
5718 65.3189
5719 65.3189
5720 65.3189
5721 65.3189
5722 65.3189
5723 65.3189
5724 65.3189
5725 65.3189
5726 65.3189
5727 65.3189
5728 65.3189
5729 65.3189
5730 65.3189
5731 65.3189
5732 65.3189
5733 65.3189
5734 65.3189
5735 65.3189
5736 65.3189
5737 65.3189
5738 65.3189
5739 65.3189
5740 65.3189
5741 65.3189
5742 65.3189
5743 65.3189
5744 65.3189
5745 65.3189
5746 65.3189
5747 65.3189
5748 65.3189
5749 65.3189
5750 65.3189
5751 65.3189
5752 65.3189
5753 65.3189
5754 65.3189
5755 65.3189
5756 65.3189
5757 65.3189
5758 65.3189
5759 65.3189
5760 65.3189
5761 65.3189
5762 65.3189
5763 65.3189
5764 65.3189
5765 65.3189
5766 65.3189
5767 65.3189
5768 65.3189
5769 65.3189
5770 65.3189
5771 65.3189
5772 65.3189
5773 65.3189
5774 65.3189
5775 65.3189
5776 65.3189
5777 65.3189
5778 65.3189
5779 65.3189
5780 65.3189
5781 65.3189
5782 65.3189
5783 65.3189
5784 65.3189
5785 65.3189
5786 65.3189
5787 65.3189
5788 65.3189
5789 65.3189
5790 65.3189
5791 65.3189
5792 65.3189
5793 65.3189
5794 65.3189
5795 65.3189
5796 65.3189
5797 65.3189
5798 65.3189
5799 65.3189
5800 65.3189
5801 65.3189
5802 65.3189
5803 65.3189
5804 65.3189
5805 65.3189
5806 65.3189
5807 65.3189
5808 65.3189
5809 65.3189
5810 65.3189
5811 65.3189
5812 65.3189
5813 65.3189
5814 65.3189
5815 65.3189
5816 65.3189
5817 65.3189
5818 65.3189
5819 65.3189
5820 65.3189
5821 65.3189
5822 65.3189
5823 65.3189
5824 65.3189
5825 65.3189
5826 65.3189
5827 65.3189
5828 65.3189
5829 65.3189
5830 65.3189
5831 65.3189
5832 65.3189
5833 65.3189
5834 65.3189
5835 65.3189
5836 65.3189
5837 65.3189
5838 65.3189
5839 65.3189
5840 65.3189
5841 65.3189
5842 65.3189
5843 65.3189
5844 65.3189
5845 65.3189
5846 65.3189
5847 65.3189
5848 65.3189
5849 65.3189
5850 65.3189
5851 65.3189
5852 65.3189
5853 65.3189
5854 65.3189
5855 65.3189
5856 65.3189
5857 65.3189
5858 65.3189
5859 65.3189
5860 65.3189
5861 65.3189
5862 65.3189
5863 65.3189
5864 65.3189
5865 65.3189
5866 65.3189
5867 65.3189
5868 65.3189
5869 65.3189
5870 65.3189
5871 65.3189
5872 65.3189
5873 65.3189
5874 65.3189
5875 65.3189
5876 65.3189
5877 65.3189
5878 65.3189
5879 65.3189
5880 65.3189
5881 65.3189
5882 65.3189
5883 65.3189
5884 65.3189
5885 65.3189
5886 65.3189
5887 65.3189
5888 65.3189
5889 65.3189
5890 65.3189
5891 65.3189
5892 65.3189
5893 65.3189
5894 65.3189
5895 65.3189
5896 65.3189
5897 65.3189
5898 65.3189
5899 65.3189
5900 65.3189
5901 65.3189
5902 65.3189
5903 65.3189
5904 65.3189
5905 65.3189
5906 65.3189
5907 65.3189
5908 65.3189
5909 65.3189
5910 65.3189
5911 65.3189
5912 65.3189
5913 65.3189
5914 65.3189
5915 65.3189
5916 65.3189
5917 65.3189
5918 65.3189
5919 65.3189
5920 65.3189
5921 65.3189
5922 65.3189
5923 65.3189
5924 65.3189
5925 65.3189
5926 65.3189
5927 65.3189
5928 65.3189
5929 65.3189
5930 65.3189
5931 65.3189
5932 65.3189
5933 65.3189
5934 65.3189
5935 65.3189
5936 65.3189
5937 65.3189
5938 65.3189
5939 65.3189
5940 65.3189
5941 65.3189
5942 65.3189
5943 65.3189
5944 65.3189
5945 65.3189
5946 65.3189
5947 65.3189
5948 65.3189
5949 65.3189
5950 65.3189
5951 65.3189
5952 65.3189
5953 65.3189
5954 65.3189
5955 65.3189
5956 65.3189
5957 65.3189
5958 65.3189
5959 65.3189
5960 65.3189
5961 65.3189
5962 65.3189
5963 65.3189
5964 65.3189
5965 65.3189
5966 65.3189
5967 65.3189
5968 65.3189
5969 65.3189
5970 65.3189
5971 65.3189
5972 65.3189
5973 65.3189
5974 65.3189
5975 65.3189
5976 65.3189
5977 65.3189
5978 65.3189
5979 65.3189
5980 65.3189
5981 65.3189
5982 65.3189
5983 65.3189
5984 65.3189
5985 65.3189
5986 65.3189
5987 65.3189
5988 65.3189
5989 65.3189
5990 65.3189
5991 65.3189
5992 65.3189
5993 65.3189
5994 65.3189
5995 65.3189
5996 65.3189
5997 65.3189
5998 65.3189
5999 65.3189
4000 65.3189
