1 -0.754701 -0.660164
2 -0.0417242 -0.0114806
3 -0.54778 0.989221
4 0.837711 0.879751
5 0.312037 0.810967
6 -0.894478 -0.092985
7 0.410058 -0.827986
8 0.426846 -0.776446
9 0.303909 -0.572297
10 0.459299 -0.337669
11 -0.732392 -0.893041
12 -0.832092 -0.681482
13 -0.454497 -0.49727
14 -0.0564068 0.169834
15 0.233619 0.160937
16 0.531528 0.940534
17 0.154538 0.68001
18 0.97095 -0.201956
19 -0.0457706 0.143669
20 0.863731 0.508103
21 0.00371557 -0.951432
22 0.626571 -0.964115
23 0.35676 -0.803571
24 0.552096 -0.957725
25 0.372012 -0.261299
26 -0.0135474 0.512095
27 -0.257007 0.673133
28 -0.870714 0.509307
29 -0.965397 0.166357
30 -0.441534 0.0917158
31 -0.75808 0.360274
32 -0.663351 0.144877
33 -0.484213 -0.521464
34 -0.533686 -0.613414
35 -0.754701 -0.660164
