1 428.067
2 422.116
3 422.116
4 408.278
5 393.867
6 393.867
7 382.224
8 380.873
9 380.256
10 366.579
11 364.634
12 357.846
13 355.261
14 352.685
15 348.417
16 338.799
17 333.527
18 329.988
19 320.539
20 319.844
21 311.282
22 308.08
23 297.481
24 296.821
25 296.821
26 294.605
27 294.347
28 290.86
29 289.701
30 289.385
31 288.544
32 288.279
33 288.256
34 282.981
35 282.981
36 277.643
37 275.766
38 271.502
39 271.159
40 269.149
41 266.068
42 264.812
43 260.597
44 260.597
45 259.329
46 259.329
47 256.676
48 256.676
49 256.676
50 254.17
51 249.785
52 249.785
53 249.785
54 249.785
55 248.118
56 244.822
57 244.822
58 241.057
59 241.057
60 241.057
61 240.754
62 236.066
63 233.733
64 233.733
65 233.733
66 229.494
67 227.535
68 226.701
69 226.509
70 224.17
71 224.17
72 222.212
73 221.086
74 219.982
75 214.668
76 214.668
77 214.424
78 212.676
79 212.676
80 212.676
81 211.618
82 212.29
83 211.126
84 208.136
85 208.136
86 208.136
87 208.136
88 207.739
89 203.279
90 205.198
91 203.557
92 201.587
93 201.28
94 201.28
95 198.102
96 198.102
97 198.102
98 198.102
99 196.939
100 195.827
101 195.572
102 194.553
103 193.514
104 192.132
105 191.729
106 190.864
107 189.296
108 188.09
109 187.089
110 187.089
111 187.089
112 185.9
113 184.376
114 184.376
115 184.261
116 184.11
117 182.809
118 182.809
119 182.26
120 179.044
121 179.044
122 176.763
123 176.763
124 176.763
125 176.203
126 175.212
127 175.212
128 172.409
129 172.409
130 172.409
131 172.409
132 168.722
133 168.722
134 168.722
135 167.449
136 167.449
137 166.705
138 164.922
139 164.922
140 164.922
141 164.922
142 164.922
143 164.922
144 164.197
145 163.153
146 163.153
147 163.153
148 164.197
149 163.149
150 163.149
151 161.605
152 161.605
153 162.517
154 161.783
155 161.783
156 160.727
157 158.552
158 158.54
159 156.353
160 156.353
161 156.19
162 156.188
163 152.203
164 152.203
165 152.203
166 151.431
167 151.431
168 151.431
169 151.431
170 148.285
171 148.285
172 148.285
173 148.193
174 147.284
175 147.284
176 145.871
177 145.54
178 145.54
179 145.54
180 143.335
181 143.335
182 143.335
183 143.115
184 142.16
185 139.036
186 139.036
187 139.036
188 139.036
189 138.417
190 138.417
191 138.417
192 138.417
193 138.417
194 138.417
195 138.417
196 136.963
197 136.578
198 136.578
199 136.578
200 136.578
201 136.578
202 136.534
203 136.204
204 136.204
205 136.204
206 136.159
207 136.159
208 135.974
209 135.974
210 134.486
211 134.486
212 132.997
213 132.997
214 132.549
215 132.549
216 132.549
217 131.405
218 131.405
219 130.921
220 130.921
221 130.921
222 130.411
223 130.867
224 130.867
225 130.822
226 130.822
227 130.74
228 130.74
229 130.74
230 129.78
231 129.78
232 129.78
233 129.461
234 129.461
235 129.461
236 129.461
237 129.401
238 128.892
239 128.892
240 128.892
241 128.678
242 128.678
243 127.419
244 127.419
245 127.391
246 127.393
247 126.809
248 127.224
249 127.393
250 126.525
251 126.525
252 126.525
253 126.525
254 126.525
255 126.525
256 125.941
257 125.941
258 125.941
259 125.846
260 125.846
261 125.846
262 125.846
263 125.846
264 125.834
265 125.796
266 125.796
267 124.88
268 124.88
269 124.88
270 124.88
271 124.165
272 124.746
273 124.738
274 124.738
275 124.738
276 124.738
277 124.738
278 123.322
279 123.069
280 122.114
281 122.114
282 122.114
283 122.114
284 121.056
285 121.056
286 121.056
287 121.056
288 121.056
289 120.841
290 120.841
291 120.368
292 120.265
293 120.025
294 120.025
295 119.883
296 119.883
297 118.261
298 117.209
299 117.209
300 117.209
301 117.209
302 116.308
303 114.918
304 114.918
305 116.308
306 116.308
307 116.308
308 116.104
309 114.918
310 116.104
311 115.445
312 114.457
313 114.457
314 114.457
315 114.457
316 114.253
317 114.253
318 113.594
319 113.594
320 112.693
321 112.693
322 112.693
323 112.693
324 112.665
325 110.901
326 110.901
327 110.901
328 110.901
329 110.901
330 109.51
331 109.51
332 109.159
333 109.159
334 108.042
335 109.159
336 108.042
337 108.042
338 108.042
339 108.042
340 108.042
341 108.042
342 108.042
343 108.042
344 108.042
345 108.042
346 108.042
347 108.042
348 108.042
349 107.07
350 107.07
351 107.07
352 107.07
353 107.07
354 107.07
355 106.517
356 107.07
357 106.044
358 103.604
359 103.604
360 103.604
361 103.604
362 103.604
363 103.604
364 103.604
365 103.13
366 103.13
367 103.13
368 102.445
369 102.445
370 102.445
371 102.445
372 102.371
373 102.371
374 101.995
375 101.995
376 101.995
377 101.995
378 101.995
379 101.995
380 101.995
381 101.995
382 101.941
383 101.941
384 101.941
385 101.941
386 101.941
387 101.941
388 101.941
389 101.628
390 101.628
391 101.628
392 101.412
393 99.8237
394 99.8237
395 99.8237
396 98.4548
397 98.4548
398 98.4548
399 98.4548
400 99.3384
401 99.1793
402 99.1793
403 99.137
404 99.137
405 98.3618
406 99.1793
407 99.137
408 99.1677
409 99.1677
410 99.137
411 99.137
412 99.0797
413 98.5463
414 98.5463
415 98.4583
416 98.4583
417 98.4583
418 98.4583
419 97.7108
420 98.4583
421 98.4467
422 98.1512
423 97.332
424 97.3204
425 97.3204
426 97.3204
427 97.3204
428 97.3204
429 97.3204
430 97.3204
431 97.3204
432 97.3204
433 97.3204
434 97.3204
435 97.3204
436 97.3204
437 97.3204
438 97.3204
439 97.3204
440 97.3204
441 97.3204
442 97.0436
443 97.0436
444 97.0436
445 97.0436
446 97.0436
447 97.0436
448 97.0436
449 97.0436
450 97.0436
451 97.0436
452 97.0436
453 97.0436
454 97.0436
455 97.0436
456 97.0436
457 97.0436
458 97.0436
459 97.0436
460 97.0436
461 97.0436
462 96.8112
463 96.8112
464 96.8112
465 96.8112
466 96.8112
467 96.8112
468 96.8112
469 96.8112
470 96.7935
471 96.7935
472 96.7935
473 96.7935
474 96.5225
475 96.7935
476 96.7935
477 96.1766
478 96.1766
479 96.1766
480 96.1766
481 96.1766
482 96.1766
483 96.1766
484 96.1766
485 96.1766
486 96.1766
487 96.1766
488 96.1766
489 96.1766
490 96.1766
491 96.1766
492 96.1766
493 96.1766
494 96.1766
495 96.1766
496 95.6475
497 95.6475
498 95.6475
499 95.6475
500 95.6475
501 95.6475
502 95.6475
503 95.6475
504 95.6475
505 95.35
506 95.35
507 95.35
508 95.35
509 95.35
510 95.35
511 95.35
512 95.35
513 95.35
514 95.35
515 95.35
516 95.35
517 95.35
518 95.35
519 95.35
520 95.35
521 95.35
522 94.7628
523 94.7628
524 94.7628
525 94.7628
526 94.7628
527 94.7628
528 94.7628
529 94.7628
530 94.7628
531 94.7628
532 94.7628
533 94.7628
534 94.7085
535 94.7085
536 94.7085
537 93.9533
538 93.9533
539 93.9533
540 93.9533
541 93.9533
542 93.9533
543 93.9533
544 93.9533
545 93.4399
546 93.4399
547 93.4399
548 93.4399
549 93.4399
550 92.9771
551 92.9771
552 92.9771
553 92.9771
554 92.9771
555 92.9771
556 92.9771
557 92.4982
558 92.4982
559 92.4982
560 92.4982
561 92.4982
562 92.4982
563 92.4982
564 92.4982
565 92.4982
566 92.4982
567 92.4982
568 92.4982
569 92.4982
570 91.4654
571 91.4654
572 91.4654
573 91.4654
574 91.4654
575 91.4654
576 91.4654
577 91.2362
578 91.2362
579 91.2362
580 91.2362
581 91.2362
582 91.2362
583 91.2362
584 91.2362
585 91.2362
586 91.2362
587 91.2362
588 91.2362
589 91.2362
590 91.2362
591 90.8119
592 90.5747
593 90.5747
594 90.5747
595 90.5747
596 90.5747
597 90.5747
598 90.5747
599 90.5747
600 90.5747
601 90.5747
602 90.2792
603 90.2792
604 90.2792
605 90.0551
606 90.0551
607 90.0551
608 90.0551
609 90.0551
610 90.0551
611 89.9969
612 89.5729
613 89.5729
614 88.9849
615 88.1631
616 88.1631
617 88.1631
618 88.1631
619 88.1631
620 88.1631
621 88.1631
622 87.9213
623 87.9213
624 87.9213
625 87.9213
626 87.9213
627 87.9213
628 87.9213
629 87.9213
630 87.9213
631 87.9213
632 87.9213
633 87.9213
634 87.9213
635 87.9213
636 87.9213
637 87.9213
638 87.8513
639 87.8513
640 87.8513
641 87.8513
642 87.8513
643 87.8513
644 87.8513
645 87.8513
646 87.8513
647 87.8513
648 87.8513
649 87.8513
650 87.8513
651 87.8513
652 87.8513
653 87.8513
654 87.8513
655 87.8513
656 87.8513
657 87.8513
658 87.7566
659 87.7566
660 87.7566
661 87.7566
662 87.7566
663 87.7566
664 87.7566
665 87.7566
666 87.7566
667 87.7566
668 87.7566
669 87.7566
670 87.7566
671 87.7566
672 87.7566
673 87.7566
674 87.7511
675 87.7511
676 87.7511
677 87.7511
678 87.7511
679 87.3259
680 87.3259
681 87.3259
682 87.3259
683 87.3204
684 87.3204
685 87.3204
686 87.3204
687 87.3204
688 87.2626
689 87.2626
690 87.2626
691 87.2626
692 87.2626
693 87.2626
694 87.2626
695 87.2626
696 86.9651
697 86.9651
698 86.9651
699 86.9651
700 86.9651
701 86.9651
702 86.9651
703 86.9651
704 86.9651
705 86.9651
706 86.9651
707 86.9651
708 86.9651
709 86.9651
710 86.9651
711 86.9651
712 86.9651
713 86.9651
714 86.9651
715 86.9651
716 86.9651
717 86.9651
718 86.9651
719 86.8249
720 86.8249
721 86.6338
722 86.4936
723 86.4936
724 86.4936
725 86.4936
726 86.4936
727 86.4936
728 86.4936
729 86.4936
730 86.4936
731 86.4936
732 86.4936
733 86.4936
734 86.4936
735 86.4823
736 86.4823
737 86.4823
738 86.4823
739 86.4823
740 86.4823
741 86.4823
742 86.4823
743 84.6101
744 84.6101
745 84.6101
746 84.434
747 84.434
748 84.434
749 84.434
750 83.8524
751 83.8524
752 83.6763
753 83.6763
754 83.6763
755 83.6763
756 83.3685
757 83.3685
758 83.3685
759 83.1886
760 83.1886
761 83.1886
762 83.1886
763 83.0985
764 83.0985
765 83.0914
766 82.6108
767 82.68
768 82.6037
769 82.6037
770 82.6037
771 82.6037
772 82.6037
773 82.6037
774 82.2172
775 82.0919
776 82.0919
777 81.4916
778 81.4916
779 81.4916
780 81.4916
781 81.4916
782 81.4916
783 81.4916
784 81.4916
785 81.4916
786 81.0616
787 81.0616
788 81.4916
789 81.4916
790 81.4916
791 81.4916
792 81.4916
793 81.4916
794 81.4916
795 81.4916
796 80.9502
797 80.9502
798 80.9502
799 80.9502
800 80.9502
801 80.9502
802 80.9502
803 80.9502
804 80.9502
805 80.9502
806 80.9502
807 80.9502
808 80.9502
809 80.9502
810 80.9502
811 80.6478
812 80.6478
813 80.4746
814 80.4746
815 80.4746
816 80.4746
817 80.4746
818 80.4746
819 80.4746
820 80.4746
821 80.4746
822 80.4746
823 80.4746
824 80.4746
825 80.4746
826 80.4746
827 80.4044
828 80.4044
829 80.4044
830 80.4044
831 80.4044
832 80.4044
833 80.4044
834 80.4044
835 80.4044
836 79.9288
837 79.9288
838 79.9288
839 79.9288
840 79.9288
841 79.8112
842 79.8112
843 79.8112
844 79.8112
845 79.8112
846 79.8112
847 79.8106
848 79.7318
849 79.7318
850 79.7318
851 79.7318
852 79.7318
853 79.7318
854 79.1275
855 79.1275
856 79.1275
857 79.1275
858 79.0481
859 79.0481
860 79.0481
861 79.0481
862 79.0481
863 79.0481
864 79.0481
865 79.0481
866 79.0481
867 79.0481
868 79.0481
869 78.5136
870 78.5136
871 78.5136
872 78.5136
873 78.5136
874 78.5136
875 78.5136
876 78.5136
877 78.5136
878 78.5136
879 78.2389
880 78.2389
881 78.2389
882 78.2389
883 78.2389
884 78.2389
885 78.2389
886 78.2389
887 78.2389
888 78.2389
889 78.2389
890 78.2389
891 78.2389
892 78.2389
893 77.9692
894 77.9692
895 77.9692
896 77.9692
897 77.9692
898 77.9692
899 77.9692
900 77.9692
901 77.9692
902 77.9692
903 77.7674
904 77.7674
905 77.7674
906 77.7674
907 77.7674
908 77.7674
909 77.7674
910 77.7674
911 77.7674
912 77.7674
913 77.7674
914 77.7674
915 77.7674
916 77.7674
917 77.7674
918 77.7674
919 77.7674
920 77.7674
921 77.7674
922 77.7674
923 77.7674
924 77.7674
925 77.7674
926 77.7674
927 77.7674
928 77.7674
929 77.7674
930 77.7674
931 77.7674
932 77.7674
933 77.7674
934 77.7674
935 77.7674
936 77.7674
937 77.7674
938 77.7674
939 77.5353
940 77.5353
941 77.5353
942 77.5353
943 77.5353
944 77.5353
945 77.5353
946 77.5353
947 77.5353
948 77.5353
949 77.481
950 77.481
951 77.481
952 77.481
953 77.481
954 77.481
955 77.4003
956 77.4003
957 77.4003
958 77.4003
959 77.2233
960 77.2233
961 77.2233
962 77.2233
963 77.2233
964 77.2233
965 77.2233
966 76.7388
967 76.7388
968 76.7388
969 76.7388
970 76.7388
971 76.7388
972 76.7388
973 76.5816
974 76.5816
975 76.5816
976 76.5816
977 76.5816
978 76.5816
979 76.5816
980 76.5816
981 76.5816
982 76.5816
983 76.5816
984 76.5816
985 76.5816
986 76.5816
987 76.5816
988 76.5816
989 76.5816
990 76.5816
991 76.5816
992 76.5816
993 76.5816
994 76.5816
995 76.5816
996 76.5816
997 76.5816
998 75.7551
999 75.7551
1000 75.7551
1001 75.7551
1002 75.7551
1003 75.7551
1004 75.7551
1005 75.7551
1006 75.7551
1007 75.7551
1008 75.7551
1009 75.7551
1010 75.7551
1011 75.7551
1012 75.7551
1013 75.7551
1014 75.7551
1015 75.7551
1016 75.7551
1017 75.7551
1018 75.7551
1019 75.7551
1020 75.5005
1021 75.5005
1022 75.5005
1023 75.5005
1024 75.5005
1025 75.5005
1026 75.5005
1027 75.5005
1028 75.5005
1029 75.5005
1030 75.5005
1031 75.5005
1032 75.5005
1033 75.5005
1034 74.7336
1035 74.7336
1036 74.7336
1037 74.7336
1038 74.7336
1039 74.7336
1040 74.7336
1041 74.7336
1042 74.5133
1043 74.5133
1044 74.5133
1045 74.5133
1046 74.5133
1047 74.5133
1048 74.5133
1049 74.5133
1050 74.5133
1051 74.5133
1052 74.5133
1053 74.5133
1054 74.5133
1055 74.5133
1056 74.5133
1057 74.5133
1058 74.5133
1059 74.5133
1060 74.5133
1061 74.5133
1062 74.5133
1063 74.5133
1064 74.5133
1065 74.5133
1066 74.5133
1067 74.5133
1068 74.5133
1069 74.5133
1070 74.5133
1071 74.5133
1072 74.5133
1073 74.5133
1074 74.5133
1075 74.5133
1076 74.5133
1077 74.5133
1078 74.5133
1079 74.5133
1080 74.5133
1081 74.5133
1082 74.5133
1083 74.5133
1084 74.5133
1085 74.5133
1086 74.5133
1087 74.5133
1088 74.5133
1089 74.5133
1090 74.5133
1091 74.5133
1092 74.5133
1093 74.5133
1094 74.5133
1095 74.5133
1096 74.5133
1097 74.2078
1098 74.2078
1099 74.2078
1100 74.2078
1101 74.2078
1102 73.5941
1103 73.5941
1104 73.5941
1105 73.5941
1106 73.5941
1107 73.5941
1108 73.5941
1109 73.5941
1110 73.5941
1111 73.5941
1112 73.5941
1113 73.5941
1114 73.5941
1115 73.5941
1116 73.5941
1117 73.5941
1118 73.5941
1119 73.5941
1120 73.5941
1121 73.5941
1122 73.5941
1123 73.5941
1124 73.5941
1125 73.5941
1126 73.5941
1127 73.5941
1128 73.5941
1129 73.5941
1130 73.5941
1131 73.5941
1132 73.5941
1133 73.5941
1134 73.5941
1135 73.5941
1136 73.5941
1137 73.5941
1138 73.5941
1139 73.5941
1140 73.5941
1141 73.5941
1142 73.5941
1143 73.5941
1144 73.5941
1145 73.5941
1146 73.5941
1147 73.5941
1148 73.2917
1149 73.2917
1150 73.2917
1151 73.2917
1152 73.2917
1153 72.6715
1154 72.6715
1155 72.6715
1156 72.6715
1157 72.6715
1158 72.6715
1159 72.6715
1160 72.6715
1161 72.6715
1162 72.6715
1163 72.6715
1164 72.6715
1165 72.6715
1166 72.6715
1167 72.3691
1168 72.3691
1169 72.3691
1170 72.3691
1171 72.3691
1172 72.3691
1173 72.3691
1174 72.3691
1175 72.3691
1176 72.3691
1177 72.3691
1178 72.3691
1179 72.3691
1180 72.3691
1181 72.3691
1182 72.3691
1183 72.3691
1184 72.3691
1185 72.3691
1186 72.3691
1187 72.3691
1188 72.3691
1189 72.3691
1190 72.3691
1191 72.3691
1192 72.3691
1193 72.3691
1194 72.3691
1195 72.3691
1196 72.3691
1197 72.3691
1198 72.3691
1199 72.3691
1200 72.3691
1201 72.3691
1202 72.3691
1203 72.3691
1204 72.3691
1205 72.3691
1206 72.256
1207 72.256
1208 72.256
1209 72.256
1210 72.256
1211 72.256
1212 72.256
1213 72.256
1214 72.256
1215 72.256
1216 72.256
1217 72.256
1218 72.256
1219 72.256
1220 72.256
1221 72.256
1222 72.256
1223 72.256
1224 72.256
1225 72.256
1226 72.256
1227 72.256
1228 72.256
1229 72.256
1230 72.256
1231 72.256
1232 72.256
1233 72.256
1234 72.256
1235 72.256
1236 72.256
1237 72.256
1238 72.256
1239 72.256
1240 72.256
1241 72.256
1242 72.256
1243 72.256
1244 72.256
1245 72.256
1246 72.256
1247 72.256
1248 72.256
1249 72.256
1250 72.256
1251 72.256
1252 72.256
1253 72.256
1254 72.256
1255 72.256
1256 72.256
1257 72.256
1258 72.256
1259 72.256
1260 72.256
1261 72.256
1262 72.256
1263 72.256
1264 72.256
1265 72.256
1266 72.256
1267 72.256
1268 72.256
1269 72.256
1270 72.256
1271 72.256
1272 72.256
1273 72.256
1274 72.256
1275 72.256
1276 72.2241
1277 72.2241
1278 72.2241
1279 72.2241
1280 72.2241
1281 72.2241
1282 72.2241
1283 72.2241
1284 72.2241
1285 72.2241
1286 72.2241
1287 72.2235
1288 71.9582
1289 71.9582
1290 71.9582
1291 71.9582
1292 71.9582
1293 71.9582
1294 71.9582
1295 71.9582
1296 71.9582
1297 71.9582
1298 71.9582
1299 71.9582
1300 71.9582
1301 71.9582
1302 71.9582
1303 71.9582
1304 71.9582
1305 71.9582
1306 71.9582
1307 71.9582
1308 71.9582
1309 71.9582
1310 71.9582
1311 71.9582
1312 71.9582
1313 71.9582
1314 71.9582
1315 71.9582
1316 71.9582
1317 71.9582
1318 71.9582
1319 71.9582
1320 71.9582
1321 71.9582
1322 71.9582
1323 71.9582
1324 71.9582
1325 71.9582
1326 71.9582
1327 71.9582
1328 71.9582
1329 71.9582
1330 71.9582
1331 71.9582
1332 71.9582
1333 71.9582
1334 71.9582
1335 71.9582
1336 71.9582
1337 71.9582
1338 71.9582
1339 71.9582
1340 71.9582
1341 71.9582
1342 71.9582
1343 71.9582
1344 71.9582
1345 71.9582
1346 71.9582
1347 71.9582
1348 71.9582
1349 71.9582
1350 71.9582
1351 71.9582
1352 71.9582
1353 71.9582
1354 71.9582
1355 71.7663
1356 71.7663
1357 71.7663
1358 71.7663
1359 71.7663
1360 71.7663
1361 71.7663
1362 71.7663
1363 71.7663
1364 71.6752
1365 71.6752
1366 71.6752
1367 71.6752
1368 71.6752
1369 71.6752
1370 71.6752
1371 71.6752
1372 71.6752
1373 71.6752
1374 71.6752
1375 71.6752
1376 71.6752
1377 71.6752
1378 71.6752
1379 71.6752
1380 71.6752
1381 71.6752
1382 71.6752
1383 71.6752
1384 71.6752
1385 71.6752
1386 71.6752
1387 71.6752
1388 71.6752
1389 71.6752
1390 71.6752
1391 71.6752
1392 71.6752
1393 71.6752
1394 71.6752
1395 71.6752
1396 71.6752
1397 71.6752
1398 71.6752
1399 71.6752
1400 71.6752
1401 71.6752
1402 71.6752
1403 71.6752
1404 71.6752
1405 71.6752
1406 71.6752
1407 71.6752
1408 71.6752
1409 71.6752
1410 71.6752
1411 71.6752
1412 71.6752
1413 71.6752
1414 71.6752
1415 71.3886
1416 71.3886
1417 71.3886
1418 71.325
1419 71.325
1420 71.325
1421 71.325
1422 71.325
1423 71.325
1424 71.325
1425 71.325
1426 71.325
1427 71.325
1428 71.325
1429 71.325
1430 71.325
1431 71.325
1432 71.325
1433 71.325
1434 71.325
1435 71.325
1436 71.325
1437 71.325
1438 71.325
1439 71.325
1440 71.325
1441 71.325
1442 71.325
1443 71.325
1444 71.325
1445 71.325
1446 71.325
1447 71.325
1448 71.325
1449 71.325
1450 71.325
1451 71.325
1452 71.325
1453 71.325
1454 71.325
1455 71.325
1456 71.325
1457 71.325
1458 71.325
1459 71.325
1460 71.325
1461 71.1916
1462 71.1916
1463 71.1916
1464 71.1916
1465 71.1916
1466 71.1916
1467 71.1916
1468 71.1916
1469 71.191
1470 71.191
1471 71.191
1472 71.191
1473 71.191
1474 71.191
1475 71.191
1476 71.191
1477 71.191
1478 71.191
1479 71.191
1480 71.191
1481 71.191
1482 71.191
1483 71.191
1484 71.191
1485 71.191
1486 71.191
1487 71.191
1488 71.191
1489 71.191
1490 71.191
1491 71.191
1492 71.191
1493 71.191
1494 71.191
1495 71.191
1496 71.191
1497 71.191
1498 71.191
1499 71.191
1500 71.191
1501 71.1757
1502 71.1757
1503 71.1757
1504 71.1757
1505 71.1757
1506 71.1757
1507 71.1757
1508 71.1757
1509 71.1757
1510 71.1757
1511 71.1757
1512 71.1757
1513 71.1757
1514 71.1757
1515 71.1757
1516 71.1757
1517 71.1757
1518 71.1757
1519 71.1757
1520 71.1757
1521 71.1757
1522 71.1757
1523 71.1757
1524 71.1757
1525 71.1757
1526 71.1757
1527 71.1757
1528 71.1757
1529 71.1757
1530 71.1757
1531 71.1757
1532 71.1757
1533 71.1757
1534 70.2493
1535 70.2493
1536 70.2493
1537 70.2493
1538 70.2493
1539 70.2493
1540 70.2493
1541 70.2493
1542 70.2493
1543 70.2493
1544 70.2493
1545 70.2493
1546 70.2493
1547 70.2493
1548 70.2493
1549 70.2493
1550 70.2493
1551 70.2493
1552 70.2493
1553 70.2493
1554 70.2493
1555 70.2493
1556 70.2493
1557 70.2493
1558 70.2493
1559 70.2493
1560 70.2493
1561 70.2493
1562 70.2493
1563 70.2493
1564 70.2493
1565 70.2493
1566 70.2493
1567 70.2493
1568 70.2493
1569 70.2493
1570 70.2493
1571 70.2493
1572 70.2493
1573 70.2493
1574 70.2493
1575 70.2493
1576 70.2493
1577 70.2493
1578 70.2493
1579 70.2493
1580 70.2493
1581 70.2493
1582 70.2493
1583 70.2493
1584 70.2493
1585 70.2493
1586 70.2493
1587 70.2493
1588 70.2493
1589 70.2493
1590 70.2493
1591 70.2493
1592 70.2493
1593 70.2493
1594 70.2493
1595 70.2493
1596 70.2493
1597 70.2493
1598 70.2493
1599 70.2493
1600 70.2493
1601 70.2493
1602 70.2493
1603 70.2493
1604 70.2493
1605 70.2493
1606 70.2493
1607 70.2493
1608 70.2493
1609 70.2493
1610 70.2493
1611 70.2493
1612 70.2493
1613 70.2493
1614 70.2493
1615 70.2493
1616 70.2493
1617 70.2493
1618 70.2493
1619 70.2493
1620 70.2493
1621 70.2493
1622 70.2493
1623 70.2493
1624 70.2493
1625 70.2493
1626 70.2493
1627 70.2493
1628 70.1463
1629 70.1463
1630 70.1463
1631 70.1463
1632 70.1463
1633 70.1463
1634 70.1463
1635 70.1463
1636 70.1463
1637 70.1463
1638 70.1463
1639 70.0293
1640 70.0293
1641 70.0293
1642 69.5502
1643 69.5502
1644 69.5502
1645 69.3302
1646 69.3302
1647 69.3302
1648 69.3302
1649 69.3302
1650 69.3302
1651 69.3302
1652 69.3302
1653 69.3302
1654 69.3302
1655 69.3302
1656 69.3302
1657 69.3302
1658 69.3302
1659 69.3302
1660 69.3302
1661 69.3302
1662 69.3302
1663 69.3302
1664 69.3302
1665 69.3302
1666 69.3302
1667 69.3302
1668 69.3302
1669 69.3302
1670 69.3302
1671 69.3302
1672 69.3302
1673 69.3302
1674 69.3302
1675 69.3302
1676 69.3302
1677 69.3302
1678 69.3302
1679 69.3302
1680 69.3302
1681 69.3302
1682 69.3302
1683 69.3302
1684 69.3302
1685 69.3302
1686 69.3302
1687 69.3302
1688 69.3302
1689 69.3302
1690 69.3302
1691 69.3302
1692 69.3302
1693 69.3302
1694 69.3302
1695 69.3302
1696 69.3302
1697 69.3302
1698 69.3302
1699 69.3302
1700 69.3302
1701 69.3302
1702 69.3302
1703 69.3302
1704 69.3302
1705 69.3302
1706 69.3302
1707 69.3302
1708 69.3302
1709 69.3302
1710 69.3302
1711 69.3302
1712 69.3302
1713 69.3302
1714 69.3302
1715 69.3302
1716 69.3302
1717 69.3302
1718 69.3302
1719 69.3302
1720 69.3302
1721 69.3302
1722 69.3302
1723 69.3302
1724 69.3302
1725 69.3302
1726 69.3302
1727 69.3302
1728 69.3302
1729 69.3302
1730 69.3302
1731 69.3302
1732 69.3302
1733 69.3302
1734 69.3302
1735 69.3302
1736 69.3302
1737 69.3302
1738 69.3302
1739 69.3302
1740 69.3302
1741 69.3302
1742 69.3302
1743 69.3302
1744 69.3302
1745 69.3302
1746 69.3302
1747 69.0952
1748 69.0952
1749 69.0952
1750 69.0952
1751 68.8159
1752 68.8159
1753 68.8159
1754 68.8159
1755 68.8159
1756 68.8159
1757 68.5809
1758 68.5809
1759 68.5809
1760 68.5809
1761 68.5809
1762 68.4173
1763 68.4173
1764 68.4173
1765 68.4173
1766 68.4173
1767 68.4173
1768 68.4173
1769 68.4173
1770 68.4173
1771 68.4173
1772 68.4173
1773 68.4173
1774 68.4173
1775 68.4173
1776 68.4173
1777 68.4173
1778 68.4173
1779 68.4173
1780 68.4173
1781 68.4173
1782 68.4173
1783 68.4173
1784 68.4173
1785 68.4173
1786 68.4173
1787 68.4173
1788 68.4173
1789 68.4173
1790 68.4173
1791 68.4173
1792 68.4173
1793 68.4173
1794 68.4173
1795 68.4173
1796 68.4173
1797 68.4173
1798 68.4173
1799 68.4173
1800 68.4173
1801 68.4173
1802 68.4173
1803 68.4173
1804 68.4173
1805 68.4173
1806 68.4173
1807 68.4173
1808 68.4173
1809 68.4173
1810 68.4173
1811 68.4173
1812 68.4173
1813 68.4173
1814 68.4173
1815 68.4173
1816 68.4173
1817 68.4173
1818 68.4173
1819 68.4173
1820 68.4173
1821 68.4173
1822 68.4173
1823 68.4173
1824 68.4173
1825 68.4173
1826 68.4173
1827 68.4173
1828 68.4173
1829 68.4173
1830 68.4173
1831 68.4173
1832 68.4173
1833 68.4173
1834 68.4173
1835 68.3261
1836 68.3261
1837 68.3261
1838 68.3261
1839 68.3261
1840 68.3261
1841 68.3261
1842 68.3261
1843 68.3261
1844 68.3261
1845 68.3261
1846 68.3261
1847 68.3261
1848 68.3261
1849 68.3261
1850 68.3261
1851 68.3261
1852 68.3261
1853 68.3261
1854 68.3261
1855 68.3261
1856 68.3261
1857 68.3261
1858 68.3261
1859 68.3261
1860 68.3261
1861 68.3261
1862 68.3261
1863 68.3261
1864 68.3261
1865 68.3261
1866 68.3261
1867 68.3261
1868 68.3261
1869 68.3261
1870 68.3261
1871 68.3261
1872 68.3261
1873 68.3261
1874 68.3261
1875 68.3261
1876 68.3261
1877 68.3261
1878 68.3261
1879 68.3261
1880 68.3261
1881 68.3261
1882 68.3261
1883 68.3261
1884 68.3261
1885 68.3261
1886 68.3261
1887 68.3261
1888 68.3261
1889 68.3261
1890 68.3261
1891 68.3261
1892 68.3261
1893 68.3261
1894 68.3261
1895 68.3261
1896 68.3261
1897 68.3261
1898 68.3261
1899 68.3261
1900 68.3261
1901 68.3261
1902 68.3261
1903 68.3261
1904 68.3261
1905 68.3261
1906 68.3261
1907 68.3261
1908 68.3261
1909 68.3261
1910 68.3261
1911 68.3261
1912 68.3261
1913 68.3261
1914 68.3261
1915 68.3261
1916 68.3261
1917 68.3261
1918 68.3261
1919 68.3261
1920 68.3261
1921 68.3261
1922 68.3261
1923 68.3261
1924 68.3261
1925 68.3261
1926 68.3261
1927 68.3261
1928 68.3261
1929 68.3261
1930 68.3261
1931 68.3261
1932 68.3261
1933 68.3261
1934 68.3261
1935 68.3261
1936 68.3261
1937 68.3261
1938 68.3261
1939 68.3261
1940 68.3261
1941 68.3261
1942 68.3261
1943 68.3261
1944 68.3261
1945 68.3261
1946 68.3261
1947 68.3261
1948 68.3261
1949 68.3261
1950 68.3261
1951 68.3261
1952 68.3261
1953 68.3261
1954 68.3261
1955 68.3261
1956 68.3261
1957 68.3261
1958 68.3261
1959 68.3261
1960 68.3261
1961 68.3261
1962 68.3261
1963 68.3261
1964 68.3261
1965 68.3261
1966 68.3261
1967 68.3261
1968 68.3261
1969 68.3261
1970 68.3261
1971 68.3261
1972 68.3261
1973 68.3261
1974 68.3261
1975 68.3261
1976 68.3261
1977 68.3261
1978 68.3261
1979 68.3261
1980 68.3261
1981 68.3261
1982 68.3261
1983 68.3261
1984 68.3261
1985 68.3261
1986 68.3261
1987 68.3261
1988 68.3261
1989 68.3261
1990 68.3261
1991 68.3261
1992 68.3261
1993 68.3261
1994 68.3261
1995 68.3261
1996 68.3261
1997 68.3261
1998 68.3261
1999 68.3261
2000 68.3261
2001 68.3261
2002 68.3261
2003 68.3261
2004 68.3261
2005 68.3261
2006 68.3261
2007 68.3261
2008 68.3261
2009 68.3261
2010 68.3261
2011 68.3261
2012 68.3261
2013 68.3261
2014 68.3261
2015 68.3261
2016 68.3261
2017 68.3261
2018 68.3261
2019 68.3261
2020 68.3261
2021 68.3261
2022 68.3261
2023 68.3261
2024 68.3261
2025 68.3261
2026 68.3261
2027 68.3261
2028 68.3261
2029 68.3261
2030 68.3261
2031 68.3261
2032 68.3261
2033 68.3261
2034 68.3261
2035 68.3261
2036 68.3261
2037 68.3261
2038 68.3261
2039 68.3261
2040 68.3261
2041 68.3261
2042 68.3261
2043 68.3261
2044 68.3261
2045 68.3261
2046 68.3261
2047 68.3261
2048 68.3261
2049 68.3261
2050 68.3261
2051 68.3261
2052 68.3261
2053 68.3261
2054 68.3261
2055 68.3261
2056 68.3261
2057 68.3261
2058 68.3261
2059 68.3261
2060 68.3261
2061 68.3261
2062 68.3261
2063 68.3261
2064 68.3261
2065 68.3261
2066 68.3261
2067 68.3261
2068 68.3261
2069 68.3261
2070 68.3261
2071 68.3261
2072 68.3261
2073 68.3261
2074 68.3261
2075 68.2052
2076 68.2052
2077 68.2052
2078 68.2052
2079 68.2052
2080 68.2052
2081 68.2052
2082 68.2052
2083 68.2052
2084 68.2052
2085 68.2052
2086 68.2052
2087 68.2052
2088 68.2052
2089 68.2052
2090 68.2052
2091 68.2052
2092 68.2052
2093 68.2052
2094 68.2052
2095 68.2052
2096 68.2052
2097 68.2052
2098 68.2052
2099 68.2052
2100 68.2052
2101 68.2052
2102 68.2052
2103 68.2052
2104 68.2052
2105 68.2052
2106 68.2052
2107 68.2052
2108 68.2052
2109 68.2052
2110 68.2052
2111 68.2052
2112 68.2052
2113 68.2052
2114 68.2052
2115 68.2052
2116 68.2052
2117 68.2052
2118 68.2052
2119 68.2052
2120 68.2052
2121 68.2052
2122 68.2052
2123 68.2052
2124 68.2052
2125 68.2052
2126 68.2052
2127 68.2052
2128 68.2052
2129 68.2052
2130 68.2052
2131 68.2052
2132 68.2052
2133 68.2052
2134 68.2052
2135 68.2052
2136 68.2052
2137 68.2052
2138 68.2052
2139 68.2052
2140 68.2052
2141 68.2052
2142 68.2052
2143 68.2052
2144 68.2052
2145 68.2052
2146 68.2052
2147 68.2052
2148 68.2052
2149 68.2052
2150 68.2052
2151 68.2052
2152 68.2052
2153 68.2052
2154 68.2052
2155 68.2052
2156 68.2052
2157 68.2052
2158 68.2052
2159 68.2052
2160 68.2052
2161 68.2052
2162 68.2052
2163 68.2052
2164 68.2052
2165 68.2052
2166 68.2052
2167 68.0149
2168 68.2052
2169 68.2052
2170 68.2052
2171 68.2052
2172 68.2052
2173 68.2052
2174 68.2052
2175 68.2052
2176 68.2052
2177 68.2052
2178 68.2052
2179 68.2052
2180 68.2052
2181 68.2052
2182 68.2052
2183 68.2052
2184 68.2052
2185 68.2052
2186 68.2052
2187 68.2052
2188 68.2052
2189 68.2052
2190 68.2052
2191 68.2052
2192 68.2052
2193 68.2052
2194 68.2052
2195 68.2052
2196 68.2052
2197 68.2052
2198 68.2052
2199 68.2052
2200 68.2052
2201 68.2052
2202 68.2052
2203 68.2052
2204 68.2052
2205 68.2052
2206 68.2052
2207 68.2052
2208 68.2052
2209 68.2052
2210 68.2052
2211 68.2052
2212 68.2052
2213 68.2052
2214 68.2052
2215 68.2052
2216 68.2052
2217 68.2052
2218 68.2052
2219 68.2052
2220 68.2052
2221 68.2052
2222 68.2052
2223 68.2052
2224 68.2052
2225 68.2052
2226 68.2052
2227 68.2052
2228 68.2052
2229 68.2052
2230 68.2052
2231 68.2052
2232 68.2052
2233 68.2052
2234 68.2052
2235 68.2052
2236 68.2052
2237 68.2052
2238 68.2052
2239 68.2052
2240 68.2052
2241 68.2052
2242 68.2052
2243 68.2052
2244 68.2052
2245 68.2052
2246 68.2052
2247 68.2052
2248 68.2052
2249 68.2052
2250 68.2052
2251 68.2052
2252 68.2052
2253 68.2052
2254 68.2052
2255 68.2052
2256 68.2052
2257 68.2052
2258 68.2052
2259 68.2052
2260 68.2052
2261 68.2052
2262 68.2052
2263 68.2052
2264 68.2052
2265 68.2052
2266 68.2052
2267 68.2052
2268 68.2052
2269 68.2052
2270 68.2052
2271 68.2052
2272 68.2052
2273 68.2052
2274 68.2052
2275 68.2052
2276 68.2052
2277 68.2052
2278 68.2052
2279 68.2052
2280 68.2052
2281 68.2052
2282 68.2052
2283 68.2052
2284 68.2052
2285 68.2052
2286 68.2052
2287 68.2052
2288 68.2052
2289 68.2052
2290 68.2052
2291 68.2052
2292 68.2052
2293 68.2052
2294 68.2052
2295 68.2052
2296 68.2052
2297 68.2052
2298 68.2052
2299 68.2052
2300 68.2052
2301 68.2052
2302 68.2052
2303 68.2052
2304 68.2052
2305 68.2052
2306 68.2052
2307 68.2052
2308 68.2052
2309 68.2052
2310 68.2052
2311 68.2052
2312 68.2052
2313 68.2052
2314 68.2052
2315 68.2052
2316 68.2052
2317 68.2052
2318 68.2052
2319 68.2052
2320 68.2052
2321 68.2052
2322 68.2052
2323 68.2052
2324 68.2052
2325 68.2052
2326 68.2052
2327 68.2052
2328 68.2052
2329 68.2052
2330 68.2052
2331 68.2052
2332 68.2052
2333 68.2052
2334 68.2052
2335 68.2052
2336 68.2052
2337 68.2052
2338 68.2052
2339 68.2052
2340 68.2052
2341 68.2052
2342 68.2052
2343 68.2052
2344 68.2052
2345 68.2052
2346 68.2052
2347 68.2052
2348 68.2052
2349 68.2052
2350 68.2052
2351 68.2052
2352 68.2052
2353 68.2052
2354 68.2052
2355 68.2052
2356 68.2052
2357 68.2052
2358 68.2052
2359 68.2052
2360 68.2052
2361 68.2052
2362 68.2052
2363 68.2052
2364 68.2052
2365 68.2052
2366 68.2052
2367 68.2052
2368 68.2052
2369 68.2052
2370 68.2052
2371 68.2052
2372 68.2052
2373 68.2052
2374 68.2052
2375 68.2052
2376 68.2052
2377 68.2052
2378 68.2052
2379 68.2052
2380 68.2052
2381 68.2052
2382 68.2052
2383 68.2052
2384 68.2052
2385 68.2052
2386 68.2052
2387 68.2052
2388 68.2052
2389 68.2052
2390 68.2052
2391 68.2052
2392 68.2052
2393 68.2052
2394 68.2052
2395 68.2052
2396 68.2052
2397 68.2052
2398 68.2052
2399 68.2052
2400 68.2052
2401 68.2052
2402 68.2052
2403 68.2052
2404 68.2052
2405 68.2052
2406 68.2052
2407 68.2052
2408 68.2052
2409 68.2052
2410 68.2052
2411 68.2052
2412 68.2052
2413 68.2052
2414 68.2052
2415 68.2052
2416 68.2052
2417 68.2052
2418 68.2052
2419 68.2052
2420 68.2052
2421 68.2052
2422 68.2052
2423 68.2052
2424 68.2052
2425 68.2052
2426 68.2052
2427 68.2052
2428 68.2052
2429 68.2052
2430 68.2052
2431 68.2052
2432 68.1395
2433 68.1395
2434 68.1395
2435 68.1395
2436 68.1395
2437 68.1395
2438 68.1395
2439 68.1395
2440 68.1395
2441 68.1395
2442 68.1395
2443 68.1395
2444 68.1395
2445 68.1395
2446 68.1395
2447 68.1395
2448 68.1395
2449 68.1395
2450 68.1395
2451 68.1395
2452 68.1395
2453 68.1395
2454 68.1395
2455 68.1395
2456 68.1395
2457 68.1395
2458 68.1395
2459 68.1395
2460 68.1395
2461 68.1395
2462 68.1395
2463 68.1395
2464 68.1395
2465 68.1395
2466 68.1395
2467 68.1395
2468 68.1395
2469 68.1395
2470 68.1395
2471 68.1395
2472 68.1395
2473 68.1395
2474 68.1395
2475 68.1395
2476 68.1395
2477 68.1395
2478 68.1395
2479 67.918
2480 67.918
2481 67.918
2482 67.918
2483 67.918
2484 67.918
2485 67.918
2486 67.918
2487 67.918
2488 67.918
2489 67.918
2490 67.918
2491 67.918
2492 67.918
2493 67.918
2494 67.918
2495 67.918
2496 67.918
2497 67.918
2498 67.918
2499 67.918
2500 67.918
2501 67.918
2502 67.918
2503 67.918
2504 67.918
2505 67.918
2506 67.918
2507 67.918
2508 67.918
2509 67.918
2510 67.918
2511 67.918
2512 67.918
2513 67.918
2514 67.918
2515 67.918
2516 67.918
2517 67.918
2518 67.918
2519 67.918
2520 67.918
2521 67.918
2522 67.918
2523 67.918
2524 67.918
2525 67.918
2526 67.918
2527 67.918
2528 67.918
2529 67.918
2530 67.918
2531 67.5855
2532 67.5855
2533 67.5855
2534 67.5855
2535 67.5855
2536 67.5855
2537 67.5855
2538 67.5855
2539 67.5855
2540 67.5855
2541 67.5855
2542 67.5855
2543 67.5855
2544 67.5855
2545 67.5855
2546 67.5855
2547 67.5855
2548 67.5855
2549 67.5855
2550 67.5855
2551 67.5855
2552 67.5855
2553 67.5855
2554 67.5855
2555 67.5855
2556 67.5855
2557 67.5855
2558 67.5855
2559 67.5855
2560 67.5855
2561 67.5855
2562 67.5855
2563 67.5855
2564 67.5855
2565 67.5855
2566 67.5855
2567 67.5855
2568 67.5855
2569 67.5855
2570 67.5855
2571 67.5855
2572 67.5855
2573 67.5855
2574 67.5855
2575 67.5855
2576 67.5855
2577 67.5855
2578 67.5855
2579 67.5855
2580 67.5855
2581 67.5855
2582 67.5855
2583 67.5855
2584 67.5855
2585 67.5855
2586 67.5855
2587 67.5855
2588 67.5855
2589 67.5855
2590 67.5855
2591 67.5855
2592 67.5855
2593 67.5855
2594 67.5855
2595 67.5855
2596 67.5855
2597 67.5855
2598 67.5855
2599 67.5855
2600 67.5855
2601 67.5855
2602 67.5855
2603 67.5855
2604 67.5855
2605 67.5855
2606 67.5855
2607 67.5855
2608 67.5855
2609 67.5855
2610 67.5855
2611 67.5855
2612 67.5855
2613 67.5855
2614 67.5855
2615 67.5855
2616 67.5855
2617 67.5855
2618 67.5855
2619 67.5855
2620 67.5855
2621 67.5855
2622 67.5855
2623 67.5855
2624 67.5855
2625 67.5855
2626 67.5855
2627 67.5855
2628 67.5855
2629 67.5855
2630 67.5855
2631 67.5855
2632 67.5855
2633 67.5855
2634 67.5855
2635 67.5855
2636 67.5855
2637 67.5855
2638 67.5855
2639 67.5855
2640 67.5855
2641 67.5855
2642 67.5855
2643 67.5855
2644 67.5855
2645 67.5855
2646 67.5855
2647 67.5855
2648 67.5855
2649 67.5855
2650 67.5855
2651 67.5855
2652 67.5855
2653 67.5855
2654 67.5855
2655 67.5855
2656 67.5855
2657 67.5855
2658 67.5855
2659 67.5855
2660 67.5855
2661 67.5855
2662 67.5855
2663 67.5855
2664 67.5855
2665 67.5855
2666 67.5855
2667 67.5855
2668 67.5855
2669 67.5855
2670 67.5855
2671 67.5855
2672 67.5855
2673 67.5855
2674 67.5855
2675 67.5855
2676 67.5855
2677 67.5855
2678 67.5855
2679 67.5855
2680 67.5855
2681 67.5855
2682 67.5855
2683 67.5855
2684 67.5855
2685 67.5855
2686 67.5855
2687 67.5855
2688 67.5855
2689 67.5855
2690 67.5855
2691 67.5855
2692 67.5855
2693 67.5855
2694 67.5855
2695 67.5855
2696 67.5855
2697 67.5855
2698 67.5855
2699 67.5855
2700 67.5855
2701 67.5855
2702 67.5855
2703 67.5855
2704 67.5855
2705 67.5855
2706 67.5855
2707 67.5855
2708 67.5855
2709 67.5855
2710 67.5855
2711 67.5855
2712 67.5855
2713 67.5855
2714 67.5855
2715 67.5855
2716 67.5855
2717 67.5855
2718 67.5855
2719 67.5855
2720 67.5855
2721 67.5855
2722 67.5855
2723 67.5855
2724 67.5855
2725 67.5855
2726 67.5855
2727 67.5855
2728 67.5855
2729 67.5855
2730 67.5855
2731 67.5855
2732 67.5855
2733 67.5855
2734 67.5855
2735 67.5855
2736 67.5855
2737 67.5855
2738 67.5855
2739 67.5855
2740 67.5855
2741 67.5855
2742 67.5855
2743 67.5855
2744 67.5855
2745 67.5855
2746 67.5855
2747 67.5855
2748 67.5855
2749 67.5855
2750 67.5855
2751 67.5855
2752 67.5855
2753 67.5855
2754 67.5855
2755 67.5855
2756 67.5855
2757 67.5855
2758 67.5855
2759 67.5855
2760 67.5855
2761 67.5855
2762 67.5855
2763 67.5855
2764 67.5855
2765 67.5855
2766 67.5855
2767 67.5855
2768 67.5855
2769 67.5855
2770 67.5855
2771 67.5855
2772 67.5855
2773 67.5855
2774 67.5855
2775 67.5855
2776 67.5855
2777 67.5855
2778 67.5855
2779 67.5855
2780 67.5855
2781 67.5855
2782 67.5855
2783 67.5855
2784 67.5855
2785 67.5855
2786 67.5855
2787 67.5855
2788 67.5855
2789 67.5855
2790 67.5855
2791 67.5855
2792 67.5855
2793 67.5855
2794 67.5855
2795 67.5855
2796 67.5855
2797 67.5855
2798 67.5855
2799 67.5855
2800 67.5855
2801 67.5855
2802 67.5855
2803 67.5855
2804 67.5855
2805 67.5855
2806 67.5855
2807 67.5855
2808 67.5855
2809 67.5855
2810 67.5855
2811 67.5855
2812 67.5855
2813 67.5855
2814 67.5855
2815 67.5855
2816 67.5855
2817 67.5855
2818 67.5855
2819 67.5855
2820 67.5855
2821 67.5855
2822 67.5855
2823 67.5855
2824 67.5855
2825 67.5855
2826 67.5855
2827 67.5855
2828 67.5855
2829 67.5855
2830 67.5855
2831 67.5855
2832 67.5855
2833 67.5855
2834 67.5855
2835 67.5855
2836 67.5855
2837 67.5855
2838 67.5855
2839 67.5855
2840 67.5855
2841 67.5855
2842 67.5855
2843 67.5855
2844 67.5855
2845 67.5855
2846 67.5855
2847 67.5855
2848 67.5855
2849 67.5855
2850 67.5855
2851 67.5855
2852 67.5855
2853 67.5855
2854 67.5855
2855 67.5855
2856 67.5855
2857 67.5855
2858 67.5855
2859 67.5855
2860 67.5855
2861 67.5855
2862 67.5855
2863 67.5855
2864 67.5855
2865 67.5855
2866 67.5855
2867 67.5855
2868 67.5855
2869 67.5855
2870 67.5855
2871 67.5855
2872 67.5855
2873 67.5855
2874 67.5855
2875 67.5855
2876 67.5855
2877 67.5855
2878 67.5855
2879 67.5855
2880 67.5855
2881 67.5855
2882 67.5855
2883 67.5855
2884 67.5855
2885 67.5855
2886 67.5855
2887 67.5855
2888 67.5855
2889 67.5855
2890 67.5855
2891 67.5855
2892 67.5855
2893 67.5855
2894 67.5855
2895 67.5855
2896 67.5855
2897 67.5855
2898 67.5855
2899 67.5855
2900 67.5855
2901 67.5855
2902 67.5855
2903 67.5855
2904 67.5855
2905 67.5855
2906 67.5855
2907 67.5855
2908 67.5855
2909 67.5855
2910 67.5855
2911 67.5855
2912 67.5855
2913 67.5855
2914 67.5855
2915 67.5855
2916 67.5855
2917 67.5855
2918 67.5855
2919 67.5855
2920 67.5855
2921 67.5855
2922 67.5855
2923 67.5855
2924 67.5855
2925 67.5855
2926 67.5855
2927 67.5855
2928 67.5855
2929 67.5855
2930 67.5855
2931 67.5855
2932 67.5855
2933 67.5855
2934 67.5855
2935 67.5855
2936 67.5855
2937 67.5855
2938 67.5855
2939 67.5855
2940 67.5855
2941 67.5855
2942 67.5855
2943 67.5855
2944 67.5855
2945 67.5855
2946 67.5855
2947 67.5855
2948 67.5855
2949 67.5855
2950 67.5855
2951 67.5855
2952 67.5855
2953 67.5855
2954 67.5855
2955 67.5855
2956 67.5855
2957 67.5855
2958 67.5855
2959 67.5855
2960 67.5855
2961 67.5855
2962 67.5855
2963 67.5855
2964 67.5855
2965 67.5855
2966 67.5855
2967 67.5855
2968 67.5855
2969 67.5855
2970 67.5855
2971 67.5855
2972 67.5855
2973 67.5855
2974 67.5855
2975 67.5855
2976 67.5855
2977 67.5855
2978 67.5855
2979 67.5855
2980 67.5855
2981 67.5855
2982 67.5855
2983 67.5855
2984 67.5855
2985 67.5855
2986 67.5855
2987 67.5855
2988 67.5855
2989 67.5855
2990 67.5855
2991 67.5855
2992 67.5855
2993 67.5855
2994 67.5855
2995 67.5855
2996 67.5855
2997 67.5855
2998 67.5855
2999 67.5855
3000 67.5855
3001 67.5855
3002 67.5855
3003 67.5855
3004 67.5855
3005 67.5855
3006 67.5855
3007 67.5855
3008 67.5855
3009 67.5855
3010 67.5855
3011 67.5855
3012 67.5855
3013 67.5855
3014 67.5855
3015 67.5855
3016 67.5855
3017 67.5855
3018 67.5855
3019 67.5855
3020 67.5855
3021 67.5855
3022 67.5855
3023 67.5855
3024 67.5855
3025 67.5855
3026 67.5855
3027 67.5855
3028 67.5855
3029 67.5855
3030 67.5855
3031 67.5855
3032 67.5855
3033 67.5855
3034 67.5855
3035 67.2644
3036 67.2644
3037 67.2644
3038 67.2644
3039 67.2644
3040 67.2644
3041 67.2644
3042 67.2644
3043 67.2644
3044 67.2644
3045 67.2644
3046 67.2644
3047 67.2644
3048 67.2644
3049 67.2644
3050 67.2644
3051 67.2644
3052 67.2644
3053 67.2644
3054 67.2644
3055 67.2644
3056 67.2644
3057 67.2644
3058 67.2644
3059 67.2644
3060 67.2644
3061 67.2644
3062 67.2644
3063 67.2644
3064 67.2644
3065 67.2644
3066 67.2644
3067 67.2644
3068 67.2644
3069 67.2644
3070 67.2644
3071 67.2644
3072 67.2644
3073 67.2644
3074 67.2644
3075 67.2644
3076 67.2644
3077 67.2644
3078 67.2644
3079 67.2644
3080 67.2644
3081 67.2644
3082 67.2644
3083 67.2644
3084 67.2644
3085 67.2644
3086 67.2644
3087 67.2644
3088 67.2644
3089 67.2644
3090 67.2644
3091 67.2644
3092 67.2644
3093 67.2644
3094 67.2644
3095 67.2644
3096 67.2644
3097 67.2644
3098 67.2644
3099 67.2644
3100 67.2644
3101 67.2644
3102 67.2644
3103 67.2644
3104 67.2644
3105 67.2644
3106 67.2644
3107 67.2644
3108 67.2644
3109 67.2644
3110 67.2644
3111 67.2644
3112 67.2644
3113 67.2644
3114 67.2644
3115 67.2644
3116 67.2644
3117 67.2644
3118 67.2644
3119 67.2644
3120 67.2644
3121 67.2644
3122 67.2644
3123 67.2644
3124 67.2644
3125 67.2644
3126 67.2644
3127 67.2644
3128 67.2644
3129 67.2644
3130 67.2644
3131 67.2644
3132 67.2644
3133 67.2644
3134 67.2644
3135 67.2644
3136 67.2644
3137 67.2644
3138 67.2644
3139 67.2644
3140 67.2644
3141 67.2644
3142 67.2644
3143 67.2644
3144 67.2644
3145 67.2644
3146 67.2644
3147 67.2644
3148 67.2644
3149 67.2644
3150 67.2644
3151 67.2644
3152 67.2644
3153 67.2644
3154 67.2644
3155 67.2644
3156 67.2644
3157 67.2644
3158 67.2644
3159 67.2644
3160 67.2644
3161 67.2644
3162 67.2644
3163 67.2644
3164 67.2644
3165 67.2644
3166 67.2644
3167 67.2644
3168 67.2644
3169 67.2644
3170 67.2644
3171 67.2644
3172 67.2644
3173 67.2644
3174 67.2644
3175 67.2644
3176 67.2644
3177 67.2644
3178 67.2644
3179 67.2644
3180 67.2644
3181 67.2644
3182 67.2644
3183 67.2644
3184 67.2644
3185 67.2644
3186 67.2644
3187 67.2644
3188 67.2644
3189 67.2644
3190 67.2644
3191 67.2644
3192 67.2644
3193 67.2644
3194 67.2644
3195 67.2644
3196 67.2644
3197 67.2644
3198 67.2644
3199 67.2644
3200 67.2644
3201 67.2644
3202 67.2644
3203 67.2644
3204 67.2644
3205 67.2644
3206 67.2644
3207 67.2644
3208 67.2644
3209 67.2644
3210 67.2644
3211 67.2644
3212 67.2644
3213 67.2644
3214 67.2644
3215 67.2644
3216 67.2644
3217 67.2644
3218 67.2644
3219 67.2644
3220 67.2644
3221 67.2644
3222 67.2644
3223 67.2644
3224 67.2644
3225 67.2644
3226 67.2644
3227 67.2644
3228 67.2644
3229 67.2644
3230 67.2644
3231 67.2644
3232 67.2644
3233 67.2644
3234 67.2644
3235 67.2644
3236 67.2644
3237 67.2644
3238 67.2644
3239 67.2644
3240 67.2644
3241 67.2644
3242 67.2644
3243 67.2644
3244 67.2644
3245 67.2644
3246 67.2644
3247 67.2644
3248 67.2644
3249 67.2644
3250 67.2644
3251 67.2644
3252 67.2644
3253 67.2644
3254 67.2644
3255 67.2644
3256 67.2644
3257 67.2644
3258 67.2644
3259 67.2644
3260 67.2644
3261 67.2644
3262 67.2644
3263 67.2644
3264 67.2644
3265 67.2644
3266 67.2644
3267 67.2644
3268 67.2644
3269 67.2644
3270 67.2644
3271 67.2644
3272 67.2644
3273 67.2644
3274 67.2644
3275 67.2644
3276 67.2644
3277 67.2644
3278 67.2644
3279 67.2644
3280 67.2644
3281 67.2644
3282 67.2644
3283 67.2644
3284 67.2644
3285 67.2644
3286 67.2644
3287 67.2644
3288 67.2644
3289 67.2644
3290 67.2644
3291 67.2644
3292 67.2644
3293 67.2644
3294 67.2644
3295 67.2644
3296 67.2644
3297 67.2644
3298 67.2644
3299 67.2644
3300 67.2644
3301 67.2644
3302 67.2644
3303 67.2644
3304 67.2644
3305 67.2644
3306 67.2644
3307 67.2644
3308 67.2644
3309 67.2644
3310 67.2644
3311 67.2644
3312 67.2644
3313 67.2644
3314 67.2644
3315 67.2644
3316 67.2644
3317 67.2644
3318 67.2644
3319 67.2644
3320 67.2644
3321 67.2644
3322 67.2644
3323 67.2644
3324 67.2644
3325 67.2644
3326 67.2644
3327 67.2644
3328 67.2644
3329 67.2644
3330 67.2644
3331 67.2644
3332 67.2644
3333 67.2644
3334 67.2644
3335 67.2644
3336 67.2644
3337 67.2644
3338 67.2644
3339 67.2644
3340 67.2644
3341 67.2644
3342 67.2644
3343 67.2644
3344 67.2644
3345 67.2644
3346 67.2644
3347 67.2644
3348 67.2644
3349 67.2644
3350 67.2644
3351 67.2644
3352 67.2644
3353 67.2644
3354 67.2644
3355 67.2644
3356 67.2644
3357 67.2644
3358 67.2644
3359 67.2644
3360 67.2644
3361 67.2644
3362 67.2644
3363 67.2644
3364 67.2644
3365 67.2644
3366 67.2644
3367 67.2644
3368 67.2644
3369 67.2644
3370 67.2644
3371 67.2644
3372 67.2644
3373 67.2644
3374 67.2644
3375 67.2644
3376 67.2644
3377 67.2644
3378 67.2644
3379 67.2644
3380 67.2644
3381 67.2644
3382 67.2644
3383 67.2644
3384 67.2644
3385 67.2644
3386 67.2644
3387 67.2644
3388 67.2644
3389 67.2644
3390 67.2644
3391 67.2644
3392 67.2644
3393 67.2644
3394 67.2644
3395 67.2644
3396 67.2644
3397 67.2644
3398 67.2644
3399 67.2644
3400 67.2644
3401 67.2644
3402 67.2644
3403 67.2644
3404 67.2644
3405 67.2644
3406 67.2644
3407 67.2644
3408 67.2644
3409 67.2644
3410 67.2644
3411 67.2644
3412 67.2644
3413 67.2644
3414 67.2644
3415 67.2644
3416 67.2644
3417 67.2644
3418 67.2644
3419 67.2644
3420 67.2644
3421 67.2644
3422 67.2644
3423 67.2644
3424 67.2644
3425 67.2644
3426 67.2644
3427 67.2644
3428 67.2644
3429 67.2644
3430 67.2644
3431 67.2644
3432 67.2644
3433 67.2644
3434 67.2644
3435 67.2644
3436 67.2644
3437 67.2644
3438 67.2644
3439 67.2644
3440 67.2644
3441 67.2644
3442 67.2644
3443 67.2644
3444 67.2644
3445 67.2644
3446 67.2644
3447 67.2644
3448 67.2644
3449 67.2644
3450 67.2644
3451 67.2644
3452 67.2644
3453 67.2644
3454 67.2644
3455 67.2644
3456 67.2644
3457 67.2644
3458 67.2644
3459 67.2644
3460 67.2644
3461 67.2644
3462 67.2644
3463 67.2644
3464 67.2644
3465 67.2644
3466 67.2644
3467 67.2644
3468 67.2644
3469 67.2644
3470 67.2644
3471 67.2644
3472 67.2644
3473 67.2644
3474 67.2644
3475 67.2644
3476 67.2644
3477 67.2644
3478 67.2644
3479 67.2644
3480 67.2644
3481 67.2644
3482 67.2644
3483 67.2644
3484 67.2644
3485 67.2644
3486 67.2644
3487 67.2644
3488 67.2644
3489 67.2644
3490 67.2644
3491 67.2644
3492 67.2644
3493 67.2644
3494 67.2644
3495 67.2644
3496 67.2644
3497 67.2644
3498 67.2644
3499 67.2644
3500 67.2644
3501 67.2644
3502 67.2644
3503 67.2644
3504 67.2644
3505 67.2644
3506 67.2644
3507 67.2644
3508 67.2644
3509 67.2644
3510 67.2644
3511 67.2644
3512 67.2644
3513 67.2644
3514 67.2644
3515 67.2644
3516 67.2644
3517 67.2644
3518 67.2644
3519 67.2644
3520 67.2644
3521 67.2644
3522 67.2644
3523 67.2644
3524 67.2644
3525 67.2644
3526 67.2644
3527 67.2644
3528 67.2644
3529 67.2644
3530 67.2644
3531 67.2644
3532 67.2644
3533 67.2644
3534 67.2644
3535 67.2644
3536 67.2644
3537 67.2644
3538 67.2644
3539 67.2644
3540 67.2644
3541 67.2644
3542 67.2644
3543 67.2644
3544 67.2644
3545 67.2644
3546 67.2644
3547 67.2644
3548 67.2644
3549 67.2644
3550 67.2644
3551 67.2644
3552 67.2644
3553 67.2644
3554 67.2644
3555 67.2644
3556 67.2644
3557 67.2644
3558 67.2644
3559 67.2644
3560 67.2644
3561 67.2644
3562 67.2644
3563 67.2644
3564 67.2644
3565 67.2644
3566 67.2644
3567 67.2644
3568 67.2644
3569 67.2644
3570 67.2644
3571 67.2644
3572 67.2644
3573 67.2644
3574 67.2644
3575 67.2644
3576 67.2644
3577 67.2644
3578 67.2644
3579 67.2644
3580 67.2644
3581 67.2644
3582 67.2644
3583 67.2644
3584 67.2644
3585 67.2644
3586 67.2644
3587 67.2644
3588 67.2644
3589 67.2644
3590 67.2644
3591 67.2644
3592 67.2644
3593 67.2644
3594 67.2644
3595 67.2644
3596 67.2644
3597 67.2644
3598 67.2644
3599 67.2644
3600 67.2644
3601 67.2644
3602 67.2644
3603 67.2644
3604 67.2644
3605 67.2644
3606 67.2644
3607 67.2644
3608 67.2644
3609 67.2644
3610 67.2644
3611 67.2644
3612 67.2644
3613 67.2644
3614 67.2644
3615 67.2644
3616 67.2644
3617 67.2644
3618 67.2644
3619 67.2644
3620 67.2644
3621 67.2644
3622 67.2644
3623 67.2644
3624 67.2644
3625 67.2644
3626 67.2644
3627 67.2644
3628 67.2644
3629 67.2644
3630 67.2644
3631 67.2644
3632 67.2644
3633 67.2644
3634 67.2644
3635 67.2644
3636 67.2644
3637 67.2644
3638 67.2644
3639 67.2644
3640 67.2644
3641 67.2644
3642 67.2644
3643 67.2644
3644 67.2644
3645 67.2644
3646 67.2644
3647 67.2644
3648 67.2644
3649 67.2644
3650 67.2644
3651 67.2644
3652 67.2644
3653 67.2644
3654 67.2644
3655 67.2644
3656 67.2644
3657 67.2644
3658 67.2644
3659 67.2644
3660 67.2644
3661 67.2644
3662 67.2644
3663 67.2644
3664 67.2644
3665 67.2644
3666 67.2644
3667 67.2644
3668 67.2644
3669 67.2644
3670 67.2644
3671 67.2644
3672 67.2644
3673 67.2644
3674 67.2644
3675 67.2644
3676 67.2644
3677 67.2644
3678 67.2644
3679 67.2644
3680 67.2644
3681 67.2644
3682 67.2644
3683 67.2644
3684 67.2644
3685 67.2644
3686 67.2644
3687 67.2644
3688 67.2644
3689 67.2644
3690 67.2644
3691 67.2644
3692 67.2644
3693 67.2644
3694 67.2644
3695 67.2644
3696 67.2644
3697 67.2644
3698 67.2644
3699 67.2644
3700 67.2644
3701 67.2644
3702 67.2644
3703 67.2644
3704 67.2644
3705 67.2644
3706 67.2644
3707 67.2644
3708 67.2644
3709 67.2644
3710 67.2644
3711 67.2644
3712 67.2644
3713 67.2644
3714 67.2644
3715 67.2644
3716 67.2644
3717 67.2644
3718 67.2644
3719 67.2644
3720 67.2644
3721 67.2644
3722 67.2644
3723 67.2644
3724 67.2644
3725 67.2644
3726 67.2644
3727 67.2644
3728 67.2644
3729 67.2644
3730 67.2644
3731 67.2644
3732 67.2644
3733 67.2644
3734 67.2644
3735 67.2644
3736 67.2644
3737 67.2644
3738 67.2644
3739 67.2644
3740 67.2644
3741 67.2644
3742 67.2644
3743 67.2644
3744 67.2644
3745 67.2644
3746 67.2644
3747 67.2644
3748 67.2644
3749 67.2644
3750 67.2644
3751 67.2644
3752 67.2644
3753 67.2644
3754 67.2644
3755 67.2644
3756 67.2644
3757 67.2644
3758 67.2644
3759 67.2644
3760 67.2644
3761 67.2644
3762 67.2644
3763 67.2644
3764 67.2644
3765 67.2644
3766 67.2644
3767 67.2644
3768 67.2644
3769 67.2644
3770 67.2644
3771 67.2644
3772 67.2644
3773 67.2644
3774 67.2644
3775 67.2644
3776 67.2644
3777 67.2644
3778 67.2644
3779 67.2644
3780 67.2644
3781 67.2644
3782 67.2644
3783 67.2644
3784 67.2644
3785 67.2644
3786 67.2644
3787 67.2644
3788 67.2644
3789 67.2644
3790 67.2644
3791 67.2644
3792 67.2644
3793 67.2644
3794 67.2644
3795 67.2644
3796 67.2644
3797 67.2644
3798 67.2644
3799 67.2644
3800 67.2644
3801 67.2644
3802 67.2644
3803 67.2644
3804 67.2644
3805 67.2644
3806 67.2644
3807 67.2644
3808 67.2644
3809 67.2644
3810 67.2644
3811 67.2644
3812 67.2644
3813 67.2644
3814 67.2644
3815 67.2644
3816 67.2644
3817 67.2644
3818 67.2644
3819 67.2644
3820 67.2644
3821 67.2644
3822 67.2644
3823 67.2644
3824 67.2644
3825 67.2644
3826 67.2644
3827 67.2644
3828 67.2644
3829 67.2644
3830 67.2644
3831 67.2644
3832 67.2644
3833 67.2644
3834 67.2644
3835 67.2644
3836 67.2644
3837 67.2644
3838 67.2644
3839 67.2644
3840 67.2644
3841 67.2644
3842 67.2644
3843 67.2644
3844 67.2644
3845 67.2644
3846 67.2644
3847 67.2644
3848 67.2644
3849 67.2644
3850 67.2644
3851 67.2644
3852 67.2644
3853 67.2644
3854 67.2644
3855 67.2644
3856 67.2644
3857 67.2644
3858 67.2644
3859 67.2644
3860 67.2644
3861 67.2644
3862 67.2644
3863 67.2644
3864 67.2644
3865 67.2644
3866 67.2644
3867 67.2644
3868 67.2644
3869 67.2644
3870 67.2644
3871 67.2644
3872 67.2644
3873 67.2644
3874 67.2644
3875 67.2644
3876 67.2644
3877 67.2644
3878 67.2644
3879 67.2644
3880 67.2644
3881 67.2644
3882 67.2644
3883 67.2644
3884 67.2644
3885 67.2644
3886 67.2644
3887 67.2644
3888 67.2644
3889 67.2644
3890 67.2644
3891 67.2644
3892 67.2644
3893 67.2644
3894 67.2644
3895 67.2644
3896 67.2644
3897 67.2644
3898 67.2644
3899 67.2644
3900 67.2644
3901 67.2644
3902 67.2644
3903 67.2644
3904 67.2644
3905 67.2644
3906 67.2644
3907 67.2644
3908 67.2644
3909 67.2644
3910 67.2644
3911 67.2644
3912 67.2644
3913 67.2644
3914 67.2644
3915 67.2644
3916 67.2644
3917 67.2644
3918 67.2644
3919 67.2644
3920 67.2644
3921 67.2644
3922 67.2644
3923 67.2644
3924 67.2644
3925 67.2644
3926 67.2644
3927 67.2644
3928 67.2644
3929 67.2644
3930 67.2644
3931 67.2644
3932 67.2644
3933 67.2644
3934 67.2644
3935 67.2644
3936 67.2644
3937 67.2644
3938 67.2644
3939 67.2644
3940 67.2644
3941 67.2644
3942 67.2644
3943 67.2644
3944 67.2644
3945 67.2644
3946 67.2644
3947 67.2644
3948 67.2644
3949 67.2644
3950 67.2644
3951 67.2644
3952 67.2644
3953 67.2644
3954 67.2644
3955 67.2644
3956 67.2644
3957 67.2644
3958 67.2644
3959 67.2644
3960 67.2644
3961 67.0125
3962 67.0125
3963 67.0125
3964 67.0125
3965 67.0125
3966 67.0125
3967 67.0125
3968 67.0125
3969 67.0125
3970 67.0125
3971 67.0125
3972 67.0125
3973 67.0125
3974 67.0125
3975 67.0125
3976 67.0125
3977 67.0125
3978 67.0125
3979 67.0125
3980 67.0125
3981 67.0125
3982 67.0125
3983 67.0125
3984 67.0125
3985 67.0125
3986 67.0125
3987 67.0125
3988 67.0125
3989 67.0125
3990 67.0125
3991 67.0125
3992 67.0125
3993 67.0125
3994 67.0125
3995 67.0125
3996 67.0125
3997 67.0125
3998 67.0125
3999 67.0125
4000 67.0125
4001 67.0125
4002 67.0125
4003 67.0125
4004 67.0125
4005 67.0125
4006 67.0125
4007 67.0125
4008 67.0125
4009 67.0125
4010 67.0125
4011 67.0125
4012 67.0125
4013 67.0125
4014 67.0125
4015 67.0125
4016 67.0125
4017 67.0125
4018 67.0125
4019 67.0125
4020 67.0125
4021 67.0125
4022 67.0125
4023 67.0125
4024 67.0125
4025 67.0125
4026 67.0125
4027 67.0125
4028 67.0125
4029 67.0125
4030 67.0125
4031 67.0125
4032 67.0125
4033 67.0125
4034 67.0125
4035 67.0125
4036 67.0125
4037 67.0125
4038 67.0125
4039 67.0125
4040 67.0125
4041 67.0125
4042 67.0125
4043 67.0125
4044 67.0125
4045 67.0125
4046 67.0125
4047 67.0125
4048 67.0125
4049 67.0125
4050 67.0125
4051 67.0125
4052 67.0125
4053 67.0125
4054 67.0125
4055 67.0125
4056 67.0125
4057 67.0125
4058 67.0125
4059 67.0125
4060 67.0125
4061 67.0125
4062 67.0125
4063 67.0125
4064 67.0125
4065 67.0125
4066 67.0125
4067 67.0125
4068 67.0125
4069 67.0125
4070 67.0125
4071 67.0125
4072 67.0125
4073 67.0125
4074 67.0125
4075 67.0125
4076 67.0125
4077 67.0125
4078 67.0125
4079 67.0125
4080 67.0125
4081 67.0125
4082 67.0125
4083 67.0125
4084 67.0125
4085 67.0125
4086 67.0125
4087 67.0125
4088 67.0125
4089 67.0125
4090 67.0125
4091 67.0125
4092 67.0125
4093 67.0125
4094 67.0125
4095 67.0125
4096 67.0125
4097 67.0125
4098 67.0125
4099 67.0125
4100 67.0125
4101 67.0125
4102 67.0125
4103 67.0125
4104 67.0125
4105 67.0125
4106 67.0125
4107 67.0125
4108 67.0125
4109 67.0125
4110 67.0125
4111 67.0125
4112 67.0125
4113 67.0125
4114 67.0125
4115 67.0125
4116 67.0125
4117 67.0125
4118 67.0125
4119 67.0125
4120 67.0125
4121 67.0125
4122 67.0125
4123 67.0125
4124 67.0125
4125 67.0125
4126 67.0125
4127 67.0125
4128 67.0125
4129 67.0125
4130 67.0125
4131 67.0125
4132 67.0125
4133 67.0125
4134 67.0125
4135 67.0125
4136 67.0125
4137 67.0125
4138 67.0125
4139 67.0125
4140 67.0125
4141 67.0125
4142 67.0125
4143 67.0125
4144 67.0125
4145 67.0125
4146 67.0125
4147 67.0125
4148 67.0125
4149 67.0125
4150 67.0125
4151 67.0125
4152 67.0125
4153 67.0125
4154 67.0125
4155 67.0125
4156 67.0125
4157 67.0125
4158 67.0125
4159 67.0125
4160 67.0125
4161 67.0125
4162 67.0125
4163 67.0125
4164 67.0125
4165 67.0125
4166 67.0125
4167 67.0125
4168 67.0125
4169 67.0125
4170 67.0125
4171 67.0125
4172 67.0125
4173 67.0125
4174 67.0125
4175 67.0125
4176 67.0125
4177 67.0125
4178 67.0125
4179 67.0125
4180 67.0125
4181 67.0125
4182 67.0125
4183 67.0125
4184 67.0125
4185 67.0125
4186 67.0125
4187 67.0125
4188 67.0125
4189 67.0125
4190 67.0125
4191 67.0125
4192 67.0125
4193 67.0125
4194 67.0125
4195 67.0125
4196 67.0125
4197 67.0125
4198 67.0125
4199 67.0125
4200 67.0125
4201 67.0125
4202 67.0125
4203 67.0125
4204 67.0125
4205 67.0125
4206 67.0125
4207 67.0125
4208 67.0125
4209 67.0125
4210 67.0125
4211 67.0125
4212 67.0125
4213 67.0125
4214 67.0125
4215 67.0125
4216 67.0125
4217 67.0125
4218 67.0125
4219 67.0125
4220 67.0125
4221 67.0125
4222 67.0125
4223 67.0125
4224 67.0125
4225 67.0125
4226 67.0125
4227 67.0125
4228 67.0125
4229 67.0125
4230 67.0125
4231 67.0125
4232 67.0125
4233 67.0125
4234 67.0125
4235 67.0125
4236 67.0125
4237 67.0125
4238 67.0125
4239 67.0125
4240 67.0125
4241 67.0125
4242 67.0125
4243 67.0125
4244 67.0125
4245 67.0125
4246 67.0125
4247 67.0125
4248 66.8069
4249 66.8069
4250 66.8069
4251 66.8069
4252 66.8069
4253 66.8069
4254 66.8069
4255 66.8069
4256 66.8069
4257 66.8069
4258 66.8069
4259 66.8069
4260 66.8069
4261 66.8069
4262 66.8069
4263 66.8069
4264 66.8069
4265 66.8069
4266 66.8069
4267 66.8069
4268 66.8069
4269 66.8069
4270 66.8069
4271 66.8069
4272 66.8069
4273 66.8069
4274 66.8069
4275 66.8069
4276 66.8069
4277 66.8069
4278 66.8069
4279 66.8069
4280 66.8069
4281 66.8069
4282 66.8069
4283 66.8069
4284 66.8069
4285 66.8069
4286 66.8069
4287 66.8069
4288 66.8069
4289 66.8069
4290 66.8069
4291 66.8069
4292 66.8069
4293 66.8069
4294 66.8069
4295 66.8069
4296 66.8069
4297 66.8069
4298 66.8069
4299 66.8069
4300 66.8069
4301 66.8069
4302 66.8069
4303 66.8069
4304 66.8069
4305 66.8069
4306 66.8069
4307 66.8069
4308 66.8069
4309 66.8069
4310 66.8069
4311 66.8069
4312 66.8069
4313 66.8069
4314 66.8069
4315 66.8069
4316 66.8069
4317 66.8069
4318 66.8069
4319 66.8069
4320 66.8069
4321 66.8069
4322 66.8069
4323 66.8069
4324 66.8069
4325 66.8069
4326 66.8069
4327 66.8069
4328 66.8069
4329 66.8069
4330 66.8069
4331 66.8069
4332 66.8069
4333 66.8069
4334 66.8069
4335 66.8069
4336 66.8069
4337 66.8069
4338 66.8069
4339 66.8069
4340 66.8069
4341 66.8069
4342 66.8069
4343 66.8069
4344 66.8069
4345 66.8069
4346 66.8069
4347 66.8069
4348 66.8069
4349 66.8069
4350 66.8069
4351 66.8069
4352 66.8069
4353 66.8069
4354 66.8069
4355 66.8069
4356 66.8069
4357 66.8069
4358 66.8069
4359 66.8069
4360 66.8069
4361 66.8069
4362 66.8069
4363 66.8069
4364 66.8069
4365 66.8069
4366 66.8069
4367 66.8069
4368 66.8069
4369 66.8069
4370 66.8069
4371 66.8069
4372 66.8069
4373 66.8069
4374 66.8069
4375 66.8069
4376 66.8069
4377 66.8069
4378 66.8069
4379 66.8069
4380 66.8069
4381 66.8069
4382 66.8069
4383 66.8069
4384 66.8069
4385 66.8069
4386 66.8069
4387 66.8069
4388 66.8069
4389 66.8069
4390 66.8069
4391 66.8069
4392 66.8069
4393 66.8069
4394 66.8069
4395 66.8069
4396 66.8069
4397 66.8069
4398 66.8069
4399 66.8069
4400 66.8069
4401 66.8069
4402 66.8069
4403 66.8069
4404 66.8069
4405 66.8069
4406 66.8069
4407 66.8069
4408 66.8069
4409 66.8069
4410 66.8069
4411 66.8069
4412 66.8069
4413 66.8069
4414 66.8069
4415 66.8069
4416 66.8069
4417 66.8069
4418 66.8069
4419 66.8069
4420 66.8069
4421 66.8069
4422 66.8069
4423 66.8069
4424 66.8069
4425 66.8069
4426 66.8069
4427 66.8069
4428 66.8069
4429 66.8069
4430 66.8069
4431 66.8069
4432 66.8069
4433 66.8069
4434 66.8069
4435 66.8069
4436 66.8069
4437 66.8069
4438 66.8069
4439 66.8069
4440 66.8069
4441 66.8069
4442 66.8069
4443 66.8069
4444 66.8069
4445 66.8069
4446 66.8069
4447 66.8069
4448 66.8069
4449 66.8069
4450 66.8069
4451 66.8069
4452 66.8069
4453 66.8069
4454 66.8069
4455 66.8069
4456 66.8069
4457 66.8069
4458 66.8069
4459 66.8069
4460 66.8069
4461 66.8069
4462 66.8069
4463 66.8069
4464 66.8069
4465 66.8069
4466 66.8069
4467 66.8069
4468 66.8069
4469 66.8069
4470 66.8069
4471 66.8069
4472 66.8069
4473 66.8069
4474 66.8069
4475 66.8069
4476 66.8069
4477 66.8069
4478 66.8069
4479 66.8069
4480 66.8069
4481 66.8069
4482 66.8069
4483 66.8069
4484 66.8069
4485 66.8069
4486 66.8069
4487 66.8069
4488 66.8069
4489 66.8069
4490 66.8069
4491 66.8069
4492 66.8069
4493 66.8069
4494 66.8069
4495 66.8069
4496 66.8069
4497 66.8069
4498 66.8069
4499 66.8069
4500 66.8069
4501 66.8069
4502 66.8069
4503 66.8069
4504 66.8069
4505 66.8069
4506 66.8069
4507 66.8069
4508 66.8069
4509 66.8069
4510 66.8069
4511 66.8069
4512 66.8069
4513 66.8069
4514 66.8069
4515 66.8069
4516 66.8069
4517 66.8069
4518 66.8069
4519 66.8069
4520 66.8069
4521 66.8069
4522 66.8069
4523 66.8069
4524 66.8069
4525 66.8069
4526 66.8069
4527 66.8069
4528 66.8069
4529 66.8069
4530 66.8069
4531 66.8069
4532 66.8069
4533 66.8069
4534 66.8069
4535 66.8069
4536 66.8069
4537 66.8069
4538 66.8069
4539 66.8069
4540 66.8069
4541 66.8069
4542 66.8069
4543 66.8069
4544 66.8069
4545 66.8069
4546 66.8069
4547 66.8069
4548 66.8069
4549 66.8069
4550 66.8069
4551 66.8069
4552 66.8069
4553 66.8069
4554 66.8069
4555 66.8069
4556 66.8069
4557 66.8069
4558 66.8069
4559 66.8069
4560 66.8069
4561 66.8069
4562 66.8069
4563 66.8069
4564 66.8069
4565 66.8069
4566 66.8069
4567 66.8069
4568 66.8069
4569 66.8069
4570 66.8069
4571 66.8069
4572 66.8069
4573 66.8069
4574 66.8069
4575 66.8069
4576 66.8069
4577 66.8069
4578 66.8069
4579 66.8069
4580 66.8069
4581 66.8069
4582 66.8069
4583 66.8069
4584 66.8069
4585 66.8069
4586 66.8069
4587 66.8069
4588 66.8069
4589 66.8069
4590 66.8069
4591 66.8069
4592 66.8069
4593 66.8069
4594 66.8069
4595 66.8069
4596 66.8069
4597 66.8069
4598 66.8069
4599 66.8069
4600 66.8069
4601 66.8069
4602 66.8069
4603 66.8069
4604 66.8069
4605 66.8069
4606 66.8069
4607 66.8069
4608 66.8069
4609 66.8069
4610 66.8069
4611 66.8069
4612 66.8069
4613 66.8069
4614 66.8069
4615 66.8069
4616 66.8069
4617 66.8069
4618 66.8069
4619 66.8069
4620 66.8069
4621 66.8069
4622 66.8069
4623 66.8069
4624 66.8069
4625 66.8069
4626 66.8069
4627 66.8069
4628 66.8069
4629 66.8069
4630 66.8069
4631 66.8069
4632 66.8069
4633 66.8069
4634 66.8069
4635 66.8069
4636 66.8069
4637 66.8069
4638 66.8069
4639 66.8069
4640 66.8069
4641 66.8069
4642 66.8069
4643 66.8069
4644 66.8069
4645 66.8069
4646 66.8069
4647 66.8069
4648 66.8069
4649 66.8069
4650 66.8069
4651 66.8069
4652 66.8069
4653 66.8069
4654 66.8069
4655 66.8069
4656 66.8069
4657 66.8069
4658 66.8069
4659 66.8069
4660 66.8069
4661 66.8069
4662 66.8069
4663 66.8069
4664 66.8069
4665 66.8069
4666 66.8069
4667 66.8069
4668 66.8069
4669 66.8069
4670 66.8069
4671 66.8069
4672 66.8069
4673 66.8069
4674 66.8069
4675 66.8069
4676 66.8069
4677 66.8069
4678 66.8069
4679 66.8069
4680 66.8069
4681 66.8069
4682 66.8069
4683 66.8069
4684 66.8069
4685 66.8069
4686 66.8069
4687 66.8069
4688 66.8069
4689 66.8069
4690 66.8069
4691 66.8069
4692 66.8069
4693 66.8069
4694 66.8069
4695 66.8069
4696 66.8069
4697 66.8069
4698 66.8069
4699 66.8069
4700 66.8069
4701 66.8069
4702 66.8069
4703 66.8069
4704 66.8069
4705 66.8069
4706 66.8069
4707 66.8069
4708 66.8069
4709 66.8069
4710 66.8069
4711 66.8069
4712 66.8069
4713 66.8069
4714 66.8069
4715 66.8069
4716 66.8069
4717 66.8069
4718 66.8069
4719 66.8069
4720 66.8069
4721 66.8069
4722 66.8069
4723 66.8069
4724 66.8069
4725 66.8069
4726 66.8069
4727 66.8069
4728 66.8069
4729 66.8069
4730 66.8069
4731 66.8069
4732 66.8069
4733 66.8069
4734 66.8069
4735 66.8069
4736 66.8069
4737 66.8069
4738 66.8069
4739 66.8069
4740 66.8069
4741 66.8069
4742 66.8069
4743 66.8069
4744 66.8069
4745 66.8069
4746 66.8069
4747 66.8069
4748 66.8069
4749 66.8069
4750 66.8069
4751 66.8069
4752 66.8069
4753 66.8069
4754 66.8069
4755 66.8069
4756 66.8069
4757 66.8069
4758 66.8069
4759 66.8069
4760 66.8069
4761 66.8069
4762 66.8069
4763 66.8069
4764 66.8069
4765 66.8069
4766 66.8069
4767 66.8069
4768 66.8069
4769 66.8069
4770 66.8069
4771 66.8069
4772 66.8069
4773 66.8069
4774 66.8069
4775 66.8069
4776 66.8069
4777 66.8069
4778 66.8069
4779 66.8069
4780 66.8069
4781 66.8069
4782 66.8069
4783 66.8069
4784 66.8069
4785 66.8069
4786 66.8069
4787 66.8069
4788 66.8069
4789 66.8069
4790 66.8069
4791 66.8069
4792 66.8069
4793 66.8069
4794 66.8069
4795 66.8069
4796 66.8069
4797 66.8069
4798 66.8069
4799 66.8069
4800 66.8069
4801 66.8069
4802 66.8069
4803 66.8069
4804 66.8069
4805 66.8069
4806 66.8069
4807 66.8069
4808 66.8069
4809 66.8069
4810 66.8069
4811 66.8069
4812 66.8069
4813 66.8069
4814 66.8069
4815 66.8069
4816 66.8069
4817 66.8069
4818 66.8069
4819 66.8069
4820 66.8069
4821 66.8069
4822 66.8069
4823 66.8069
4824 66.8069
4825 66.8069
4826 66.8069
4827 66.8069
4828 66.8069
4829 66.8069
4830 66.8069
4831 66.8069
4832 66.8069
4833 66.8069
4834 66.8069
4835 66.8069
4836 66.8069
4837 66.8069
4838 66.8069
4839 66.8069
4840 66.8069
4841 66.8069
4842 66.8069
4843 66.8069
4844 66.8069
4845 66.8069
4846 66.8069
4847 66.8069
4848 66.8069
4849 66.8069
4850 66.8069
4851 66.8069
4852 66.8069
4853 66.8069
4854 66.8069
4855 66.8069
4856 66.8069
4857 66.8069
4858 66.8069
4859 66.8069
4860 66.8069
4861 66.8069
4862 66.8069
4863 66.8069
4864 66.8069
4865 66.8069
4866 66.8069
4867 66.8069
4868 66.8069
4869 66.8069
4870 66.8069
4871 66.8069
4872 66.8069
4873 66.8069
4874 66.8069
4875 66.8069
4876 66.8069
4877 66.8069
4878 66.8069
4879 66.8069
4880 66.8069
4881 66.8069
4882 66.8069
4883 66.8069
4884 66.8069
4885 66.8069
4886 66.8069
4887 66.8069
4888 66.8069
4889 66.8069
4890 66.8069
4891 66.8069
4892 66.8069
4893 66.8069
4894 66.8069
4895 66.8069
4896 66.8069
4897 66.8069
4898 66.8069
4899 66.8069
4900 66.8069
4901 66.8069
4902 66.8069
4903 66.8069
4904 66.8069
4905 66.8069
4906 66.8069
4907 66.8069
4908 66.8069
4909 66.8069
4910 66.8069
4911 66.8069
4912 66.8069
4913 66.8069
4914 66.8069
4915 66.8069
4916 66.8069
4917 66.8069
4918 66.8069
4919 66.8069
4920 66.8069
4921 66.8069
4922 66.8069
4923 66.8069
4924 66.8069
4925 66.8069
4926 66.8069
4927 66.8069
4928 66.8069
4929 66.8069
4930 66.8069
4931 66.8069
4932 66.8069
4933 66.8069
4934 66.8069
4935 66.8069
4936 66.8069
4937 66.8069
4938 66.8069
4939 66.8069
4940 66.8069
4941 66.8069
4942 66.8069
4943 66.8069
4944 66.8069
4945 66.8069
4946 66.8069
4947 66.8069
4948 66.8069
4949 66.8069
4950 66.8069
4951 66.8069
4952 66.8069
4953 66.8069
4954 66.8069
4955 66.8069
4956 66.8069
4957 66.8069
4958 66.8069
4959 66.8069
4960 66.8069
4961 66.8069
4962 66.8069
4963 66.8069
4964 66.8069
4965 66.8069
4966 66.8069
4967 66.8069
4968 66.8069
4969 66.8069
4970 66.8069
4971 66.8069
4972 66.8069
4973 66.8069
4974 66.8069
4975 66.8069
4976 66.8069
4977 66.8069
4978 66.8069
4979 66.8069
4980 66.8069
4981 66.8069
4982 66.8069
4983 66.8069
4984 66.8069
4985 66.8069
4986 66.8069
4987 66.8069
4988 66.8069
4989 66.8069
4990 66.8069
4991 66.8069
4992 66.8069
4993 66.8069
4994 66.8069
4995 66.8069
4996 66.8069
4997 66.8069
4998 66.8069
4999 66.8069
5000 66.8069
5001 66.8069
5002 66.8069
5003 66.8069
5004 66.8069
5005 66.8069
5006 66.8069
5007 66.8069
5008 66.8069
5009 66.8069
5010 66.8069
5011 66.8069
5012 66.8069
5013 66.8069
5014 66.8069
5015 66.8069
5016 66.8069
5017 66.8069
5018 66.8069
5019 66.8069
5020 66.8069
5021 66.8069
5022 66.8069
5023 66.8069
5024 66.8069
5025 66.8069
5026 66.8069
5027 66.8069
5028 66.8069
5029 66.8069
5030 66.8069
5031 66.8069
5032 66.8069
5033 66.8069
5034 66.8069
5035 66.8069
5036 66.8069
5037 66.8069
5038 66.8069
5039 66.8069
5040 66.8069
5041 66.8069
5042 66.8069
5043 66.8069
5044 66.8069
5045 66.8069
5046 66.8069
5047 66.8069
5048 66.8069
5049 66.8069
5050 66.8069
5051 66.8069
5052 66.8069
5053 66.8069
5054 66.8069
5055 66.8069
5056 66.8069
5057 66.8069
5058 66.8069
5059 66.8069
5060 66.8069
5061 66.8069
5062 66.8069
5063 66.8069
5064 66.8069
5065 66.8069
5066 66.8069
5067 66.8069
5068 66.8069
5069 66.8069
5070 66.8069
5071 66.8069
5072 66.8069
5073 66.8069
5074 66.8069
5075 66.8069
5076 66.8069
5077 66.8069
5078 66.8069
5079 66.8069
5080 66.8069
5081 66.8069
5082 66.8069
5083 66.8069
5084 66.8069
5085 66.8069
5086 66.8069
5087 66.8069
5088 66.8069
5089 66.8069
5090 66.8069
5091 66.8069
5092 66.8069
5093 66.8069
5094 66.8069
5095 66.8069
5096 66.8069
5097 66.8069
5098 66.8069
5099 66.8069
5100 66.8069
5101 66.8069
5102 66.8069
5103 66.8069
5104 66.8069
5105 66.8069
5106 66.8069
5107 66.8069
5108 66.8069
5109 66.8069
5110 66.8069
5111 66.8069
5112 66.8069
5113 66.8069
5114 66.8069
5115 66.8069
5116 66.8069
5117 66.8069
5118 66.8069
5119 66.8069
5120 66.8069
5121 66.8069
5122 66.8069
5123 66.8069
5124 66.8069
5125 66.8069
5126 66.8069
5127 66.8069
5128 66.8069
5129 66.8069
5130 66.8069
5131 66.8069
5132 66.8069
5133 66.8069
5134 66.8069
5135 66.8069
5136 66.8069
5137 66.8069
5138 66.8069
5139 66.8069
5140 66.8069
5141 66.8069
5142 66.8069
5143 66.8069
5144 66.8069
5145 66.8069
5146 66.8069
5147 66.8069
5148 66.8069
5149 66.8069
5150 66.8069
5151 66.8069
5152 66.8069
5153 66.8069
5154 66.8069
5155 66.8069
5156 66.8069
5157 66.8069
5158 66.8069
5159 66.8069
5160 66.8069
5161 66.8069
5162 66.8069
5163 66.8069
5164 66.8069
5165 66.8069
5166 66.8069
5167 66.8069
5168 66.8069
5169 66.8069
5170 66.8069
5171 66.8069
5172 66.8069
5173 66.8069
5174 66.8069
5175 66.8069
5176 66.8069
5177 66.8069
5178 66.8069
5179 66.8069
5180 66.8069
5181 66.8069
5182 66.8069
5183 66.8069
5184 66.8069
5185 66.8069
5186 66.8069
5187 66.8069
5188 66.8069
5189 66.8069
5190 66.8069
5191 66.8069
5192 66.8069
5193 66.8069
5194 66.8069
5195 66.8069
5196 66.8069
5197 66.8069
5198 66.8069
5199 66.8069
5200 66.8069
5201 66.8069
5202 66.8069
5203 66.8069
5204 66.8069
5205 66.8069
5206 66.8069
5207 66.8069
5208 66.8069
5209 66.8069
5210 66.8069
5211 66.8069
5212 66.8069
5213 66.8069
5214 66.8069
5215 66.8069
5216 66.8069
5217 66.8069
5218 66.8069
5219 66.8069
5220 66.8069
5221 66.8069
5222 66.8069
5223 66.8069
5224 66.8069
5225 66.8069
5226 66.8069
5227 66.8069
5228 66.8069
5229 66.8069
5230 66.8069
5231 66.8069
5232 66.8069
5233 66.8069
5234 66.8069
5235 66.8069
5236 66.8069
5237 66.8069
5238 66.8069
5239 66.8069
5240 66.8069
5241 66.8069
5242 66.8069
5243 66.8069
5244 66.8069
5245 66.8069
5246 66.8069
5247 66.8069
5248 66.8069
5249 66.8069
5250 66.8069
5251 66.8069
5252 66.8069
5253 66.8069
5254 66.8069
5255 66.8069
5256 66.8069
5257 66.8069
5258 66.8069
5259 66.8069
5260 66.8069
5261 66.8069
5262 66.8069
5263 66.8069
5264 66.8069
5265 66.8069
5266 66.8069
5267 66.8069
5268 66.8069
5269 66.8069
5270 66.8069
5271 66.8069
5272 66.8069
5273 66.8069
5274 66.8069
5275 66.8069
5276 66.8069
5277 66.8069
5278 66.8069
5279 66.8069
5280 66.8069
5281 66.8069
5282 66.8069
5283 66.8069
5284 66.8069
5285 66.8069
5286 66.8069
5287 66.8069
5288 66.8069
5289 66.8069
5290 66.8069
5291 66.8069
5292 66.8069
5293 66.8069
5294 66.8069
5295 66.8069
5296 66.8069
5297 66.8069
5298 66.8069
5299 66.8069
5300 66.8069
5301 66.8069
5302 66.8069
5303 66.8069
5304 66.8069
5305 66.8069
5306 66.8069
5307 66.8069
5308 66.8069
5309 66.8069
5310 66.8069
5311 66.8069
5312 66.8069
5313 66.8069
5314 66.8069
5315 66.8069
5316 66.8069
5317 66.8069
5318 66.8069
5319 66.8069
5320 66.8069
5321 66.8069
5322 66.8069
5323 66.8069
5324 66.8069
5325 66.8069
5326 66.8069
5327 66.8069
5328 66.8069
5329 66.8069
5330 66.8069
5331 66.8069
5332 66.8069
5333 66.8069
5334 66.8069
5335 66.8069
5336 66.8069
5337 66.8069
5338 66.8069
5339 66.8069
5340 66.8069
5341 66.8069
5342 66.8069
5343 66.8069
5344 66.8069
5345 66.8069
5346 66.8069
5347 66.8069
5348 66.8069
5349 66.8069
5350 66.8069
5351 66.8069
5352 66.8069
5353 66.8069
5354 66.8069
5355 66.8069
5356 66.8069
5357 66.8069
5358 66.8069
5359 66.8069
5360 66.8069
5361 66.8069
5362 66.8069
5363 66.8069
5364 66.8069
5365 66.8069
5366 66.8069
5367 66.8069
5368 66.8069
5369 66.8069
5370 66.8069
5371 66.8069
5372 66.8069
5373 66.8069
5374 66.8069
5375 66.8069
5376 66.8069
5377 66.8069
5378 66.8069
5379 66.8069
5380 66.8069
5381 66.8069
5382 66.8069
5383 66.8069
5384 66.8069
5385 66.8069
5386 66.8069
5387 66.8069
5388 66.8069
5389 66.8069
5390 66.8069
5391 66.8069
5392 66.8069
5393 66.8069
5394 66.8069
5395 66.8069
5396 66.8069
5397 66.8069
5398 66.8069
5399 66.8069
5400 66.8069
5401 66.8069
5402 66.8069
5403 66.8069
5404 66.8069
5405 66.8069
5406 66.8069
5407 66.8069
5408 66.8069
5409 66.8069
5410 66.8069
5411 66.8069
5412 66.8069
5413 66.8069
5414 66.8069
5415 66.8069
5416 66.8069
5417 66.8069
5418 66.8069
5419 66.8069
5420 66.8069
5421 66.8069
5422 66.8069
5423 66.8069
5424 66.8069
5425 66.8069
5426 66.8069
5427 66.8069
5428 66.8069
5429 66.8069
5430 66.8069
5431 66.8069
5432 66.8069
5433 66.8069
5434 66.8069
5435 66.8069
5436 66.8069
5437 66.8069
5438 66.8069
5439 66.8069
5440 66.8069
5441 66.8069
5442 66.8069
5443 66.8069
5444 66.8069
5445 66.8069
5446 66.8069
5447 66.8069
5448 66.8069
5449 66.8069
5450 66.8069
5451 66.8069
5452 66.8069
5453 66.8069
5454 66.8069
5455 66.8069
5456 66.8069
5457 66.8069
5458 66.8069
5459 66.8069
5460 66.8069
5461 66.8069
5462 66.8069
5463 66.8069
5464 66.8069
5465 66.8069
5466 66.8069
5467 66.8069
5468 66.8069
5469 66.8069
5470 66.8069
5471 66.8069
5472 66.8069
5473 66.8069
5474 66.8069
5475 66.8069
5476 66.8069
5477 66.8069
5478 66.8069
5479 66.8069
5480 66.8069
5481 66.8069
5482 66.8069
5483 66.8069
5484 66.8069
5485 66.8069
5486 66.8069
5487 66.8069
5488 66.8069
5489 66.8069
5490 66.8069
5491 66.8069
5492 66.8069
5493 66.8069
5494 66.8069
5495 66.8069
5496 66.8069
5497 66.8069
5498 66.8069
5499 66.8069
5500 66.8069
5501 66.8069
5502 66.8069
5503 66.8069
5504 66.8069
5505 66.8069
5506 66.8069
5507 66.8069
5508 66.8069
5509 66.8069
5510 66.8069
5511 66.8069
5512 66.8069
5513 66.8069
5514 66.8069
5515 66.8069
5516 66.8069
5517 66.8069
5518 66.8069
5519 66.8069
5520 66.8069
5521 66.8069
5522 66.8069
5523 66.8069
5524 66.8069
5525 66.8069
5526 66.8069
5527 66.8069
5528 66.8069
5529 66.8069
5530 66.8069
5531 66.8069
5532 66.8069
5533 66.8069
5534 66.8069
5535 66.8069
5536 66.8069
5537 66.8069
5538 66.8069
5539 66.8069
5540 66.8069
5541 66.8069
5542 66.8069
5543 66.8069
5544 66.8069
5545 66.8069
5546 66.8069
5547 66.8069
5548 66.8069
5549 66.8069
5550 66.8069
5551 66.8069
5552 66.8069
5553 66.8069
5554 66.8069
5555 66.8069
5556 66.8069
5557 66.8069
5558 66.8069
5559 66.8069
5560 66.8069
5561 66.8069
5562 66.8069
5563 66.8069
5564 66.8069
5565 66.8069
5566 66.8069
5567 66.8069
5568 66.8069
5569 66.8069
5570 66.8069
5571 66.8069
5572 66.8069
5573 66.8069
5574 66.8069
5575 66.8069
5576 66.8069
5577 66.8069
5578 66.8069
5579 66.8069
5580 66.8069
5581 66.8069
5582 66.8069
5583 66.8069
5584 66.8069
5585 66.8069
5586 66.8069
5587 66.8069
5588 66.8069
5589 66.8069
5590 66.8069
5591 66.8069
5592 66.8069
5593 66.8069
5594 66.8069
5595 66.8069
5596 66.8069
5597 66.8069
5598 66.8069
5599 66.8069
5600 66.8069
5601 66.8069
5602 66.8069
5603 66.8069
5604 66.8069
5605 66.8069
5606 66.8069
5607 66.8069
5608 66.8069
5609 66.8069
5610 66.8069
5611 66.8069
5612 66.8069
5613 66.8069
5614 66.8069
5615 66.8069
5616 66.8069
5617 66.8069
5618 66.8069
5619 66.8069
5620 66.8069
5621 66.8069
5622 66.8069
5623 66.8069
5624 66.8069
5625 66.8069
5626 66.8069
5627 66.8069
5628 66.8069
5629 66.8069
5630 66.8069
5631 66.8069
5632 66.8069
5633 66.8069
5634 66.8069
5635 66.8069
5636 66.8069
5637 66.8069
5638 66.8069
5639 66.8069
5640 66.8069
5641 66.8069
5642 66.8069
5643 66.8069
5644 66.8069
5645 66.8069
5646 66.8069
5647 66.8069
5648 66.8069
5649 66.8069
5650 66.8069
5651 66.8069
5652 66.8069
5653 66.8069
5654 66.8069
5655 66.8069
5656 66.8069
5657 66.8069
5658 66.8069
5659 66.8069
5660 66.8069
5661 66.8069
5662 66.8069
5663 66.8069
5664 66.8069
5665 66.8069
5666 66.8069
5667 66.8069
5668 66.8069
5669 66.8069
5670 66.8069
5671 66.8069
5672 66.8069
5673 66.8069
5674 66.8069
5675 66.8069
5676 66.8069
5677 66.8069
5678 66.8069
5679 66.8069
5680 66.8069
5681 66.8069
5682 66.8069
5683 66.8069
5684 66.8069
5685 66.8069
5686 66.8069
5687 66.8069
5688 66.8069
5689 66.8069
5690 66.8069
5691 66.8069
5692 66.8069
5693 66.8069
5694 66.8069
5695 66.8069
5696 66.8069
5697 66.8069
5698 66.8069
5699 66.8069
5700 66.8069
5701 66.8069
5702 66.8069
5703 66.8069
5704 66.8069
5705 66.8069
5706 66.8069
5707 66.8069
5708 66.8069
5709 66.8069
5710 66.8069
5711 66.8069
5712 66.8069
5713 66.8069
5714 66.8069
5715 66.8069
5716 66.8069
5717 66.8069
5718 66.8069
5719 66.8069
5720 66.8069
5721 66.8069
5722 66.8069
5723 66.8069
5724 66.8069
5725 66.8069
5726 66.8069
5727 66.8069
5728 66.8069
5729 66.8069
5730 66.8069
5731 66.8069
5732 66.8069
5733 66.8069
5734 66.8069
5735 66.8069
5736 66.8069
5737 66.8069
5738 66.8069
5739 66.8069
5740 66.8069
5741 66.8069
5742 66.8069
5743 66.8069
5744 66.8069
5745 66.8069
5746 66.8069
5747 66.8069
5748 66.8069
5749 66.8069
5750 66.8069
5751 66.8069
5752 66.8069
5753 66.8069
5754 66.8069
5755 66.8069
5756 66.8069
5757 66.8069
5758 66.8069
5759 66.8069
5760 66.8069
5761 66.8069
5762 66.8069
5763 66.8069
5764 66.8069
5765 66.8069
5766 66.8069
5767 66.8069
5768 66.8069
5769 66.8069
5770 66.8069
5771 66.8069
5772 66.8069
5773 66.8069
5774 66.8069
5775 66.8069
5776 66.8069
5777 66.8069
5778 66.8069
5779 66.8069
5780 66.8069
5781 66.8069
5782 66.8069
5783 66.8069
5784 66.8069
5785 66.8069
5786 66.8069
5787 66.8069
5788 66.8069
5789 66.8069
5790 66.8069
5791 66.8069
5792 66.8069
5793 66.8069
5794 66.8069
5795 66.8069
5796 66.8069
5797 66.8069
5798 66.8069
5799 66.8069
5800 66.8069
5801 66.8069
5802 66.8069
5803 66.8069
5804 66.8069
5805 66.8069
5806 66.8069
5807 66.8069
5808 66.8069
5809 66.8069
5810 66.8069
5811 66.8069
5812 66.8069
5813 66.8069
5814 66.8069
5815 66.8069
5816 66.8069
5817 66.8069
5818 66.8069
5819 66.8069
5820 66.8069
5821 66.8069
5822 66.8069
5823 66.8069
5824 66.8069
5825 66.8069
5826 66.8069
5827 66.8069
5828 66.8069
5829 66.8069
5830 66.8069
5831 66.8069
5832 66.8069
5833 66.8069
5834 66.8069
5835 66.8069
5836 66.8069
5837 66.8069
5838 66.8069
5839 66.8069
5840 66.8069
5841 66.8069
5842 66.8069
5843 66.8069
5844 66.8069
5845 66.8069
5846 66.8069
5847 66.8069
5848 66.8069
5849 66.8069
5850 66.8069
5851 66.8069
5852 66.8069
5853 66.8069
5854 66.8069
5855 66.8069
5856 66.8069
5857 66.8069
5858 66.8069
5859 66.8069
5860 66.8069
5861 66.8069
5862 66.8069
5863 66.8069
5864 66.8069
5865 66.8069
5866 66.8069
5867 66.8069
5868 66.8069
5869 66.8069
5870 66.8069
5871 66.8069
5872 66.8069
5873 66.8069
5874 66.8069
5875 66.8069
5876 66.8069
5877 66.8069
5878 66.8069
5879 66.8069
5880 66.8069
5881 66.8069
5882 66.8069
5883 66.8069
5884 66.8069
5885 66.8069
5886 66.8069
5887 66.8069
5888 66.8069
5889 66.8069
5890 66.8069
5891 66.8069
5892 66.8069
5893 66.8069
5894 66.8069
5895 66.8069
5896 66.8069
5897 66.8069
5898 66.8069
5899 66.8069
5900 66.8069
5901 66.8069
5902 66.8069
5903 66.8069
5904 66.8069
5905 66.8069
5906 66.8069
5907 66.8069
5908 66.8069
5909 66.8069
5910 66.8069
5911 66.8069
5912 66.8069
5913 66.8069
5914 66.8069
5915 66.8069
5916 66.8069
5917 66.8069
5918 66.8069
5919 66.8069
5920 66.8069
5921 66.8069
5922 66.8069
5923 66.8069
5924 66.8069
5925 66.8069
5926 66.8069
5927 66.8069
5928 66.8069
5929 66.8069
5930 66.8069
5931 66.8069
5932 66.8069
5933 66.8069
5934 66.8069
5935 66.8069
5936 66.8069
5937 66.8069
5938 66.8069
5939 66.8069
5940 66.8069
5941 66.8069
5942 66.8069
5943 66.8069
5944 66.8069
5945 66.8069
5946 66.8069
5947 66.8069
5948 66.8069
5949 66.8069
5950 66.8069
5951 66.8069
5952 66.8069
5953 66.8069
5954 66.8069
5955 66.8069
5956 66.8069
5957 66.8069
5958 66.8069
5959 66.8069
5960 66.8069
5961 66.8069
5962 66.8069
5963 66.8069
5964 66.8069
5965 66.8069
5966 66.8069
5967 66.8069
5968 66.8069
5969 66.8069
5970 66.8069
5971 66.8069
5972 66.8069
5973 66.8069
5974 66.8069
5975 66.8069
5976 66.8069
5977 66.8069
5978 66.8069
5979 66.8069
5980 66.8069
5981 66.8069
5982 66.8069
5983 66.8069
5984 66.8069
5985 66.8069
5986 66.8069
5987 66.8069
5988 66.8069
5989 66.8069
5990 66.8069
5991 66.8069
5992 66.8069
5993 66.8069
5994 66.8069
5995 66.8069
5996 66.8069
5997 66.8069
5998 66.8069
5999 66.8069
6000 66.8069
