1 435.246
2 427.453
3 412.932
4 407.82
5 390.894
6 390.894
7 375.955
8 375.955
9 374.401
10 374.782
11 368.076
12 366.41
13 362.463
14 349.976
15 346.526
16 341.081
17 335.089
18 332.246
19 332.246
20 313.735
21 311.121
22 309.16
23 305.608
24 305.316
25 300.546
26 295.003
27 295.003
28 294.794
29 290.807
30 287.095
31 285.941
32 283.784
33 283.784
34 276.409
35 275.806
36 275.559
37 273.383
38 269.648
39 259.78
40 251.602
41 253.545
42 251.602
43 251.602
44 251.602
45 249.649
46 249.649
47 246.681
48 246.272
49 242.36
50 242.36
51 238.221
52 238.221
53 235.052
54 235.052
55 235.052
56 233.79
57 231.268
58 231.268
59 231.268
60 231.268
61 225.763
62 225.763
63 225.695
64 224.705
65 221.429
66 221.429
67 220.669
68 220.487
69 220.487
70 217.861
71 217.861
72 217.519
73 217.309
74 216.811
75 216.348
76 215.287
77 210.227
78 210.067
79 210.061
80 205.856
81 205.856
82 204.011
83 204.011
84 201.886
85 201.886
86 201.886
87 201.161
88 201.229
89 200.395
90 199.921
91 198.004
92 197.723
93 197.931
94 197.754
95 196.85
96 196.85
97 196.85
98 196.85
99 195.044
100 196.85
101 195.352
102 194.146
103 195.352
104 194.146
105 194.146
106 194.146
107 194.146
108 192.995
109 192.995
110 192.995
111 191.188
112 191.139
113 191.139
114 191.139
115 191.015
116 190.443
117 190.443
118 190.443
119 190.443
120 188.476
121 188.476
122 186.987
123 186.987
124 186.987
125 186.987
126 186.375
127 185.323
128 185.323
129 185.323
130 185.323
131 185.323
132 185.323
133 185.156
134 182.951
135 182.951
136 182.086
137 182.086
138 179.579
139 179.579
140 179.579
141 178.551
142 178.551
143 178.551
144 178.551
145 178.551
146 178.42
147 178.407
148 175.947
149 174.53
150 174.53
151 174.53
152 174.53
153 174.53
154 174.22
155 174.22
156 174.22
157 174.22
158 174.22
159 171.326
160 171.326
161 171.326
162 171.326
163 171.326
164 171.326
165 171.326
166 170.206
167 170.206
168 168.19
169 165.643
170 165.643
171 165.643
172 165.643
173 165.219
174 165.219
175 165.219
176 164.718
177 164.718
178 164.718
179 164.445
180 164.445
181 164.197
182 163.343
183 163.343
184 163.343
185 163.343
186 162.499
187 161.759
188 161.759
189 158.509
190 158.509
191 158.032
192 158.509
193 158.509
194 158.509
195 158.509
196 158.509
197 158.509
198 156.873
199 156.873
200 156.221
201 156.221
202 155.346
203 154.491
204 153.627
205 155.457
206 155.457
207 153.712
208 153.533
209 153.712
210 153.712
211 152.759
212 152.759
213 152.759
214 151.146
215 150.862
216 150.862
217 150.752
218 150.752
219 150.752
220 150.11
221 149.394
222 147.382
223 147.382
224 147.382
225 147.382
226 147.382
227 147.382
228 147.382
229 147.382
230 147.382
231 147.005
232 146.381
233 146.381
234 146.381
235 144.508
236 144.508
237 144.508
238 144.508
239 144.191
240 143.302
241 122.502
242 122.502
243 127.128
244 127.128
245 127.128
246 126.567
247 126.567
248 126.567
249 121.691
250 121.691
251 121.239
252 121.239
253 121.239
254 121.239
255 121.239
256 121.239
257 121.239
258 121.239
259 121.239
260 121.239
261 121.145
262 120.771
263 120.771
264 119.881
265 120.771
266 119.508
267 119.508
268 119.508
269 119.508
270 119.508
271 119.508
272 119.508
273 119.439
274 119.439
275 119.058
276 119.058
277 118.752
278 118.752
279 118.752
280 118.752
281 118.419
282 118.419
283 118.419
284 118.419
285 118.419
286 118.419
287 117.944
288 117.577
289 117.944
290 117.796
291 117.462
292 117.462
293 116.995
294 116.527
295 116.527
296 116.194
297 116.194
298 116.194
299 116.194
300 116.194
301 116.194
302 116.194
303 116.194
304 116.194
305 116.194
306 116.137
307 116.137
308 116.137
309 116.137
310 115.887
311 115.887
312 115.44
313 115.44
314 115.44
315 115.44
316 115.257
317 115.257
318 114.554
319 114.299
320 114.299
321 114.299
322 114.299
323 114.299
324 113.684
325 113.684
326 113.684
327 112.09
328 113.323
329 113.323
330 113.323
331 113.323
332 113.323
333 111.588
334 111.588
335 112.594
336 110.007
337 110.007
338 110.007
339 110.007
340 109.871
341 109.279
342 108.9
343 108.9
344 108.9
345 108.9
346 108.9
347 108.9
348 108.9
349 108.9
350 108.9
351 108.171
352 108.171
353 107.843
354 107.721
355 107.721
356 107.721
357 107.721
358 107.721
359 107.721
360 107.133
361 106.834
362 106.834
363 106.196
364 106.196
365 106.196
366 106.196
367 106.834
368 106.196
369 106.196
370 106.196
371 106.196
372 106.196
373 105.707
374 105.707
375 104.643
376 104.643
377 104.643
378 104.643
379 104.643
380 104.643
381 104.067
382 104.067
383 104.067
384 104.067
385 104.067
386 103.861
387 103.861
388 103.861
389 103.861
390 103.307
391 103.307
392 103.307
393 103.307
394 103.307
395 103.307
396 103.307
397 103.307
398 103.307
399 102.394
400 102.394
401 102.201
402 102.201
403 102.201
404 101.718
405 101.718
406 101.718
407 101.718
408 101.382
409 101.382
410 101.382
411 101.382
412 101.311
413 101.311
414 101.311
415 101.189
416 100.975
417 100.787
418 100.787
419 100.748
420 100.297
421 100.297
422 100.297
423 100.297
424 100.034
425 100.034
426 99.8985
427 98.8845
428 98.8845
429 98.8845
430 98.8845
431 98.8845
432 98.8679
433 98.8845
434 98.8845
435 98.558
436 98.558
437 98.558
438 98.558
439 98.558
440 98.558
441 98.3144
442 98.3144
443 98.1668
444 98.1668
445 98.1668
446 98.1668
447 98.0377
448 98.0377
449 98.0377
450 98.0377
451 98.0377
452 98.0377
453 98.0377
454 98.0377
455 98.0377
456 98.0377
457 98.0377
458 98.0377
459 98.0377
460 98.0377
461 97.8764
462 97.8528
463 97.8528
464 97.8528
465 97.8528
466 97.8528
467 97.8528
468 97.8528
469 97.8528
470 97.8528
471 97.8528
472 97.5664
473 97.5664
474 97.5664
475 97.025
476 97.025
477 97.2117
478 97.2117
479 97.2117
480 96.9253
481 96.9253
482 96.9253
483 96.9253
484 96.9253
485 96.9253
486 96.9253
487 96.9253
488 96.5175
489 96.5175
490 96.5175
491 96.5175
492 96.5175
493 96.5175
494 96.5175
495 96.5175
496 96.5175
497 96.5175
498 96.5175
499 96.5175
500 96.3755
501 96.3755
502 96.3755
503 95.8485
504 95.8485
505 95.8485
506 95.8173
507 95.8173
508 95.8173
509 95.8173
510 95.8173
511 95.0992
512 95.0992
513 95.0992
514 95.0992
515 95.0992
516 95.0992
517 95.0992
518 95.0992
519 95.0992
520 95.0992
521 95.0992
522 95.0992
523 95.0992
524 95.0992
525 95.0992
526 94.8224
527 94.8224
528 94.8224
529 94.8224
530 94.8224
531 94.8224
532 94.8224
533 94.8224
534 94.8224
535 94.8224
536 94.8224
537 94.8224
538 94.8224
539 94.8224
540 94.8224
541 94.8224
542 94.8224
543 94.8224
544 94.8224
545 94.5009
546 94.5009
547 94.5009
548 94.5009
549 94.0708
550 94.0708
551 94.0708
552 94.0708
553 93.4576
554 93.4576
555 93.4576
556 93.4576
557 93.4576
558 93.4576
559 93.4576
560 93.4576
561 93.4576
562 93.3265
563 93.3265
564 93.3265
565 93.3265
566 93.3265
567 93.3265
568 93.3265
569 93.3265
570 93.3265
571 93.3265
572 93.3265
573 93.3265
574 93.3265
575 93.3265
576 93.3265
577 93.3265
578 93.3265
579 93.3265
580 93.3265
581 93.3265
582 92.3413
583 92.3413
584 92.3413
585 92.3413
586 92.3413
587 92.3413
588 92.0934
589 92.0934
590 92.0934
591 92.0934
592 92.0934
593 92.0934
594 92.0934
595 92.0934
596 91.8807
597 91.8807
598 91.8807
599 91.6355
600 91.6355
601 91.6355
602 91.6355
603 91.6355
604 91.4742
605 91.4742
606 90.5139
607 90.5139
608 90.5139
609 90.5139
610 90.0818
611 90.0818
612 90.0818
613 90.0818
614 89.6459
615 89.6459
616 89.6459
617 89.6459
618 89.6459
619 89.6459
620 89.6459
621 89.6459
622 89.467
623 89.467
624 89.467
625 89.467
626 89.467
627 89.467
628 89.467
629 87.3292
630 87.3292
631 87.3292
632 87.3292
633 87.3292
634 87.3292
635 87.3292
636 87.3292
637 87.3292
638 87.3292
639 87.3292
640 87.3292
641 86.2918
642 86.2918
643 86.2918
644 86.2918
645 86.2918
646 86.2918
647 86.2918
648 85.6509
649 85.5833
650 85.5833
651 85.5833
652 85.5833
653 85.5833
654 85.5833
655 85.5833
656 85.5157
657 85.5157
658 85.391
659 85.391
660 85.391
661 84.634
662 84.634
663 84.634
664 84.3232
665 84.3232
666 84.3232
667 84.3232
668 84.3232
669 84.3232
670 84.3232
671 84.3232
672 84.3232
673 84.3232
674 84.3232
675 84.3232
676 84.3232
677 84.3232
678 84.3232
679 84.3232
680 84.3232
681 83.3628
682 83.3628
683 83.3628
684 83.3628
685 83.3628
686 83.3628
687 83.3628
688 83.3628
689 83.3628
690 83.3628
691 83.3628
692 83.3628
693 83.3628
694 83.3628
695 83.3628
696 83.3628
697 83.3628
698 83.3628
699 82.6565
700 82.6565
701 82.6565
702 82.6565
703 82.6565
704 82.6565
705 82.6565
706 82.6565
707 82.6565
708 82.6565
709 82.6565
710 82.6565
711 82.2123
712 82.2123
713 82.2123
714 82.1365
715 82.2123
716 82.2123
717 82.2123
718 82.2123
719 82.2123
720 82.2123
721 82.2123
722 82.2123
723 82.2123
724 82.2123
725 82.2123
726 82.2123
727 82.2123
728 82.2123
729 82.2123
730 82.2123
731 82.2123
732 82.2123
733 82.2048
734 82.2048
735 82.2048
736 82.2048
737 81.8894
738 81.8894
739 81.8894
740 81.8894
741 81.8894
742 81.8894
743 81.8894
744 81.8894
745 81.8894
746 81.8894
747 81.8894
748 81.8894
749 81.8894
750 81.5102
751 81.5102
752 81.1873
753 81.5102
754 81.1873
755 81.1873
756 81.1873
757 81.1873
758 81.1873
759 81.1805
760 81.1805
761 81.1873
762 81.1873
763 81.1873
764 81.1873
765 81.1873
766 81.1873
767 81.1805
768 81.1805
769 81.1805
770 81.1805
771 81.1805
772 81.1805
773 81.1805
774 81.0323
775 81.0323
776 80.4574
777 80.4574
778 80.4574
779 80.4574
780 80.4574
781 80.0448
782 80.0448
783 80.0448
784 80.0448
785 80.0448
786 80.0448
787 80.0448
788 80.0448
789 80.0448
790 80.0448
791 80.0448
792 80.0448
793 80.0448
794 80.0448
795 80.0448
796 80.0448
797 80.0448
798 80.0448
799 79.947
800 79.9061
801 79.9061
802 79.9061
803 79.9061
804 79.9061
805 79.9061
806 79.9061
807 79.9061
808 79.9061
809 79.9061
810 79.9061
811 79.9061
812 79.9061
813 79.9061
814 79.9061
815 79.9061
816 79.9061
817 79.9061
818 79.9061
819 79.9061
820 79.9061
821 79.9061
822 79.9061
823 79.9061
824 79.9061
825 79.9061
826 79.9061
827 79.9061
828 79.9061
829 79.9061
830 79.9061
831 79.9061
832 79.9061
833 79.9061
834 79.9061
835 79.9061
836 79.9061
837 79.9061
838 79.9061
839 79.9061
840 79.9061
841 79.9061
842 79.9061
843 79.9061
844 79.9061
845 79.9061
846 79.9061
847 79.9061
848 79.9061
849 79.9061
850 79.9061
851 79.9061
852 79.9061
853 79.9061
854 79.9061
855 79.9061
856 79.9061
857 79.9061
858 79.9061
859 79.9061
860 79.9061
861 79.355
862 79.355
863 79.355
864 79.355
865 79.355
866 79.355
867 79.355
868 79.153
869 79.153
870 79.153
871 79.153
872 79.153
873 79.153
874 79.153
875 79.153
876 79.153
877 79.153
878 79.153
879 79.153
880 79.153
881 79.153
882 79.153
883 79.153
884 79.153
885 79.153
886 79.153
887 79.153
888 78.8182
889 78.8182
890 78.8182
891 78.8182
892 78.8182
893 78.8182
894 78.8182
895 78.8182
896 78.8182
897 78.8182
898 78.8182
899 78.8182
900 78.7527
901 78.7527
902 78.7527
903 78.7527
904 78.7012
905 78.7012
906 78.7012
907 78.7012
908 78.6357
909 78.6357
910 78.6357
911 78.6357
912 78.6357
913 78.6357
914 78.6357
915 78.6357
916 78.6357
917 78.6357
918 78.6357
919 78.6357
920 78.6357
921 78.6357
922 78.6357
923 78.6357
924 78.6357
925 78.6357
926 78.6357
927 78.6357
928 78.6357
929 78.5093
930 78.5093
931 78.5093
932 78.5093
933 78.5093
934 78.5093
935 78.5093
936 78.5093
937 78.5093
938 78.5093
939 78.5093
940 78.5093
941 78.5093
942 78.5093
943 78.5093
944 78.5093
945 78.5093
946 78.5093
947 78.5093
948 78.463
949 78.463
950 78.463
951 78.463
952 78.463
953 78.463
954 78.463
955 78.463
956 77.8265
957 77.8265
958 77.8265
959 77.8265
960 77.8265
961 77.3465
962 77.3465
963 77.3465
964 77.3465
965 77.3465
966 77.3465
967 77.3465
968 77.3465
969 77.3465
970 77.3465
971 77.3465
972 77.3188
973 77.3188
974 77.3188
975 77.3188
976 77.3188
977 77.3188
978 77.3188
979 77.2728
980 77.2728
981 77.2728
982 77.2728
983 77.2728
984 77.2728
985 77.2728
986 77.2728
987 77.2728
988 77.2728
989 77.2728
990 77.2728
991 77.2728
992 77.2728
993 77.2728
994 77.2728
995 77.2728
996 77.2728
997 77.2728
998 77.0267
999 77.0267
1000 77.0267
1001 77.0267
1002 76.303
1003 76.303
1004 76.303
1005 76.303
1006 76.303
1007 76.303
1008 76.303
1009 76.303
1010 76.303
1011 76.303
1012 76.303
1013 76.303
1014 76.303
1015 76.303
1016 76.303
1017 76.303
1018 76.303
1019 76.303
1020 76.303
1021 76.303
1022 76.303
1023 76.303
1024 76.2955
1025 76.2955
1026 76.2955
1027 76.2955
1028 76.2955
1029 76.2955
1030 76.2955
1031 76.2955
1032 76.2955
1033 76.2955
1034 76.2955
1035 76.2955
1036 76.2955
1037 76.2955
1038 76.2955
1039 76.2378
1040 76.2378
1041 76.2378
1042 76.2378
1043 76.2378
1044 75.9592
1045 75.9592
1046 75.9592
1047 75.9592
1048 75.9592
1049 75.9592
1050 75.9592
1051 75.9592
1052 75.9592
1053 75.9592
1054 75.9592
1055 75.9592
1056 75.9592
1057 75.9592
1058 75.7804
1059 75.7804
1060 75.7804
1061 75.7804
1062 75.7804
1063 75.7804
1064 75.7804
1065 75.7804
1066 75.7804
1067 75.7804
1068 75.7804
1069 75.7804
1070 75.7804
1071 75.3346
1072 75.3346
1073 75.3346
1074 75.3346
1075 75.3346
1076 75.3346
1077 74.5828
1078 74.5828
1079 74.5828
1080 74.5828
1081 74.5828
1082 74.5828
1083 74.5828
1084 74.3976
1085 74.3976
1086 74.3976
1087 74.3976
1088 74.3976
1089 74.3976
1090 74.3801
1091 74.3801
1092 74.3801
1093 74.3801
1094 74.3801
1095 74.3801
1096 74.3801
1097 74.3801
1098 74.3801
1099 74.3801
1100 74.3801
1101 74.3801
1102 74.3801
1103 74.3801
1104 74.3801
1105 74.3801
1106 74.3801
1107 74.3801
1108 74.3801
1109 74.3801
1110 74.2636
1111 74.2636
1112 74.2636
1113 74.2636
1114 74.2636
1115 74.2636
1116 74.2636
1117 74.2636
1118 74.1327
1119 74.2636
1120 74.1417
1121 74.1417
1122 74.1417
1123 74.1417
1124 74.1417
1125 74.1417
1126 74.1417
1127 74.1417
1128 74.1417
1129 74.1417
1130 74.1417
1131 74.1417
1132 74.1417
1133 74.1417
1134 74.1417
1135 74.1417
1136 74.1417
1137 74.1417
1138 74.1417
1139 74.1417
1140 74.1417
1141 74.1417
1142 73.8872
1143 73.8872
1144 73.8872
1145 73.8872
1146 73.8872
1147 73.8872
1148 73.8872
1149 73.8872
1150 73.8872
1151 73.8872
1152 73.8872
1153 73.8872
1154 73.8872
1155 73.8872
1156 73.8872
1157 73.8872
1158 73.8872
1159 73.8872
1160 73.8872
1161 73.8872
1162 73.8872
1163 73.8872
1164 73.8872
1165 73.8872
1166 73.8872
1167 73.8872
1168 73.8872
1169 73.8872
1170 73.8872
1171 73.8872
1172 73.8872
1173 73.8872
1174 73.8872
1175 73.8872
1176 73.8872
1177 73.8872
1178 73.8872
1179 73.6918
1180 73.6918
1181 73.6918
1182 73.6918
1183 73.6918
1184 73.6918
1185 73.6918
1186 73.6918
1187 73.6918
1188 73.6918
1189 73.6918
1190 73.6918
1191 73.6918
1192 73.6918
1193 73.6918
1194 73.6918
1195 73.6918
1196 73.6918
1197 73.6918
1198 73.6918
1199 73.6918
1200 73.6918
1201 73.6918
1202 73.6918
1203 73.6918
1204 73.6918
1205 73.6918
1206 73.6918
1207 73.6918
1208 73.6918
1209 73.6918
1210 73.6918
1211 73.6918
1212 73.6918
1213 73.6918
1214 73.6918
1215 73.6918
1216 73.6918
1217 73.6918
1218 73.6918
1219 73.6918
1220 73.6918
1221 73.6918
1222 73.6918
1223 73.6918
1224 73.6918
1225 73.6918
1226 73.6918
1227 73.6918
1228 73.5506
1229 73.5506
1230 73.5506
1231 73.5506
1232 73.5506
1233 73.5506
1234 73.5506
1235 73.5506
1236 73.5506
1237 73.5506
1238 73.5506
1239 73.5506
1240 73.5506
1241 73.5506
1242 73.5506
1243 73.5506
1244 73.5506
1245 73.5506
1246 73.5506
1247 73.5506
1248 73.5506
1249 73.5506
1250 73.5506
1251 73.5506
1252 73.5506
1253 73.5506
1254 73.5506
1255 73.5506
1256 73.5506
1257 73.5506
1258 73.5506
1259 73.5506
1260 73.5506
1261 73.5506
1262 73.5506
1263 73.5506
1264 73.5506
1265 73.5506
1266 73.5506
1267 73.5506
1268 73.5506
1269 73.5506
1270 73.5506
1271 73.5506
1272 73.5506
1273 73.5506
1274 73.5506
1275 73.5506
1276 73.5506
1277 73.4627
1278 73.4627
1279 73.4627
1280 73.4627
1281 73.4627
1282 73.4627
1283 73.4627
1284 73.4627
1285 73.4627
1286 73.4627
1287 73.4627
1288 73.4627
1289 73.4627
1290 73.4627
1291 73.4627
1292 73.4627
1293 73.4627
1294 73.4627
1295 73.4627
1296 73.4627
1297 73.4627
1298 73.4627
1299 73.4627
1300 73.4627
1301 73.4627
1302 73.4627
1303 73.4627
1304 73.4627
1305 73.4627
1306 73.4627
1307 73.4627
1308 73.4627
1309 73.4627
1310 73.4627
1311 73.4627
1312 73.4627
1313 73.4627
1314 73.4627
1315 73.4627
1316 73.4627
1317 73.4627
1318 73.4627
1319 73.4627
1320 73.4627
1321 73.4627
1322 73.4627
1323 73.4627
1324 73.4627
1325 73.3018
1326 73.3018
1327 73.3018
1328 73.3018
1329 73.3018
1330 72.4732
1331 72.4732
1332 72.4732
1333 72.4732
1334 72.4732
1335 72.4732
1336 72.4732
1337 72.4732
1338 72.4732
1339 72.4732
1340 72.4732
1341 72.4732
1342 72.4732
1343 72.4732
1344 72.4732
1345 72.4732
1346 72.4732
1347 72.4732
1348 72.4732
1349 72.4732
1350 72.4732
1351 72.4732
1352 72.3463
1353 72.4732
1354 72.4732
1355 72.4732
1356 72.4732
1357 72.4732
1358 72.4732
1359 72.4732
1360 72.4732
1361 72.4732
1362 72.4732
1363 72.4732
1364 72.0163
1365 72.0163
1366 72.0163
1367 72.0163
1368 72.0163
1369 72.0163
1370 72.0163
1371 72.0163
1372 72.0163
1373 72.0163
1374 72.0163
1375 72.0163
1376 72.0163
1377 72.0163
1378 72.0163
1379 72.0163
1380 72.0163
1381 72.0163
1382 72.0163
1383 72.0163
1384 72.0163
1385 72.0163
1386 72.0163
1387 72.0163
1388 72.0163
1389 72.0163
1390 72.0163
1391 72.0163
1392 72.0163
1393 72.0163
1394 72.0163
1395 72.0163
1396 72.0163
1397 72.0163
1398 72.0163
1399 72.0163
1400 72.0163
1401 72.0163
1402 72.0163
1403 72.0163
1404 72.0163
1405 72.0163
1406 72.0163
1407 72.0163
1408 72.0163
1409 72.0163
1410 72.0163
1411 72.0163
1412 72.0163
1413 72.0163
1414 72.0163
1415 72.0163
1416 72.0163
1417 72.0163
1418 72.0163
1419 72.0163
1420 72.0163
1421 72.0163
1422 72.0163
1423 72.0163
1424 72.0163
1425 72.0163
1426 72.0163
1427 72.0163
1428 72.0163
1429 72.0163
1430 72.0163
1431 72.0163
1432 72.0163
1433 72.0163
1434 72.0163
1435 72.0163
1436 72.0163
1437 72.0163
1438 72.0163
1439 72.0163
1440 72.0163
1441 72.0163
1442 72.0163
1443 72.0163
1444 72.0163
1445 72.0163
1446 72.0163
1447 72.0163
1448 72.0163
1449 72.0163
1450 72.0163
1451 72.0163
1452 72.0163
1453 72.0163
1454 72.0163
1455 72.0163
1456 72.0163
1457 72.0163
1458 72.0163
1459 71.9953
1460 71.9953
1461 71.9953
1462 71.9953
1463 71.9953
1464 71.9953
1465 71.9953
1466 71.9953
1467 71.9953
1468 71.9953
1469 71.9953
1470 71.9953
1471 71.9953
1472 71.9953
1473 71.9953
1474 71.9953
1475 71.9953
1476 71.8684
1477 71.8684
1478 71.8684
1479 71.8684
1480 71.8684
1481 71.8684
1482 71.8684
1483 71.8684
1484 71.8684
1485 71.8684
1486 71.8684
1487 71.8684
1488 71.8684
1489 71.8684
1490 71.8684
1491 71.8684
1492 71.8684
1493 71.8684
1494 71.8684
1495 71.8684
1496 71.8684
1497 71.8684
1498 71.8684
1499 71.8684
1500 71.8684
1501 71.8684
1502 71.8684
1503 71.8684
1504 71.8684
1505 71.8684
1506 71.8684
1507 71.8684
1508 71.8684
1509 71.8684
1510 71.8684
1511 71.8684
1512 71.8684
1513 71.8684
1514 71.8684
1515 71.8684
1516 71.8684
1517 71.8684
1518 71.8684
1519 71.8684
1520 71.8684
1521 71.8684
1522 71.8684
1523 71.8684
1524 71.8684
1525 71.8684
1526 71.8684
1527 71.8684
1528 71.8684
1529 71.8684
1530 71.8684
1531 71.8684
1532 71.8684
1533 71.8684
1534 71.8684
1535 71.8684
1536 71.8684
1537 71.8684
1538 71.8684
1539 71.8684
1540 71.8684
1541 71.8684
1542 71.8684
1543 71.8684
1544 71.8684
1545 71.8684
1546 71.8684
1547 71.8684
1548 71.8684
1549 71.8684
1550 71.8684
1551 71.8684
1552 71.8684
1553 71.8684
1554 71.8684
1555 71.1626
1556 70.9411
1557 70.9411
1558 70.9411
1559 70.9411
1560 70.9411
1561 70.9411
1562 70.9411
1563 70.9411
1564 70.9411
1565 70.9411
1566 70.9411
1567 70.9411
1568 70.9411
1569 70.9411
1570 70.9411
1571 70.9411
1572 70.9411
1573 70.9411
1574 70.9411
1575 70.9411
1576 70.9411
1577 70.9411
1578 70.9411
1579 70.9411
1580 70.9411
1581 70.9411
1582 70.9411
1583 70.9411
1584 70.9411
1585 70.9411
1586 70.9411
1587 70.9411
1588 70.9411
1589 70.9411
1590 70.9411
1591 70.6031
1592 70.6031
1593 70.6031
1594 70.6031
1595 70.6031
1596 70.6031
1597 70.6031
1598 70.6031
1599 70.6031
1600 70.6031
1601 70.6031
1602 70.6031
1603 70.6031
1604 70.6031
1605 70.6031
1606 70.6031
1607 70.6031
1608 70.6031
1609 70.6031
1610 70.6031
1611 70.6031
1612 70.6031
1613 70.6031
1614 70.6031
1615 70.6031
1616 70.6031
1617 70.6031
1618 70.6031
1619 70.6031
1620 70.6031
1621 70.6031
1622 70.6031
1623 70.6031
1624 70.6031
1625 70.6031
1626 70.6031
1627 70.6031
1628 70.6031
1629 70.6031
1630 70.6031
1631 70.6031
1632 70.6031
1633 70.6031
1634 70.6031
1635 70.6031
1636 70.6031
1637 70.6031
1638 70.6031
1639 70.6031
1640 70.6031
1641 70.6031
1642 70.6031
1643 70.6031
1644 70.6031
1645 70.6031
1646 70.6031
1647 70.6031
1648 70.6031
1649 70.6031
1650 70.6031
1651 70.6031
1652 70.6031
1653 70.6031
1654 70.6031
1655 70.6031
1656 70.6031
1657 70.6031
1658 70.6031
1659 70.6031
1660 70.6031
1661 70.6031
1662 70.6031
1663 70.6031
1664 70.6031
1665 70.6031
1666 70.6031
1667 70.6031
1668 70.6031
1669 70.6031
1670 70.6031
1671 70.6031
1672 70.6031
1673 70.6031
1674 70.6031
1675 70.6031
1676 70.6031
1677 70.6031
1678 70.6031
1679 70.6031
1680 70.6031
1681 70.6031
1682 70.5151
1683 70.5151
1684 70.5151
1685 70.5151
1686 70.5151
1687 70.5151
1688 70.5151
1689 70.5151
1690 70.5151
1691 70.5151
1692 70.5151
1693 70.5151
1694 70.5151
1695 70.5151
1696 70.5151
1697 70.5151
1698 70.5151
1699 70.5151
1700 70.5151
1701 70.5151
1702 70.5151
1703 70.5151
1704 70.5151
1705 70.5151
1706 70.5151
1707 70.5151
1708 70.5151
1709 70.5151
1710 70.5151
1711 70.5151
1712 70.5151
1713 70.5151
1714 70.5151
1715 70.5151
1716 70.5151
1717 70.5151
1718 70.5151
1719 70.5151
1720 70.5151
1721 70.5151
1722 70.5151
1723 70.5151
1724 70.5151
1725 70.5151
1726 70.5151
1727 70.5151
1728 70.5151
1729 70.5151
1730 70.5151
1731 70.5151
1732 70.5151
1733 70.5151
1734 70.5151
1735 70.5151
1736 70.5151
1737 70.5151
1738 70.5151
1739 70.5151
1740 70.5151
1741 70.5151
1742 70.5151
1743 70.5151
1744 70.5151
1745 70.5151
1746 70.5151
1747 70.5151
1748 70.5151
1749 70.5151
1750 70.5151
1751 70.5151
1752 70.5151
1753 70.5151
1754 70.5151
1755 70.5151
1756 70.5151
1757 70.5151
1758 70.5151
1759 70.5151
1760 70.5151
1761 70.5151
1762 70.5151
1763 70.5151
1764 70.5151
1765 70.5151
1766 70.5151
1767 70.5151
1768 70.5151
1769 70.5151
1770 70.5151
1771 70.5151
1772 70.5151
1773 70.5151
1774 70.5151
1775 70.5151
1776 70.5151
1777 70.5151
1778 70.5151
1779 70.5151
1780 70.5151
1781 70.5151
1782 70.5151
1783 70.5151
1784 70.5151
1785 70.5151
1786 70.5151
1787 70.5151
1788 70.5151
1789 70.5151
1790 70.5151
1791 70.5151
1792 70.5151
1793 70.5151
1794 70.5151
1795 70.5151
1796 70.5151
1797 70.5151
1798 70.5151
1799 70.5151
1800 70.5151
1801 70.5151
1802 70.5151
1803 70.5151
1804 70.5151
1805 70.5151
1806 70.5151
1807 70.5151
1808 70.5151
1809 70.5151
1810 70.5151
1811 70.5151
1812 70.5151
1813 70.5151
1814 70.5151
1815 70.5151
1816 70.5151
1817 70.5151
1818 70.5151
1819 70.5151
1820 70.5151
1821 70.5151
1822 70.5151
1823 70.5151
1824 70.5151
1825 70.5151
1826 70.5151
1827 70.5151
1828 70.5151
1829 70.5151
1830 70.5151
1831 70.5151
1832 70.5151
1833 70.5151
1834 70.5151
1835 70.5151
1836 70.5151
1837 70.5151
1838 70.5151
1839 70.5151
1840 70.5151
1841 70.5151
1842 70.5151
1843 70.5151
1844 70.5151
1845 70.5151
1846 70.5151
1847 70.5151
1848 70.5151
1849 70.5151
1850 69.4269
1851 69.4269
1852 69.4269
1853 69.4269
1854 69.4269
1855 69.4269
1856 69.4269
1857 69.4269
1858 69.4269
1859 69.4269
1860 69.4269
1861 69.4269
1862 69.4269
1863 69.4269
1864 69.4269
1865 69.4269
1866 69.4269
1867 69.4269
1868 69.4269
1869 69.4269
1870 69.4269
1871 69.4269
1872 69.4269
1873 69.4269
1874 69.4269
1875 69.4269
1876 69.4269
1877 69.4269
1878 69.4269
1879 69.4269
1880 69.4269
1881 69.4269
1882 69.4269
1883 69.4269
1884 69.2661
1885 69.2661
1886 69.2661
1887 69.2661
1888 69.2661
1889 69.2661
1890 69.2661
1891 69.2661
1892 69.2661
1893 69.2661
1894 69.2661
1895 69.2661
1896 69.2661
1897 69.2661
1898 69.2661
1899 69.2661
1900 69.2661
1901 69.2661
1902 69.2661
1903 69.2661
1904 69.2661
1905 69.2661
1906 69.2661
1907 69.2661
1908 69.2661
1909 69.2661
1910 69.2661
1911 69.2661
1912 69.2661
1913 69.2661
1914 69.2661
1915 69.2661
1916 69.2661
1917 69.2661
1918 69.2661
1919 69.2661
1920 69.2661
1921 69.2661
1922 69.2661
1923 69.2661
1924 69.2661
1925 69.2661
1926 69.2661
1927 69.2661
1928 69.2661
1929 69.2661
1930 69.2661
1931 69.2661
1932 69.2661
1933 69.2661
1934 69.2661
1935 69.2661
1936 69.2661
1937 69.2661
1938 69.2661
1939 69.2661
1940 69.2661
1941 69.2661
1942 69.2661
1943 69.2661
1944 69.2661
1945 69.2661
1946 69.2661
1947 69.2661
1948 69.2661
1949 69.2661
1950 69.2661
1951 69.2661
1952 69.2661
1953 69.2661
1954 69.2661
1955 69.2661
1956 69.2661
1957 69.2661
1958 69.2661
1959 69.2661
1960 69.2661
1961 69.2661
1962 69.2661
1963 69.2661
1964 69.2661
1965 69.2661
1966 69.2661
1967 69.2661
1968 69.2661
1969 69.2661
1970 69.2661
1971 69.2661
1972 69.2661
1973 69.2661
1974 69.2661
1975 69.2661
1976 69.2661
1977 69.2661
1978 69.2661
1979 69.2661
1980 69.2661
1981 69.2661
1982 69.2661
1983 69.2661
1984 69.2661
1985 69.2661
1986 69.2661
1987 69.2661
1988 69.2661
1989 69.2661
1990 69.2661
1991 69.2661
1992 69.2661
1993 69.2661
1994 69.2661
1995 69.2661
1996 69.2661
1997 69.2661
1998 69.2661
1999 69.2661
2000 69.2661
2001 69.2661
2002 69.2661
2003 69.2661
2004 69.2661
2005 69.2661
2006 69.2661
2007 69.2661
2008 69.2661
2009 69.2661
2010 69.2661
2011 69.2661
2012 69.2661
2013 69.2661
2014 69.2661
2015 69.2661
2016 69.2661
2017 69.2661
2018 69.2661
2019 69.2661
2020 69.2661
2021 69.2661
2022 69.2661
2023 69.2661
2024 69.2661
2025 69.2661
2026 69.1219
2027 69.1219
2028 69.1219
2029 69.1219
2030 69.1219
2031 69.1219
2032 69.1219
2033 69.1219
2034 69.1219
2035 69.1219
2036 69.1219
2037 69.1219
2038 69.1219
2039 69.1219
2040 69.1219
2041 69.1219
2042 69.1219
2043 69.1219
2044 69.1219
2045 69.1219
2046 69.1219
2047 69.1219
2048 69.1219
2049 69.1219
2050 69.1219
2051 69.1219
2052 69.1219
2053 69.1219
2054 69.1219
2055 69.1019
2056 69.1019
2057 69.1019
2058 69.1019
2059 69.1019
2060 69.1019
2061 69.1019
2062 69.1019
2063 69.1019
2064 69.1019
2065 69.1019
2066 69.1019
2067 69.1019
2068 69.1019
2069 69.1019
2070 69.1019
2071 69.1019
2072 69.1019
2073 69.1019
2074 69.1019
2075 69.1019
2076 69.1019
2077 69.1019
2078 69.1019
2079 69.1019
2080 69.1019
2081 69.1019
2082 69.1019
2083 69.1019
2084 69.1019
2085 69.1019
2086 69.1019
2087 69.1019
2088 69.1019
2089 69.1019
2090 69.1019
2091 69.1019
2092 69.1019
2093 69.1019
2094 69.1019
2095 69.1019
2096 69.1019
2097 69.1019
2098 69.1019
2099 69.1019
2100 69.1019
2101 69.1019
2102 69.1019
2103 69.1019
2104 69.1019
2105 69.1019
2106 69.1019
2107 69.1019
2108 69.1019
2109 69.1019
2110 69.1019
2111 69.1019
2112 68.8621
2113 68.8621
2114 68.8621
2115 68.8621
2116 68.8621
2117 68.8621
2118 68.8621
2119 68.8621
2120 68.8621
2121 68.8621
2122 68.8621
2123 68.8621
2124 68.8621
2125 68.8621
2126 68.8621
2127 68.8621
2128 68.8621
2129 68.8621
2130 68.8621
2131 68.8621
2132 68.8621
2133 68.8621
2134 68.8621
2135 68.8621
2136 68.8621
2137 68.8621
2138 68.8621
2139 68.8621
2140 68.8621
2141 68.8621
2142 68.8621
2143 68.8621
2144 68.8621
2145 68.8621
2146 68.8621
2147 68.8621
2148 68.8621
2149 68.8621
2150 68.8621
2151 68.8621
2152 68.8621
2153 68.8621
2154 68.8621
2155 68.8621
2156 68.8621
2157 68.8621
2158 68.8621
2159 68.8621
2160 68.8621
2161 68.8621
2162 68.8621
2163 68.8621
2164 68.8621
2165 68.8621
2166 68.8621
2167 68.8621
2168 68.8621
2169 68.8621
2170 68.8621
2171 68.8621
2172 68.8621
2173 68.8621
2174 68.8621
2175 68.8621
2176 68.8621
2177 68.8621
2178 68.8621
2179 68.8621
2180 68.8621
2181 68.8621
2182 68.8621
2183 68.8621
2184 68.8621
2185 68.8621
2186 68.8621
2187 68.8621
2188 68.8621
2189 68.8621
2190 68.8621
2191 68.8621
2192 68.8621
2193 68.8621
2194 68.8621
2195 68.8621
2196 68.8621
2197 68.8621
2198 68.8621
2199 68.8621
2200 68.8621
2201 68.8621
2202 68.8621
2203 68.8621
2204 68.8621
2205 68.8621
2206 68.8621
2207 68.8621
2208 68.8621
2209 68.8621
2210 68.8621
2211 68.8621
2212 68.8621
2213 68.8621
2214 68.8621
2215 68.8621
2216 68.8621
2217 68.8621
2218 68.7115
2219 68.7115
2220 68.7115
2221 68.7115
2222 68.7115
2223 68.7115
2224 68.7115
2225 68.7115
2226 68.7115
2227 68.7115
2228 68.7115
2229 68.7115
2230 68.7115
2231 68.7115
2232 68.7115
2233 68.7115
2234 68.7115
2235 68.7115
2236 68.7115
2237 68.7115
2238 68.7115
2239 68.7115
2240 68.7115
2241 68.7115
2242 68.7115
2243 68.7115
2244 68.7115
2245 68.7115
2246 68.7115
2247 68.7115
2248 68.7115
2249 68.7115
2250 68.7115
2251 68.7115
2252 68.7115
2253 68.7115
2254 68.7115
2255 68.7115
2256 68.7115
2257 68.7115
2258 68.7115
2259 68.7115
2260 68.7115
2261 68.7115
2262 68.7115
2263 68.7115
2264 68.7115
2265 68.7115
2266 68.7115
2267 68.7115
2268 68.7115
2269 68.7115
2270 68.7115
2271 68.7115
2272 68.7115
2273 68.7115
2274 68.7115
2275 68.7115
2276 68.7115
2277 68.7115
2278 68.7115
2279 68.7115
2280 68.7115
2281 68.7115
2282 68.7115
2283 68.7115
2284 68.7115
2285 68.7115
2286 68.7115
2287 68.7115
2288 68.7115
2289 68.7115
2290 68.7115
2291 68.7115
2292 68.7115
2293 68.7115
2294 68.7115
2295 68.7115
2296 68.7115
2297 68.7115
2298 68.7115
2299 68.7115
2300 68.7115
2301 68.7115
2302 68.7115
2303 68.7115
2304 68.7115
2305 68.7115
2306 68.7115
2307 68.7115
2308 68.7115
2309 68.7115
2310 68.7115
2311 68.7115
2312 68.7115
2313 68.7115
2314 68.7115
2315 68.7115
2316 68.7115
2317 68.7115
2318 68.7115
2319 68.7115
2320 68.7115
2321 68.7115
2322 68.7115
2323 68.7115
2324 68.7115
2325 68.7115
2326 68.7115
2327 68.7115
2328 68.7115
2329 68.7115
2330 68.7115
2331 68.7115
2332 68.7115
2333 68.7115
2334 68.7115
2335 68.7115
2336 68.7115
2337 68.7115
2338 68.7115
2339 68.7115
2340 68.7115
2341 68.7115
2342 68.7115
2343 68.7115
2344 68.7115
2345 68.7115
2346 68.7115
2347 68.7115
2348 68.7115
2349 68.7115
2350 68.7115
2351 68.7115
2352 68.7115
2353 68.7115
2354 68.7115
2355 68.7115
2356 68.7115
2357 68.7115
2358 68.7115
2359 68.7115
2360 68.7115
2361 68.7115
2362 68.7115
2363 68.7115
2364 68.7115
2365 68.7115
2366 68.7115
2367 68.7115
2368 68.7115
2369 68.7115
2370 68.7115
2371 68.7115
2372 68.7115
2373 68.7115
2374 68.7115
2375 68.7115
2376 68.7115
2377 68.7115
2378 68.7115
2379 68.7115
2380 68.7115
2381 68.7115
2382 68.7115
2383 68.7115
2384 68.7115
2385 68.7115
2386 68.7115
2387 68.7115
2388 68.7115
2389 68.7115
2390 68.7115
2391 68.7115
2392 68.7115
2393 68.7115
2394 68.7115
2395 68.7115
2396 68.7115
2397 68.7115
2398 68.7115
2399 68.7115
2400 68.7115
2401 68.7115
2402 68.7115
2403 68.7115
2404 68.7115
2405 68.7115
2406 68.7115
2407 68.7115
2408 68.7115
2409 68.7115
2410 68.7115
2411 68.7115
2412 68.7115
2413 68.7115
2414 68.7115
2415 68.7115
2416 68.7115
2417 68.7115
2418 68.7115
2419 68.7115
2420 68.7115
2421 68.7115
2422 68.7115
2423 68.7115
2424 68.7115
2425 68.7115
2426 68.7115
2427 68.7115
2428 68.7115
2429 68.7115
2430 68.7115
2431 68.7115
2432 68.7115
2433 68.7115
2434 68.7115
2435 68.7115
2436 68.7115
2437 68.7115
2438 68.7115
2439 68.7115
2440 68.7115
2441 68.7115
2442 68.7115
2443 68.7115
2444 68.7115
2445 68.7115
2446 68.7115
2447 68.7115
2448 68.7115
2449 68.7115
2450 68.7115
2451 68.7115
2452 68.7115
2453 68.7115
2454 68.7115
2455 68.7115
2456 68.7115
2457 68.7115
2458 68.7115
2459 68.7115
2460 68.7115
2461 68.7115
2462 68.7115
2463 68.7115
2464 68.7115
2465 68.7115
2466 68.7115
2467 68.7115
2468 68.7115
2469 68.7115
2470 68.7115
2471 68.7115
2472 68.7115
2473 68.7115
2474 68.7115
2475 68.7115
2476 68.7115
2477 68.7115
2478 68.7115
2479 68.7115
2480 68.7115
2481 68.7115
2482 68.7115
2483 68.7115
2484 68.7115
2485 68.7115
2486 68.7115
2487 68.7115
2488 68.7115
2489 68.7115
2490 68.7115
2491 68.7115
2492 68.7115
2493 68.7115
2494 68.7115
2495 68.7115
2496 68.7115
2497 68.7115
2498 68.7115
2499 68.7115
2500 68.7115
2501 68.7115
2502 68.7115
2503 68.7115
2504 68.7115
2505 68.7115
2506 68.7115
2507 68.7115
2508 68.7115
2509 68.7115
2510 68.7115
2511 68.7115
2512 68.7115
2513 68.7115
2514 68.7115
2515 68.7115
2516 68.7115
2517 68.7115
2518 68.7115
2519 68.7115
2520 68.7115
2521 68.7115
2522 68.7115
2523 68.7115
2524 68.7115
2525 68.7115
2526 68.7115
2527 68.7115
2528 68.7115
2529 68.7115
2530 68.7115
2531 68.7115
2532 68.7115
2533 68.7115
2534 68.2209
2535 68.7115
2536 68.7115
2537 68.7115
2538 68.7115
2539 68.7115
2540 68.7115
2541 68.7115
2542 68.7115
2543 68.7115
2544 68.7115
2545 68.7115
2546 68.7115
2547 68.7115
2548 68.7115
2549 68.7115
2550 68.7115
2551 68.7115
2552 68.7115
2553 68.7115
2554 68.7115
2555 68.7115
2556 68.7115
2557 68.7115
2558 68.7115
2559 68.7115
2560 68.7115
2561 68.7115
2562 68.7115
2563 68.7115
2564 68.7115
2565 68.7115
2566 68.7115
2567 68.7115
2568 68.7115
2569 68.7115
2570 68.7115
2571 68.7115
2572 68.7115
2573 68.7115
2574 68.7115
2575 68.7115
2576 68.7115
2577 68.7115
2578 68.7115
2579 68.7115
2580 68.7115
2581 68.7115
2582 68.7115
2583 68.7115
2584 68.7115
2585 68.7115
2586 68.7115
2587 68.7115
2588 68.7115
2589 68.7115
2590 68.7115
2591 68.7115
2592 68.7115
2593 68.7115
2594 68.7115
2595 68.7115
2596 68.7115
2597 68.7115
2598 68.7115
2599 68.7115
2600 68.7115
2601 68.7115
2602 68.7115
2603 68.7115
2604 68.7115
2605 68.7115
2606 68.7115
2607 68.7115
2608 68.7115
2609 68.7115
2610 68.7115
2611 68.7115
2612 68.7115
2613 68.7115
2614 68.7115
2615 68.7115
2616 68.7115
2617 68.7115
2618 68.7115
2619 68.7115
2620 68.7115
2621 68.7115
2622 68.7115
2623 68.7115
2624 68.7115
2625 68.7115
2626 68.7115
2627 68.7115
2628 68.7115
2629 68.7115
2630 68.7115
2631 68.1886
2632 68.1886
2633 68.1886
2634 68.1886
2635 68.1886
2636 68.1886
2637 68.1886
2638 68.1886
2639 68.1886
2640 68.1886
2641 68.1886
2642 68.1886
2643 68.1886
2644 68.1886
2645 68.1886
2646 68.1886
2647 68.1886
2648 68.1886
2649 68.1886
2650 68.1886
2651 68.1886
2652 68.1886
2653 68.1886
2654 68.1886
2655 68.1886
2656 68.1886
2657 68.1886
2658 68.1886
2659 68.1886
2660 68.1886
2661 68.1886
2662 68.1886
2663 68.1886
2664 68.1886
2665 68.1886
2666 68.1886
2667 68.1886
2668 68.1886
2669 68.1886
2670 68.1886
2671 68.1886
2672 68.1886
2673 68.1886
2674 68.1886
2675 68.1886
2676 68.1886
2677 68.1886
2678 68.1886
2679 68.1886
2680 68.1886
2681 68.1886
2682 68.1886
2683 68.1886
2684 68.1886
2685 68.1886
2686 68.1886
2687 68.1886
2688 68.1886
2689 68.1886
2690 68.1886
2691 68.1886
2692 68.1886
2693 68.1886
2694 68.1886
2695 68.1886
2696 68.1886
2697 68.1886
2698 68.1886
2699 68.1886
2700 68.1886
2701 68.1886
2702 68.1886
2703 68.1886
2704 68.1886
2705 68.1886
2706 68.1886
2707 68.1886
2708 68.1886
2709 68.1886
2710 68.1886
2711 68.1886
2712 68.1886
2713 68.1886
2714 68.1886
2715 68.1886
2716 68.1886
2717 68.1886
2718 68.1886
2719 68.1886
2720 68.1886
2721 68.1886
2722 68.1886
2723 68.1886
2724 68.1886
2725 68.1886
2726 68.1886
2727 68.1886
2728 68.1886
2729 68.1886
2730 68.1886
2731 68.1886
2732 68.1886
2733 68.1886
2734 68.1886
2735 68.1886
2736 68.1886
2737 68.1886
2738 68.1886
2739 68.1886
2740 68.1886
2741 68.1886
2742 68.1886
2743 68.1886
2744 68.1886
2745 68.1886
2746 68.1886
2747 68.1886
2748 68.1886
2749 68.1886
2750 68.1886
2751 68.1886
2752 68.1886
2753 68.1886
2754 68.1886
2755 68.1886
2756 68.1886
2757 68.1886
2758 68.1886
2759 68.1886
2760 68.1886
2761 68.1886
2762 68.1886
2763 68.1886
2764 68.1886
2765 68.1886
2766 68.1886
2767 68.1886
2768 68.1886
2769 68.1886
2770 68.1886
2771 68.1886
2772 68.1886
2773 68.1013
2774 68.1013
2775 68.1013
2776 68.1013
2777 68.1013
2778 68.1013
2779 68.1013
2780 68.1013
2781 68.1013
2782 68.1013
2783 68.1013
2784 68.1013
2785 68.1013
2786 68.1013
2787 68.1013
2788 68.1013
2789 68.1013
2790 68.1013
2791 68.1013
2792 68.1013
2793 68.1013
2794 68.1013
2795 68.1013
2796 68.1013
2797 68.1013
2798 68.1013
2799 68.1013
2800 68.1013
2801 68.1013
2802 68.1013
2803 68.1013
2804 68.1013
2805 68.1013
2806 68.1013
2807 68.1013
2808 68.1013
2809 68.1013
2810 68.1013
2811 68.1013
2812 68.1013
2813 68.1013
2814 68.1013
2815 68.1013
2816 68.1013
2817 68.1013
2818 68.1013
2819 68.1013
2820 68.1013
2821 68.1013
2822 68.1013
2823 68.1013
2824 68.1013
2825 68.1013
2826 68.1013
2827 68.1013
2828 68.1013
2829 68.1013
2830 68.1013
2831 68.1013
2832 68.1013
2833 68.1013
2834 68.1013
2835 68.1013
2836 68.1013
2837 68.1013
2838 68.1013
2839 68.1013
2840 68.1013
2841 68.1013
2842 68.1013
2843 68.1013
2844 68.1013
2845 68.1013
2846 68.1013
2847 68.1013
2848 68.1013
2849 68.1013
2850 68.1013
2851 68.1013
2852 68.1013
2853 68.1013
2854 68.1013
2855 68.1013
2856 68.1013
2857 68.1013
2858 68.1013
2859 68.1013
2860 68.1013
2861 68.1013
2862 68.1013
2863 68.1013
2864 68.1013
2865 68.1013
2866 68.1013
2867 68.1013
2868 68.1013
2869 68.1013
2870 68.1013
2871 68.1013
2872 68.1013
2873 68.1013
2874 68.1013
2875 68.1013
2876 68.1013
2877 68.1013
2878 68.1013
2879 68.1013
2880 68.1013
2881 68.1013
2882 68.1013
2883 68.1013
2884 68.1013
2885 68.1013
2886 68.1013
2887 68.1013
2888 68.1013
2889 68.1013
2890 68.1013
2891 68.1013
2892 68.1013
2893 68.1013
2894 68.1013
2895 68.1013
2896 68.1013
2897 68.1013
2898 68.1013
2899 68.1013
2900 68.1013
2901 68.1013
2902 68.1013
2903 68.1013
2904 68.1013
2905 68.1013
2906 68.1013
2907 68.1013
2908 68.1013
2909 68.1013
2910 68.1013
2911 68.1013
2912 68.1013
2913 68.1013
2914 68.1013
2915 68.1013
2916 68.1013
2917 67.9642
2918 67.9642
2919 67.9642
2920 67.9642
2921 67.9642
2922 67.9642
2923 67.9642
2924 67.9642
2925 67.9642
2926 67.9642
2927 67.9642
2928 67.9642
2929 67.9642
2930 67.9642
2931 67.9642
2932 67.9642
2933 67.9642
2934 67.9642
2935 67.9642
2936 67.9642
2937 67.9642
2938 67.9642
2939 67.9642
2940 67.9642
2941 67.9642
2942 67.9642
2943 67.9642
2944 67.9642
2945 67.9642
2946 67.9642
2947 67.9642
2948 67.9642
2949 67.9642
2950 67.9642
2951 67.9642
2952 67.9642
2953 67.9642
2954 67.9642
2955 67.9642
2956 67.9642
2957 67.9642
2958 67.9642
2959 67.9642
2960 67.9642
2961 67.9642
2962 67.9642
2963 67.9642
2964 67.9642
2965 67.9642
2966 67.9642
2967 67.9642
2968 67.9642
2969 67.9642
2970 67.9642
2971 67.9642
2972 67.9642
2973 67.9642
2974 67.9642
2975 67.9642
2976 67.9642
2977 67.9642
2978 67.9642
2979 67.9642
2980 67.9642
2981 67.9642
2982 67.9642
2983 67.9642
2984 67.9642
2985 67.9642
2986 67.9642
2987 67.9642
2988 67.9642
2989 67.9642
2990 67.9642
2991 67.9642
2992 67.9642
2993 67.9642
2994 67.9642
2995 67.9642
2996 67.9642
2997 67.9642
2998 67.9642
2999 67.9642
3000 67.9642
3001 67.9642
3002 67.9642
3003 67.9642
3004 67.9642
3005 67.9642
3006 67.9642
3007 67.9642
3008 67.9642
3009 67.9642
3010 67.9642
3011 67.9642
3012 67.9642
3013 67.9642
3014 67.9642
3015 67.9642
3016 67.9642
3017 67.9642
3018 67.9642
3019 67.9642
3020 67.9642
3021 67.9642
3022 67.9642
3023 67.9642
3024 67.9642
3025 67.9642
3026 67.9642
3027 67.9642
3028 67.9642
3029 67.9642
3030 67.9642
3031 67.9642
3032 67.9642
3033 67.9642
3034 67.9642
3035 67.9642
3036 67.9642
3037 67.9642
3038 67.9642
3039 67.9642
3040 67.9642
3041 67.9642
3042 67.9642
3043 67.9642
3044 67.9642
3045 67.9642
3046 67.9642
3047 67.9642
3048 67.9642
3049 67.9642
3050 67.9642
3051 67.9256
3052 67.9256
3053 67.9256
3054 67.9256
3055 67.9256
3056 67.9256
3057 67.9256
3058 67.9256
3059 67.9256
3060 67.9256
3061 67.9256
3062 67.9256
3063 67.9256
3064 67.9256
3065 67.9256
3066 67.9256
3067 67.9256
3068 67.9256
3069 67.9256
3070 67.9256
3071 67.9256
3072 67.9256
3073 67.9256
3074 67.9256
3075 67.9256
3076 67.9256
3077 67.9256
3078 67.9256
3079 67.9256
3080 67.9256
3081 67.9256
3082 67.9256
3083 67.9256
3084 67.9256
3085 67.9256
3086 67.9256
3087 67.9256
3088 67.9256
3089 67.9256
3090 67.9256
3091 67.9256
3092 67.9256
3093 67.9256
3094 67.9256
3095 67.9256
3096 67.9256
3097 67.9256
3098 67.9256
3099 67.9256
3100 67.9256
3101 67.9256
3102 67.9256
3103 67.9256
3104 67.9256
3105 67.9256
3106 67.9256
3107 67.9256
3108 67.9256
3109 67.9256
3110 67.9256
3111 67.9256
3112 67.9256
3113 67.9256
3114 67.9256
3115 67.9256
3116 67.9256
3117 67.9256
3118 67.9256
3119 67.9256
3120 67.9256
3121 67.9256
3122 67.9256
3123 67.9256
3124 67.9256
3125 67.9256
3126 67.9256
3127 67.9256
3128 67.9256
3129 67.9256
3130 67.9256
3131 67.9256
3132 67.9256
3133 67.9256
3134 67.9256
3135 67.9256
3136 67.9256
3137 67.9256
3138 67.9256
3139 67.9256
3140 67.9256
3141 67.9256
3142 67.9256
3143 67.9256
3144 67.9256
3145 67.9256
3146 67.9256
3147 67.9256
3148 67.9256
3149 67.9256
3150 67.9256
3151 67.9256
3152 67.9256
3153 67.9256
3154 67.9256
3155 67.9256
3156 67.9256
3157 67.9256
3158 67.9256
3159 67.9256
3160 67.9256
3161 67.9256
3162 67.9256
3163 67.9256
3164 67.9256
3165 67.9256
3166 67.9256
3167 67.9256
3168 67.9256
3169 67.9256
3170 67.9256
3171 67.9256
3172 67.9256
3173 67.9256
3174 67.9256
3175 67.9256
3176 67.9256
3177 67.9256
3178 67.9256
3179 67.9256
3180 67.9256
3181 67.9256
3182 67.9256
3183 67.9256
3184 67.9256
3185 67.9256
3186 67.9256
3187 67.9256
3188 67.9256
3189 67.9256
3190 67.9256
3191 67.9256
3192 67.9256
3193 67.9256
3194 67.9256
3195 67.9256
3196 67.9256
3197 67.9256
3198 67.9256
3199 67.9256
3200 67.9256
3201 67.9256
3202 67.9256
3203 67.9256
3204 67.9256
3205 67.9256
3206 67.9256
3207 67.9256
3208 67.9256
3209 67.9256
3210 67.9256
3211 67.9256
3212 67.9256
3213 67.9256
3214 67.9256
3215 67.9256
3216 67.9256
3217 67.9256
3218 67.9256
3219 67.9256
3220 67.9256
3221 67.9256
3222 67.9256
3223 67.9256
3224 67.9256
3225 67.9256
3226 67.9256
3227 67.9256
3228 67.9256
3229 67.9256
3230 67.9256
3231 67.9256
3232 67.9256
3233 67.9256
3234 67.9256
3235 67.9256
3236 67.9256
3237 67.9256
3238 67.9256
3239 67.9256
3240 67.9256
3241 67.9256
3242 67.9256
3243 67.9256
3244 67.9256
3245 67.9256
3246 67.9256
3247 67.9256
3248 67.9256
3249 67.9256
3250 67.9256
3251 67.9256
3252 67.9256
3253 67.9256
3254 67.9256
3255 67.9256
3256 67.9256
3257 67.9256
3258 67.9256
3259 67.9256
3260 67.9256
3261 67.9256
3262 67.9256
3263 67.9256
3264 67.9256
3265 67.9256
3266 67.9256
3267 67.9256
3268 67.9256
3269 67.9256
3270 67.9256
3271 67.9256
3272 67.9256
3273 67.9256
3274 67.9256
3275 67.9256
3276 67.9256
3277 67.9256
3278 67.9256
3279 67.9256
3280 67.9256
3281 67.9256
3282 67.9256
3283 67.9256
3284 67.9256
3285 67.9256
3286 67.9256
3287 67.9256
3288 67.9256
3289 67.9256
3290 67.9256
3291 67.9256
3292 67.9256
3293 67.9256
3294 67.9256
3295 67.9256
3296 67.9256
3297 67.9256
3298 67.9256
3299 67.9256
3300 67.9256
3301 67.9256
3302 67.9256
3303 67.9256
3304 67.9256
3305 67.9256
3306 67.9256
3307 67.9256
3308 67.9256
3309 67.9256
3310 67.9256
3311 67.9256
3312 67.9256
3313 67.9256
3314 67.9256
3315 67.9256
3316 67.9256
3317 67.9256
3318 67.9256
3319 67.9256
3320 67.9256
3321 67.9256
3322 67.9256
3323 67.9256
3324 67.9256
3325 67.9256
3326 67.9256
3327 67.9256
3328 67.9256
3329 67.9256
3330 67.9256
3331 67.9256
3332 67.9256
3333 67.9256
3334 67.9256
3335 67.9256
3336 67.9256
3337 67.9256
3338 67.9256
3339 67.9256
3340 67.9256
3341 67.9256
3342 67.9256
3343 67.9256
3344 67.9256
3345 67.9256
3346 67.9256
3347 67.9256
3348 67.9256
3349 67.9256
3350 67.9256
3351 67.9256
3352 67.9256
3353 67.9256
3354 67.9256
3355 67.9256
3356 67.9256
3357 67.9256
3358 67.9256
3359 67.9256
3360 67.9256
3361 67.9256
3362 67.9256
3363 67.9256
3364 67.9256
3365 67.9256
3366 67.9256
3367 67.9256
3368 67.9256
3369 67.9256
3370 67.9256
3371 67.9256
3372 67.9256
3373 67.9256
3374 67.9256
3375 67.9256
3376 67.9256
3377 67.9256
3378 67.9256
3379 67.9256
3380 67.9256
3381 67.9256
3382 67.9256
3383 67.9256
3384 67.9256
3385 67.9256
3386 67.9256
3387 67.9256
3388 67.9256
3389 67.9256
3390 67.9256
3391 67.9256
3392 67.9256
3393 67.9256
3394 67.9256
3395 67.9256
3396 67.9256
3397 67.9256
3398 67.9256
3399 67.9256
3400 67.9256
3401 67.9256
3402 67.9256
3403 67.9256
3404 67.9256
3405 67.9256
3406 67.9256
3407 67.9256
3408 67.9256
3409 67.9256
3410 67.9256
3411 67.9256
3412 67.9256
3413 67.9256
3414 67.9256
3415 67.9256
3416 67.9256
3417 67.9256
3418 67.9256
3419 67.9256
3420 67.9256
3421 67.9256
3422 67.9256
3423 67.9256
3424 67.9256
3425 67.9256
3426 67.9256
3427 67.9256
3428 67.9256
3429 67.9256
3430 67.9256
3431 67.9256
3432 67.9256
3433 67.9256
3434 67.9256
3435 67.9256
3436 67.9256
3437 67.9256
3438 67.9256
3439 67.9256
3440 67.9256
3441 67.9256
3442 67.9256
3443 67.9256
3444 67.9256
3445 67.9256
3446 67.9256
3447 67.9256
3448 67.9256
3449 67.9256
3450 67.9256
3451 67.9256
3452 67.9256
3453 67.9256
3454 67.9256
3455 67.9256
3456 67.9256
3457 67.9256
3458 67.9256
3459 67.9256
3460 67.9256
3461 67.9256
3462 67.9256
3463 67.9256
3464 67.9256
3465 67.9256
3466 67.9256
3467 67.9256
3468 67.9256
3469 67.9256
3470 67.9256
3471 67.9256
3472 67.9256
3473 67.9256
3474 67.9256
3475 67.9256
3476 67.9256
3477 67.9256
3478 67.9256
3479 67.9256
3480 67.9256
3481 67.9256
3482 67.9256
3483 67.9256
3484 67.9256
3485 67.9256
3486 67.9256
3487 67.9256
3488 67.9256
3489 67.9256
3490 67.9256
3491 67.9256
3492 67.9256
3493 67.9256
3494 67.9256
3495 67.9256
3496 67.9256
3497 67.9256
3498 67.9256
3499 67.8136
3500 67.8136
3501 67.8136
3502 67.8136
3503 67.8136
3504 67.8136
3505 67.8136
3506 67.8136
3507 67.8136
3508 67.8136
3509 67.8136
3510 67.8136
3511 67.8136
3512 67.8136
3513 67.8136
3514 67.8136
3515 67.8136
3516 67.8136
3517 67.8136
3518 67.8136
3519 67.8136
3520 67.8136
3521 67.2644
3522 67.2644
3523 67.2644
3524 67.2644
3525 67.0741
3526 67.2644
3527 67.2644
3528 67.2644
3529 67.2644
3530 67.2644
3531 67.2644
3532 67.0741
3533 67.0741
3534 67.0741
3535 67.0741
3536 67.0741
3537 67.0741
3538 67.0741
3539 67.0741
3540 67.0741
3541 67.0741
3542 67.0741
3543 67.0741
3544 67.0741
3545 67.0741
3546 67.0741
3547 67.0741
3548 67.0741
3549 67.0741
3550 67.0741
3551 67.0741
3552 67.0741
3553 67.0741
3554 67.0741
3555 67.0741
3556 67.0741
3557 67.0741
3558 67.0741
3559 67.0741
3560 67.0741
3561 67.0741
3562 67.0741
3563 67.0741
3564 67.0741
3565 67.0741
3566 67.0741
3567 67.0741
3568 67.0741
3569 67.0741
3570 67.0741
3571 67.0741
3572 67.0741
3573 67.0741
3574 67.0741
3575 67.0741
3576 67.0741
3577 67.0741
3578 67.0741
3579 67.0741
3580 67.0741
3581 67.0741
3582 67.0741
3583 67.0741
3584 67.0741
3585 67.0741
3586 67.0741
3587 67.0741
3588 67.0741
3589 67.0741
3590 67.0741
3591 67.0741
3592 67.0741
3593 67.0741
3594 67.0741
3595 67.0741
3596 67.0741
3597 67.0741
3598 67.0741
3599 67.0741
3600 67.0741
3601 67.0741
3602 67.0741
3603 67.0741
3604 67.0741
3605 67.0741
3606 67.0741
3607 67.0741
3608 67.0741
3609 67.0741
3610 67.0741
3611 67.0741
3612 67.0741
3613 67.0741
3614 67.0741
3615 67.0741
3616 67.0741
3617 67.0741
3618 67.0741
3619 67.0741
3620 67.0741
3621 67.0741
3622 67.0741
3623 67.0741
3624 67.0741
3625 67.0741
3626 67.0741
3627 67.0741
3628 67.0741
3629 67.0741
3630 67.0741
3631 67.0741
3632 67.0741
3633 67.0741
3634 67.0741
3635 67.0741
3636 67.0741
3637 67.0741
3638 67.0741
3639 67.0741
3640 67.0741
3641 67.0741
3642 67.0741
3643 67.0741
3644 67.0741
3645 67.0741
3646 67.0741
3647 67.0741
3648 67.0741
3649 67.0741
3650 67.0741
3651 67.0741
3652 67.0741
3653 67.0741
3654 67.0741
3655 67.0741
3656 67.0741
3657 67.0741
3658 67.0741
3659 67.0741
3660 67.0741
3661 67.0741
3662 67.0741
3663 67.0741
3664 67.0741
3665 67.0741
3666 67.0741
3667 67.0741
3668 67.0741
3669 67.0741
3670 67.0741
3671 67.0741
3672 67.0741
3673 67.0741
3674 67.0741
3675 67.0741
3676 67.0741
3677 67.0741
3678 67.0741
3679 67.0741
3680 67.0741
3681 67.0741
3682 67.0741
3683 67.0741
3684 67.0741
3685 67.0741
3686 67.0741
3687 67.0741
3688 67.0741
3689 67.0741
3690 67.0741
3691 67.0741
3692 67.0741
3693 67.0741
3694 67.0741
3695 67.0741
3696 67.0741
3697 67.0741
3698 67.0741
3699 67.0741
3700 67.0741
3701 67.0741
3702 67.0741
3703 67.0741
3704 67.0741
3705 67.0741
3706 67.0741
3707 67.0741
3708 67.0741
3709 67.0741
3710 67.0741
3711 67.0741
3712 67.0741
3713 67.0741
3714 67.0741
3715 67.0741
3716 67.0741
3717 67.0741
3718 67.0741
3719 67.0741
3720 67.0741
3721 67.0741
3722 67.0741
3723 67.0741
3724 67.0741
3725 67.0741
3726 67.0741
3727 67.0741
3728 67.0741
3729 67.0741
3730 67.0741
3731 67.0741
3732 67.0741
3733 67.0741
3734 67.0741
3735 67.0741
3736 67.0741
3737 67.0741
3738 67.0741
3739 67.0741
3740 67.0741
3741 67.0741
3742 67.0741
3743 67.0741
3744 67.0741
3745 67.0741
3746 67.0741
3747 67.0741
3748 67.0741
3749 67.0741
3750 67.0741
3751 67.0741
3752 67.0741
3753 67.0741
3754 67.0741
3755 67.0741
3756 67.0741
3757 67.0741
3758 67.0741
3759 67.0741
3760 67.0741
3761 67.0741
3762 67.0741
3763 67.0741
3764 67.0741
3765 67.0741
3766 67.0741
3767 67.0741
3768 67.0741
3769 67.0741
3770 67.0741
3771 67.0741
3772 67.0741
3773 67.0741
3774 67.0741
3775 67.0741
3776 67.0741
3777 67.0741
3778 67.0741
3779 67.0741
3780 67.0741
3781 67.0741
3782 67.0741
3783 67.0741
3784 67.0741
3785 67.0741
3786 67.0741
3787 67.0741
3788 67.0741
3789 67.0741
3790 67.0741
3791 67.0741
3792 67.0741
3793 67.0741
3794 67.0741
3795 67.0741
3796 67.0741
3797 67.0741
3798 67.0741
3799 67.0741
3800 67.0741
3801 67.0741
3802 67.0741
3803 67.0741
3804 67.0741
3805 67.0741
3806 67.0741
3807 67.0741
3808 67.0741
3809 67.0741
3810 67.0741
3811 67.0741
3812 67.0741
3813 67.0741
3814 67.0741
3815 67.0741
3816 67.0741
3817 67.0741
3818 67.0741
3819 67.0741
3820 67.0741
3821 67.0741
3822 67.0741
3823 67.0741
3824 67.0741
3825 67.0741
3826 67.0741
3827 67.0741
3828 67.0741
3829 67.0741
3830 67.0741
3831 67.0741
3832 67.0741
3833 67.0741
3834 67.0741
3835 67.0741
3836 67.0741
3837 67.0741
3838 67.0741
3839 67.0741
3840 67.0741
3841 67.0741
3842 67.0741
3843 67.0741
3844 67.0741
3845 67.0741
3846 67.0741
3847 67.0741
3848 67.0741
3849 67.0741
3850 67.0741
3851 67.0741
3852 67.0741
3853 67.0741
3854 67.0741
3855 67.0741
3856 67.0741
3857 67.0741
3858 67.0741
3859 67.0741
3860 67.0741
3861 67.0741
3862 67.0741
3863 67.0741
3864 67.0741
3865 67.0741
3866 67.0741
3867 67.0741
3868 67.0741
3869 67.0741
3870 67.0741
3871 67.0741
3872 67.0741
3873 67.0741
3874 67.0741
3875 67.0741
3876 67.0741
3877 67.0741
3878 67.0741
3879 67.0741
3880 67.0741
3881 67.0741
3882 67.0741
3883 67.0741
3884 67.0741
3885 67.0741
3886 67.0741
3887 67.0741
3888 67.0741
3889 67.0741
3890 67.0741
3891 67.0741
3892 67.0741
3893 67.0741
3894 67.0741
3895 67.0741
3896 67.0741
3897 67.0741
3898 67.0741
3899 67.0741
3900 67.0741
3901 67.0741
3902 67.0741
3903 67.0741
3904 67.0741
3905 67.0741
3906 67.0741
3907 67.0741
3908 67.0741
3909 67.0741
3910 67.0741
3911 67.0741
3912 67.0741
3913 67.0153
3914 67.0153
3915 67.0153
3916 67.0153
3917 67.0153
3918 67.0153
3919 67.0153
3920 67.0153
3921 67.0153
3922 67.0153
3923 67.0153
3924 67.0153
3925 67.0153
3926 67.0153
3927 67.0153
3928 67.0153
3929 67.0153
3930 67.0153
3931 67.0153
3932 67.0153
3933 67.0153
3934 67.0153
3935 67.0153
3936 67.0153
3937 67.0153
3938 67.0153
3939 67.0153
3940 67.0153
3941 67.0153
3942 67.0153
3943 67.0153
3944 67.0153
3945 67.0153
3946 67.0153
3947 67.0153
3948 67.0153
3949 67.0153
3950 67.0153
3951 67.0153
3952 67.0153
3953 67.0153
3954 67.0153
3955 67.0153
3956 67.0153
3957 67.0153
3958 67.0153
3959 67.0153
3960 67.0153
3961 67.0153
3962 67.0153
3963 67.0153
3964 67.0153
3965 67.0153
3966 67.0153
3967 67.0153
3968 67.0153
3969 67.0153
3970 67.0153
3971 67.0153
3972 67.0153
3973 67.0153
3974 67.0153
3975 67.0153
3976 67.0153
3977 67.0153
3978 67.0153
3979 67.0153
3980 67.0153
3981 67.0153
3982 67.0153
3983 67.0153
3984 67.0153
3985 67.0153
3986 67.0153
3987 67.0153
3988 67.0153
3989 67.0153
3990 67.0153
3991 67.0153
3992 67.0153
3993 67.0153
3994 67.0153
3995 67.0153
3996 67.0153
3997 67.0153
3998 67.0153
3999 67.0153
4000 67.0153
4001 67.0153
4002 67.0153
4003 67.0153
4004 67.0153
4005 67.0153
4006 67.0153
4007 67.0153
4008 67.0153
4009 67.0153
4010 67.0153
4011 67.0153
4012 67.0153
4013 67.0153
4014 67.0153
4015 67.0153
4016 67.0153
4017 67.0153
4018 67.0153
4019 67.0153
4020 67.0153
4021 67.0153
4022 67.0153
4023 67.0153
4024 67.0153
4025 67.0153
4026 67.0153
4027 67.0153
4028 67.0153
4029 67.0153
4030 67.0153
4031 67.0153
4032 67.0153
4033 67.0153
4034 67.0153
4035 67.0153
4036 67.0153
4037 67.0153
4038 67.0153
4039 67.0153
4040 67.0153
4041 67.0153
4042 67.0153
4043 67.0153
4044 67.0153
4045 67.0153
4046 67.0153
4047 67.0153
4048 67.0153
4049 67.0153
4050 67.0153
4051 67.0153
4052 67.0153
4053 67.0153
4054 67.0153
4055 67.0153
4056 67.0153
4057 67.0153
4058 67.0153
4059 67.0153
4060 67.0153
4061 67.0153
4062 67.0153
4063 67.0153
4064 67.0153
4065 67.0153
4066 67.0153
4067 67.0153
4068 67.0153
4069 67.0153
4070 67.0153
4071 67.0153
4072 67.0153
4073 67.0153
4074 67.0153
4075 67.0153
4076 67.0153
4077 67.0153
4078 67.0153
4079 67.0153
4080 67.0153
4081 67.0153
4082 67.0153
4083 67.0153
4084 67.0153
4085 67.0153
4086 67.0153
4087 67.0153
4088 67.0153
4089 67.0153
4090 67.0153
4091 67.0153
4092 67.0153
4093 67.0153
4094 67.0153
4095 67.0153
4096 67.0153
4097 67.0153
4098 67.0153
4099 67.0153
4100 67.0153
4101 67.0153
4102 67.0153
4103 67.0153
4104 67.0153
4105 67.0153
4106 67.0153
4107 67.0153
4108 67.0153
4109 67.0153
4110 67.0153
4111 67.0153
4112 67.0153
4113 67.0153
4114 67.0153
4115 67.0153
4116 67.0153
4117 67.0153
4118 67.0153
4119 67.0153
4120 67.0153
4121 67.0153
4122 67.0153
4123 67.0153
4124 67.0153
4125 67.0153
4126 67.0153
4127 67.0153
4128 67.0153
4129 67.0153
4130 67.0153
4131 67.0153
4132 67.0153
4133 67.0153
4134 67.0153
4135 67.0153
4136 67.0153
4137 67.0153
4138 67.0153
4139 67.0153
4140 67.0153
4141 67.0153
4142 67.0153
4143 67.0153
4144 67.0153
4145 67.0153
4146 67.0153
4147 67.0153
4148 67.0153
4149 67.0153
4150 67.0153
4151 67.0153
4152 67.0153
4153 67.0153
4154 67.0153
4155 67.0153
4156 67.0153
4157 67.0153
4158 67.0153
4159 67.0153
4160 67.0153
4161 67.0153
4162 67.0153
4163 67.0153
4164 67.0153
4165 67.0153
4166 67.0153
4167 67.0153
4168 67.0153
4169 67.0153
4170 67.0153
4171 67.0153
4172 67.0153
4173 67.0153
4174 67.0153
4175 67.0153
4176 67.0153
4177 67.0153
4178 67.0153
4179 67.0153
4180 67.0153
4181 67.0153
4182 67.0153
4183 67.0153
4184 67.0153
4185 67.0153
4186 67.0153
4187 67.0153
4188 67.0153
4189 67.0153
4190 67.0153
4191 67.0153
4192 67.0153
4193 66.8215
4194 66.8215
4195 66.8215
4196 66.8215
4197 66.8215
4198 66.8215
4199 66.8215
4200 66.8215
4201 66.8215
4202 66.8215
4203 66.8215
4204 66.8215
4205 66.8215
4206 66.8215
4207 66.8215
4208 66.8215
4209 66.8215
4210 66.8215
4211 66.8215
4212 66.8215
4213 66.8215
4214 66.8215
4215 66.8215
4216 66.8215
4217 66.8215
4218 66.8215
4219 66.8215
4220 66.8215
4221 66.8215
4222 66.8215
4223 66.8215
4224 66.8215
4225 66.8215
4226 66.8215
4227 66.8215
4228 66.8215
4229 66.8215
4230 66.8215
4231 66.8215
4232 66.8215
4233 66.8215
4234 66.8215
4235 66.8215
4236 66.8215
4237 66.8215
4238 66.8215
4239 66.8215
4240 66.8215
4241 66.8215
4242 66.8215
4243 66.8215
4244 66.8215
4245 66.8215
4246 66.8215
4247 66.8215
4248 66.8215
4249 66.8215
4250 66.8215
4251 66.8215
4252 66.8215
4253 66.8215
4254 66.8215
4255 66.8215
4256 66.8215
4257 66.8215
4258 66.8215
4259 66.8215
4260 66.8215
4261 66.8215
4262 66.8215
4263 66.8215
4264 66.8215
4265 66.8215
4266 66.8215
4267 66.8215
4268 66.8215
4269 66.8215
4270 66.8215
4271 66.8215
4272 66.8215
4273 66.8215
4274 66.4578
4275 66.4578
4276 66.4578
4277 66.4578
4278 66.4578
4279 66.4578
4280 66.4578
4281 66.4578
4282 66.4578
4283 66.4578
4284 66.4578
4285 66.4578
4286 66.4578
4287 66.4578
4288 66.4578
4289 66.4578
4290 66.4578
4291 66.4578
4292 66.4578
4293 66.4578
4294 66.4578
4295 66.4578
4296 66.4578
4297 66.4578
4298 66.4578
4299 66.4578
4300 66.4578
4301 66.4578
4302 66.4578
4303 66.4578
4304 66.4578
4305 66.4578
4306 66.4578
4307 66.4578
4308 66.4578
4309 66.4578
4310 66.4578
4311 66.4578
4312 66.4578
4313 66.4578
4314 66.4578
4315 66.4578
4316 66.4578
4317 66.4578
4318 66.4578
4319 66.4578
4320 66.4578
4321 66.4578
4322 66.4578
4323 66.4578
4324 66.4578
4325 66.4578
4326 66.4578
4327 66.4578
4328 66.4578
4329 66.4578
4330 66.4578
4331 66.4578
4332 66.4578
4333 66.4578
4334 66.4578
4335 66.4578
4336 66.4578
4337 66.4578
4338 66.4578
4339 66.4578
4340 66.4578
4341 66.4578
4342 66.4578
4343 66.4578
4344 66.4578
4345 66.4578
4346 66.4578
4347 66.4578
4348 66.4578
4349 66.4578
4350 66.4578
4351 66.4578
4352 66.4578
4353 66.4578
4354 66.4578
4355 66.4578
4356 66.4578
4357 66.4578
4358 66.4578
4359 66.4578
4360 66.4578
4361 66.4578
4362 66.4578
4363 66.4578
4364 66.4578
4365 66.4578
4366 66.4578
4367 66.4578
4368 66.4578
4369 66.4578
4370 66.4578
4371 66.4578
4372 66.4578
4373 66.4578
4374 66.4578
4375 66.4578
4376 66.4578
4377 66.4578
4378 66.4578
4379 66.4578
4380 66.4578
4381 66.4578
4382 66.4578
4383 66.4578
4384 66.4578
4385 66.4578
4386 66.4578
4387 66.4578
4388 66.4578
4389 66.4578
4390 66.4578
4391 66.4578
4392 66.4578
4393 66.4578
4394 66.4578
4395 66.4578
4396 66.4578
4397 66.4578
4398 66.4578
4399 66.4578
4400 66.4578
4401 66.4578
4402 66.4578
4403 66.4578
4404 66.4578
4405 66.4578
4406 66.4578
4407 66.4578
4408 66.4578
4409 66.4578
4410 66.4578
4411 66.4578
4412 66.4578
4413 66.4578
4414 66.4578
4415 66.4578
4416 66.4578
4417 66.4578
4418 66.4578
4419 66.4578
4420 66.4578
4421 66.4578
4422 66.4578
4423 66.4578
4424 66.4578
4425 66.4578
4426 66.4578
4427 66.4578
4428 66.4578
4429 66.4578
4430 66.4578
4431 66.4578
4432 66.4578
4433 66.4578
4434 66.4578
4435 66.4578
4436 66.4578
4437 66.4578
4438 66.4578
4439 66.4578
4440 66.4578
4441 66.4578
4442 66.4578
4443 66.4578
4444 66.4578
4445 66.4578
4446 66.4578
4447 66.4578
4448 66.4578
4449 66.4578
4450 66.4578
4451 66.4578
4452 66.4578
4453 66.4578
4454 66.4578
4455 66.4578
4456 66.4578
4457 66.4578
4458 66.4578
4459 66.4578
4460 66.4578
4461 66.4578
4462 66.4578
4463 66.4578
4464 66.4578
4465 66.4578
4466 66.4578
4467 66.4578
4468 66.4578
4469 66.4578
4470 66.4578
4471 66.4578
4472 66.4578
4473 66.4578
4474 66.4578
4475 66.4578
4476 66.4578
4477 66.4578
4478 66.4578
4479 66.4578
4480 66.4578
4481 66.4578
4482 66.4578
4483 66.4578
4484 66.4578
4485 66.4578
4486 66.4578
4487 66.4578
4488 66.4578
4489 66.4578
4490 66.4578
4491 66.4578
4492 66.4578
4493 66.4578
4494 66.4578
4495 66.4578
4496 66.4578
4497 66.4578
4498 66.4578
4499 66.4578
4500 66.4578
4501 66.4578
4502 66.4578
4503 66.4578
4504 66.4578
4505 66.4578
4506 66.4578
4507 66.4578
4508 66.4578
4509 66.4578
4510 66.4578
4511 66.4578
4512 66.4578
4513 66.4578
4514 66.4578
4515 66.4578
4516 66.4578
4517 66.4578
4518 66.4578
4519 66.4578
4520 66.4578
4521 66.4578
4522 66.4578
4523 66.4578
4524 66.4578
4525 66.4578
4526 66.4578
4527 66.4578
4528 66.4578
4529 66.4578
4530 66.4578
4531 66.4578
4532 66.4578
4533 66.4578
4534 66.4578
4535 66.4578
4536 66.4578
4537 66.4578
4538 66.4578
4539 66.4578
4540 66.4578
4541 66.4578
4542 66.4578
4543 66.4578
4544 66.4578
4545 66.4578
4546 66.4578
4547 66.4578
4548 66.4578
4549 66.4578
4550 66.4578
4551 66.4578
4552 66.4578
4553 66.4578
4554 66.4578
4555 66.4578
4556 66.4578
4557 66.4578
4558 66.4578
4559 66.4578
4560 66.4578
4561 66.4578
4562 66.4578
4563 66.4578
4564 66.4578
4565 66.4578
4566 66.4578
4567 66.4578
4568 66.4578
4569 66.4578
4570 66.4578
4571 66.4578
4572 66.4578
4573 66.4578
4574 66.4578
4575 66.4578
4576 66.4578
4577 66.4578
4578 66.4578
4579 66.4578
4580 66.4578
4581 66.4578
4582 66.4578
4583 66.4578
4584 66.4578
4585 66.4578
4586 66.4578
4587 66.4578
4588 66.4578
4589 66.4578
4590 66.4578
4591 66.4578
4592 66.4578
4593 66.4578
4594 66.4578
4595 66.4578
4596 66.4578
4597 66.4578
4598 66.4578
4599 66.4578
4600 66.4578
4601 66.4578
4602 66.4578
4603 66.4578
4604 66.4578
4605 66.4578
4606 66.4578
4607 66.4578
4608 66.4578
4609 66.4578
4610 66.4578
4611 66.4578
4612 66.4578
4613 66.4578
4614 66.4578
4615 66.4578
4616 66.4578
4617 66.4578
4618 66.4578
4619 66.4578
4620 66.4578
4621 66.4578
4622 66.4578
4623 66.4578
4624 66.4578
4625 66.4578
4626 66.4578
4627 66.4578
4628 66.4578
4629 66.4578
4630 66.4578
4631 66.4578
4632 66.4578
4633 66.4578
4634 66.4578
4635 66.4578
4636 66.4578
4637 66.4578
4638 66.4578
4639 66.4578
4640 66.4578
4641 66.4578
4642 66.4578
4643 66.4578
4644 66.4578
4645 66.4578
4646 66.4578
4647 66.4578
4648 66.4578
4649 66.4578
4650 66.4578
4651 66.4578
4652 66.4578
4653 66.4578
4654 66.4578
4655 66.4578
4656 66.4578
4657 66.4578
4658 66.4578
4659 66.4578
4660 66.4578
4661 66.4578
4662 66.4578
4663 66.4578
4664 66.4578
4665 66.4578
4666 66.4578
4667 66.4578
4668 66.4578
4669 66.4578
4670 66.4578
4671 66.4578
4672 66.4578
4673 66.4578
4674 66.4578
4675 66.4578
4676 66.4578
4677 66.4578
4678 66.4578
4679 66.4578
4680 66.4578
4681 66.4578
4682 66.4578
4683 66.4578
4684 66.4578
4685 66.4578
4686 66.4578
4687 66.4578
4688 66.4578
4689 66.4578
4690 66.4578
4691 66.4578
4692 66.4578
4693 66.4578
4694 66.4578
4695 66.4578
4696 66.4578
4697 66.4578
4698 66.4578
4699 66.4578
4700 66.4578
4701 66.4578
4702 66.4578
4703 66.4578
4704 66.4578
4705 66.4578
4706 66.4578
4707 66.4578
4708 66.4578
4709 66.4578
4710 66.4578
4711 66.4578
4712 66.4578
4713 66.4578
4714 66.4578
4715 66.4578
4716 66.4578
4717 66.4578
4718 66.4578
4719 66.4578
4720 66.4578
4721 66.4578
4722 66.4578
4723 66.4578
4724 66.4578
4725 66.4578
4726 66.4578
4727 66.4578
4728 66.4578
4729 66.4578
4730 66.4578
4731 66.4578
4732 66.4578
4733 66.4578
4734 66.4578
4735 66.4578
4736 66.4578
4737 66.4578
4738 66.4578
4739 66.4578
4740 66.4578
4741 66.4578
4742 66.4578
4743 66.4578
4744 66.4578
4745 66.4578
4746 66.4578
4747 66.4578
4748 66.4578
4749 66.4578
4750 66.4578
4751 66.4578
4752 66.4578
4753 66.4578
4754 66.4578
4755 66.4578
4756 66.4578
4757 66.4578
4758 66.4578
4759 66.4578
4760 66.4578
4761 66.4578
4762 66.4578
4763 66.4578
4764 66.4578
4765 66.4578
4766 66.4578
4767 66.4578
4768 66.4578
4769 66.4578
4770 66.4578
4771 66.4578
4772 66.4578
4773 66.4578
4774 66.4578
4775 66.4578
4776 66.4578
4777 66.4578
4778 66.4578
4779 66.4578
4780 66.4578
4781 66.4578
4782 66.4578
4783 66.4578
4784 66.4578
4785 66.4578
4786 66.4578
4787 66.4578
4788 66.4578
4789 66.4578
4790 66.4578
4791 66.4578
4792 66.4578
4793 66.4578
4794 66.4578
4795 66.4578
4796 66.4578
4797 66.4578
4798 66.4578
4799 66.4578
4800 66.4578
4801 66.4578
4802 66.4578
4803 66.4578
4804 66.4578
4805 66.4578
4806 66.4578
4807 66.4578
4808 66.4578
4809 66.4578
4810 66.4578
4811 66.4578
4812 66.4578
4813 66.4578
4814 66.4578
4815 66.4578
4816 66.4578
4817 66.4578
4818 66.4578
4819 66.4578
4820 66.4578
4821 66.4578
4822 66.4578
4823 66.4578
4824 66.4578
4825 66.4578
4826 66.4578
4827 66.4578
4828 66.4578
4829 66.4578
4830 66.4578
4831 66.4578
4832 66.4578
4833 66.4578
4834 66.4578
4835 66.4578
4836 66.4578
4837 66.4578
4838 66.4578
4839 66.4578
4840 66.4578
4841 66.4578
4842 66.4578
4843 66.4578
4844 66.4578
4845 66.4578
4846 66.4578
4847 66.4578
4848 66.4578
4849 66.4578
4850 66.4578
4851 66.4578
4852 66.4578
4853 66.4578
4854 66.4578
4855 66.4578
4856 66.4578
4857 66.4578
4858 66.4578
4859 66.4578
4860 66.4578
4861 66.4578
4862 66.4578
4863 66.4578
4864 66.4578
4865 66.4578
4866 66.4578
4867 66.4578
4868 66.4578
4869 66.4578
4870 66.4578
4871 66.4578
4872 66.4578
4873 66.4578
4874 66.4578
4875 66.4578
4876 66.4578
4877 66.4578
4878 66.4578
4879 66.4578
4880 66.4578
4881 66.4578
4882 66.4578
4883 66.4578
4884 66.4578
4885 66.4578
4886 66.4578
4887 66.4578
4888 66.4578
4889 66.4578
4890 66.4578
4891 66.4578
4892 66.4578
4893 66.4578
4894 66.4578
4895 66.4578
4896 66.4578
4897 66.4578
4898 66.4578
4899 66.4578
4900 66.4578
4901 66.4578
4902 66.4578
4903 66.4578
4904 66.4578
4905 66.4578
4906 66.4578
4907 66.4578
4908 66.4578
4909 66.4578
4910 66.2955
4911 66.2955
4912 66.2955
4913 66.2955
4914 66.2955
4915 66.2955
4916 66.2955
4917 66.2955
4918 66.2955
4919 66.2955
4920 66.2955
4921 66.2955
4922 66.2955
4923 66.2955
4924 66.2955
4925 66.2955
4926 66.2955
4927 66.2955
4928 66.2955
4929 66.2955
4930 66.2955
4931 66.2955
4932 66.2955
4933 66.2955
4934 66.2955
4935 66.2955
4936 66.2955
4937 66.2955
4938 66.2955
4939 66.2955
4940 66.2955
4941 66.2955
4942 66.2955
4943 66.2955
4944 66.2955
4945 66.2955
4946 66.2955
4947 66.2955
4948 66.2955
4949 66.2955
4950 66.2955
4951 66.2955
4952 66.2955
4953 66.2955
4954 66.2955
4955 66.2955
4956 66.2955
4957 66.2955
4958 66.2955
4959 66.2955
4960 66.2955
4961 66.2955
4962 66.2955
4963 66.2955
4964 66.2955
4965 66.2955
4966 66.2955
4967 66.2955
4968 66.2955
4969 66.2955
4970 66.2955
4971 66.2955
4972 66.2955
4973 66.2955
4974 66.2955
4975 66.2955
4976 66.2955
4977 66.2955
4978 66.2955
4979 66.2955
4980 66.2955
4981 66.2955
4982 66.2955
4983 66.2955
4984 66.2955
4985 66.2955
4986 66.2955
4987 66.2955
4988 66.2955
4989 66.2955
4990 66.2955
4991 66.2955
4992 66.2955
4993 66.2955
4994 66.2955
4995 66.2955
4996 66.2955
4997 66.2955
4998 66.2955
4999 66.2955
5000 66.2955
5001 66.2955
5002 66.2955
5003 66.2955
5004 66.2955
5005 66.2955
5006 66.2955
5007 66.2955
5008 66.2955
5009 66.2955
5010 66.2955
5011 66.2955
5012 66.2955
5013 66.2955
5014 66.2955
5015 66.2955
5016 66.2955
5017 66.2955
5018 66.2955
5019 66.2955
5020 66.2955
5021 66.2955
5022 66.2955
5023 66.2955
5024 66.2955
5025 66.2955
5026 66.2955
5027 66.2955
5028 66.2955
5029 66.2955
5030 66.2955
5031 66.2955
5032 66.2955
5033 66.2955
5034 66.2955
5035 66.2955
5036 66.2955
5037 66.2955
5038 66.2955
5039 66.2955
5040 66.2955
5041 66.2955
5042 66.2955
5043 66.2955
5044 66.2955
5045 66.2955
5046 66.2955
5047 66.2955
5048 66.2955
5049 66.2955
5050 66.2955
5051 66.2955
5052 66.2955
5053 66.2955
5054 66.2955
5055 66.2955
5056 66.2955
5057 66.2955
5058 66.2955
5059 66.2955
5060 66.2955
5061 66.2955
5062 66.2955
5063 66.2955
5064 66.2955
5065 66.2955
5066 66.2955
5067 66.2955
5068 66.2955
5069 66.2955
5070 66.2955
5071 66.2955
5072 66.2955
5073 66.2955
5074 66.2955
5075 66.2955
5076 66.2955
5077 66.2955
5078 66.2955
5079 66.2955
5080 66.2955
5081 66.2955
5082 66.2955
5083 66.2955
5084 66.2955
5085 66.2955
5086 66.2955
5087 66.2955
5088 66.2955
5089 66.2955
5090 66.2955
5091 66.2955
5092 66.2955
5093 66.2955
5094 66.2955
5095 66.2955
5096 66.2955
5097 66.2955
5098 66.2955
5099 66.2955
5100 66.2955
5101 66.2955
5102 66.2955
5103 66.2955
5104 66.2955
5105 66.2955
5106 66.2955
5107 66.2955
5108 66.2955
5109 66.2955
5110 66.2955
5111 66.2955
5112 66.2955
5113 66.2955
5114 66.2955
5115 66.2955
5116 66.2955
5117 66.2955
5118 66.2955
5119 66.2955
5120 66.2955
5121 66.2955
5122 66.2955
5123 66.2955
5124 66.2955
5125 66.2955
5126 66.2955
5127 66.2955
5128 66.2955
5129 66.2955
5130 66.2955
5131 66.2955
5132 66.2955
5133 66.2955
5134 66.2955
5135 66.2955
5136 66.2955
5137 66.2955
5138 66.2955
5139 66.2955
5140 66.2955
5141 66.2955
5142 66.2955
5143 66.2955
5144 66.2955
5145 66.2955
5146 66.2955
5147 66.2955
5148 66.2955
5149 66.2955
5150 66.2955
5151 66.2955
5152 66.2955
5153 66.2955
5154 66.2955
5155 66.2955
5156 66.2955
5157 66.2955
5158 66.2955
5159 66.2955
5160 66.2955
5161 66.2955
5162 66.2955
5163 66.2955
5164 66.2955
5165 66.2955
5166 66.2955
5167 66.2955
5168 66.2955
5169 66.2955
5170 66.2955
5171 66.2955
5172 66.2955
5173 66.2955
5174 66.2955
5175 66.2955
5176 66.2955
5177 66.2955
5178 66.2955
5179 66.2955
5180 66.2955
5181 66.2955
5182 66.2955
5183 66.2955
5184 66.2955
5185 66.2955
5186 66.2955
5187 66.2955
5188 66.2955
5189 66.2955
5190 66.2955
5191 66.2955
5192 66.2955
5193 66.2955
5194 66.2955
5195 66.2955
5196 66.2955
5197 66.2955
5198 66.2955
5199 66.2955
5200 66.2955
5201 66.2955
5202 66.2955
5203 66.2955
5204 66.2955
5205 66.2955
5206 66.2955
5207 66.2955
5208 66.2955
5209 66.2955
5210 66.2955
5211 66.2955
5212 66.2955
5213 66.2955
5214 66.2955
5215 66.2955
5216 66.2955
5217 66.2955
5218 66.2955
5219 66.2955
5220 66.2955
5221 66.2955
5222 66.2955
5223 66.2955
5224 66.2955
5225 66.2955
5226 66.2955
5227 66.2955
5228 66.2955
5229 66.2955
5230 66.2955
5231 66.2955
5232 66.2955
5233 66.2955
5234 66.2955
5235 66.2955
5236 66.2955
5237 66.2955
5238 66.2955
5239 66.2955
5240 66.2955
5241 66.2955
5242 66.2955
5243 66.2955
5244 66.2955
5245 66.2955
5246 66.2955
5247 66.2955
5248 66.2955
5249 66.2955
5250 66.2955
5251 66.2955
5252 66.2955
5253 66.2955
5254 66.2955
5255 66.2955
5256 66.2955
5257 66.2955
5258 66.2955
5259 66.2955
5260 66.2955
5261 66.2955
5262 66.2955
5263 66.2955
5264 66.2955
5265 66.2955
5266 66.2955
5267 66.2955
5268 66.2955
5269 66.2955
5270 66.2955
5271 66.2955
5272 66.2955
5273 66.2955
5274 66.2955
5275 66.2955
5276 66.2955
5277 66.2955
5278 66.2955
5279 66.2955
5280 66.2955
5281 66.2955
5282 66.2955
5283 66.2955
5284 66.2955
5285 66.2955
5286 66.2955
5287 66.2955
5288 66.2955
5289 66.2955
5290 66.2955
5291 66.2955
5292 66.2955
5293 66.2955
5294 66.2955
5295 66.2955
5296 66.2955
5297 66.2955
5298 66.2955
5299 66.2955
5300 66.2955
5301 66.2955
5302 66.2955
5303 66.2955
5304 66.2955
5305 66.2955
5306 66.2955
5307 66.2955
5308 66.2955
5309 66.2955
5310 66.2955
5311 66.2955
5312 66.2955
5313 66.2955
5314 66.2955
5315 66.2955
5316 66.2955
5317 66.2955
5318 66.2955
5319 66.2955
5320 66.2955
5321 66.2955
5322 66.2955
5323 66.2955
5324 66.2955
5325 66.2955
5326 66.2955
5327 66.2955
5328 66.2955
5329 66.2955
5330 66.2955
5331 66.2955
5332 66.2955
5333 66.2955
5334 66.2955
5335 66.2955
5336 66.2955
5337 66.2955
5338 66.2955
5339 66.2955
5340 66.2955
5341 66.2955
5342 66.2955
5343 66.2955
5344 66.2955
5345 66.2955
5346 66.2955
5347 66.2955
5348 66.2955
5349 66.2955
5350 66.2955
5351 66.2955
5352 66.2955
5353 66.2955
5354 66.2955
5355 66.2955
5356 66.2955
5357 66.2955
5358 66.2955
5359 66.2955
5360 66.2955
5361 66.2955
5362 66.2955
5363 66.2955
5364 66.2955
5365 66.2955
5366 66.2955
5367 66.2955
5368 66.2955
5369 66.2955
5370 66.2955
5371 66.2955
5372 66.2955
5373 66.2955
5374 66.2955
5375 66.2955
5376 66.2955
5377 66.2955
5378 66.2955
5379 66.2955
5380 66.2955
5381 66.2955
5382 66.2955
5383 66.2955
5384 66.2955
5385 66.2955
5386 66.2955
5387 66.2955
5388 66.2955
5389 66.2955
5390 66.2955
5391 66.2955
5392 66.2955
5393 66.2955
5394 66.2955
5395 66.2955
5396 66.2955
5397 66.2955
5398 66.2955
5399 66.2955
5400 66.2955
5401 66.2955
5402 66.2955
5403 66.2955
5404 66.2955
5405 66.2955
5406 66.2955
5407 66.2955
5408 66.2955
5409 66.2955
5410 66.2955
5411 66.2955
5412 66.2955
5413 66.2955
5414 66.2955
5415 66.2955
5416 66.2955
5417 66.2955
5418 66.2955
5419 66.2955
5420 66.2955
5421 66.2955
5422 66.2955
5423 66.2955
5424 66.2955
5425 66.2955
5426 66.2955
5427 66.2955
5428 66.2955
5429 66.2955
5430 66.2955
5431 66.2955
5432 66.2955
5433 66.2955
5434 66.2955
5435 66.2955
5436 66.2955
5437 66.2955
5438 66.2955
5439 66.2955
5440 66.2955
5441 66.2955
5442 66.2955
5443 66.2955
5444 66.2955
5445 66.2955
5446 66.2955
5447 66.2955
5448 66.2955
5449 66.2955
5450 66.2955
5451 66.2955
5452 66.2955
5453 66.2955
5454 66.2955
5455 66.2955
5456 66.2955
5457 66.2955
5458 66.2955
5459 66.2955
5460 66.2955
5461 66.2955
5462 66.2955
5463 66.2955
5464 66.2955
5465 66.2955
5466 66.2955
5467 66.2955
5468 66.2955
5469 66.2955
5470 66.2955
5471 66.2955
5472 66.2955
5473 66.2955
5474 66.2955
5475 66.2955
5476 66.2955
5477 66.2955
5478 66.2955
5479 66.2955
5480 66.2955
5481 66.2955
5482 66.2955
5483 66.2955
5484 66.2955
5485 66.2955
5486 66.2955
5487 66.2955
5488 66.2955
5489 66.2955
5490 66.2955
5491 66.2955
5492 66.2955
5493 66.2955
5494 66.2955
5495 66.2955
5496 66.2955
5497 66.2955
5498 66.2955
5499 66.2955
5500 66.2955
5501 66.2955
5502 66.2955
5503 66.2955
5504 66.2955
5505 66.2955
5506 66.2955
5507 66.2955
5508 66.2955
5509 66.2955
5510 66.2955
5511 66.2955
5512 66.2955
5513 66.2955
5514 66.2955
5515 66.2955
5516 66.2955
5517 66.2955
5518 66.2955
5519 66.2955
5520 66.2955
5521 66.2955
5522 66.2955
5523 66.2955
5524 66.2955
5525 66.2955
5526 66.2955
5527 66.2955
5528 66.2955
5529 66.2955
5530 66.2955
5531 66.2955
5532 66.2955
5533 66.2955
5534 66.2955
5535 66.2955
5536 66.2955
5537 66.2955
5538 66.2955
5539 66.2955
5540 66.2955
5541 66.2955
5542 66.2955
5543 66.2955
5544 66.2955
5545 66.2955
5546 66.2955
5547 66.2955
5548 66.2955
5549 66.2955
5550 66.2955
5551 66.2955
5552 66.2955
5553 66.2955
5554 66.2955
5555 66.2955
5556 66.2955
5557 66.2955
5558 66.2955
5559 66.2955
5560 66.2955
5561 66.2955
5562 66.2955
5563 66.2955
5564 66.2955
5565 66.2955
5566 66.2955
5567 66.2955
5568 66.2955
5569 66.2955
5570 66.2955
5571 66.2955
5572 66.2955
5573 66.2955
5574 66.2955
5575 66.2955
5576 66.2955
5577 66.2955
5578 66.2955
5579 66.2955
5580 66.2955
5581 66.2955
5582 66.2955
5583 66.2955
5584 66.2955
5585 66.2955
5586 66.2955
5587 66.2955
5588 66.2955
5589 66.2955
5590 66.2955
5591 66.2955
5592 66.2955
5593 66.2955
5594 66.2955
5595 66.2955
5596 66.2955
5597 66.2955
5598 66.2955
5599 66.2955
5600 66.2955
5601 66.2955
5602 66.2955
5603 66.2955
5604 66.2955
5605 66.2955
5606 66.2955
5607 66.2955
5608 66.2955
5609 66.2955
5610 66.2955
5611 66.2955
5612 66.2955
5613 66.2955
5614 66.2955
5615 66.2955
5616 66.2955
5617 66.2955
5618 66.2955
5619 66.2955
5620 66.2955
5621 66.2955
5622 66.2955
5623 66.2955
5624 66.2955
5625 66.2955
5626 66.2955
5627 66.2955
5628 66.2955
5629 66.2955
5630 66.2955
5631 66.2955
5632 66.2955
5633 66.2955
5634 66.2955
5635 66.2955
5636 66.2955
5637 66.2955
5638 66.2955
5639 66.2955
5640 66.2955
5641 66.2955
5642 66.2955
5643 66.2955
5644 66.2955
5645 66.2955
5646 66.2955
5647 66.2955
5648 66.2955
5649 66.2955
5650 66.2955
5651 66.2955
5652 66.2955
5653 66.2955
5654 66.2955
5655 66.2955
5656 66.2955
5657 66.2955
5658 66.2955
5659 66.2955
5660 66.2955
5661 66.2955
5662 66.2955
5663 66.2955
5664 66.2955
5665 66.2955
5666 66.2955
5667 66.2955
5668 66.2955
5669 66.2955
5670 66.2955
5671 66.2955
5672 66.2955
5673 66.2955
5674 66.2955
5675 66.2955
5676 66.2955
5677 66.2955
5678 66.2955
5679 66.2955
5680 66.2955
5681 66.2955
5682 66.2955
5683 66.2955
5684 66.2955
5685 66.2955
5686 66.2955
5687 66.2955
5688 66.2955
5689 66.2955
5690 66.2955
5691 66.2955
5692 66.2955
5693 66.2955
5694 66.2955
5695 66.2955
5696 66.2955
5697 66.2955
5698 66.2955
5699 66.2955
5700 66.2955
5701 66.2955
5702 66.2955
5703 66.2955
5704 66.2955
5705 66.2955
5706 66.2955
5707 66.2955
5708 66.2955
5709 66.2955
5710 66.2955
5711 66.2955
5712 66.2955
5713 66.2955
5714 66.2955
5715 66.2955
5716 66.2955
5717 66.2955
5718 66.2955
5719 66.2955
5720 66.2955
5721 66.2955
5722 66.2955
5723 66.2955
5724 66.2955
5725 66.2955
5726 66.2955
5727 66.2955
5728 66.2955
5729 66.2955
5730 66.2955
5731 66.2955
5732 66.2955
5733 66.2955
5734 66.2955
5735 66.2955
5736 66.2955
5737 66.2955
5738 66.2955
5739 66.2955
5740 66.2955
5741 66.2955
5742 66.2955
5743 66.2955
5744 66.2955
5745 66.2955
5746 66.2955
5747 66.2955
5748 66.2955
5749 66.2955
5750 66.2955
5751 66.2955
5752 66.2955
5753 66.2955
5754 66.2955
5755 66.2955
5756 66.2955
5757 66.2955
5758 66.2955
5759 66.2955
5760 66.2955
5761 66.2955
5762 66.2955
5763 66.2955
5764 66.2955
5765 66.2955
5766 66.2955
5767 66.2955
5768 66.2955
5769 66.2955
5770 66.2955
5771 66.2955
5772 66.2955
5773 66.2955
5774 66.2955
5775 66.2955
5776 66.2955
5777 66.2955
5778 66.2955
5779 66.2955
5780 66.2955
5781 66.2955
5782 66.2955
5783 66.2955
5784 66.2955
5785 66.2955
5786 66.2955
5787 66.2955
5788 66.2955
5789 66.2955
5790 66.2955
5791 66.2955
5792 66.2955
5793 66.2955
5794 66.2955
5795 66.2955
5796 66.2955
5797 66.2955
5798 66.2955
5799 66.2955
5800 66.2955
5801 66.2955
5802 66.2955
5803 66.2955
5804 66.2955
5805 66.2955
5806 66.2955
5807 66.2955
5808 66.2955
5809 66.2955
5810 66.2955
5811 66.2955
5812 66.2955
5813 66.2955
5814 66.2955
5815 66.2955
5816 66.2955
5817 66.2955
5818 66.2955
5819 66.2955
5820 66.2955
5821 66.2955
5822 66.2955
5823 66.2955
5824 66.2955
5825 66.2955
5826 66.2955
5827 66.2955
5828 66.2955
5829 66.2955
5830 66.2955
5831 66.2955
5832 66.2955
5833 66.2955
5834 66.2955
5835 66.2955
5836 66.2955
5837 66.2955
5838 66.2955
5839 66.2955
5840 66.2955
5841 66.2955
5842 66.2955
5843 66.2955
5844 66.2955
5845 66.2955
5846 66.2955
5847 66.2955
5848 66.2955
5849 66.2955
5850 66.2955
5851 66.2955
5852 66.2955
5853 66.2955
5854 66.2955
5855 66.2955
5856 66.2955
5857 66.2955
5858 66.2955
5859 66.2955
5860 66.2955
5861 66.2955
5862 66.2955
5863 66.2955
5864 66.2955
5865 66.2955
5866 66.2955
5867 66.2955
5868 66.2955
5869 66.2955
5870 66.2955
5871 66.2955
5872 66.2955
5873 66.2955
5874 66.2955
5875 66.2955
5876 66.2955
5877 66.2955
5878 66.2955
5879 66.2955
5880 66.2955
5881 66.2955
5882 66.2955
5883 66.2955
5884 66.2955
5885 66.2955
5886 66.2955
5887 66.2955
5888 66.2955
5889 66.2955
5890 66.2955
5891 66.2955
5892 66.2955
5893 66.2955
5894 66.2955
5895 66.2955
5896 66.2955
5897 66.2955
5898 66.2955
5899 66.2955
5900 66.2955
5901 66.2955
5902 66.2955
5903 66.2955
5904 66.2955
5905 66.2955
5906 66.2955
5907 66.2955
5908 66.2955
5909 66.2955
5910 66.2955
5911 66.2955
5912 66.2955
5913 66.2955
5914 66.2955
5915 66.2955
5916 66.2955
5917 66.2955
5918 66.2955
5919 66.2955
5920 66.2955
5921 66.2955
5922 66.2955
5923 66.2955
5924 66.2955
5925 66.2955
5926 66.2955
5927 66.2955
5928 66.2955
5929 66.2955
5930 66.2955
5931 66.2955
5932 66.2955
5933 66.2955
5934 66.2955
5935 66.2955
5936 66.2955
5937 66.2955
5938 66.2955
5939 66.2955
5940 66.2955
5941 66.2955
5942 66.2955
5943 66.2955
5944 66.2955
5945 66.2955
5946 66.2955
5947 66.2955
5948 66.2955
5949 66.2955
5950 66.2955
5951 66.2955
5952 66.2955
5953 66.2955
5954 66.2955
5955 66.2955
5956 66.2955
5957 66.2955
5958 66.2955
5959 66.2955
5960 66.2955
5961 66.2955
5962 66.2955
5963 66.2955
5964 66.2955
5965 66.2955
5966 66.2955
5967 66.2955
5968 66.2955
5969 66.2955
5970 66.2955
5971 66.2955
5972 66.2955
5973 66.2955
5974 66.2955
5975 66.2955
5976 66.2955
5977 66.2955
5978 66.2955
5979 66.2955
5980 66.2955
5981 66.2955
5982 66.2955
5983 66.2955
5984 66.2955
5985 66.2955
5986 66.2955
5987 66.2955
5988 66.2955
5989 66.2955
5990 66.2955
5991 66.2955
5992 66.2955
5993 66.2955
5994 66.2955
5995 66.2955
5996 66.2955
5997 66.2955
5998 66.2955
5999 66.2955
6000 66.2955
