1 437.922
2 423.757
3 406.744
4 398.169
5 388.394
6 381.298
7 375.525
8 375.525
9 365.07
10 353.992
11 348.712
12 346.99
13 333.188
14 321.884
15 304.237
16 304.237
17 304.237
18 296.394
19 296.394
20 296.394
21 289.901
22 285.696
23 285.696
24 285.148
25 281.238
26 280.457
27 279.907
28 277.41
29 267.978
30 267.978
31 267.654
32 267.654
33 267.078
34 262.869
35 257.28
36 257.28
37 257.28
38 256.751
39 256.572
40 252.313
41 250.972
42 245.492
43 239.495
44 239.495
45 239.495
46 239.092
47 239.044
48 239.092
49 237.777
50 235.926
51 237.047
52 232.143
53 232.143
54 232.143
55 230.438
56 230.438
57 230.438
58 229.298
59 229.298
60 229.298
61 229.298
62 228.325
63 225.296
64 222.239
65 222.226
66 222.226
67 221.033
68 219.899
69 217.763
70 216.493
71 216.493
72 216.493
73 211.229
74 211.229
75 205.283
76 205.283
77 205.283
78 201.505
79 201.505
80 201.477
81 200.777
82 197.52
83 198.701
84 198.701
85 198.701
86 198.701
87 198.701
88 197.677
89 197.677
90 197.677
91 197.677
92 195.578
93 195.578
94 193.183
95 193.183
96 192.714
97 192.714
98 192.233
99 192.714
100 189.285
101 187.224
102 185.823
103 185.823
104 185.717
105 185.717
106 185.717
107 183.53
108 181.525
109 181.525
110 181.226
111 181.226
112 181.226
113 179.168
114 179.168
115 179.168
116 178.425
117 178.425
118 178.132
119 178.132
120 178.132
121 177.431
122 177.431
123 177.431
124 177.431
125 177.431
126 177.431
127 176.549
128 176.549
129 174.954
130 174.954
131 174.954
132 174.954
133 174.954
134 172.89
135 171.564
136 170.396
137 170.396
138 169.5
139 169.5
140 169.5
141 166.79
142 165.894
143 165.894
144 165.071
145 165.071
146 165.071
147 164.565
148 161.933
149 161.933
150 161.933
151 161.933
152 161.933
153 161.026
154 161.933
155 161.933
156 161.933
157 161.215
158 158.414
159 161.151
160 159.177
161 159.177
162 159.177
163 159.177
164 158.665
165 158.665
166 158.665
167 158.459
168 157.946
169 157.695
170 157.695
171 156.958
172 156.958
173 156.958
174 156.958
175 156.958
176 155.908
177 155.908
178 155.908
179 155.191
180 155.191
181 154.971
182 154.971
183 154.971
184 154.035
185 154.035
186 154.035
187 153.271
188 153.271
189 153.271
190 153.271
191 153.271
192 153.271
193 153.271
194 151.575
195 151.575
196 150.193
197 150.193
198 150.193
199 150.193
200 150.072
201 150.072
202 150.046
203 150.046
204 150.046
205 150.046
206 149.867
207 149.867
208 149.435
209 149.435
210 149.068
211 149.068
212 149.068
213 148.644
214 148.644
215 148.644
216 148.043
217 147.304
218 147.304
219 147.304
220 147.268
221 147.268
222 146.913
223 147.16
224 146.545
225 146.913
226 146.913
227 146.913
228 145.175
229 145.175
230 145.175
231 145.175
232 144.237
233 144.237
234 144.237
235 144.237
236 143.555
237 143.555
238 143.555
239 142.944
240 142.944
241 142.261
242 141.957
243 141.957
244 141.402
245 141.402
246 141.402
247 140.315
248 140.315
249 140.191
250 140.191
251 140.191
252 140.191
253 139.872
254 139.872
255 139.872
256 139.067
257 139.067
258 139.067
259 138.534
260 138.534
261 138.534
262 138.534
263 138.534
264 138.534
265 138.534
266 138.534
267 138.328
268 138.328
269 138.328
270 138.328
271 138.328
272 137.733
273 137.733
274 137.733
275 137.524
276 137.524
277 137.524
278 137.733
279 137.012
280 137.733
281 137.733
282 137.277
283 137.277
284 137.277
285 137.277
286 137.277
287 137.277
288 137.089
289 136.397
290 136.397
291 136.397
292 136.397
293 136.397
294 136.397
295 136.397
296 136.397
297 136.397
298 136.397
299 136.013
300 136.013
301 136.013
302 136.013
303 134.697
304 134.697
305 134.697
306 133.538
307 134.697
308 134.697
309 134.697
310 133.538
311 133.538
312 133.117
313 132.625
314 132.191
315 132.191
316 132.191
317 132.191
318 132.191
319 131.331
320 131.331
321 131.331
322 131.331
323 131.331
324 131.331
325 130.712
326 130.712
327 130.135
328 129.629
329 129.629
330 129.629
331 128.626
332 129.318
333 128.272
334 128.272
335 128.272
336 128.272
337 128.272
338 128.272
339 126.508
340 128.272
341 127.744
342 127.744
343 126.53
344 126.53
345 126.53
346 126.53
347 126.45
348 125.975
349 125.975
350 125.86
351 125.539
352 125.1
353 125.1
354 125.358
355 125.358
356 125.358
357 123.943
358 123.943
359 123.724
360 123.724
361 123.943
362 123.943
363 123.943
364 123.943
365 123.607
366 122.564
367 122.564
368 122.464
369 122.229
370 122.229
371 121.497
372 121.497
373 121.497
374 121.497
375 120.91
376 120.253
377 120.253
378 120.253
379 120.253
380 119.764
381 119.764
382 119.764
383 119.764
384 119.764
385 119.764
386 119.764
387 119.764
388 119.764
389 119.764
390 118.819
391 118.437
392 118.437
393 118.437
394 118.437
395 118.437
396 118.437
397 118.437
398 118.437
399 117.493
400 117.493
401 117.493
402 117.086
403 117.086
404 117.086
405 116.585
406 116.585
407 116.377
408 116.263
409 116.263
410 116.263
411 115.752
412 115.752
413 115.328
414 115.328
415 115.328
416 115.328
417 115.328
418 115.328
419 115.328
420 115.328
421 115.328
422 114.703
423 114.703
424 114.703
425 114.703
426 114.703
427 114.703
428 114.703
429 114.703
430 114.703
431 114.703
432 114.604
433 114.604
434 114.604
435 114.604
436 114.604
437 114.604
438 114.604
439 114.523
440 114.523
441 114.523
442 114.523
443 114.523
444 114.04
445 114.04
446 114.04
447 114.04
448 114.04
449 113.942
450 113.942
451 113.942
452 113.942
453 113.411
454 113.411
455 113.411
456 113.341
457 113.341
458 113.341
459 113.313
460 113.313
461 112.978
462 112.978
463 112.378
464 112.225
465 112.215
466 112.215
467 112.215
468 112.08
469 112.001
470 111.872
471 111.872
472 111.872
473 111.774
474 111.774
475 110.792
476 110.792
477 110.113
478 110.113
479 110.113
480 110.113
481 110.113
482 109.636
483 109.577
484 109.577
485 109.577
486 109.271
487 109.577
488 109.577
489 109.577
490 109.577
491 109.577
492 109.577
493 109.398
494 108.567
495 108.567
496 108.567
497 108.567
498 108.567
499 108.412
500 108.412
501 108.412
502 108.355
503 108.355
504 108.355
505 107.91
506 107.91
507 107.718
508 107.718
509 107.718
510 107.272
511 107.272
512 107.272
513 107.272
514 107.032
515 107.272
516 107.272
517 107.272
518 107.272
519 107.272
520 106.629
521 106.629
522 106.629
523 106.629
524 106.629
525 106.629
526 106.629
527 106.226
528 106.226
529 106.226
530 106.226
531 106.226
532 106.226
533 106.013
534 106.133
535 106.133
536 106.133
537 106.133
538 106.133
539 106.133
540 106.133
541 106.133
542 106.133
543 106.133
544 106.133
545 106.133
546 106.133
547 106.133
548 106.133
549 106.133
550 106.133
551 106.133
552 106.133
553 106.133
554 106.133
555 106.133
556 106.133
557 106.133
558 106.133
559 106.133
560 106.133
561 106.133
562 105.883
563 104.299
564 105.154
565 105.154
566 105.154
567 105.154
568 105.154
569 105.154
570 104.954
571 102.322
572 105.253
573 105.253
574 105.154
575 103.518
576 103.518
577 103.374
578 103.518
579 103.518
580 103.518
581 103.518
582 103.518
583 103.518
584 103.518
585 102.442
586 102.442
587 102.442
588 102.442
589 102.442
590 102.442
591 102.442
592 102.442
593 102.442
594 102.442
595 102.442
596 102.442
597 102.442
598 102.442
599 102.442
600 101.823
601 101.823
602 101.823
603 101.823
604 101.823
605 101.823
606 101.823
607 101.658
608 101.658
609 101.658
610 101.658
611 101.658
612 101.658
613 101.658
614 100.718
615 100.718
616 100.718
617 100.718
618 100.718
619 100.718
620 100.718
621 100.718
622 100.718
623 100.654
624 100.475
625 100.131
626 100.131
627 100.131
628 100.131
629 100.131
630 100.131
631 100.131
632 100.131
633 100.131
634 100.131
635 100.131
636 100.131
637 100.131
638 100.131
639 99.555
640 99.555
641 99.555
642 99.555
643 99.555
644 99.555
645 99.555
646 99.3458
647 99.3458
648 99.3458
649 99.3458
650 99.3458
651 99.3458
652 99.3458
653 99.3458
654 98.6308
655 98.6308
656 98.6308
657 98.6308
658 98.6308
659 98.6308
660 98.6069
661 98.6069
662 98.6069
663 98.6069
664 98.6069
665 98.6069
666 98.6069
667 98.6069
668 98.6069
669 98.6069
670 98.6069
671 98.6069
672 98.0825
673 98.0825
674 98.0825
675 98.0825
676 98.0825
677 98.0825
678 98.0825
679 98.071
680 98.071
681 97.4977
682 97.4977
683 97.4765
684 97.1813
685 97.1813
686 97.1813
687 97.1813
688 96.829
689 97.0487
690 97.0487
691 97.0487
692 97.0487
693 97.0487
694 97.0487
695 97.0487
696 97.0487
697 97.0487
698 97.0487
699 97.0487
700 97.0487
701 97.0487
702 97.0487
703 97.0487
704 96.3789
705 96.3789
706 96.3789
707 96.3789
708 96.3789
709 96.3789
710 96.3789
711 96.3789
712 96.3789
713 95.0098
714 95.0098
715 95.0098
716 95.0098
717 95.0098
718 95.0098
719 94.5243
720 94.5243
721 93.8151
722 93.8151
723 93.8151
724 93.8151
725 93.8151
726 93.8151
727 93.8151
728 93.8151
729 93.8151
730 93.8151
731 93.8151
732 93.6173
733 93.6173
734 93.6173
735 93.6173
736 93.6173
737 93.6173
738 93.6173
739 93.6173
740 93.6173
741 93.6173
742 93.4847
743 93.4847
744 93.4847
745 93.4847
746 93.4847
747 93.1006
748 93.1006
749 92.968
750 92.968
751 92.968
752 92.968
753 92.968
754 92.882
755 92.882
756 92.882
757 92.882
758 92.882
759 92.882
760 92.7147
761 91.8126
762 91.8126
763 91.8126
764 91.8126
765 85.5989
766 85.5989
767 85.5989
768 85.5989
769 85.5351
770 85.5351
771 85.5351
772 85.5351
773 85.5351
774 85.5351
775 85.5351
776 85.5351
777 85.5351
778 85.5351
779 85.5351
780 85.5351
781 85.5351
782 85.5351
783 85.5351
784 85.5351
785 85.5351
786 85.5351
787 85.2244
788 85.2244
789 84.7588
790 84.7588
791 84.7588
792 84.7588
793 84.7588
794 84.7588
795 84.7588
796 84.7588
797 84.7588
798 84.7588
799 84.7588
800 84.7588
801 84.7588
802 84.7588
803 84.7588
804 84.7588
805 84.7588
806 84.7588
807 84.7588
808 84.5264
809 84.5264
810 84.5264
811 84.5264
812 84.5264
813 84.5264
814 84.5264
815 84.4304
816 84.4304
817 84.4304
818 84.4304
819 84.4304
820 84.4304
821 84.1476
822 84.1476
823 84.0517
824 84.0517
825 84.0517
826 84.0517
827 84.0517
828 84.0517
829 84.0517
830 84.0517
831 84.0517
832 83.7555
833 83.7555
834 83.7555
835 83.7555
836 83.3768
837 83.3768
838 83.3768
839 83.3768
840 83.3768
841 83.3768
842 82.6514
843 82.6514
844 82.6514
845 82.6514
846 82.6514
847 82.6514
848 82.6514
849 82.6514
850 82.6514
851 82.6514
852 82.6514
853 82.6514
854 82.6514
855 82.6514
856 82.6514
857 82.6514
858 82.6514
859 82.6514
860 82.6514
861 82.6514
862 82.1147
863 82.1147
864 82.1147
865 82.0966
866 82.0966
867 82.0966
868 82.0966
869 82.0966
870 82.0966
871 81.9169
872 81.9169
873 81.9169
874 81.9169
875 81.9169
876 81.9169
877 81.5621
878 81.5621
879 81.5621
880 81.5621
881 81.5621
882 81.5621
883 81.5621
884 81.5621
885 81.5621
886 81.5621
887 81.5621
888 81.5621
889 81.5621
890 81.5565
891 81.4178
892 81.4178
893 81.4178
894 80.4421
895 80.4421
896 80.4421
897 80.4421
898 80.4421
899 80.4421
900 80.4421
901 80.4421
902 80.4421
903 80.4421
904 80.4421
905 80.4421
906 80.4421
907 80.4421
908 80.4421
909 80.4421
910 80.4421
911 80.4421
912 80.4421
913 80.4421
914 80.4421
915 80.4421
916 80.4421
917 80.4421
918 80.4421
919 80.4421
920 80.4421
921 80.4421
922 80.4421
923 80.3183
924 80.3183
925 79.8226
926 79.8226
927 79.8226
928 79.8226
929 79.8226
930 79.8226
931 79.8226
932 79.8226
933 79.8226
934 79.8226
935 79.8226
936 79.8226
937 79.8226
938 79.8226
939 79.1881
940 79.1881
941 79.1881
942 79.1881
943 79.1881
944 79.1881
945 79.1881
946 79.1881
947 79.1881
948 79.1881
949 79.1881
950 79.1881
951 79.1881
952 79.1394
953 79.1881
954 79.1881
955 79.1881
956 79.1881
957 79.1881
958 79.1881
959 79.1881
960 79.1881
961 79.1881
962 79.1881
963 79.1881
964 79.1881
965 79.1881
966 79.1881
967 79.1881
968 79.0643
969 79.0643
970 79.1881
971 79.1881
972 78.9808
973 78.9808
974 78.9808
975 78.9808
976 78.9808
977 78.9808
978 78.9808
979 78.9808
980 78.9808
981 78.9808
982 78.9808
983 78.9808
984 78.9808
985 78.9808
986 78.9808
987 78.9808
988 78.9808
989 78.9808
990 78.9808
991 78.9808
992 78.8471
993 78.8471
994 78.8471
995 78.8471
996 78.8471
997 78.8471
998 78.8471
999 78.8471
1000 78.8471
1001 78.8471
1002 78.8471
1003 78.8471
1004 78.8471
1005 78.8471
1006 78.8471
1007 78.8471
1008 78.8471
1009 78.6384
1010 78.0424
1011 78.0424
1012 78.0424
1013 78.0424
1014 78.0424
1015 78.0424
1016 77.8337
1017 77.8337
1018 77.8337
1019 77.8337
1020 77.8337
1021 77.8337
1022 77.8337
1023 77.8337
1024 77.8337
1025 77.8337
1026 77.8337
1027 77.8337
1028 77.8337
1029 77.8337
1030 77.7376
1031 77.7376
1032 77.7376
1033 77.7376
1034 77.7376
1035 77.7376
1036 77.7376
1037 77.7376
1038 77.7376
1039 77.7376
1040 77.7376
1041 77.7376
1042 77.7376
1043 77.7376
1044 77.7376
1045 77.7376
1046 77.7376
1047 77.7376
1048 77.7376
1049 77.7376
1050 77.7376
1051 77.7376
1052 77.7376
1053 77.7376
1054 77.7376
1055 77.7376
1056 77.7376
1057 77.7376
1058 77.7376
1059 77.7376
1060 77.7376
1061 77.7376
1062 77.7376
1063 77.7376
1064 77.7376
1065 77.7376
1066 77.7376
1067 77.3827
1068 77.3827
1069 77.3827
1070 77.3827
1071 77.3827
1072 77.3827
1073 77.3827
1074 77.3827
1075 77.3827
1076 77.3827
1077 77.12
1078 77.12
1079 77.12
1080 77.12
1081 77.12
1082 77.12
1083 77.12
1084 77.12
1085 77.12
1086 77.12
1087 77.12
1088 77.12
1089 77.12
1090 76.5878
1091 76.5878
1092 76.5878
1093 76.5878
1094 76.5878
1095 76.5878
1096 76.5878
1097 76.5878
1098 76.5878
1099 76.5878
1100 76.5878
1101 76.5878
1102 76.5878
1103 76.5878
1104 76.5878
1105 76.5878
1106 76.5878
1107 76.5878
1108 76.5878
1109 76.5878
1110 76.5878
1111 76.5878
1112 76.5878
1113 76.5878
1114 76.5878
1115 76.5878
1116 76.5878
1117 76.5878
1118 76.5878
1119 76.5878
1120 76.5878
1121 76.3375
1122 76.3375
1123 76.3375
1124 76.3375
1125 76.3375
1126 76.3375
1127 76.3375
1128 76.3375
1129 76.3375
1130 76.3375
1131 76.3375
1132 76.3375
1133 76.3375
1134 76.3375
1135 76.3375
1136 76.3375
1137 76.3375
1138 76.3375
1139 76.3375
1140 76.3375
1141 76.3375
1142 76.3375
1143 76.3375
1144 76.3375
1145 76.3375
1146 76.3375
1147 76.3375
1148 76.3375
1149 76.3375
1150 76.3375
1151 76.3375
1152 76.3375
1153 76.3375
1154 76.3375
1155 76.3375
1156 76.3375
1157 76.3375
1158 76.3375
1159 76.3375
1160 76.3375
1161 76.3375
1162 76.3375
1163 76.3375
1164 76.3375
1165 76.3375
1166 76.3375
1167 76.3375
1168 76.3375
1169 76.3375
1170 76.3375
1171 76.1185
1172 76.1185
1173 76.1185
1174 76.1185
1175 76.1185
1176 76.1185
1177 76.1185
1178 76.1185
1179 76.1185
1180 76.1185
1181 76.1185
1182 76.1185
1183 75.992
1184 75.992
1185 75.992
1186 75.992
1187 75.992
1188 75.992
1189 75.992
1190 75.992
1191 75.992
1192 75.992
1193 75.992
1194 75.992
1195 75.992
1196 75.992
1197 75.992
1198 75.992
1199 75.992
1200 75.992
1201 75.549
1202 75.549
1203 75.549
1204 75.549
1205 75.549
1206 75.549
1207 75.549
1208 75.549
1209 75.549
1210 75.549
1211 75.549
1212 75.549
1213 75.549
1214 75.549
1215 75.549
1216 75.549
1217 75.549
1218 75.549
1219 75.549
1220 75.549
1221 75.549
1222 75.549
1223 75.549
1224 75.549
1225 75.549
1226 75.549
1227 75.549
1228 75.549
1229 75.549
1230 75.549
1231 75.549
1232 75.549
1233 75.549
1234 75.549
1235 75.549
1236 75.549
1237 75.549
1238 75.549
1239 75.549
1240 75.549
1241 75.549
1242 75.549
1243 75.549
1244 75.549
1245 75.549
1246 75.5231
1247 75.5231
1248 75.5231
1249 75.5231
1250 75.5231
1251 75.5231
1252 75.5231
1253 75.5231
1254 75.3625
1255 75.3625
1256 75.3625
1257 75.3625
1258 75.3625
1259 75.3625
1260 75.3625
1261 75.3625
1262 75.3625
1263 75.3625
1264 75.3625
1265 75.3625
1266 75.3625
1267 75.1016
1268 75.1016
1269 75.1016
1270 75.1016
1271 75.1016
1272 75.1016
1273 75.1016
1274 75.1016
1275 75.1016
1276 75.1016
1277 75.1016
1278 75.0749
1279 75.0749
1280 75.0749
1281 75.0749
1282 75.0749
1283 75.0749
1284 74.4217
1285 74.4217
1286 74.4217
1287 74.4217
1288 74.4217
1289 74.4217
1290 74.4217
1291 74.3782
1292 74.4217
1293 74.4217
1294 74.4217
1295 74.4217
1296 74.4217
1297 74.4217
1298 74.4217
1299 74.4217
1300 74.4217
1301 74.4217
1302 74.4217
1303 74.4217
1304 74.4217
1305 74.4217
1306 74.4217
1307 74.4217
1308 74.4217
1309 74.4217
1310 74.4217
1311 74.4217
1312 74.4217
1313 74.4217
1314 74.4217
1315 74.4217
1316 74.4217
1317 74.4217
1318 74.4217
1319 74.4217
1320 74.4217
1321 74.4217
1322 74.4217
1323 74.4217
1324 74.4217
1325 74.4217
1326 74.4217
1327 74.4217
1328 74.4217
1329 74.4217
1330 74.4217
1331 74.4217
1332 74.4217
1333 74.4217
1334 74.4217
1335 74.4217
1336 74.4217
1337 74.4217
1338 74.4217
1339 74.4217
1340 74.4217
1341 74.4217
1342 74.4217
1343 74.4217
1344 74.4217
1345 74.4217
1346 74.4217
1347 74.4217
1348 74.4217
1349 74.4217
1350 74.4217
1351 74.4217
1352 74.4217
1353 74.4217
1354 74.4217
1355 74.4217
1356 74.4217
1357 74.4217
1358 74.4217
1359 74.4217
1360 74.4217
1361 74.4217
1362 74.4217
1363 74.4217
1364 74.376
1365 74.376
1366 74.376
1367 74.376
1368 74.376
1369 74.376
1370 74.376
1371 74.376
1372 74.376
1373 74.376
1374 74.376
1375 74.376
1376 74.376
1377 74.376
1378 74.376
1379 74.376
1380 74.376
1381 74.376
1382 74.376
1383 74.376
1384 74.376
1385 74.376
1386 74.376
1387 74.376
1388 74.376
1389 74.376
1390 74.376
1391 74.376
1392 74.376
1393 74.376
1394 74.376
1395 74.376
1396 74.376
1397 74.376
1398 74.376
1399 74.376
1400 74.376
1401 74.376
1402 74.376
1403 74.376
1404 74.376
1405 74.376
1406 74.376
1407 74.376
1408 74.376
1409 74.376
1410 74.376
1411 74.376
1412 74.376
1413 74.376
1414 74.376
1415 74.376
1416 74.376
1417 74.376
1418 74.376
1419 74.376
1420 74.376
1421 74.376
1422 74.376
1423 74.376
1424 74.376
1425 74.376
1426 74.376
1427 74.376
1428 74.376
1429 74.376
1430 74.376
1431 74.376
1432 74.376
1433 74.376
1434 74.376
1435 74.376
1436 74.376
1437 74.376
1438 74.376
1439 74.376
1440 74.373
1441 74.376
1442 74.376
1443 74.376
1444 74.376
1445 74.376
1446 74.376
1447 74.376
1448 74.376
1449 74.376
1450 74.376
1451 74.376
1452 74.376
1453 74.376
1454 74.376
1455 74.376
1456 74.376
1457 74.376
1458 73.9261
1459 73.9261
1460 73.9261
1461 73.9261
1462 73.9261
1463 73.9261
1464 73.9261
1465 73.9261
1466 73.9261
1467 73.9261
1468 73.9261
1469 73.9261
1470 73.9261
1471 73.9261
1472 73.9261
1473 73.9261
1474 73.9261
1475 73.9261
1476 73.9261
1477 73.9261
1478 73.9261
1479 73.9261
1480 73.9261
1481 73.9261
1482 73.9261
1483 73.9261
1484 73.9261
1485 73.9261
1486 73.9261
1487 73.9261
1488 73.9261
1489 73.9261
1490 73.9261
1491 73.9261
1492 73.9261
1493 73.9261
1494 73.9261
1495 73.9261
1496 73.886
1497 73.886
1498 73.886
1499 73.886
1500 73.886
1501 73.886
1502 73.886
1503 73.886
1504 73.886
1505 73.886
1506 73.886
1507 73.886
1508 73.886
1509 73.886
1510 73.886
1511 73.886
1512 73.886
1513 73.886
1514 73.886
1515 73.886
1516 73.886
1517 73.886
1518 73.886
1519 73.886
1520 73.886
1521 73.886
1522 73.886
1523 73.886
1524 73.7347
1525 73.7347
1526 73.7347
1527 73.7347
1528 73.7347
1529 73.7347
1530 73.7347
1531 73.7347
1532 73.7347
1533 73.7347
1534 73.7347
1535 73.7347
1536 73.7347
1537 73.7347
1538 73.7347
1539 73.7347
1540 73.7347
1541 73.5949
1542 73.5949
1543 73.5949
1544 73.5949
1545 73.5949
1546 73.5949
1547 73.5949
1548 73.5949
1549 73.5949
1550 73.5117
1551 73.5949
1552 73.5949
1553 73.5949
1554 73.5949
1555 73.5949
1556 73.5949
1557 73.5949
1558 73.5949
1559 73.5949
1560 73.5949
1561 73.5949
1562 73.5949
1563 73.5949
1564 73.5949
1565 73.5949
1566 73.5949
1567 73.5949
1568 73.5949
1569 73.5949
1570 73.5949
1571 73.5949
1572 73.5949
1573 73.5949
1574 73.5949
1575 73.5117
1576 73.5117
1577 73.5117
1578 73.5117
1579 73.5117
1580 73.5117
1581 73.5117
1582 73.5117
1583 73.5117
1584 73.5117
1585 73.5117
1586 73.5117
1587 73.5117
1588 73.5117
1589 73.416
1590 73.416
1591 73.416
1592 73.416
1593 73.416
1594 73.416
1595 73.416
1596 73.416
1597 73.416
1598 73.416
1599 73.416
1600 73.416
1601 73.416
1602 73.416
1603 73.416
1604 73.3188
1605 73.3188
1606 73.3188
1607 73.3188
1608 73.3188
1609 73.3188
1610 73.3188
1611 73.3188
1612 73.3188
1613 73.3188
1614 73.1821
1615 73.1821
1616 73.1821
1617 73.1821
1618 73.1821
1619 73.1821
1620 73.1821
1621 73.1821
1622 73.1821
1623 73.1821
1624 73.1821
1625 73.1821
1626 73.1821
1627 73.1821
1628 73.1821
1629 73.1821
1630 73.1821
1631 73.1821
1632 73.1821
1633 73.1821
1634 73.1821
1635 73.1821
1636 73.1821
1637 73.1821
1638 73.1821
1639 73.1821
1640 73.1821
1641 73.1821
1642 73.1821
1643 73.1821
1644 73.1821
1645 73.1821
1646 73.1821
1647 73.1821
1648 73.1821
1649 73.1821
1650 73.1821
1651 73.1821
1652 73.1821
1653 73.1821
1654 73.1821
1655 73.1821
1656 73.1821
1657 73.1821
1658 73.1821
1659 73.1821
1660 73.1821
1661 73.1821
1662 73.1821
1663 73.1821
1664 73.1821
1665 73.1821
1666 73.1821
1667 73.1821
1668 73.1821
1669 73.1821
1670 73.1729
1671 73.1729
1672 73.1729
1673 73.1729
1674 73.1729
1675 73.1729
1676 73.1729
1677 73.1729
1678 73.1729
1679 73.1729
1680 73.1729
1681 73.1729
1682 73.1729
1683 73.1729
1684 73.1729
1685 73.1729
1686 73.1729
1687 73.1729
1688 73.1729
1689 73.1729
1690 73.1729
1691 73.1729
1692 73.1729
1693 73.1729
1694 73.1729
1695 73.1729
1696 73.1729
1697 72.5522
1698 73.1729
1699 73.1729
1700 73.1729
1701 73.1729
1702 73.1729
1703 73.1729
1704 73.1729
1705 72.5522
1706 72.5522
1707 72.5522
1708 72.5522
1709 72.5522
1710 72.5522
1711 72.5522
1712 72.5522
1713 72.5522
1714 72.5522
1715 72.5522
1716 72.5522
1717 72.5522
1718 72.5522
1719 72.5522
1720 72.5522
1721 72.5522
1722 72.5522
1723 72.5522
1724 72.5522
1725 72.4164
1726 72.4164
1727 72.4164
1728 72.4164
1729 72.4164
1730 72.4164
1731 72.4164
1732 72.4164
1733 72.4164
1734 72.4164
1735 72.4164
1736 72.4164
1737 72.4164
1738 72.4164
1739 72.4164
1740 72.4164
1741 72.4164
1742 72.4164
1743 72.4164
1744 72.4164
1745 72.4164
1746 72.4164
1747 72.4164
1748 72.4164
1749 72.4164
1750 72.4164
1751 72.4164
1752 72.4164
1753 72.2145
1754 72.2145
1755 72.2145
1756 72.2145
1757 72.2145
1758 72.2145
1759 72.2145
1760 72.2145
1761 72.2145
1762 72.2145
1763 72.2145
1764 72.2145
1765 72.2145
1766 72.2145
1767 72.2145
1768 72.2145
1769 72.2145
1770 72.2145
1771 72.2145
1772 72.2145
1773 72.2145
1774 72.2145
1775 72.2145
1776 72.2145
1777 72.2145
1778 72.2145
1779 72.2145
1780 72.2145
1781 72.2145
1782 72.2145
1783 72.2145
1784 72.2145
1785 72.2145
1786 72.2145
1787 72.2145
1788 72.1677
1789 72.1677
1790 72.1677
1791 72.1677
1792 72.1677
1793 72.1677
1794 72.1677
1795 72.1677
1796 72.1677
1797 72.1677
1798 72.1677
1799 72.1677
1800 72.1677
1801 72.1677
1802 72.1677
1803 72.1677
1804 72.1677
1805 72.1677
1806 72.1677
1807 72.1677
1808 72.1677
1809 72.1677
1810 72.1677
1811 72.1677
1812 72.1677
1813 72.1677
1814 72.1677
1815 72.1677
1816 72.1677
1817 72.1677
1818 72.1677
1819 72.1677
1820 72.1677
1821 72.1677
1822 72.1677
1823 72.1677
1824 72.1677
1825 72.1677
1826 72.1677
1827 72.1677
1828 72.1677
1829 72.1677
1830 72.1677
1831 72.1677
1832 72.1677
1833 72.1642
1834 72.1642
1835 72.1642
1836 72.1642
1837 72.1642
1838 72.1642
1839 72.1642
1840 72.1642
1841 72.1642
1842 72.1642
1843 72.1642
1844 72.1642
1845 72.1642
1846 72.1642
1847 72.1642
1848 72.1642
1849 72.1642
1850 72.1642
1851 72.1642
1852 72.1642
1853 72.1642
1854 72.1642
1855 72.1642
1856 72.1642
1857 72.1642
1858 72.1642
1859 72.1642
1860 72.1642
1861 72.1642
1862 72.1642
1863 72.1642
1864 72.1642
1865 72.1642
1866 72.1642
1867 72.1642
1868 72.1642
1869 72.1642
1870 72.1642
1871 72.1642
1872 72.1642
1873 72.1642
1874 72.1642
1875 72.1642
1876 72.1642
1877 72.1642
1878 72.1642
1879 72.1642
1880 72.1642
1881 72.1642
1882 72.1642
1883 72.1642
1884 72.1642
1885 72.1642
1886 72.1642
1887 72.1642
1888 72.1642
1889 72.1642
1890 72.1642
1891 72.1642
1892 72.1642
1893 72.1642
1894 72.1642
1895 72.1642
1896 72.1642
1897 72.1642
1898 72.1642
1899 72.1642
1900 72.1642
1901 72.1642
1902 72.1642
1903 72.1642
1904 72.1642
1905 72.1642
1906 72.1642
1907 72.1642
1908 72.1642
1909 72.1642
1910 72.1642
1911 72.1642
1912 72.1642
1913 72.1642
1914 72.1642
1915 72.1642
1916 72.1642
1917 72.1642
1918 72.1642
1919 72.1642
1920 72.1642
1921 72.1642
1922 71.9591
1923 71.9591
1924 71.9591
1925 71.9591
1926 71.9591
1927 71.9591
1928 71.9591
1929 71.9591
1930 71.9591
1931 71.9591
1932 71.9591
1933 71.9591
1934 71.9591
1935 71.9591
1936 71.9591
1937 71.9591
1938 71.9591
1939 71.9591
1940 71.9591
1941 71.9591
1942 71.9591
1943 71.9591
1944 71.9591
1945 71.9591
1946 71.9591
1947 71.9591
1948 71.9591
1949 71.9591
1950 71.9591
1951 71.9591
1952 71.9591
1953 71.9591
1954 71.9591
1955 71.9591
1956 71.9591
1957 71.9591
1958 71.9591
1959 71.9591
1960 71.9591
1961 71.9591
1962 71.9591
1963 71.9591
1964 71.9591
1965 71.9591
1966 71.9591
1967 71.9591
1968 71.9591
1969 71.9591
1970 71.9591
1971 71.9591
1972 71.9591
1973 71.9591
1974 71.9591
1975 71.9591
1976 71.9591
1977 71.9591
1978 71.9591
1979 71.9403
1980 71.9403
1981 71.9403
1982 71.9403
1983 71.9403
1984 71.9403
1985 71.9403
1986 71.9403
1987 71.9403
1988 71.9403
1989 71.9403
1990 71.9403
1991 71.935
1992 71.935
1993 71.935
1994 71.935
1995 71.935
1996 71.935
1997 71.935
1998 71.935
1999 71.935
2000 71.935
2001 71.935
2002 71.935
2003 71.935
2004 71.935
2005 71.935
2006 71.935
2007 71.935
2008 71.935
2009 71.935
2010 71.935
2011 71.935
2012 71.935
2013 71.935
2014 71.935
2015 71.935
2016 71.935
2017 71.935
2018 71.935
2019 71.935
2020 71.935
2021 71.935
2022 71.935
2023 71.935
2024 71.935
2025 71.935
2026 71.935
2027 71.935
2028 71.935
2029 71.935
2030 71.935
2031 71.935
2032 71.935
2033 71.935
2034 71.935
2035 71.935
2036 71.935
2037 71.935
2038 71.935
2039 71.935
2040 71.935
2041 71.935
2042 71.935
2043 71.935
2044 71.935
2045 71.935
2046 71.74
2047 71.74
2048 71.74
2049 71.74
2050 71.74
2051 71.74
2052 71.74
2053 71.74
2054 71.74
2055 71.74
2056 71.74
2057 71.74
2058 71.74
2059 71.74
2060 71.74
2061 71.74
2062 71.74
2063 71.74
2064 71.74
2065 71.74
2066 71.74
2067 71.74
2068 71.74
2069 71.74
2070 71.74
2071 71.74
2072 71.74
2073 71.74
2074 71.74
2075 71.74
2076 71.74
2077 71.74
2078 71.74
2079 71.74
2080 71.74
2081 71.74
2082 71.74
2083 71.74
2084 71.74
2085 71.6668
2086 71.6668
2087 71.6668
2088 71.6668
2089 71.74
2090 71.74
2091 71.74
2092 71.74
2093 71.74
2094 71.74
2095 71.74
2096 71.74
2097 71.74
2098 71.74
2099 71.74
2100 71.74
2101 71.6668
2102 71.6668
2103 71.6668
2104 71.6668
2105 71.6668
2106 71.6668
2107 71.6668
2108 71.6668
2109 71.6668
2110 71.6668
2111 71.6668
2112 71.6668
2113 71.6668
2114 71.6668
2115 71.6668
2116 71.6668
2117 71.6668
2118 71.6668
2119 71.6668
2120 71.6668
2121 71.6668
2122 71.6668
2123 71.6668
2124 71.6668
2125 71.6668
2126 71.6668
2127 71.6668
2128 71.6668
2129 71.6668
2130 71.6668
2131 71.6668
2132 71.6668
2133 71.6668
2134 71.6668
2135 71.6668
2136 71.6668
2137 71.6668
2138 71.6668
2139 71.6668
2140 71.6668
2141 71.6668
2142 71.6668
2143 71.6668
2144 71.6668
2145 71.6668
2146 71.6668
2147 71.6668
2148 71.6668
2149 71.6668
2150 71.6668
2151 71.6668
2152 71.6668
2153 71.6668
2154 71.6668
2155 71.5722
2156 71.5722
2157 71.5722
2158 71.5722
2159 71.5722
2160 71.5722
2161 71.5722
2162 71.5722
2163 71.5722
2164 71.5722
2165 71.5722
2166 71.5722
2167 71.5722
2168 71.5722
2169 71.5722
2170 71.5722
2171 71.5722
2172 71.5722
2173 71.5722
2174 71.5722
2175 71.5722
2176 71.5722
2177 71.5722
2178 71.5722
2179 71.5722
2180 71.5722
2181 71.5722
2182 71.5722
2183 71.5722
2184 71.5722
2185 71.5722
2186 71.5722
2187 71.5722
2188 71.5722
2189 71.5722
2190 71.5722
2191 71.5722
2192 71.5722
2193 71.5722
2194 71.5722
2195 71.5722
2196 71.5722
2197 71.5722
2198 71.5722
2199 71.5722
2200 71.5722
2201 71.5722
2202 71.5722
2203 71.5722
2204 71.5722
2205 71.5722
2206 71.5722
2207 71.5722
2208 71.5722
2209 71.5722
2210 71.5722
2211 71.5722
2212 71.5722
2213 71.5722
2214 71.5722
2215 71.5722
2216 71.5722
2217 71.5722
2218 71.5722
2219 71.5722
2220 71.5722
2221 71.5722
2222 71.5722
2223 71.5722
2224 71.5722
2225 71.5722
2226 71.5722
2227 71.5722
2228 71.5722
2229 71.5722
2230 71.5722
2231 71.5722
2232 71.5722
2233 71.5722
2234 71.5722
2235 71.5722
2236 71.5722
2237 71.5722
2238 71.5722
2239 71.5722
2240 71.5722
2241 71.5722
2242 71.5722
2243 71.5722
2244 71.5722
2245 71.5722
2246 71.5722
2247 71.5722
2248 71.5722
2249 71.5722
2250 71.5722
2251 71.5722
2252 71.5722
2253 71.5722
2254 71.5722
2255 71.5722
2256 71.5722
2257 71.5722
2258 71.5722
2259 71.5722
2260 71.5722
2261 71.5722
2262 71.5722
2263 71.5722
2264 71.5722
2265 71.5722
2266 71.5722
2267 71.5722
2268 71.5722
2269 71.5722
2270 71.5722
2271 71.5722
2272 71.5722
2273 71.5722
2274 70.8726
2275 70.8726
2276 70.8726
2277 70.8726
2278 70.8726
2279 70.8726
2280 70.8726
2281 70.8726
2282 70.8726
2283 70.8726
2284 70.8726
2285 70.8726
2286 70.8726
2287 70.8726
2288 70.8726
2289 70.8726
2290 70.8726
2291 70.8726
2292 70.8726
2293 70.8726
2294 70.8726
2295 70.8726
2296 70.8726
2297 70.8726
2298 70.8726
2299 70.8726
2300 70.8726
2301 70.8726
2302 70.8726
2303 70.8726
2304 70.8726
2305 70.8726
2306 70.8726
2307 70.8726
2308 70.8726
2309 70.8726
2310 70.8726
2311 70.8726
2312 70.8726
2313 70.8726
2314 70.8726
2315 70.8726
2316 70.8726
2317 70.8726
2318 70.8726
2319 70.8726
2320 70.8726
2321 70.8726
2322 70.8726
2323 70.8726
2324 70.8726
2325 70.8726
2326 70.8726
2327 70.8726
2328 70.8726
2329 70.8726
2330 70.8726
2331 70.8726
2332 70.8726
2333 70.8726
2334 70.8726
2335 70.8726
2336 70.8726
2337 70.8726
2338 70.8726
2339 70.8726
2340 70.8726
2341 70.8726
2342 70.8726
2343 70.8726
2344 70.8726
2345 70.8726
2346 70.8726
2347 70.8726
2348 70.8726
2349 70.8726
2350 70.8726
2351 70.8726
2352 70.8726
2353 70.8726
2354 70.8726
2355 70.8726
2356 70.8726
2357 70.8726
2358 70.8726
2359 70.8726
2360 70.8726
2361 70.8726
2362 70.8726
2363 70.8726
2364 70.8726
2365 70.8726
2366 70.8726
2367 70.8726
2368 70.8726
2369 70.8726
2370 70.8726
2371 70.8726
2372 70.8726
2373 70.8726
2374 70.8726
2375 70.8726
2376 70.8726
2377 70.8726
2378 70.8726
2379 70.8726
2380 70.8726
2381 70.8726
2382 70.8726
2383 70.8726
2384 70.8726
2385 70.8726
2386 70.8726
2387 70.8726
2388 70.8726
2389 70.8726
2390 70.8726
2391 70.8726
2392 70.8726
2393 70.8726
2394 70.8726
2395 70.8726
2396 70.8726
2397 70.8726
2398 70.8726
2399 70.8726
2400 70.8726
2401 70.8726
2402 70.8726
2403 70.8726
2404 70.8726
2405 70.8726
2406 70.8726
2407 70.8726
2408 70.8726
2409 70.8726
2410 70.8726
2411 70.8726
2412 70.8726
2413 70.8726
2414 70.8726
2415 70.8726
2416 70.8726
2417 70.8726
2418 70.8726
2419 70.8726
2420 70.8726
2421 70.8726
2422 70.8726
2423 70.8726
2424 70.8726
2425 70.8726
2426 70.8726
2427 70.8726
2428 70.8726
2429 70.8726
2430 70.8726
2431 70.8726
2432 70.8726
2433 70.8726
2434 70.8726
2435 70.8726
2436 70.8726
2437 70.8726
2438 70.8726
2439 70.8726
2440 70.8726
2441 70.8726
2442 70.8726
2443 70.8726
2444 70.8726
2445 70.8726
2446 70.8726
2447 70.8726
2448 70.8726
2449 70.8726
2450 70.8726
2451 70.8726
2452 70.8726
2453 70.8726
2454 70.8726
2455 70.8726
2456 70.8563
2457 70.8563
2458 70.8563
2459 70.8563
2460 70.8563
2461 70.8563
2462 70.8563
2463 70.8563
2464 70.8563
2465 70.8563
2466 70.8563
2467 70.8563
2468 70.8563
2469 70.8563
2470 70.8563
2471 70.8563
2472 70.8563
2473 70.8563
2474 70.8563
2475 70.8563
2476 70.8563
2477 70.8563
2478 70.8563
2479 70.8563
2480 70.8563
2481 70.8563
2482 70.8563
2483 70.8563
2484 70.8563
2485 70.8563
2486 70.8563
2487 70.8563
2488 70.8563
2489 70.8563
2490 70.8563
2491 70.8563
2492 70.8563
2493 70.8563
2494 70.8563
2495 70.8563
2496 70.8563
2497 70.8563
2498 70.8563
2499 70.8563
2500 70.8563
2501 70.8563
2502 70.8563
2503 70.8563
2504 70.8563
2505 70.8563
2506 70.8563
2507 70.8563
2508 70.8563
2509 70.8563
2510 70.8563
2511 70.8563
2512 70.8563
2513 70.8563
2514 70.8563
2515 70.8563
2516 70.8563
2517 70.8563
2518 70.8563
2519 70.7018
2520 70.7018
2521 70.7018
2522 70.7018
2523 70.7018
2524 70.7018
2525 70.7018
2526 70.7018
2527 70.7018
2528 70.7018
2529 70.7018
2530 70.7018
2531 70.7018
2532 70.7018
2533 70.7018
2534 70.7018
2535 70.7018
2536 70.7018
2537 70.7018
2538 70.7018
2539 70.7018
2540 70.7018
2541 70.7018
2542 70.7018
2543 70.7018
2544 70.7018
2545 70.7018
2546 70.7018
2547 70.7018
2548 70.7018
2549 70.7018
2550 70.7018
2551 70.7018
2552 70.7018
2553 70.7018
2554 70.7018
2555 70.7018
2556 70.7018
2557 70.7018
2558 70.7018
2559 70.7018
2560 70.7018
2561 70.7018
2562 70.7018
2563 70.7018
2564 70.7018
2565 70.7018
2566 70.7018
2567 70.7018
2568 70.7018
2569 70.7018
2570 70.7018
2571 70.7018
2572 70.7018
2573 70.7018
2574 70.7018
2575 70.7018
2576 70.7018
2577 70.7018
2578 70.7018
2579 70.7018
2580 70.7018
2581 70.7018
2582 70.7018
2583 70.7018
2584 70.7018
2585 70.7018
2586 70.7018
2587 70.7018
2588 70.7018
2589 70.7018
2590 70.7018
2591 70.7018
2592 70.7018
2593 70.7018
2594 70.7018
2595 70.7018
2596 70.7018
2597 70.7018
2598 70.7018
2599 70.7018
2600 70.7018
2601 70.7018
2602 70.7018
2603 70.7018
2604 70.7018
2605 70.7018
2606 70.7018
2607 70.7018
2608 70.7018
2609 70.7018
2610 70.7018
2611 70.7018
2612 70.7018
2613 70.7018
2614 70.7018
2615 70.7018
2616 70.7018
2617 70.7018
2618 70.7018
2619 70.7018
2620 70.7018
2621 70.7018
2622 70.7018
2623 70.7018
2624 70.7018
2625 70.7018
2626 70.7018
2627 70.7018
2628 70.7018
2629 70.7018
2630 70.7018
2631 70.7018
2632 70.7018
2633 70.7018
2634 70.7018
2635 70.7018
2636 70.7018
2637 70.7018
2638 70.7018
2639 70.7018
2640 70.7018
2641 70.7018
2642 70.7018
2643 70.7018
2644 70.7018
2645 70.7018
2646 70.7018
2647 70.7018
2648 70.7018
2649 70.7018
2650 70.7018
2651 70.7018
2652 70.7018
2653 70.7018
2654 70.7018
2655 70.7018
2656 70.7018
2657 70.7018
2658 70.7018
2659 70.7018
2660 70.7018
2661 70.7018
2662 70.7018
2663 70.7018
2664 70.7018
2665 70.6387
2666 70.6387
2667 70.6387
2668 70.6387
2669 70.6387
2670 70.6387
2671 70.6387
2672 70.6387
2673 70.6387
2674 70.6387
2675 70.6387
2676 70.6387
2677 70.6387
2678 70.6387
2679 70.6387
2680 70.6387
2681 70.6387
2682 70.6387
2683 70.6387
2684 70.6387
2685 70.6387
2686 70.6387
2687 70.6387
2688 70.6387
2689 70.6387
2690 70.6387
2691 70.6387
2692 70.6387
2693 70.6387
2694 70.6387
2695 70.6387
2696 70.6387
2697 70.6387
2698 70.6387
2699 70.6387
2700 70.6387
2701 70.6387
2702 70.6387
2703 70.6387
2704 70.6387
2705 70.6387
2706 70.6387
2707 70.6387
2708 70.6387
2709 70.6387
2710 70.6387
2711 70.6387
2712 70.6387
2713 70.6387
2714 70.6387
2715 70.6387
2716 70.6387
2717 70.6387
2718 70.6387
2719 70.6387
2720 70.6387
2721 70.6387
2722 70.6387
2723 70.6387
2724 70.6387
2725 70.6387
2726 70.6387
2727 70.6387
2728 70.6387
2729 70.6387
2730 70.6387
2731 70.6387
2732 70.6387
2733 70.6387
2734 70.6387
2735 70.6387
2736 70.6387
2737 70.6387
2738 70.6387
2739 70.6387
2740 70.6387
2741 70.6387
2742 70.6387
2743 70.6387
2744 70.6387
2745 70.6387
2746 70.6387
2747 70.6387
2748 70.6387
2749 70.6387
2750 70.6387
2751 70.6387
2752 70.6387
2753 70.6387
2754 70.6387
2755 70.6387
2756 70.6387
2757 70.6387
2758 70.6387
2759 70.6387
2760 70.6387
2761 70.6387
2762 70.6387
2763 70.6387
2764 70.6387
2765 70.6387
2766 70.6387
2767 70.6387
2768 70.6387
2769 70.6387
2770 70.6387
2771 70.6387
2772 70.6387
2773 70.6387
2774 70.6387
2775 70.6387
2776 70.6387
2777 70.6387
2778 70.6387
2779 70.6387
2780 70.6387
2781 70.6387
2782 70.6387
2783 70.6387
2784 70.6387
2785 70.6387
2786 70.6387
2787 70.6387
2788 70.6387
2789 70.6387
2790 70.6387
2791 70.6387
2792 70.6387
2793 70.6387
2794 70.6387
2795 70.6387
2796 70.6387
2797 70.6387
2798 70.6387
2799 70.6387
2800 70.6387
2801 70.6387
2802 70.6387
2803 70.6387
2804 70.6387
2805 70.6387
2806 70.6387
2807 70.6387
2808 70.6387
2809 70.6387
2810 70.6387
2811 70.6387
2812 70.6387
2813 70.6387
2814 70.6387
2815 70.6387
2816 70.6387
2817 70.6387
2818 70.6387
2819 70.6387
2820 70.6387
2821 70.6387
2822 70.6387
2823 70.6387
2824 70.6387
2825 70.6387
2826 70.6387
2827 70.6387
2828 70.6387
2829 70.6387
2830 70.6387
2831 70.6387
2832 70.6387
2833 70.6387
2834 70.6387
2835 70.6387
2836 70.6387
2837 70.6387
2838 70.6387
2839 70.6387
2840 70.6387
2841 70.6387
2842 70.6387
2843 70.6387
2844 70.6387
2845 70.6387
2846 70.6387
2847 70.6387
2848 70.6387
2849 70.6387
2850 70.6387
2851 70.6387
2852 70.6387
2853 70.6387
2854 70.6387
2855 70.6387
2856 70.6387
2857 70.6387
2858 70.6387
2859 70.6387
2860 70.6387
2861 70.6387
2862 70.6387
2863 70.6387
2864 70.6387
2865 70.6387
2866 70.6387
2867 70.6387
2868 70.6387
2869 70.6387
2870 70.6387
2871 70.6387
2872 70.6387
2873 70.6387
2874 70.6387
2875 70.6387
2876 70.6387
2877 70.6387
2878 70.6387
2879 70.6387
2880 70.6387
2881 70.6387
2882 70.6387
2883 70.6387
2884 70.6387
2885 70.6387
2886 70.6387
2887 70.6387
2888 70.6387
2889 70.6387
2890 70.6387
2891 70.6387
2892 70.6387
2893 70.6387
2894 70.6387
2895 70.6387
2896 70.6387
2897 70.6387
2898 70.6387
2899 70.6387
2900 70.6387
2901 70.6387
2902 70.6387
2903 70.6387
2904 70.6387
2905 70.6387
2906 70.6387
2907 70.6387
2908 70.6387
2909 70.6387
2910 70.6387
2911 70.6387
2912 70.6387
2913 70.6387
2914 70.6387
2915 70.6387
2916 70.6387
2917 70.6387
2918 70.6387
2919 70.6387
2920 70.6387
2921 70.6387
2922 70.6318
2923 70.6318
2924 70.6318
2925 70.6318
2926 70.6318
2927 70.6318
2928 70.6318
2929 70.6318
2930 70.6318
2931 70.6318
2932 70.6318
2933 70.6318
2934 70.6318
2935 70.6318
2936 70.6318
2937 70.6318
2938 70.6318
2939 70.6318
2940 70.6318
2941 70.6318
2942 70.6318
2943 70.6318
2944 70.6318
2945 70.6318
2946 70.6318
2947 70.6318
2948 70.6318
2949 70.6318
2950 70.6318
2951 70.6318
2952 70.6318
2953 70.6318
2954 70.6318
2955 70.6318
2956 70.6318
2957 70.6318
2958 70.6318
2959 70.6318
2960 70.6318
2961 70.6318
2962 70.6318
2963 70.6318
2964 70.6318
2965 70.6318
2966 70.6318
2967 70.6318
2968 70.6318
2969 70.6318
2970 70.6318
2971 70.6318
2972 70.6318
2973 70.6318
2974 70.6318
2975 70.6318
2976 70.6318
2977 70.6318
2978 70.6318
2979 70.6318
2980 70.6318
2981 70.6318
2982 70.6318
2983 70.6318
2984 70.6318
2985 70.6318
2986 70.6318
2987 70.6318
2988 70.6318
2989 70.6318
2990 70.6318
2991 70.6318
2992 70.6318
2993 70.6318
2994 70.6318
2995 70.6318
2996 70.6318
2997 70.6318
2998 70.6318
2999 70.6318
3000 70.6318
3001 70.6318
3002 70.6318
3003 70.6318
3004 70.6318
3005 70.6318
3006 70.6318
3007 70.6318
3008 70.6318
3009 70.6318
3010 70.6318
3011 70.6318
3012 70.6318
3013 70.6318
3014 70.6318
3015 70.6318
3016 70.6318
3017 70.6318
3018 70.6318
3019 70.6318
3020 70.6318
3021 70.6318
3022 70.6318
3023 70.6318
3024 70.6318
3025 70.6318
3026 70.6318
3027 70.6318
3028 70.6318
3029 70.6318
3030 70.6318
3031 70.6318
3032 70.6318
3033 70.6318
3034 70.6318
3035 70.6318
3036 70.6318
3037 70.6318
3038 70.6318
3039 70.6318
3040 70.6318
3041 70.6318
3042 70.6318
3043 70.6318
3044 70.6318
3045 70.6318
3046 70.6318
3047 70.6318
3048 70.6318
3049 70.6318
3050 70.6318
3051 70.6318
3052 70.6318
3053 70.6318
3054 70.6318
3055 70.6318
3056 70.6318
3057 70.6318
3058 70.6318
3059 70.6318
3060 70.6318
3061 70.6318
3062 70.6318
3063 70.6318
3064 70.6318
3065 70.6318
3066 70.6318
3067 70.6318
3068 70.6318
3069 70.6318
3070 70.6318
3071 70.6318
3072 70.6318
3073 70.6318
3074 70.6318
3075 70.6318
3076 70.6318
3077 70.6318
3078 70.6318
3079 70.6318
3080 70.6318
3081 70.6318
3082 70.6318
3083 70.6318
3084 70.6318
3085 70.6318
3086 70.6318
3087 70.6318
3088 70.6318
3089 70.6318
3090 70.6318
3091 70.6318
3092 70.6318
3093 70.6318
3094 70.6318
3095 70.6318
3096 70.6318
3097 70.6318
3098 70.6318
3099 70.6318
3100 70.6318
3101 70.6318
3102 70.6318
3103 70.6318
3104 70.6318
3105 70.6318
3106 70.6318
3107 70.6318
3108 70.6318
3109 70.6318
3110 70.6318
3111 70.6318
3112 70.6318
3113 70.6318
3114 70.6318
3115 70.6318
3116 70.6318
3117 70.6318
3118 70.6318
3119 70.6318
3120 70.6318
3121 70.6318
3122 70.6318
3123 70.6318
3124 70.6318
3125 70.6318
3126 70.6318
3127 70.6318
3128 70.6318
3129 70.6318
3130 70.6318
3131 70.6318
3132 70.6318
3133 70.6318
3134 70.6318
3135 70.6318
3136 70.6318
3137 70.6318
3138 70.6318
3139 70.6318
3140 70.6318
3141 70.6318
3142 70.6318
3143 70.6318
3144 70.6318
3145 70.6318
3146 70.6318
3147 70.6318
3148 70.6318
3149 70.6318
3150 70.6318
3151 70.6318
3152 70.6318
3153 70.6318
3154 70.6318
3155 70.6318
3156 70.6318
3157 70.6318
3158 70.6318
3159 70.6318
3160 70.6318
3161 70.6318
3162 70.6318
3163 70.6318
3164 70.6318
3165 70.6318
3166 70.6318
3167 70.6318
3168 70.6318
3169 70.6318
3170 70.6318
3171 70.6318
3172 70.6318
3173 70.6318
3174 70.6318
3175 70.6318
3176 70.6318
3177 70.6318
3178 70.6318
3179 70.6318
3180 70.6318
3181 70.6318
3182 70.6318
3183 70.6318
3184 70.6318
3185 70.6318
3186 70.6318
3187 70.6318
3188 70.6318
3189 70.6318
3190 70.6318
3191 70.6318
3192 70.6318
3193 70.6318
3194 70.6318
3195 70.6318
3196 70.6318
3197 70.6318
3198 70.6318
3199 70.6318
3200 70.6318
3201 70.6318
3202 70.6318
3203 70.6318
3204 70.6318
3205 70.6318
3206 70.6318
3207 70.6318
3208 70.6318
3209 70.6318
3210 70.6318
3211 70.4885
3212 70.4885
3213 70.4885
3214 70.4885
3215 70.4885
3216 70.4885
3217 70.4885
3218 70.4885
3219 70.4885
3220 70.4885
3221 70.4885
3222 70.4885
3223 70.4885
3224 70.4885
3225 70.4885
3226 70.4885
3227 70.4885
3228 70.4885
3229 70.4885
3230 70.4885
3231 70.4885
3232 70.4885
3233 70.4885
3234 70.4885
3235 70.4885
3236 70.4885
3237 70.4885
3238 70.4885
3239 70.4885
3240 70.4885
3241 70.4885
3242 70.4885
3243 70.4885
3244 70.4885
3245 70.4885
3246 70.4885
3247 70.4885
3248 70.4885
3249 70.4885
3250 70.4885
3251 70.4885
3252 70.4885
3253 70.4885
3254 70.4885
3255 70.4885
3256 70.4885
3257 70.4885
3258 70.4885
3259 70.4885
3260 70.4885
3261 70.4885
3262 70.4885
3263 70.4885
3264 70.4885
3265 70.4885
3266 70.4885
3267 70.4885
3268 70.4885
3269 70.4885
3270 70.4885
3271 70.4885
3272 70.4885
3273 70.4885
3274 70.4885
3275 70.4885
3276 70.4885
3277 70.4885
3278 70.4885
3279 70.4885
3280 70.4885
3281 70.4885
3282 70.4885
3283 70.4885
3284 70.4885
3285 70.4885
3286 70.4885
3287 70.4885
3288 70.4885
3289 70.4885
3290 70.4885
3291 70.4885
3292 70.4885
3293 70.4885
3294 70.4885
3295 70.4885
3296 70.4885
3297 70.4885
3298 70.4885
3299 70.4885
3300 70.4885
3301 70.4885
3302 70.4885
3303 70.4885
3304 70.4885
3305 70.4885
3306 70.4885
3307 70.4885
3308 70.4885
3309 70.4885
3310 70.4885
3311 70.4885
3312 70.4885
3313 70.4885
3314 70.4885
3315 70.4885
3316 70.4885
3317 70.4885
3318 70.4885
3319 70.4885
3320 70.4885
3321 70.4885
3322 70.4885
3323 70.4885
3324 70.4885
3325 70.4885
3326 70.4885
3327 70.4885
3328 70.4885
3329 70.4885
3330 70.4885
3331 70.4885
3332 70.4885
3333 70.4885
3334 70.4885
3335 70.4885
3336 70.4885
3337 70.4885
3338 70.4885
3339 70.4885
3340 70.4885
3341 70.4885
3342 70.4885
3343 70.4885
3344 70.4885
3345 70.4885
3346 70.4885
3347 70.4885
3348 70.4885
3349 70.4885
3350 70.4885
3351 70.4885
3352 70.4885
3353 70.4885
3354 70.4885
3355 70.4885
3356 70.4885
3357 70.4885
3358 70.4885
3359 70.4885
3360 70.4885
3361 70.4885
3362 70.4885
3363 70.4885
3364 70.4885
3365 70.4885
3366 70.4885
3367 70.4885
3368 70.4885
3369 70.4885
3370 70.4885
3371 70.4885
3372 70.4885
3373 70.4885
3374 70.4885
3375 70.4885
3376 70.4885
3377 70.4885
3378 70.4885
3379 70.4885
3380 70.4885
3381 70.4885
3382 70.4885
3383 70.4885
3384 70.4885
3385 70.4885
3386 70.4885
3387 70.4885
3388 70.4885
3389 70.4885
3390 70.4885
3391 70.4885
3392 70.4885
3393 70.4885
3394 70.4885
3395 70.4885
3396 70.4885
3397 70.4885
3398 70.4885
3399 70.4885
3400 70.4885
3401 70.4885
3402 70.4885
3403 70.4885
3404 70.4885
3405 70.4885
3406 70.4885
3407 70.4885
3408 70.4885
3409 70.4885
3410 70.4885
3411 70.4885
3412 70.4885
3413 70.4885
3414 70.4885
3415 70.4885
3416 70.4885
3417 70.4885
3418 70.4885
3419 70.4885
3420 70.4885
3421 70.4885
3422 70.4885
3423 70.4885
3424 70.4885
3425 70.4885
3426 70.4885
3427 70.4885
3428 70.4885
3429 70.4885
3430 70.4885
3431 70.4885
3432 70.4885
3433 70.4885
3434 70.4885
3435 70.4885
3436 70.4885
3437 70.4885
3438 70.4885
3439 70.4885
3440 70.4885
3441 70.4885
3442 70.4885
3443 70.4885
3444 70.4885
3445 70.4885
3446 70.4885
3447 70.4885
3448 70.4885
3449 70.4885
3450 70.4885
3451 70.4885
3452 70.4885
3453 70.4885
3454 70.4885
3455 70.4885
3456 70.4885
3457 70.4885
3458 70.4885
3459 70.4885
3460 70.4885
3461 70.4885
3462 70.4885
3463 70.4885
3464 70.4885
3465 70.4885
3466 70.4885
3467 70.4885
3468 70.4885
3469 70.4885
3470 70.4885
3471 70.4885
3472 70.4885
3473 70.4885
3474 70.4885
3475 70.4885
3476 70.4885
3477 70.4885
3478 70.4885
3479 70.4885
3480 70.4885
3481 70.4885
3482 70.4885
3483 70.4885
3484 70.4885
3485 70.4885
3486 70.4885
3487 70.4885
3488 70.4885
3489 70.4885
3490 70.4885
3491 70.4885
3492 70.4885
3493 70.4885
3494 70.4885
3495 70.4885
3496 70.4885
3497 70.4885
3498 70.4885
3499 70.4885
3500 70.4885
3501 70.4885
3502 70.4885
3503 70.4885
3504 70.4885
3505 70.4885
3506 70.4885
3507 70.4885
3508 70.4885
3509 70.4885
3510 70.4885
3511 70.4885
3512 70.4885
3513 70.4885
3514 70.4885
3515 70.4885
3516 70.4885
3517 70.4885
3518 70.4885
3519 70.4885
3520 70.4885
3521 70.4885
3522 70.4885
3523 70.4885
3524 70.4885
3525 70.4885
3526 70.4885
3527 70.4885
3528 70.4885
3529 70.4885
3530 70.4885
3531 70.4885
3532 70.4885
3533 70.4885
3534 70.4885
3535 70.4885
3536 70.4885
3537 70.4885
3538 70.4885
3539 70.4885
3540 70.4885
3541 70.4885
3542 70.4885
3543 70.4885
3544 70.4885
3545 70.4885
3546 70.4885
3547 70.4885
3548 70.4885
3549 70.4885
3550 70.4885
3551 70.4885
3552 70.4885
3553 70.4885
3554 70.4885
3555 70.4885
3556 70.4885
3557 70.4885
3558 70.4885
3559 70.4885
3560 70.4885
3561 70.4885
3562 70.4885
3563 70.4885
3564 70.4885
3565 70.4885
3566 70.4885
3567 70.4885
3568 70.4885
3569 70.4885
3570 70.4885
3571 70.4885
3572 70.4885
3573 70.4885
3574 70.4885
3575 70.4885
3576 70.4885
3577 70.4885
3578 70.4885
3579 70.4885
3580 70.4885
3581 70.4885
3582 70.4885
3583 70.4885
3584 70.4885
3585 70.4885
3586 70.4885
3587 70.4885
3588 70.4885
3589 70.4885
3590 70.4885
3591 70.4885
3592 70.4885
3593 70.4885
3594 70.4885
3595 70.4885
3596 70.4885
3597 70.4885
3598 70.4885
3599 70.4885
3600 70.4885
3601 70.4885
3602 70.4885
3603 70.4885
3604 70.4885
3605 70.4885
3606 70.4885
3607 70.4885
3608 70.4885
3609 70.4885
3610 70.4885
3611 70.4885
3612 70.4885
3613 70.4885
3614 70.4885
3615 70.4885
3616 70.4885
3617 70.4885
3618 70.4885
3619 70.4885
3620 70.4885
3621 70.4885
3622 70.4885
3623 70.4885
3624 70.4885
3625 70.4885
3626 70.4885
3627 70.4885
3628 70.4885
3629 70.4885
3630 70.4885
3631 70.4885
3632 70.4885
3633 70.4885
3634 70.4885
3635 70.4885
3636 70.4885
3637 70.4885
3638 70.4885
3639 70.4885
3640 70.4885
3641 70.4885
3642 70.4885
3643 70.4885
3644 70.4885
3645 70.4885
3646 70.4885
3647 70.4885
3648 70.4885
3649 70.4885
3650 70.4885
3651 70.4885
3652 70.4885
3653 70.4885
3654 70.4885
3655 70.4885
3656 70.4885
3657 70.4885
3658 70.4885
3659 70.4885
3660 70.4885
3661 70.4885
3662 70.4885
3663 70.4885
3664 70.4885
3665 70.4885
3666 70.4885
3667 70.4885
3668 70.4885
3669 70.4885
3670 70.4885
3671 70.4885
3672 70.4885
3673 70.4885
3674 70.4885
3675 70.4885
3676 70.4885
3677 70.4885
3678 70.4885
3679 70.4885
3680 70.4885
3681 70.4885
3682 70.4885
3683 70.4885
3684 70.4885
3685 70.4885
3686 70.4885
3687 70.4885
3688 70.4885
3689 70.4885
3690 70.4885
3691 70.4885
3692 70.4885
3693 70.4885
3694 70.4885
3695 70.4885
3696 70.4885
3697 70.4885
3698 70.4885
3699 70.4885
3700 70.4885
3701 70.4885
3702 70.4885
3703 70.4885
3704 70.4885
3705 70.4885
3706 70.4885
3707 70.4885
3708 70.4885
3709 70.4885
3710 70.4885
3711 70.4885
3712 70.4885
3713 70.4885
3714 70.4885
3715 70.4885
3716 70.4885
3717 70.4885
3718 70.4885
3719 70.4885
3720 70.4885
3721 70.4885
3722 70.4885
3723 70.4885
3724 70.4885
3725 70.4885
3726 70.4885
3727 70.4885
3728 70.4885
3729 70.4885
3730 70.4885
3731 70.4885
3732 70.4885
3733 70.4885
3734 70.4885
3735 70.4885
3736 70.4885
3737 70.4885
3738 70.4885
3739 70.4885
3740 70.4885
3741 70.4885
3742 70.4885
3743 70.4885
3744 70.4885
3745 70.4885
3746 70.4885
3747 70.4885
3748 70.4885
3749 70.4885
3750 70.4885
3751 70.4885
3752 70.4885
3753 70.4885
3754 70.4885
3755 70.4885
3756 70.4885
3757 70.4885
3758 70.4885
3759 70.4885
3760 70.4885
3761 70.4885
3762 70.4885
3763 70.4885
3764 70.4885
3765 70.4885
3766 70.4885
3767 70.4885
3768 70.4885
3769 70.4885
3770 70.4885
3771 70.4885
3772 70.4885
3773 70.4885
3774 70.4885
3775 70.4885
3776 70.4885
3777 70.4885
3778 70.4885
3779 70.4885
3780 70.4885
3781 70.4885
3782 70.4885
3783 70.4885
3784 70.4885
3785 70.4885
3786 70.4885
3787 70.4885
3788 70.4885
3789 70.4885
3790 70.4885
3791 70.4885
3792 70.4885
3793 70.4885
3794 70.4885
3795 70.4885
3796 70.4885
3797 70.4885
3798 70.4885
3799 70.4885
3800 70.4885
3801 70.4885
3802 70.4885
3803 70.4885
3804 70.4885
3805 70.4885
3806 70.4885
3807 70.4885
3808 70.4885
3809 70.4885
3810 70.4885
3811 70.4885
3812 70.4885
3813 70.4885
3814 70.4885
3815 70.4885
3816 70.4885
3817 70.4885
3818 70.4885
3819 70.4885
3820 70.4885
3821 70.4885
3822 70.4885
3823 70.4885
3824 70.4885
3825 70.4885
3826 70.4885
3827 70.4885
3828 70.4885
3829 70.4885
3830 70.4885
3831 70.4885
3832 70.4885
3833 70.4885
3834 70.4885
3835 70.4885
3836 70.4885
3837 70.4885
3838 70.4885
3839 70.4885
3840 70.4885
3841 67.4709
3842 67.4709
3843 67.6896
3844 67.6896
3845 67.6896
3846 67.6896
3847 67.6896
3848 67.6896
3849 67.6896
3850 67.6896
3851 67.6896
3852 67.6896
3853 67.6896
3854 67.6896
3855 67.6896
3856 67.6896
3857 67.6896
3858 67.6896
3859 67.6896
3860 67.6896
3861 67.6896
3862 67.6896
3863 67.6896
3864 67.6896
3865 67.6896
3866 67.6896
3867 67.6896
3868 67.6896
3869 67.6896
3870 67.6896
3871 67.6896
3872 67.6896
3873 67.6896
3874 67.6896
3875 67.6896
3876 67.6896
3877 67.6896
3878 67.6896
3879 67.6896
3880 67.6896
3881 67.6896
3882 67.6896
3883 67.6896
3884 67.6896
3885 67.6896
3886 67.6896
3887 67.6896
3888 67.6896
3889 67.6896
3890 67.6896
3891 67.6896
3892 67.6896
3893 67.6896
3894 67.6896
3895 67.6896
3896 67.6896
3897 67.6896
3898 67.6896
3899 67.6896
3900 67.6896
3901 67.6896
3902 67.6896
3903 67.6896
3904 67.6896
3905 67.6896
3906 67.6896
3907 67.6896
3908 67.6896
3909 67.6896
3910 67.6896
3911 67.6896
3912 67.6896
3913 67.6896
3914 67.6896
3915 67.6896
3916 67.6896
3917 67.6896
3918 67.6896
3919 67.6896
3920 67.6896
3921 67.6896
3922 67.6896
3923 67.6896
3924 67.6896
3925 67.6896
3926 67.6896
3927 67.6896
3928 67.6896
3929 67.6896
3930 67.6896
3931 67.6896
3932 67.6896
3933 67.6896
3934 67.6896
3935 67.6896
3936 67.6896
3937 67.6896
3938 67.6896
3939 67.6896
3940 67.6896
3941 67.6896
3942 67.6896
3943 67.6896
3944 67.6896
3945 67.6896
3946 67.6896
3947 67.6896
3948 67.6896
3949 67.6896
3950 67.6896
3951 67.6896
3952 67.6896
3953 67.6896
3954 67.6896
3955 67.6896
3956 67.6896
3957 67.6896
3958 67.6896
3959 67.6896
3960 67.6896
3961 67.6896
3962 67.6896
3963 67.6896
3964 67.6896
3965 67.6896
3966 67.6896
3967 67.6896
3968 67.6896
3969 67.6896
3970 67.6896
3971 67.6896
3972 67.6896
3973 67.6896
3974 67.6896
3975 67.6896
3976 67.6896
3977 67.6896
3978 67.6896
3979 67.6896
3980 67.6896
3981 67.6896
3982 67.6896
3983 67.6896
3984 67.6896
3985 67.6896
3986 67.6896
3987 67.6896
3988 67.6896
3989 67.6896
3990 67.6896
3991 67.6896
3992 67.6896
3993 67.6896
3994 67.6896
3995 67.6896
3996 67.6896
3997 67.6896
3998 67.6896
3999 67.6896
4000 67.6896
4001 67.6896
4002 67.6896
4003 67.6896
4004 67.6896
4005 67.6896
4006 67.6896
4007 67.6896
4008 67.6896
4009 67.6896
4010 67.6896
4011 67.6896
4012 67.6896
4013 67.6896
4014 67.6896
4015 67.6896
4016 67.6896
4017 67.6896
4018 67.6896
4019 67.6896
4020 67.6896
4021 67.6896
4022 67.6896
4023 67.6896
4024 67.6896
4025 67.6896
4026 67.6896
4027 67.6896
4028 67.6896
4029 67.6896
4030 67.6896
4031 67.6896
4032 67.6896
4033 67.6896
4034 67.6896
4035 67.6896
4036 67.6896
4037 67.6896
4038 67.6896
4039 67.6896
4040 67.6896
4041 67.6896
4042 67.6896
4043 67.6896
4044 67.6896
4045 67.6896
4046 67.6896
4047 67.6896
4048 67.6896
4049 67.6896
4050 67.6896
4051 67.6896
4052 67.6896
4053 67.6896
4054 67.6896
4055 67.6896
4056 67.6896
4057 67.6896
4058 67.6896
4059 67.6896
4060 67.6896
4061 67.6896
4062 67.6896
4063 67.6896
4064 67.6896
4065 67.6896
4066 67.6896
4067 67.6896
4068 67.6896
4069 67.6896
4070 67.6896
4071 67.6896
4072 67.6896
4073 67.6896
4074 67.6896
4075 67.6896
4076 67.6896
4077 67.6896
4078 67.6896
4079 67.6896
4080 67.6896
4081 67.6896
4082 67.6896
4083 67.6896
4084 67.6896
4085 67.6896
4086 67.6896
4087 67.6896
4088 67.6896
4089 67.6896
4090 67.6896
4091 67.6896
4092 67.6896
4093 67.6896
4094 67.6896
4095 67.6896
4096 67.6896
4097 67.6896
4098 67.6896
4099 67.6896
4100 67.6896
4101 67.6896
4102 67.6896
4103 67.6896
4104 67.6896
4105 67.6896
4106 67.6896
4107 67.6896
4108 67.6896
4109 67.6896
4110 67.6896
4111 67.6896
4112 67.6896
4113 67.6896
4114 67.6896
4115 67.6896
4116 67.6896
4117 67.6896
4118 67.6896
4119 67.6896
4120 67.6896
4121 67.6896
4122 67.6896
4123 67.6896
4124 67.6896
4125 67.6896
4126 67.6896
4127 67.6896
4128 67.6896
4129 67.6896
4130 67.6896
4131 67.6896
4132 67.6896
4133 67.6896
4134 67.6896
4135 67.6896
4136 67.6896
4137 67.6896
4138 67.6896
4139 67.6896
4140 67.6896
4141 67.6896
4142 67.6896
4143 67.6896
4144 67.6896
4145 67.6896
4146 67.6896
4147 67.6896
4148 67.6896
4149 67.6896
4150 67.6896
4151 67.6896
4152 67.6896
4153 67.6896
4154 67.6896
4155 67.6896
4156 67.6896
4157 67.6896
4158 67.6896
4159 67.6896
4160 67.6896
4161 67.6896
4162 67.6896
4163 67.6896
4164 67.6896
4165 67.6896
4166 67.6896
4167 67.6896
4168 67.6896
4169 67.6896
4170 67.6896
4171 67.6896
4172 67.6896
4173 67.6896
4174 67.6896
4175 67.6896
4176 67.6896
4177 67.6896
4178 67.6896
4179 67.6896
4180 67.6896
4181 67.6896
4182 67.6896
4183 67.6896
4184 67.6896
4185 67.6896
4186 67.6896
4187 67.6896
4188 67.6896
4189 67.6896
4190 67.6896
4191 67.6896
4192 67.6896
4193 67.6896
4194 67.6896
4195 67.6896
4196 67.6896
4197 67.6896
4198 67.6896
4199 67.6896
4200 67.6896
4201 67.6896
4202 67.6896
4203 67.6896
4204 67.6896
4205 67.6896
4206 67.6896
4207 67.6896
4208 67.6896
4209 67.6896
4210 67.6896
4211 67.6896
4212 67.6896
4213 67.6896
4214 67.6896
4215 67.6896
4216 67.6896
4217 67.6896
4218 67.6896
4219 67.6896
4220 67.6896
4221 67.6896
4222 67.6896
4223 67.6896
4224 67.6896
4225 67.6896
4226 67.6896
4227 67.6896
4228 67.6896
4229 67.6896
4230 67.6896
4231 67.6896
4232 67.6896
4233 67.6896
4234 67.6896
4235 67.6896
4236 67.6896
4237 67.6896
4238 67.6896
4239 67.6896
4240 67.6896
4241 67.0153
4242 67.0153
4243 67.0153
4244 67.0153
4245 67.0153
4246 67.0153
4247 67.0153
4248 67.0153
4249 67.0153
4250 67.0153
4251 67.0153
4252 66.9523
4253 66.9523
4254 66.9523
4255 66.9523
4256 66.9523
4257 66.9523
4258 66.9523
4259 66.9523
4260 66.9523
4261 66.9523
4262 66.9523
4263 66.9523
4264 66.9523
4265 66.9523
4266 66.9523
4267 66.9523
4268 66.9523
4269 66.9523
4270 66.9523
4271 66.9523
4272 66.9523
4273 66.9523
4274 66.9523
4275 66.9523
4276 66.9523
4277 66.9523
4278 66.9523
4279 66.9523
4280 66.9523
4281 66.9523
4282 66.9523
4283 66.9523
4284 66.9523
4285 66.9523
4286 66.9523
4287 66.9523
4288 66.9523
4289 66.9523
4290 66.9523
4291 66.9523
4292 66.9523
4293 66.9523
4294 66.9523
4295 66.9523
4296 66.9523
4297 66.9523
4298 66.9523
4299 66.9523
4300 66.9523
4301 66.9523
4302 66.9523
4303 66.9523
4304 66.9523
4305 66.9523
4306 66.9523
4307 66.9523
4308 66.9523
4309 66.9523
4310 66.9523
4311 66.9523
4312 66.9523
4313 66.9523
4314 66.9523
4315 66.9523
4316 66.9523
4317 66.9523
4318 66.9523
4319 66.9523
4320 66.9523
4321 66.9523
4322 66.9523
4323 66.9523
4324 66.9523
4325 66.9523
4326 66.9523
4327 66.9523
4328 66.9523
4329 66.9523
4330 66.9523
4331 66.9523
4332 66.9523
4333 66.9523
4334 66.9523
4335 66.9523
4336 66.9523
4337 66.9523
4338 66.9523
4339 66.9523
4340 66.9523
4341 66.9523
4342 66.9523
4343 66.9523
4344 66.9523
4345 66.9523
4346 66.9523
4347 66.9523
4348 66.9523
4349 66.9523
4350 66.9523
4351 66.9523
4352 66.9523
4353 66.9523
4354 66.9523
4355 66.9523
4356 66.9523
4357 66.9523
4358 66.9523
4359 66.9523
4360 66.9523
4361 66.9523
4362 66.9523
4363 66.9523
4364 66.9523
4365 66.9523
4366 66.9523
4367 66.9523
4368 66.9523
4369 66.9523
4370 66.9523
4371 66.9523
4372 66.9523
4373 66.9523
4374 66.9523
4375 66.9523
4376 66.9523
4377 66.9523
4378 66.9523
4379 66.9523
4380 66.9523
4381 66.9523
4382 66.9523
4383 66.9523
4384 66.9523
4385 66.9523
4386 66.9523
4387 66.9523
4388 66.9523
4389 66.9523
4390 66.9523
4391 66.9523
4392 66.9523
4393 66.9523
4394 66.9523
4395 66.9523
4396 66.9523
4397 66.9523
4398 66.9523
4399 66.9523
4400 66.9523
4401 66.9523
4402 66.9523
4403 66.9523
4404 66.9523
4405 66.9523
4406 66.9523
4407 66.9523
4408 66.9523
4409 66.9523
4410 66.9523
4411 66.9523
4412 66.9523
4413 66.9523
4414 66.9523
4415 66.9523
4416 66.9523
4417 66.9523
4418 66.9523
4419 66.9523
4420 66.9523
4421 66.9523
4422 66.9523
4423 66.9523
4424 66.9523
4425 66.9523
4426 66.9523
4427 66.9523
4428 66.9523
4429 66.9523
4430 66.9523
4431 66.9523
4432 66.9523
4433 66.9523
4434 66.9523
4435 66.9523
4436 66.9523
4437 66.9523
4438 66.9523
4439 66.9523
4440 66.9523
4441 66.9523
4442 66.9523
4443 66.9523
4444 66.9523
4445 66.9523
4446 66.9523
4447 66.9523
4448 66.9523
4449 66.9523
4450 66.9523
4451 66.9523
4452 66.9523
4453 66.9523
4454 66.9523
4455 66.9523
4456 66.9523
4457 66.9523
4458 66.9523
4459 66.9523
4460 66.9523
4461 66.9523
4462 66.9523
4463 66.9523
4464 66.9523
4465 66.9523
4466 66.9523
4467 66.9523
4468 66.9523
4469 66.9523
4470 66.9523
4471 66.9523
4472 66.9523
4473 66.9523
4474 66.9523
4475 66.9523
4476 66.9523
4477 66.9523
4478 66.9523
4479 66.9523
4480 66.9523
4481 66.9523
4482 66.9523
4483 66.9523
4484 66.9523
4485 66.9523
4486 66.9523
4487 66.9523
4488 66.9523
4489 66.9523
4490 66.9523
4491 66.9523
4492 66.9523
4493 66.9523
4494 66.9523
4495 66.9523
4496 66.9523
4497 66.9523
4498 66.9523
4499 66.9523
4500 66.9523
4501 66.9523
4502 66.9523
4503 66.9523
4504 66.9523
4505 66.9523
4506 66.9523
4507 66.9523
4508 66.9523
4509 66.9523
4510 66.9523
4511 66.9523
4512 66.9523
4513 66.9523
4514 66.9523
4515 66.9523
4516 66.9523
4517 66.9523
4518 66.9523
4519 66.9523
4520 66.9523
4521 66.9523
4522 66.9523
4523 66.9523
4524 66.9523
4525 66.9523
4526 66.9523
4527 66.9523
4528 66.9523
4529 66.9523
4530 66.9523
4531 66.9523
4532 66.9523
4533 66.9523
4534 66.9523
4535 66.9523
4536 66.9523
4537 66.9523
4538 66.9523
4539 66.9523
4540 66.9523
4541 66.9523
4542 66.9523
4543 66.9523
4544 66.9523
4545 66.9523
4546 66.9523
4547 66.9523
4548 66.9523
4549 66.9523
4550 66.9523
4551 66.9523
4552 66.9523
4553 66.9523
4554 66.9523
4555 66.9523
4556 66.9523
4557 66.9523
4558 66.9523
4559 66.9523
4560 66.9523
4561 66.9523
4562 66.9523
4563 66.9523
4564 66.9523
4565 66.9523
4566 66.9523
4567 66.9523
4568 66.9523
4569 66.9523
4570 66.9523
4571 66.9523
4572 66.9523
4573 66.9523
4574 66.9523
4575 66.9523
4576 66.9523
4577 66.9523
4578 66.9523
4579 66.9523
4580 66.9523
4581 66.9523
4582 66.9523
4583 66.9523
4584 66.9523
4585 66.9523
4586 66.9523
4587 66.9523
4588 66.9523
4589 66.9523
4590 66.9523
4591 66.9523
4592 66.9523
4593 66.9523
4594 66.9523
4595 66.9523
4596 66.9523
4597 66.9523
4598 66.9523
4599 66.9523
4600 66.9523
4601 66.9523
4602 66.9523
4603 66.9523
4604 66.9523
4605 66.9523
4606 66.9523
4607 66.9523
4608 66.9523
4609 66.9523
4610 66.9523
4611 66.9523
4612 66.9523
4613 66.9523
4614 66.9523
4615 66.9523
4616 66.9523
4617 66.9523
4618 66.9523
4619 66.9523
4620 66.9523
4621 66.9523
4622 66.9523
4623 66.9523
4624 66.9523
4625 66.9523
4626 66.9523
4627 66.9523
4628 66.9523
4629 66.9523
4630 66.9523
4631 66.9523
4632 66.9523
4633 66.9523
4634 66.9523
4635 66.9523
4636 66.9523
4637 66.9523
4638 66.9523
4639 66.9523
4640 66.9523
4641 66.9523
4642 66.9523
4643 66.9523
4644 66.9523
4645 66.9523
4646 66.9523
4647 66.9523
4648 66.9523
4649 66.9523
4650 66.9523
4651 66.9523
4652 66.9523
4653 66.9523
4654 66.9523
4655 66.9523
4656 66.9523
4657 66.9523
4658 66.9523
4659 66.9523
4660 66.9523
4661 66.9523
4662 66.9523
4663 66.9523
4664 66.9523
4665 66.9523
4666 66.9523
4667 66.9523
4668 66.9523
4669 66.9523
4670 66.9523
4671 66.9523
4672 66.9523
4673 66.9523
4674 66.9523
4675 66.9523
4676 66.9523
4677 66.9523
4678 66.9523
4679 66.9523
4680 66.9523
4681 66.9523
4682 66.9523
4683 66.9523
4684 66.9523
4685 66.9523
4686 66.9523
4687 66.9523
4688 66.9523
4689 66.9523
4690 66.9523
4691 66.9523
4692 66.9523
4693 66.9523
4694 66.9523
4695 66.9523
4696 66.9523
4697 66.9523
4698 66.9523
4699 66.9523
4700 66.9523
4701 66.9523
4702 66.9523
4703 66.9523
4704 66.9523
4705 66.9523
4706 66.9523
4707 66.9523
4708 66.9523
4709 66.9523
4710 66.9523
4711 66.9523
4712 66.9523
4713 66.9523
4714 66.9523
4715 66.9523
4716 66.9523
4717 66.9523
4718 66.9523
4719 66.9523
4720 66.9523
4721 66.4578
4722 66.3948
4723 66.3948
4724 66.3948
4725 66.3948
4726 66.3948
4727 66.3948
4728 66.3948
4729 66.3948
4730 66.3948
4731 66.3948
4732 66.3948
4733 66.3948
4734 66.3948
4735 66.3948
4736 66.3948
4737 66.3948
4738 66.3948
4739 66.3948
4740 66.3948
4741 66.3948
4742 66.3948
4743 66.3948
4744 66.3948
4745 66.3948
4746 66.3948
4747 66.3948
4748 66.3948
4749 66.3948
4750 66.3948
4751 66.3948
4752 66.3948
4753 66.3948
4754 66.3948
4755 66.3948
4756 66.3948
4757 66.3948
4758 66.3948
4759 66.3948
4760 66.3948
4761 66.3948
4762 66.3948
4763 66.3948
4764 66.3948
4765 66.3948
4766 66.3948
4767 66.3948
4768 66.3948
4769 66.3948
4770 66.3948
4771 66.3948
4772 66.3948
4773 66.3948
4774 66.3948
4775 66.3948
4776 66.3948
4777 66.3948
4778 66.3948
4779 66.3948
4780 66.3948
4781 66.3948
4782 66.3948
4783 66.3948
4784 66.3948
4785 66.3948
4786 66.3948
4787 66.3948
4788 66.3948
4789 66.3948
4790 66.3948
4791 66.3948
4792 66.3948
4793 66.3948
4794 66.3948
4795 66.3948
4796 66.3948
4797 66.3948
4798 66.3948
4799 66.3948
4800 66.3948
4801 66.3948
4802 66.3948
4803 66.3948
4804 66.3948
4805 66.3948
4806 66.3948
4807 66.3948
4808 66.3948
4809 66.3948
4810 66.3948
4811 66.3948
4812 66.3948
4813 66.3948
4814 66.3948
4815 66.3948
4816 66.3948
4817 66.3948
4818 66.3948
4819 66.3948
4820 66.3948
4821 66.3948
4822 66.3948
4823 66.3948
4824 66.3948
4825 66.3948
4826 66.3948
4827 66.3948
4828 66.3948
4829 66.3948
4830 66.3948
4831 66.3948
4832 66.3948
4833 66.3948
4834 66.3948
4835 66.3948
4836 66.3948
4837 66.3948
4838 66.3948
4839 66.3948
4840 66.3948
4841 66.3948
4842 66.3948
4843 66.3948
4844 66.3948
4845 66.3948
4846 66.3948
4847 66.3948
4848 66.3948
4849 66.3948
4850 66.3948
4851 66.3948
4852 66.3948
4853 66.3948
4854 66.3948
4855 66.3948
4856 66.3948
4857 66.3948
4858 66.3948
4859 66.3948
4860 66.3948
4861 66.3948
4862 66.3948
4863 66.3948
4864 66.3948
4865 66.3948
4866 66.3948
4867 66.3948
4868 66.3948
4869 66.3948
4870 66.3948
4871 66.3948
4872 66.3948
4873 66.3948
4874 66.3948
4875 66.3948
4876 66.3948
4877 66.3948
4878 66.3948
4879 66.3948
4880 66.3948
4881 66.3948
4882 66.3948
4883 66.3948
4884 66.3948
4885 66.3948
4886 66.3948
4887 66.3948
4888 66.3948
4889 66.3948
4890 66.3948
4891 66.3948
4892 66.3948
4893 66.3948
4894 66.3948
4895 66.3948
4896 66.3948
4897 66.3948
4898 66.3948
4899 66.3948
4900 66.3948
4901 66.3948
4902 66.3948
4903 66.3948
4904 66.3948
4905 66.3948
4906 66.3948
4907 66.3948
4908 66.3948
4909 66.3948
4910 66.3948
4911 66.3948
4912 66.3948
4913 66.3948
4914 66.3948
4915 66.3948
4916 66.3948
4917 66.3948
4918 66.3948
4919 66.3948
4920 66.3948
4921 66.3948
4922 66.3948
4923 66.3948
4924 66.3948
4925 66.3948
4926 66.3948
4927 66.3948
4928 66.3948
4929 66.3948
4930 66.3948
4931 66.3948
4932 66.3948
4933 66.3948
4934 66.3948
4935 66.3948
4936 66.3948
4937 66.3948
4938 66.3948
4939 66.3948
4940 66.3948
4941 66.3948
4942 66.3948
4943 66.3948
4944 66.3948
4945 66.3948
4946 66.3948
4947 66.3948
4948 66.3948
4949 66.3948
4950 66.3948
4951 66.3948
4952 66.3948
4953 66.3948
4954 66.3948
4955 66.3948
4956 66.3948
4957 66.3948
4958 66.3948
4959 66.3948
4960 66.3948
4961 66.3948
4962 66.3948
4963 66.3948
4964 66.3948
4965 66.3948
4966 66.3948
4967 66.3948
4968 66.3948
4969 66.3948
4970 66.3948
4971 66.3948
4972 66.3948
4973 66.3948
4974 66.3948
4975 66.3948
4976 66.3948
4977 66.3948
4978 66.3948
4979 66.3948
4980 66.3948
4981 66.3948
4982 66.3948
4983 66.3948
4984 66.3948
4985 66.3948
4986 66.3948
4987 66.3948
4988 66.3948
4989 66.3948
4990 66.3948
4991 66.3948
4992 66.3948
4993 66.3948
4994 66.3948
4995 66.3948
4996 66.3948
4997 66.3948
4998 66.3948
4999 66.3948
5000 66.3948
5001 66.3948
5002 66.3948
5003 66.3948
5004 66.3948
5005 66.3948
5006 66.3948
5007 66.3948
5008 66.3948
5009 66.3948
5010 66.3948
5011 66.3948
5012 66.3948
5013 66.3948
5014 66.3948
5015 66.3948
5016 66.3948
5017 66.3948
5018 66.3948
5019 66.3948
5020 66.3948
5021 66.3948
5022 66.3948
5023 66.3948
5024 66.3948
5025 66.3948
5026 66.3948
5027 66.3948
5028 66.3948
5029 66.3948
5030 66.3948
5031 66.3948
5032 66.3948
5033 66.3948
5034 66.3948
5035 66.3948
5036 66.3948
5037 66.3948
5038 66.3948
5039 66.3948
5040 66.3948
5041 66.3948
5042 66.3948
5043 66.3948
5044 66.3948
5045 66.3948
5046 66.3948
5047 66.3948
5048 66.3948
5049 66.3948
5050 66.3948
5051 66.3948
5052 66.3948
5053 66.3948
5054 66.3948
5055 66.3948
5056 66.3948
5057 66.3948
5058 66.3948
5059 66.3948
5060 66.3948
5061 66.3948
5062 66.3948
5063 66.3948
5064 66.3948
5065 66.3948
5066 66.3948
5067 66.3948
5068 66.3948
5069 66.3948
5070 66.3948
5071 66.3948
5072 66.3948
5073 66.3948
5074 66.3948
5075 66.3948
5076 66.3948
5077 66.3948
5078 66.3948
5079 66.3948
5080 66.3948
5081 66.3948
5082 66.3948
5083 66.3948
5084 66.3948
5085 66.3948
5086 66.3948
5087 66.3948
5088 66.3948
5089 66.3948
5090 66.3948
5091 66.3948
5092 66.3948
5093 66.3948
5094 66.3948
5095 66.3948
5096 66.3948
5097 66.3948
5098 66.3948
5099 66.3948
5100 66.3948
5101 66.3948
5102 66.3948
5103 66.3948
5104 66.3948
5105 66.3948
5106 66.3948
5107 66.3948
5108 66.3948
5109 66.3948
5110 66.3948
5111 66.3948
5112 66.3948
5113 66.3948
5114 66.3948
5115 66.3948
5116 66.3948
5117 66.3948
5118 66.3948
5119 66.3948
5120 66.3948
5121 66.3948
5122 66.3948
5123 66.3948
5124 66.3948
5125 66.3948
5126 66.3948
5127 66.3948
5128 66.3948
5129 66.3948
5130 66.3948
5131 66.3948
5132 66.3948
5133 66.3948
5134 66.3948
5135 66.3948
5136 66.3948
5137 66.3948
5138 66.3948
5139 66.3948
5140 66.3948
5141 66.3948
5142 66.3948
5143 66.3948
5144 66.3948
5145 66.3948
5146 66.3948
5147 66.3948
5148 66.3948
5149 66.3948
5150 66.3948
5151 66.3948
5152 66.3948
5153 66.3948
5154 66.3948
5155 66.3948
5156 66.3948
5157 66.3948
5158 66.3948
5159 66.3948
5160 66.3948
5161 66.3948
5162 66.3948
5163 66.3948
5164 66.3948
5165 66.3948
5166 66.3948
5167 66.3948
5168 66.3948
5169 66.3948
5170 66.3948
5171 66.3948
5172 66.3948
5173 66.3948
5174 66.3948
5175 66.3948
5176 66.3948
5177 66.3948
5178 66.3948
5179 66.3948
5180 66.3948
5181 66.3948
5182 66.3948
5183 66.3948
5184 66.3948
5185 66.3948
5186 66.3948
5187 66.3948
5188 66.3948
5189 66.3948
5190 66.3948
5191 66.3948
5192 66.3948
5193 66.3948
5194 66.3948
5195 66.3948
5196 66.3948
5197 66.3948
5198 66.3948
5199 66.3948
5200 66.3948
5201 66.3948
5202 66.3948
5203 66.3948
5204 66.3948
5205 66.3948
5206 66.3948
5207 66.3948
5208 66.3948
5209 66.3948
5210 66.3948
5211 66.3948
5212 66.3948
5213 66.3948
5214 66.3948
5215 66.3948
5216 66.3948
5217 66.3948
5218 66.3948
5219 66.3948
5220 66.3948
5221 66.3948
5222 66.3948
5223 66.3948
5224 66.3948
5225 66.3948
5226 66.3948
5227 66.3948
5228 66.3948
5229 66.3948
5230 66.3948
5231 66.3948
5232 66.3948
5233 66.3948
5234 66.3948
5235 66.3948
5236 66.3948
5237 66.3948
5238 66.3948
5239 66.3948
5240 66.3948
5241 66.3948
5242 66.3948
5243 66.3948
5244 66.3948
5245 66.3948
5246 66.3948
5247 66.3948
5248 66.3948
5249 66.3948
5250 66.3948
5251 66.3948
5252 66.3948
5253 66.3948
5254 66.3948
5255 66.3948
5256 66.3948
5257 66.3948
5258 66.3948
5259 66.3948
5260 66.3948
5261 66.3948
5262 66.3948
5263 66.3948
5264 66.3948
5265 66.3948
5266 66.3948
5267 66.3948
5268 66.3948
5269 66.3948
5270 66.3948
5271 66.3948
5272 66.3948
5273 66.3948
5274 66.3948
5275 66.3948
5276 66.3948
5277 66.3948
5278 66.3948
5279 66.3948
5280 66.3948
5281 66.3948
5282 66.3948
5283 66.3948
5284 66.3948
5285 66.3948
5286 66.3948
5287 66.3948
5288 66.3948
5289 66.3948
5290 66.3948
5291 66.3948
5292 66.3948
5293 66.3948
5294 66.3948
5295 66.3948
5296 66.3948
5297 66.3948
5298 66.3948
5299 66.3948
5300 66.3948
5301 66.3948
5302 66.3948
5303 66.3948
5304 66.3948
5305 66.3948
5306 66.3948
5307 66.3948
5308 66.3948
5309 66.3948
5310 66.3948
5311 66.3948
5312 66.3948
5313 66.3948
5314 66.3948
5315 66.3948
5316 66.3948
5317 66.3948
5318 66.3948
5319 66.3948
5320 66.3948
5321 66.3948
5322 66.3948
5323 66.3948
5324 66.3948
5325 66.3948
5326 66.3948
5327 66.3948
5328 66.3948
5329 66.3948
5330 66.3948
5331 66.3948
5332 66.3948
5333 66.3948
5334 66.3948
5335 66.3948
5336 66.3948
5337 66.3948
5338 66.3948
5339 66.3948
5340 66.3948
5341 66.3948
5342 66.3948
5343 66.3948
5344 66.3948
5345 66.3948
5346 66.3948
5347 66.3948
5348 66.3948
5349 66.3948
5350 66.3948
5351 66.3948
5352 66.3948
5353 66.3948
5354 66.3948
5355 66.3948
5356 66.3948
5357 66.3948
5358 66.3948
5359 66.3948
5360 66.3948
5361 66.3948
5362 66.3948
5363 66.3948
5364 66.3948
5365 66.3948
5366 66.3948
5367 66.3948
5368 66.3948
5369 66.3948
5370 66.3948
5371 66.3948
5372 66.3948
5373 66.3948
5374 66.3948
5375 66.3948
5376 66.3948
5377 66.3948
5378 66.3948
5379 66.3948
5380 66.3948
5381 66.3948
5382 66.3948
5383 66.3948
5384 66.3948
5385 66.3948
5386 66.3948
5387 66.3948
5388 66.3948
5389 66.3948
5390 66.3948
5391 66.3948
5392 66.3948
5393 66.3948
5394 66.3948
5395 66.3948
5396 66.3948
5397 66.3948
5398 66.3948
5399 66.3948
5400 66.3948
5401 66.3948
5402 66.3948
5403 66.3948
5404 66.3948
5405 66.3948
5406 66.3948
5407 66.3948
5408 66.3948
5409 66.3948
5410 66.3948
5411 66.3948
5412 66.3948
5413 66.3948
5414 66.3948
5415 66.3948
5416 66.3948
5417 66.3948
5418 66.3948
5419 66.3948
5420 66.3948
5421 66.3948
5422 66.3948
5423 66.3948
5424 66.3948
5425 66.3948
5426 66.3948
5427 66.3948
5428 66.3948
5429 66.3948
5430 66.3948
5431 66.3948
5432 66.3948
5433 66.3948
5434 66.3948
5435 66.3948
5436 66.3948
5437 66.3948
5438 66.3948
5439 66.3948
5440 66.3948
5441 66.3948
5442 66.3948
5443 66.3948
5444 66.3948
5445 66.3948
5446 66.3948
5447 66.3948
5448 66.3948
5449 66.3948
5450 66.3948
5451 66.3948
5452 66.3948
5453 66.3948
5454 66.3948
5455 66.3948
5456 66.3948
5457 66.3948
5458 66.3948
5459 66.3948
5460 66.3948
5461 66.3948
5462 66.3948
5463 66.3948
5464 66.3948
5465 66.3948
5466 66.3948
5467 66.3948
5468 66.3948
5469 66.3948
5470 66.3948
5471 66.3948
5472 66.3948
5473 66.3948
5474 66.3948
5475 66.3948
5476 66.3948
5477 66.3948
5478 66.3948
5479 66.3948
5480 66.3948
5481 66.3948
5482 66.3948
5483 66.3948
5484 66.3948
5485 66.3948
5486 66.3948
5487 66.3948
5488 66.3948
5489 66.3948
5490 66.3948
5491 66.3948
5492 66.3948
5493 66.3948
5494 66.3948
5495 66.3948
5496 66.3948
5497 66.3948
5498 66.3948
5499 66.3948
5500 66.3948
5501 66.3948
5502 66.3948
5503 66.3948
5504 66.3948
5505 66.3948
5506 66.3948
5507 66.3948
5508 66.3948
5509 66.3948
5510 66.3948
5511 66.3948
5512 66.3948
5513 66.3948
5514 66.3948
5515 66.3948
5516 66.3948
5517 66.3948
5518 66.3948
5519 66.3948
5520 66.3948
5521 66.3948
5522 66.3948
5523 66.3948
5524 66.3948
5525 66.3948
5526 66.3948
5527 66.3948
5528 66.3948
5529 66.3948
5530 66.3948
5531 66.3948
5532 66.3948
5533 66.3948
5534 66.3948
5535 66.3948
5536 66.3948
5537 66.3948
5538 66.3948
5539 66.3948
5540 66.3948
5541 66.3948
5542 66.3948
5543 66.3948
5544 66.3948
5545 66.3948
5546 66.3948
5547 66.3948
5548 66.3948
5549 66.3948
5550 66.3948
5551 66.3948
5552 66.3948
5553 66.3948
5554 66.3948
5555 66.3948
5556 66.3948
5557 66.3948
5558 66.3948
5559 66.3948
5560 66.3948
5561 66.3948
5562 66.3948
5563 66.3948
5564 66.3948
5565 66.3948
5566 66.3948
5567 66.3948
5568 66.3948
5569 66.3948
5570 66.3948
5571 66.3948
5572 66.3948
5573 66.3948
5574 66.3948
5575 66.3948
5576 66.3948
5577 66.3948
5578 66.3948
5579 66.3948
5580 66.3948
5581 66.3948
5582 66.3948
5583 66.3948
5584 66.3948
5585 66.3948
5586 66.3948
5587 66.3948
5588 66.3948
5589 66.3948
5590 66.3948
5591 66.3948
5592 66.3948
5593 66.3948
5594 66.3948
5595 66.3948
5596 66.3948
5597 66.3948
5598 66.3948
5599 66.3948
5600 66.3948
5601 66.3948
5602 66.3948
5603 66.3948
5604 66.3948
5605 66.3948
5606 66.3948
5607 66.3948
5608 66.3948
5609 66.3948
5610 66.3948
5611 66.3948
5612 66.3948
5613 66.3948
5614 66.3948
5615 66.3948
5616 66.3948
5617 66.3948
5618 66.3948
5619 66.3948
5620 66.3948
5621 66.3948
5622 66.3948
5623 66.3948
5624 66.3948
5625 66.3948
5626 66.3948
5627 66.3948
5628 66.3948
5629 66.3948
5630 66.3948
5631 66.3948
5632 66.3948
5633 66.3948
5634 66.3948
5635 66.3948
5636 66.3948
5637 66.3948
5638 66.3948
5639 66.3948
5640 66.3948
5641 66.3948
5642 66.3948
5643 66.3948
5644 66.3948
5645 66.3948
5646 66.3948
5647 66.3948
5648 66.3948
5649 66.3948
5650 66.3948
5651 66.3948
5652 66.3948
5653 66.3948
5654 66.3948
5655 66.3948
5656 66.3948
5657 66.3948
5658 66.3948
5659 66.3948
5660 66.3948
5661 66.3948
5662 66.3948
5663 66.3948
5664 66.3948
5665 66.3948
5666 66.3948
5667 66.3948
5668 66.3948
5669 66.3948
5670 66.3948
5671 66.3948
5672 66.3948
5673 66.3948
5674 66.3948
5675 66.3948
5676 66.3948
5677 66.3948
5678 66.3948
5679 66.3948
5680 66.3948
5681 66.3948
5682 66.3948
5683 66.3948
5684 66.3948
5685 66.3948
5686 66.3948
5687 66.3948
5688 66.3948
5689 66.3948
5690 66.3948
5691 66.3948
5692 66.3948
5693 66.3948
5694 66.3948
5695 66.3948
5696 66.3948
5697 66.3948
5698 66.3948
5699 66.3948
5700 66.3948
5701 66.3948
5702 66.3948
5703 66.3948
5704 66.3948
5705 66.3948
5706 66.3948
5707 66.3948
5708 66.3948
5709 66.3948
5710 66.3948
5711 66.3948
5712 66.3948
5713 66.3948
5714 66.3948
5715 66.3948
5716 66.3948
5717 66.3948
5718 66.3948
5719 66.3948
5720 66.3948
5721 66.3948
5722 66.3948
5723 66.3948
5724 66.3948
5725 66.3948
5726 66.3948
5727 66.3948
5728 66.3948
5729 66.3948
5730 66.3948
5731 66.3948
5732 66.3948
5733 66.3948
5734 66.3948
5735 66.3948
5736 66.3948
5737 66.3948
5738 66.3948
5739 66.3948
5740 66.3948
5741 66.3948
5742 66.3948
5743 66.3948
5744 66.3948
5745 66.3948
5746 66.3948
5747 66.3948
5748 66.3948
5749 66.3948
5750 66.3948
5751 66.3948
5752 66.3948
5753 66.3948
5754 66.3948
5755 66.3948
5756 66.3948
5757 66.3948
5758 66.3948
5759 66.3948
5760 66.3948
5761 66.3948
5762 66.3948
5763 66.3948
5764 66.3948
5765 66.3948
5766 66.3948
5767 66.3948
5768 66.3948
5769 66.3948
5770 66.3948
5771 66.3948
5772 66.3948
5773 66.3948
5774 66.3948
5775 66.3948
5776 66.3948
5777 66.3948
5778 66.3948
5779 66.3948
5780 66.3948
5781 66.3948
5782 66.3948
5783 66.3948
5784 66.3948
5785 66.3948
5786 66.3948
5787 66.3948
5788 66.3948
5789 66.3948
5790 66.3948
5791 66.3948
5792 66.3948
5793 66.3948
5794 66.3948
5795 66.3948
5796 66.3948
5797 66.3948
5798 66.3948
5799 66.3948
5800 66.3948
5801 66.3948
5802 66.3948
5803 66.3948
5804 66.3948
5805 66.3948
5806 66.3948
5807 66.3948
5808 66.3948
5809 66.3948
5810 66.3948
5811 66.3948
5812 66.3948
5813 66.3948
5814 66.3948
5815 66.3948
5816 66.3948
5817 66.3948
5818 66.3948
5819 66.3948
5820 66.3948
5821 66.3948
5822 66.3948
5823 66.3948
5824 66.3948
5825 66.3948
5826 66.3948
5827 66.3948
5828 66.3948
5829 66.3948
5830 66.3948
5831 66.3948
5832 66.3948
5833 66.3948
5834 66.3948
5835 66.3948
5836 66.3948
5837 66.3948
5838 66.3948
5839 66.3948
5840 66.3948
5841 66.3948
5842 66.3948
5843 66.3948
5844 66.3948
5845 66.3948
5846 66.3948
5847 66.3948
5848 66.3948
5849 66.3948
5850 66.3948
5851 66.3948
5852 66.3948
5853 66.3948
5854 66.3948
5855 66.3948
5856 66.3948
5857 66.3948
5858 66.3948
5859 66.3948
5860 66.3948
5861 66.3948
5862 66.3948
5863 66.3948
5864 66.3948
5865 66.3948
5866 66.3948
5867 66.3948
5868 66.3948
5869 66.3948
5870 66.3948
5871 66.3948
5872 66.3948
5873 66.3948
5874 66.3948
5875 66.3948
5876 66.3948
5877 66.3948
5878 66.3948
5879 66.3948
5880 66.3948
5881 66.3948
5882 66.3948
5883 66.3948
5884 66.3948
5885 66.3948
5886 66.3948
5887 66.3948
5888 66.3948
5889 66.3948
5890 66.3948
5891 66.3948
5892 66.3948
5893 66.3948
5894 66.3948
5895 66.3948
5896 66.3948
5897 66.3948
5898 66.3948
5899 66.3948
5900 66.3948
5901 66.3948
5902 66.3948
5903 66.3948
5904 66.3948
5905 66.3948
5906 66.3948
5907 66.3948
5908 66.3948
5909 66.3948
5910 66.3948
5911 66.3948
5912 66.3948
5913 66.3948
5914 66.3948
5915 66.3948
5916 66.3948
5917 66.3948
5918 66.3948
5919 66.3948
5920 66.3948
5921 66.3948
5922 66.3948
5923 66.3948
5924 66.3948
5925 66.3948
5926 66.3948
5927 66.3948
5928 66.3948
5929 66.3948
5930 66.3948
5931 66.3948
5932 66.3948
5933 66.3948
5934 66.3948
5935 66.3948
5936 66.3948
5937 66.3948
5938 66.3948
5939 66.3948
5940 66.3948
5941 66.3948
5942 66.3948
5943 66.3948
5944 66.3948
5945 66.3948
5946 66.3948
5947 66.3948
5948 66.3948
5949 66.3948
5950 66.3948
5951 66.3948
5952 66.3948
5953 66.3948
5954 66.3948
5955 66.3948
5956 66.3948
5957 66.3948
5958 66.3948
5959 66.3948
5960 66.3948
5961 66.3948
5962 66.3948
5963 66.3948
5964 66.3948
5965 66.3948
5966 66.3948
5967 66.3948
5968 66.3948
5969 66.3948
5970 66.3948
5971 66.3948
5972 66.3948
5973 66.3948
5974 66.3948
5975 66.3948
5976 66.3948
5977 66.3948
5978 66.3948
5979 66.3948
5980 66.3948
5981 66.3948
5982 66.3948
5983 66.3948
5984 66.3948
5985 66.3948
5986 66.3948
5987 66.3948
5988 66.3948
5989 66.3948
5990 66.3948
5991 66.3948
5992 66.3948
5993 66.3948
5994 66.3948
5995 66.3948
5996 66.3948
5997 66.3948
5998 66.3948
5999 66.3948
6000 66.3948
