1 420.931
2 417.48
3 407.05
4 399.499
5 375.149
6 375.149
7 374.713
8 361.934
9 355.574
10 355.574
11 355.427
12 351.141
13 338.258
14 337.901
15 338.166
16 336.444
17 332.395
18 327.053
19 314.454
20 313.106
21 312.247
22 312.247
23 308.411
24 308.411
25 308.411
26 305.939
27 294.039
28 294.039
29 290.854
30 287.215
31 284.749
32 287.448
33 282.899
34 278.745
35 273.141
36 273.141
37 272.692
38 269.496
39 269.496
40 269.372
41 253.532
42 252.017
43 252.017
44 251.139
45 251.139
46 251.139
47 248.634
48 248.634
49 244.857
50 244.857
51 244.174
52 238.236
53 234.006
54 234.006
55 234.006
56 234.006
57 227.828
58 222.437
59 220.957
60 220.957
61 220.575
62 220.449
63 220.449
64 220.449
65 219.267
66 212.273
67 212.273
68 210.187
69 206.053
70 206.053
71 204.535
72 204.016
73 203.284
74 203.284
75 202.199
76 200.102
77 200.102
78 199.765
79 198.056
80 198.056
81 198.056
82 195.273
83 195.273
84 188.743
85 188.743
86 188.591
87 187.207
88 187.207
89 186.085
90 186.085
91 184.034
92 184.034
93 184.034
94 181.587
95 181.01
96 182.718
97 181.587
98 180.327
99 180.327
100 180.219
101 180.008
102 179.573
103 178.948
104 177.557
105 176.079
106 175.653
107 176.079
108 176.079
109 175.688
110 175.688
111 175.688
112 172.975
113 172.975
114 172.975
115 172.797
116 172.797
117 172.797
118 172.797
119 168.983
120 168.983
121 168.983
122 168.983
123 168.983
124 168.983
125 168.983
126 168.983
127 168.983
128 168.983
129 168.983
130 168.983
131 168.822
132 168.822
133 168.822
134 168.764
135 168.822
136 165.805
137 165.805
138 165.805
139 165.805
140 165.805
141 165.805
142 165.805
143 164.3
144 164.3
145 164.3
146 163.648
147 163.588
148 162.701
149 162.701
150 162.701
151 162.701
152 162.143
153 161.916
154 161.916
155 161.25
156 161.25
157 161.25
158 160.991
159 158.952
160 155.793
161 156.663
162 156.663
163 156.663
164 156.663
165 156.663
166 156.663
167 156.421
168 156.421
169 155.846
170 155.656
171 155.519
172 155.519
173 155.519
174 155.519
175 154.628
176 154.628
177 153.914
178 150.509
179 149.562
180 149.562
181 149.562
182 149.562
183 147.528
184 145.975
185 146.922
186 146.922
187 145.695
188 145.695
189 143.375
190 143.375
191 143.232
192 138.688
193 138.688
194 138.688
195 137.741
196 137.741
197 137.741
198 137.741
199 136.922
200 136.922
201 136.451
202 136.305
203 136.305
204 136.305
205 136.305
206 136.305
207 134.868
208 134.868
209 134.868
210 134.868
211 134.868
212 133.578
213 133.578
214 133.578
215 133.578
216 133.578
217 132.58
218 132.286
219 132.286
220 132.286
221 131.815
222 131.815
223 131.815
224 131.815
225 131.815
226 130.614
227 130.614
228 130.136
229 128.838
230 129.317
231 129.317
232 129.317
233 129.317
234 129.317
235 129.317
236 128.891
237 128.007
238 128.007
239 127.5
240 127.145
241 126.822
242 126.822
243 126.822
244 126.822
245 126.822
246 126.503
247 126.503
248 126.503
249 126.503
250 126.503
251 126.503
252 126.503
253 126.503
254 126.503
255 126.503
256 126.503
257 126.503
258 126.503
259 126.503
260 126.503
261 126.503
262 126.503
263 126.503
264 126.503
265 126.503
266 126.503
267 126.227
268 125.194
269 125.194
270 125.194
271 125.194
272 125.194
273 124.748
274 124.748
275 124.748
276 124.119
277 124.119
278 124.119
279 124.119
280 124.078
281 124.078
282 124.078
283 122.616
284 122.616
285 122.616
286 122.616
287 121.849
288 121.849
289 121.849
290 121.849
291 121.849
292 121.203
293 121.203
294 120.119
295 119.8
296 119.8
297 119.8
298 119.8
299 119.8
300 119.8
301 119.731
302 119.731
303 119.731
304 119.731
305 119.731
306 119.712
307 119.712
308 119.712
309 118.598
310 118.598
311 118.39
312 118.39
313 118.39
314 118.39
315 118.39
316 118.39
317 118.39
318 118.39
319 118.39
320 118.39
321 118.39
322 118.39
323 117.603
324 117.603
325 117.603
326 117.603
327 117.603
328 117.006
329 117.006
330 117.603
331 117.603
332 117.275
333 117.275
334 117.275
335 117.275
336 116.995
337 116.995
338 116.995
339 116.995
340 116.961
341 116.95
342 116.95
343 116.95
344 115.116
345 115.116
346 113.956
347 113.956
348 113.811
349 113.811
350 113.811
351 113.811
352 113.811
353 113.811
354 113.811
355 113.811
356 113.811
357 113.811
358 113.811
359 113.811
360 113.425
361 113.425
362 113.425
363 113.425
364 113.424
365 113.424
366 113.424
367 113.038
368 113.038
369 113.038
370 113.038
371 113.038
372 113.038
373 113.038
374 113.038
375 113.038
376 113.038
377 113.038
378 113.038
379 112.103
380 112.103
381 112.103
382 112.103
383 112.103
384 112.046
385 112.046
386 112.046
387 112.046
388 112.046
389 112.046
390 112.043
391 111.321
392 111.065
393 111.065
394 111.065
395 111.065
396 111.065
397 110.156
398 110.156
399 110.156
400 109.954
401 109.954
402 109.954
403 109.954
404 109.954
405 109.954
406 109.602
407 109.602
408 109.602
409 109.602
410 109.288
411 108.649
412 108.649
413 108.55
414 108.55
415 108.55
416 108.649
417 108.649
418 108.649
419 107.882
420 107.882
421 107.882
422 107.783
423 107.783
424 107.552
425 107.552
426 107.552
427 106.893
428 106.893
429 106.893
430 106.893
431 106.893
432 106.893
433 106.893
434 106.893
435 106.794
436 106.65
437 106.65
438 106.196
439 106.196
440 106.196
441 106.196
442 106.196
443 106.196
444 106.196
445 106.097
446 106.097
447 104.577
448 106.196
449 105.752
450 105.654
451 105.654
452 105.654
453 105.654
454 104.948
455 104.948
456 104.948
457 104.948
458 104.948
459 104.948
460 104.948
461 104.948
462 104.948
463 104.948
464 104.948
465 104.948
466 104.948
467 104.948
468 104.948
469 104.038
470 104.948
471 104.948
472 104.762
473 104.762
474 104.762
475 104.762
476 104.649
477 104.197
478 104.649
479 104.649
480 104.649
481 104.649
482 102.294
483 102.294
484 102.294
485 102.294
486 102.294
487 102.294
488 102.294
489 102.294
490 102.294
491 102.294
492 102.294
493 102.202
494 102.202
495 102.202
496 102.202
497 102.202
498 101.764
499 101.764
500 101.764
501 101.764
502 101.764
503 101.764
504 101.764
505 101.764
506 101.764
507 101.764
508 101.764
509 101.764
510 101.764
511 101.764
512 101.764
513 101.764
514 101.353
515 101.353
516 101.353
517 101.353
518 101.353
519 101.353
520 101.353
521 101.353
522 101.353
523 101.353
524 101.353
525 101.353
526 101.353
527 101.353
528 100.891
529 100.891
530 100.891
531 100.891
532 100.891
533 100.891
534 100.891
535 100.891
536 100.891
537 100.891
538 100.891
539 100.863
540 100.863
541 100.863
542 100.863
543 100.863
544 100.863
545 100.863
546 100.408
547 100.408
548 100.408
549 100.408
550 100.408
551 100.408
552 100.408
553 100.408
554 100.408
555 100.182
556 100.182
557 99.9413
558 99.8292
559 99.8292
560 99.8292
561 93.4576
562 93.8054
563 93.8054
564 93.8054
565 93.8054
566 93.8054
567 93.8054
568 93.8054
569 93.8054
570 93.8054
571 93.8054
572 93.8054
573 93.8054
574 93.8054
575 93.8054
576 93.8054
577 93.8054
578 93.6763
579 93.6763
580 93.6763
581 93.6763
582 93.5455
583 93.5455
584 93.5455
585 93.5455
586 93.5455
587 93.5455
588 93.2604
589 93.2604
590 93.2604
591 93.2604
592 93.0601
593 92.8001
594 92.8001
595 92.8001
596 92.8001
597 92.671
598 92.1106
599 92.1106
600 92.1106
601 91.9815
602 91.9815
603 91.9815
604 91.9815
605 91.2671
606 91.2671
607 91.2671
608 90.8844
609 91.2386
610 91.2386
611 91.2386
612 90.5242
613 90.5242
614 91.0204
615 90.5242
616 90.5242
617 90.5242
618 90.5242
619 90.5242
620 90.5242
621 90.5242
622 90.5242
623 90.5242
624 90.5242
625 90.4029
626 90.4029
627 90.1193
628 90.1193
629 90.1193
630 90.1193
631 90.1193
632 90.1193
633 90.1193
634 90.1193
635 90.1193
636 90.1193
637 89.998
638 89.998
639 89.998
640 89.998
641 89.998
642 89.998
643 89.998
644 89.998
645 89.998
646 89.998
647 89.998
648 89.998
649 89.998
650 89.998
651 89.998
652 89.998
653 89.938
654 89.938
655 89.938
656 89.9305
657 89.9058
658 89.9058
659 89.9058
660 89.9058
661 89.8213
662 89.8213
663 88.9206
664 88.9206
665 88.9206
666 88.9206
667 88.8606
668 88.836
669 88.836
670 88.836
671 88.836
672 88.836
673 88.836
674 88.7787
675 88.7787
676 88.7787
677 88.7787
678 88.7787
679 88.7787
680 87.538
681 87.4535
682 87.4535
683 87.3961
684 87.3961
685 87.3961
686 87.3961
687 87.3961
688 87.3961
689 87.3961
690 87.3961
691 87.3961
692 87.3961
693 87.3961
694 87.3961
695 87.3961
696 87.3961
697 87.3961
698 87.3961
699 87.3961
700 87.1037
701 87.1037
702 87.1037
703 87.1037
704 87.1037
705 87.1037
706 87.1037
707 87.1037
708 87.1037
709 87.1037
710 87.1037
711 87.1037
712 87.1037
713 87.1037
714 87.1037
715 87.1037
716 87.1037
717 87.1037
718 86.9423
719 86.9423
720 86.9423
721 86.9423
722 86.9423
723 86.819
724 86.819
725 86.6576
726 86.6576
727 86.6576
728 86.6475
729 86.6475
730 86.6475
731 86.6475
732 86.6475
733 86.6475
734 86.6475
735 86.6475
736 86.5406
737 86.6475
738 86.6475
739 86.3628
740 86.3628
741 86.3628
742 86.3628
743 86.3628
744 86.3628
745 86.3628
746 86.3628
747 86.0224
748 86.0224
749 85.6832
750 85.6832
751 85.6832
752 85.6832
753 85.6832
754 85.6832
755 85.6832
756 85.6832
757 85.6832
758 85.6832
759 85.6832
760 85.6832
761 85.6832
762 85.6832
763 85.6832
764 85.6832
765 85.6832
766 85.6832
767 85.6832
768 85.2104
769 85.2104
770 85.2104
771 84.9505
772 84.9505
773 84.9505
774 84.7181
775 84.9505
776 84.9505
777 84.9505
778 84.9505
779 84.6461
780 84.6461
781 84.6461
782 84.6461
783 84.6461
784 84.1666
785 84.1666
786 83.8457
787 83.8457
788 83.8457
789 83.8457
790 83.8457
791 83.7946
792 83.582
793 83.582
794 82.5754
795 82.5754
796 82.5754
797 81.4591
798 81.4591
799 81.4591
800 81.4591
801 81.4591
802 81.4591
803 81.4591
804 81.4591
805 81.4591
806 81.4591
807 81.4591
808 81.4591
809 81.4591
810 81.1028
811 81.1028
812 81.1028
813 81.1028
814 81.1028
815 80.5475
816 80.5475
817 80.5475
818 80.5475
819 80.5475
820 80.5475
821 80.5475
822 80.5475
823 80.5475
824 80.5475
825 80.5475
826 80.5475
827 80.5475
828 80.5475
829 80.5475
830 80.5475
831 80.5475
832 80.5475
833 80.5475
834 80.5475
835 80.5475
836 80.5475
837 80.5475
838 80.5475
839 80.5475
840 80.5475
841 80.5475
842 80.5475
843 80.5475
844 80.5475
845 80.5475
846 80.5475
847 80.5475
848 80.5475
849 80.5475
850 80.5475
851 80.5475
852 80.5475
853 80.5475
854 80.5475
855 80.5475
856 80.5475
857 80.1281
858 80.1281
859 80.1281
860 80.1281
861 80.1281
862 80.1281
863 80.1281
864 80.1281
865 80.1281
866 80.1281
867 80.1281
868 80.1281
869 80.1281
870 80.1281
871 80.1281
872 80.1281
873 80.1281
874 80.1281
875 80.1281
876 80.1281
877 80.1281
878 80.1281
879 80.1281
880 80.1281
881 80.1281
882 80.1281
883 80.1281
884 80.1281
885 80.1281
886 80.1281
887 80.1281
888 80.1281
889 80.1281
890 80.1281
891 80.1281
892 80.1281
893 80.1281
894 80.1281
895 80.1281
896 80.1281
897 80.1281
898 80.1281
899 80.1281
900 80.1281
901 80.1281
902 80.1281
903 80.1281
904 80.1281
905 80.1281
906 80.1281
907 80.1281
908 80.1281
909 80.1281
910 80.1281
911 80.1281
912 80.1281
913 80.1281
914 80.1281
915 80.1281
916 80.1281
917 80.1281
918 80.1281
919 80.1281
920 80.1281
921 80.1281
922 80.1281
923 80.1281
924 80.1281
925 80.1281
926 80.1281
927 79.9493
928 79.9493
929 79.9493
930 79.9493
931 79.9483
932 79.9483
933 79.9483
934 79.9483
935 79.9483
936 79.9483
937 79.9483
938 79.9483
939 79.9483
940 79.9136
941 79.9136
942 79.9136
943 79.9136
944 79.9136
945 79.9136
946 79.9136
947 79.9136
948 79.9136
949 79.9136
950 79.9136
951 79.9136
952 79.9136
953 79.9136
954 79.9136
955 79.9136
956 79.9136
957 79.9136
958 79.9136
959 79.9136
960 79.9136
961 79.9136
962 79.9136
963 79.9136
964 79.9136
965 79.9136
966 79.9136
967 79.9136
968 79.9136
969 79.9136
970 79.9136
971 79.9136
972 79.9136
973 79.9136
974 79.9136
975 79.9136
976 79.9136
977 79.9136
978 79.9136
979 79.9136
980 79.9136
981 79.9136
982 79.9136
983 79.9136
984 79.9136
985 79.9136
986 79.9136
987 79.4248
988 79.4248
989 79.4248
990 79.4248
991 79.4248
992 79.4248
993 79.4248
994 79.4248
995 79.4248
996 79.4248
997 79.4248
998 79.4248
999 79.4248
1000 79.4248
1001 78.6737
1002 78.6737
1003 78.6737
1004 78.6737
1005 78.6737
1006 78.6737
1007 78.6737
1008 78.6737
1009 78.6737
1010 78.6737
1011 78.6737
1012 78.6737
1013 78.6737
1014 78.6737
1015 78.6737
1016 78.6737
1017 78.4949
1018 78.4949
1019 78.4949
1020 78.2935
1021 78.2935
1022 78.2935
1023 78.2935
1024 78.2935
1025 78.1147
1026 78.1147
1027 78.1147
1028 78.1147
1029 78.1147
1030 78.1147
1031 78.1147
1032 78.1147
1033 78.1147
1034 78.1147
1035 78.1147
1036 78.1147
1037 78.1147
1038 77.9977
1039 77.9977
1040 77.9977
1041 77.9977
1042 77.9977
1043 77.9977
1044 77.8326
1045 77.8326
1046 77.8326
1047 77.8326
1048 77.8326
1049 77.8326
1050 77.8326
1051 77.8326
1052 77.8326
1053 77.8326
1054 77.8326
1055 77.8326
1056 77.8326
1057 77.8326
1058 77.8326
1059 77.8326
1060 77.8326
1061 77.8326
1062 77.8326
1063 77.8326
1064 77.8326
1065 77.8326
1066 77.8326
1067 77.8326
1068 77.8326
1069 77.8326
1070 77.8326
1071 77.8326
1072 77.8326
1073 77.8326
1074 77.8326
1075 77.8326
1076 77.8326
1077 77.5586
1078 77.5042
1079 77.5042
1080 77.5042
1081 77.5042
1082 77.2302
1083 77.2302
1084 77.2302
1085 77.2302
1086 77.2302
1087 77.2302
1088 77.2302
1089 77.2302
1090 77.2302
1091 77.2302
1092 77.2302
1093 77.2302
1094 76.8954
1095 76.8954
1096 76.8954
1097 76.8954
1098 76.8954
1099 76.8954
1100 76.8954
1101 76.8954
1102 76.8954
1103 76.8954
1104 76.8954
1105 76.8954
1106 76.8954
1107 76.8954
1108 76.8954
1109 76.8954
1110 76.8954
1111 76.8954
1112 76.8954
1113 76.8954
1114 76.8954
1115 76.8954
1116 76.8954
1117 76.8954
1118 76.8954
1119 76.8954
1120 76.8954
1121 76.8954
1122 76.8954
1123 76.8954
1124 76.8954
1125 76.8954
1126 76.8954
1127 76.8954
1128 76.8954
1129 76.8954
1130 76.8954
1131 76.8954
1132 76.8954
1133 76.8954
1134 76.2619
1135 76.2619
1136 76.2619
1137 76.2619
1138 76.2619
1139 76.2619
1140 76.2619
1141 76.2619
1142 75.9712
1143 75.9712
1144 75.9712
1145 75.9712
1146 75.9712
1147 75.9712
1148 75.9712
1149 75.9712
1150 75.9712
1151 75.5626
1152 75.5626
1153 75.5626
1154 75.5626
1155 75.5626
1156 75.5626
1157 75.5626
1158 75.5626
1159 75.5626
1160 75.5626
1161 75.5626
1162 75.5626
1163 75.5626
1164 75.5626
1165 75.5626
1166 75.5626
1167 75.5626
1168 75.5626
1169 75.5626
1170 75.5626
1171 75.5626
1172 75.5626
1173 75.5626
1174 75.5626
1175 75.5626
1176 75.5168
1177 75.5168
1178 75.5168
1179 75.5168
1180 75.5168
1181 75.5168
1182 75.5168
1183 75.5168
1184 75.5168
1185 75.5168
1186 75.5168
1187 75.5168
1188 75.5168
1189 75.5168
1190 75.5168
1191 75.5168
1192 75.5168
1193 75.5168
1194 75.5168
1195 75.5168
1196 75.5168
1197 75.5168
1198 75.5168
1199 75.5168
1200 75.5168
1201 75.5168
1202 75.5168
1203 75.5168
1204 75.5168
1205 75.5168
1206 75.5168
1207 75.5168
1208 75.5168
1209 75.5168
1210 75.5168
1211 75.5168
1212 75.5168
1213 75.5168
1214 75.5168
1215 75.5168
1216 75.5168
1217 75.5168
1218 75.5168
1219 75.5168
1220 75.5168
1221 75.5168
1222 75.5168
1223 75.5168
1224 75.5168
1225 75.5168
1226 75.5168
1227 75.5168
1228 75.4371
1229 75.4371
1230 75.4371
1231 75.4371
1232 75.4371
1233 75.4371
1234 75.4371
1235 75.4371
1236 73.7719
1237 74.5478
1238 73.7719
1239 73.7719
1240 73.7719
1241 73.7719
1242 73.7719
1243 73.7719
1244 73.7719
1245 73.7719
1246 73.7719
1247 73.5616
1248 73.5616
1249 73.5616
1250 73.5616
1251 73.5616
1252 73.5616
1253 73.5616
1254 73.5616
1255 73.5616
1256 73.5616
1257 73.5616
1258 73.5616
1259 73.5616
1260 73.5616
1261 73.5616
1262 73.5616
1263 73.5616
1264 73.5616
1265 73.5616
1266 73.5616
1267 73.5616
1268 73.5616
1269 73.5616
1270 73.5616
1271 73.5616
1272 73.5616
1273 73.5616
1274 73.5616
1275 73.5616
1276 73.5616
1277 73.5616
1278 73.5616
1279 73.5616
1280 73.5616
1281 73.5616
1282 73.5616
1283 73.5616
1284 73.5616
1285 73.5616
1286 73.5616
1287 73.5616
1288 73.5616
1289 73.5616
1290 73.5616
1291 73.2815
1292 73.2815
1293 73.2815
1294 73.2815
1295 73.2815
1296 73.2815
1297 73.2815
1298 73.2815
1299 73.2815
1300 73.2815
1301 73.2815
1302 73.2815
1303 73.2815
1304 73.2815
1305 73.2815
1306 73.2815
1307 73.2815
1308 73.2815
1309 73.2815
1310 73.2815
1311 73.2815
1312 73.2815
1313 73.2815
1314 73.2815
1315 73.2815
1316 73.2815
1317 73.2815
1318 73.2815
1319 73.2815
1320 73.2815
1321 73.2815
1322 73.2815
1323 73.2815
1324 73.2815
1325 73.2815
1326 73.2815
1327 73.2815
1328 73.2815
1329 73.2815
1330 73.2514
1331 73.2514
1332 73.2514
1333 73.2514
1334 73.2815
1335 73.2815
1336 73.2815
1337 73.2815
1338 73.2815
1339 73.2514
1340 73.2514
1341 73.2514
1342 73.2514
1343 73.2514
1344 73.2514
1345 73.2514
1346 73.2514
1347 73.2514
1348 73.2514
1349 73.2514
1350 73.2514
1351 73.2514
1352 73.2514
1353 73.2514
1354 73.2514
1355 73.2514
1356 73.2514
1357 73.2514
1358 73.2514
1359 73.2514
1360 73.2514
1361 73.2514
1362 73.2514
1363 73.2514
1364 73.2514
1365 73.2514
1366 73.2514
1367 73.0016
1368 73.2514
1369 73.2514
1370 73.2514
1371 73.2514
1372 73.2514
1373 73.2514
1374 73.2514
1375 73.2514
1376 73.2514
1377 73.2514
1378 73.2514
1379 73.2514
1380 73.2514
1381 73.2514
1382 73.2514
1383 73.2514
1384 73.2514
1385 73.205
1386 73.205
1387 73.2514
1388 73.2514
1389 73.2514
1390 73.2514
1391 73.2514
1392 73.2514
1393 73.2514
1394 73.2514
1395 73.2514
1396 73.2514
1397 73.2514
1398 73.2514
1399 73.2514
1400 73.2514
1401 71.485
1402 71.485
1403 71.485
1404 71.485
1405 71.485
1406 71.485
1407 71.485
1408 71.485
1409 71.485
1410 71.485
1411 71.485
1412 71.485
1413 71.485
1414 71.485
1415 71.485
1416 71.485
1417 71.485
1418 71.485
1419 71.485
1420 71.485
1421 71.485
1422 71.485
1423 71.485
1424 71.485
1425 71.485
1426 71.485
1427 71.485
1428 71.485
1429 71.485
1430 71.485
1431 71.485
1432 71.485
1433 71.485
1434 71.485
1435 71.485
1436 71.485
1437 71.485
1438 71.485
1439 71.485
1440 71.485
1441 71.485
1442 71.485
1443 71.485
1444 71.485
1445 71.485
1446 71.4425
1447 71.4219
1448 71.4219
1449 71.4219
1450 71.4219
1451 71.4219
1452 71.1452
1453 71.1983
1454 71.1983
1455 71.1983
1456 71.1983
1457 71.1983
1458 71.1983
1459 71.1983
1460 71.1983
1461 71.1983
1462 71.1983
1463 71.1983
1464 71.1983
1465 71.1983
1466 71.1983
1467 71.1983
1468 71.1983
1469 71.1983
1470 71.1983
1471 71.1983
1472 71.1983
1473 71.1983
1474 71.1983
1475 71.1983
1476 71.1983
1477 71.1983
1478 71.1983
1479 71.1983
1480 71.1983
1481 71.1983
1482 71.1983
1483 71.1983
1484 71.1983
1485 71.1983
1486 71.1354
1487 71.1354
1488 71.1354
1489 71.1354
1490 70.684
1491 71.1354
1492 71.1354
1493 71.1354
1494 70.684
1495 70.684
1496 70.684
1497 70.684
1498 70.684
1499 70.684
1500 70.684
1501 70.684
1502 70.684
1503 70.684
1504 70.684
1505 70.5929
1506 70.5929
1507 70.5929
1508 70.5929
1509 70.5929
1510 70.5929
1511 70.5929
1512 70.5929
1513 70.5929
1514 70.5929
1515 70.5929
1516 70.5929
1517 70.5929
1518 70.5929
1519 70.5929
1520 70.5929
1521 70.5929
1522 70.5929
1523 70.5929
1524 70.5929
1525 70.5929
1526 70.5929
1527 70.5929
1528 70.5929
1529 70.5929
1530 70.5929
1531 70.5929
1532 70.5929
1533 70.5929
1534 70.5929
1535 70.5929
1536 70.5929
1537 70.5929
1538 70.5929
1539 70.5929
1540 70.5929
1541 70.5929
1542 70.5929
1543 70.5929
1544 70.5929
1545 70.5929
1546 70.5929
1547 70.5929
1548 70.5929
1549 70.5929
1550 70.5929
1551 70.5929
1552 70.5929
1553 70.5929
1554 70.5929
1555 70.5929
1556 70.5929
1557 70.5929
1558 70.3896
1559 70.3896
1560 70.3896
1561 70.3896
1562 70.3896
1563 70.3896
1564 70.3896
1565 70.3896
1566 70.3896
1567 70.3896
1568 70.3896
1569 70.3896
1570 70.3896
1571 70.3896
1572 70.3896
1573 70.3896
1574 70.3896
1575 70.3896
1576 70.3896
1577 70.3896
1578 70.3896
1579 70.3896
1580 70.3896
1581 70.3896
1582 70.3896
1583 70.3896
1584 70.3896
1585 70.3896
1586 70.3896
1587 70.3896
1588 70.3896
1589 70.3896
1590 70.3896
1591 70.3896
1592 70.3896
1593 70.3896
1594 70.3896
1595 70.3896
1596 70.3896
1597 70.3896
1598 70.2259
1599 70.2259
1600 70.2259
1601 70.2259
1602 70.2259
1603 70.2259
1604 70.2259
1605 70.2259
1606 70.2259
1607 70.2259
1608 70.2259
1609 70.2259
1610 70.2259
1611 70.2259
1612 70.2259
1613 70.2259
1614 70.2259
1615 70.2259
1616 70.2259
1617 70.2259
1618 70.2259
1619 70.2259
1620 70.2259
1621 70.2259
1622 70.2259
1623 70.2259
1624 70.2259
1625 70.2259
1626 70.2259
1627 70.2259
1628 70.2259
1629 70.2259
1630 70.2259
1631 70.2259
1632 70.2259
1633 70.2259
1634 70.2259
1635 70.2259
1636 70.2259
1637 70.2259
1638 70.2259
1639 70.2259
1640 70.2259
1641 70.2259
1642 70.2259
1643 70.2259
1644 70.2259
1645 70.2259
1646 70.2259
1647 70.2259
1648 70.2259
1649 70.2259
1650 70.2259
1651 70.2259
1652 70.2259
1653 70.2259
1654 70.2259
1655 70.2259
1656 70.2259
1657 70.2259
1658 70.2259
1659 70.2259
1660 70.2259
1661 70.2259
1662 70.2259
1663 70.2259
1664 70.2259
1665 70.2259
1666 70.2259
1667 70.2259
1668 70.2259
1669 70.2259
1670 70.2259
1671 70.2259
1672 70.2259
1673 70.2259
1674 70.2259
1675 70.2259
1676 70.2259
1677 70.2259
1678 70.2259
1679 70.2259
1680 70.2259
1681 70.2259
1682 70.0588
1683 70.0588
1684 70.0588
1685 70.0588
1686 70.0588
1687 70.0588
1688 70.0588
1689 70.0588
1690 70.0588
1691 70.0588
1692 70.0588
1693 70.0588
1694 70.0588
1695 70.0588
1696 70.0588
1697 70.0588
1698 70.0588
1699 70.0588
1700 70.0588
1701 70.0588
1702 70.0588
1703 70.0588
1704 70.0588
1705 69.9978
1706 69.9978
1707 69.9978
1708 69.9978
1709 69.9978
1710 69.9978
1711 69.9978
1712 69.9978
1713 69.9978
1714 69.9978
1715 69.9978
1716 69.9978
1717 69.9978
1718 69.9978
1719 69.9978
1720 69.9978
1721 69.9978
1722 69.9978
1723 69.9978
1724 69.9978
1725 69.9978
1726 69.9978
1727 69.9978
1728 69.9978
1729 69.9978
1730 69.9978
1731 69.9978
1732 69.9978
1733 69.9978
1734 69.9978
1735 69.9978
1736 69.9978
1737 69.9978
1738 69.9978
1739 69.9978
1740 69.9978
1741 69.9978
1742 69.9978
1743 69.9978
1744 69.9978
1745 69.9978
1746 69.8948
1747 69.8948
1748 69.8948
1749 69.8948
1750 69.8948
1751 69.8948
1752 69.8948
1753 69.8948
1754 69.8948
1755 69.8948
1756 69.8948
1757 69.8948
1758 69.8948
1759 69.8948
1760 69.8948
1761 69.8948
1762 69.8948
1763 69.8948
1764 69.8948
1765 69.8948
1766 69.8948
1767 69.8948
1768 69.8948
1769 69.8948
1770 69.8948
1771 69.8948
1772 69.8948
1773 69.8948
1774 69.8948
1775 69.8948
1776 69.8948
1777 69.8948
1778 69.8948
1779 69.8948
1780 69.8948
1781 69.8948
1782 69.8948
1783 69.8948
1784 69.8948
1785 69.8948
1786 69.8948
1787 69.8948
1788 69.8948
1789 69.8948
1790 69.8948
1791 69.8948
1792 69.8948
1793 69.8948
1794 69.8948
1795 69.8948
1796 69.8948
1797 69.8948
1798 69.8948
1799 69.8948
1800 69.8948
1801 69.8948
1802 69.8948
1803 69.8948
1804 69.8948
1805 69.8948
1806 69.8948
1807 69.8948
1808 69.8948
1809 69.8948
1810 69.8948
1811 69.8948
1812 69.8948
1813 69.8948
1814 69.8948
1815 69.8948
1816 69.8948
1817 69.8948
1818 69.8948
1819 69.8948
1820 69.8948
1821 69.8948
1822 69.8948
1823 69.8948
1824 69.8948
1825 69.8948
1826 69.8948
1827 69.8948
1828 69.8948
1829 69.8948
1830 69.8948
1831 69.8948
1832 69.8948
1833 69.8948
1834 69.8948
1835 69.8948
1836 69.8948
1837 69.8948
1838 69.8948
1839 69.8948
1840 69.8948
1841 69.8948
1842 69.8948
1843 69.8948
1844 69.8948
1845 69.8948
1846 69.8948
1847 69.8948
1848 69.8948
1849 69.8948
1850 69.8948
1851 69.8948
1852 69.8948
1853 69.8948
1854 69.8948
1855 69.8948
1856 69.8948
1857 69.8948
1858 69.8948
1859 69.8948
1860 69.8948
1861 69.8948
1862 69.8948
1863 69.8948
1864 69.8948
1865 69.8948
1866 69.8948
1867 69.8948
1868 69.8948
1869 69.8948
1870 69.8948
1871 69.8948
1872 69.8948
1873 69.8948
1874 69.8948
1875 69.8948
1876 69.8948
1877 69.8948
1878 69.8948
1879 69.8948
1880 69.8948
1881 69.8948
1882 69.8948
1883 69.8948
1884 69.8948
1885 69.8948
1886 69.8948
1887 69.8948
1888 69.8417
1889 69.8417
1890 69.8417
1891 69.8417
1892 69.8417
1893 69.8417
1894 69.8417
1895 69.8417
1896 69.8417
1897 69.8417
1898 69.8417
1899 69.8417
1900 69.8417
1901 69.8417
1902 69.8417
1903 69.8417
1904 69.8417
1905 69.8417
1906 69.8417
1907 69.8417
1908 69.8417
1909 69.8417
1910 69.8417
1911 69.8417
1912 69.8417
1913 69.8417
1914 69.8417
1915 69.8417
1916 69.8417
1917 69.8417
1918 69.8417
1919 69.8417
1920 69.8417
1921 69.8417
1922 69.8417
1923 69.8417
1924 69.8417
1925 69.8417
1926 69.8417
1927 69.8417
1928 69.8417
1929 69.8417
1930 69.8417
1931 69.8417
1932 69.8417
1933 69.8417
1934 69.8417
1935 69.8417
1936 69.8417
1937 69.8417
1938 69.8417
1939 69.8417
1940 69.8417
1941 69.8417
1942 69.8417
1943 69.8417
1944 69.8417
1945 69.8417
1946 69.8417
1947 69.8417
1948 69.8417
1949 69.8417
1950 69.8417
1951 69.8417
1952 69.8417
1953 69.8417
1954 69.8417
1955 69.8417
1956 69.8417
1957 69.8417
1958 69.8417
1959 69.8417
1960 69.8417
1961 69.8417
1962 69.8417
1963 69.8417
1964 69.8417
1965 69.8417
1966 69.8417
1967 69.8417
1968 69.8417
1969 69.8417
1970 69.8417
1971 69.8417
1972 69.8417
1973 69.8417
1974 69.8417
1975 69.8417
1976 69.8417
1977 69.8417
1978 69.8417
1979 69.8417
1980 69.8417
1981 69.8417
1982 69.8417
1983 69.8417
1984 69.8417
1985 69.8417
1986 69.8417
1987 69.8417
1988 69.8417
1989 69.8417
1990 69.8417
1991 69.8417
1992 69.8417
1993 69.8417
1994 69.1796
1995 69.1796
1996 69.1796
1997 69.1796
1998 69.1796
1999 69.1796
2000 69.1796
2001 69.1796
2002 69.1796
2003 69.1796
2004 69.1796
2005 69.1796
2006 69.1796
2007 69.1796
2008 69.1796
2009 69.1796
2010 69.1796
2011 69.1796
2012 69.1796
2013 69.1796
2014 69.1796
2015 69.1796
2016 69.1796
2017 69.1796
2018 69.1796
2019 69.1796
2020 69.1796
2021 69.1796
2022 69.1796
2023 69.1796
2024 69.1796
2025 69.1796
2026 69.1796
2027 69.1796
2028 69.1796
2029 69.1796
2030 69.1796
2031 69.1796
2032 69.1796
2033 69.1796
2034 69.1796
2035 68.7389
2036 68.7389
2037 68.7389
2038 68.7389
2039 68.7389
2040 68.7389
2041 68.7389
2042 68.7389
2043 68.5518
2044 68.5518
2045 68.5518
2046 68.7389
2047 68.7389
2048 68.7389
2049 68.7389
2050 68.7389
2051 68.7389
2052 68.7389
2053 68.7389
2054 68.7389
2055 68.6219
2056 68.6219
2057 68.6219
2058 68.6219
2059 68.6219
2060 68.6219
2061 68.6219
2062 68.6219
2063 68.6219
2064 68.6219
2065 68.6219
2066 68.6219
2067 68.6219
2068 68.6219
2069 68.6219
2070 68.6219
2071 68.6219
2072 68.6219
2073 68.6219
2074 68.6219
2075 68.6219
2076 68.6219
2077 68.6219
2078 68.6219
2079 68.6219
2080 68.6219
2081 68.5281
2082 68.5281
2083 68.5281
2084 68.2627
2085 68.2627
2086 68.2627
2087 68.2627
2088 68.2627
2089 68.2627
2090 68.2627
2091 68.2627
2092 68.2627
2093 68.2627
2094 68.2627
2095 68.2627
2096 68.2627
2097 68.2627
2098 68.2627
2099 68.2627
2100 68.2627
2101 68.2627
2102 68.2627
2103 68.2627
2104 68.2627
2105 68.2627
2106 68.2627
2107 68.2627
2108 68.2627
2109 68.2627
2110 68.2627
2111 68.2627
2112 68.2627
2113 68.2627
2114 68.2143
2115 68.2143
2116 68.2143
2117 68.2143
2118 68.2143
2119 68.2143
2120 68.2143
2121 68.2143
2122 68.2143
2123 68.2143
2124 68.2143
2125 68.2143
2126 68.2143
2127 68.2143
2128 68.2143
2129 68.2143
2130 68.2143
2131 68.2143
2132 68.2143
2133 68.2143
2134 68.2143
2135 68.2143
2136 68.2143
2137 68.2143
2138 68.2143
2139 68.2143
2140 68.2143
2141 68.2143
2142 68.2143
2143 68.2143
2144 68.2143
2145 68.2143
2146 68.2143
2147 68.2143
2148 68.2143
2149 68.2143
2150 68.2143
2151 68.2143
2152 68.2143
2153 68.2143
2154 68.2143
2155 68.2143
2156 68.2143
2157 68.2143
2158 68.2143
2159 68.2143
2160 68.2143
2161 68.2143
2162 67.8974
2163 67.8974
2164 67.8974
2165 67.8974
2166 67.8974
2167 67.8974
2168 67.8974
2169 67.8974
2170 67.8974
2171 67.8974
2172 67.8974
2173 67.8974
2174 67.8974
2175 67.8974
2176 67.8974
2177 67.8974
2178 67.8974
2179 67.8974
2180 67.8974
2181 67.8974
2182 67.8974
2183 67.8974
2184 67.8974
2185 67.8974
2186 67.8974
2187 67.8974
2188 67.8974
2189 67.8974
2190 67.8974
2191 67.8974
2192 67.8974
2193 67.8974
2194 67.8974
2195 67.8974
2196 67.8974
2197 67.8974
2198 67.8974
2199 67.8974
2200 67.8974
2201 67.8974
2202 67.8974
2203 67.8974
2204 67.8974
2205 67.8974
2206 67.8974
2207 67.8974
2208 67.8974
2209 67.8974
2210 67.8974
2211 67.8974
2212 67.8974
2213 67.8974
2214 67.8974
2215 67.8974
2216 67.8974
2217 67.8974
2218 67.8974
2219 67.8974
2220 67.8974
2221 67.8908
2222 67.8908
2223 67.8908
2224 67.8908
2225 67.8908
2226 67.8908
2227 67.8908
2228 67.8908
2229 67.8908
2230 67.8908
2231 67.8908
2232 67.8908
2233 67.8908
2234 67.8908
2235 67.8908
2236 67.8908
2237 67.8908
2238 67.8908
2239 67.8908
2240 67.8908
2241 67.8908
2242 67.8908
2243 67.8908
2244 67.8908
2245 67.8908
2246 67.8908
2247 67.8908
2248 67.8908
2249 67.8908
2250 67.8908
2251 67.8908
2252 67.8908
2253 67.8908
2254 67.8908
2255 67.8908
2256 67.8908
2257 67.8908
2258 67.8908
2259 67.8908
2260 67.8908
2261 67.8908
2262 67.8908
2263 67.8908
2264 67.8908
2265 67.8908
2266 67.8908
2267 67.8908
2268 67.8908
2269 67.8908
2270 67.8908
2271 67.8908
2272 67.8908
2273 67.8908
2274 67.8908
2275 67.8908
2276 67.8908
2277 67.8908
2278 67.8908
2279 67.8908
2280 67.8908
2281 67.8908
2282 67.8908
2283 67.8908
2284 67.8908
2285 67.8908
2286 67.8908
2287 67.8908
2288 67.8908
2289 67.8908
2290 67.8908
2291 67.8908
2292 67.8908
2293 67.8908
2294 67.8908
2295 67.8908
2296 67.6882
2297 67.6882
2298 67.6882
2299 67.6882
2300 67.6882
2301 67.6882
2302 67.6882
2303 67.6882
2304 67.6882
2305 67.6882
2306 67.6882
2307 67.6882
2308 67.6882
2309 67.6882
2310 67.6882
2311 67.6882
2312 67.6882
2313 67.6882
2314 67.6882
2315 67.6882
2316 67.6882
2317 67.6882
2318 67.6882
2319 67.6882
2320 67.6882
2321 67.6882
2322 67.6882
2323 67.6882
2324 67.6882
2325 67.6882
2326 67.6882
2327 67.6882
2328 67.6882
2329 67.6882
2330 67.6882
2331 67.6882
2332 67.6882
2333 67.6882
2334 67.6882
2335 67.6882
2336 67.6882
2337 67.6882
2338 67.6882
2339 67.6882
2340 67.6882
2341 67.6882
2342 67.6882
2343 67.6882
2344 67.6882
2345 67.6882
2346 67.6882
2347 67.6882
2348 67.6882
2349 67.6882
2350 67.6882
2351 67.6882
2352 67.6882
2353 67.6882
2354 67.6882
2355 67.6882
2356 67.6882
2357 67.6882
2358 67.6882
2359 67.6882
2360 67.6882
2361 67.6882
2362 67.6882
2363 67.6882
2364 67.6882
2365 67.6882
2366 67.6882
2367 67.6882
2368 67.6882
2369 67.6882
2370 67.6882
2371 67.6882
2372 67.6882
2373 67.6882
2374 67.6882
2375 67.6882
2376 67.6882
2377 67.6882
2378 67.6882
2379 67.6882
2380 67.6882
2381 67.6882
2382 67.6882
2383 67.6882
2384 67.6882
2385 67.6882
2386 67.6882
2387 67.6882
2388 67.6882
2389 67.6882
2390 67.6882
2391 67.6882
2392 67.6882
2393 67.6882
2394 67.6882
2395 67.6882
2396 67.6882
2397 67.6882
2398 67.6882
2399 67.6882
2400 67.6882
2401 67.6882
2402 67.6882
2403 67.6882
2404 67.6882
2405 67.6882
2406 67.6882
2407 67.6882
2408 67.6882
2409 67.6882
2410 67.6882
2411 67.6882
2412 67.6882
2413 67.6882
2414 67.6882
2415 67.6882
2416 67.6882
2417 67.6882
2418 67.6882
2419 67.6882
2420 67.6882
2421 67.6882
2422 67.6882
2423 67.6882
2424 67.6882
2425 67.6882
2426 67.6882
2427 67.6882
2428 67.6882
2429 67.6882
2430 67.6882
2431 67.6882
2432 67.6882
2433 67.6882
2434 67.6882
2435 67.6882
2436 67.6882
2437 67.6882
2438 67.6882
2439 67.6882
2440 67.6882
2441 67.6882
2442 67.6882
2443 67.6882
2444 67.6882
2445 67.6882
2446 67.6882
2447 67.6882
2448 67.6882
2449 67.6882
2450 67.6882
2451 67.6882
2452 67.6882
2453 67.6882
2454 67.6882
2455 67.6882
2456 67.6882
2457 67.6882
2458 67.6882
2459 67.6882
2460 67.6882
2461 67.6882
2462 67.6882
2463 67.6882
2464 67.6882
2465 67.6882
2466 67.6882
2467 67.6882
2468 67.6882
2469 67.6882
2470 67.6882
2471 67.6882
2472 67.6882
2473 67.6882
2474 67.6882
2475 67.6882
2476 67.6882
2477 67.6882
2478 67.6882
2479 67.6882
2480 67.6882
2481 67.6882
2482 67.6882
2483 67.6882
2484 67.6882
2485 67.6882
2486 67.6882
2487 67.6882
2488 67.6882
2489 67.6882
2490 67.6882
2491 67.6882
2492 67.6882
2493 67.6882
2494 67.6882
2495 67.6882
2496 67.6882
2497 67.6882
2498 67.6882
2499 67.6882
2500 67.6882
2501 67.6882
2502 67.6882
2503 67.6882
2504 67.6882
2505 67.6882
2506 67.6882
2507 67.6882
2508 67.6882
2509 67.6882
2510 67.6882
2511 67.6882
2512 67.6882
2513 67.6882
2514 67.6882
2515 67.6882
2516 67.6882
2517 67.6882
2518 67.6882
2519 67.6882
2520 67.6882
2521 67.6882
2522 67.6882
2523 67.6882
2524 67.6882
2525 67.6882
2526 67.6882
2527 67.6882
2528 67.6882
2529 67.6882
2530 67.6882
2531 67.6882
2532 67.6882
2533 67.6882
2534 67.6882
2535 67.6882
2536 67.6882
2537 67.6882
2538 67.6882
2539 67.6882
2540 67.6882
2541 67.6882
2542 67.6882
2543 67.6882
2544 67.6882
2545 67.6882
2546 67.6882
2547 67.6882
2548 67.6882
2549 67.6882
2550 67.6882
2551 67.6882
2552 67.6882
2553 67.6882
2554 67.6882
2555 67.6882
2556 67.6882
2557 67.6882
2558 67.6882
2559 67.6882
2560 67.6882
2561 67.6882
2562 67.6882
2563 67.6882
2564 67.6882
2565 67.6882
2566 67.6882
2567 67.6882
2568 67.6882
2569 67.6882
2570 67.6882
2571 67.6882
2572 67.6882
2573 67.6882
2574 67.6882
2575 67.6882
2576 67.6882
2577 67.6882
2578 67.6882
2579 67.6882
2580 67.6882
2581 67.6882
2582 67.6882
2583 67.6882
2584 67.6882
2585 67.6882
2586 67.6882
2587 67.6882
2588 67.6882
2589 67.6882
2590 67.6882
2591 67.6882
2592 67.6882
2593 67.6882
2594 67.6882
2595 67.6882
2596 67.6882
2597 67.6882
2598 67.6882
2599 67.6882
2600 67.6882
2601 67.6882
2602 67.6882
2603 67.6882
2604 67.6882
2605 67.6882
2606 67.6882
2607 67.6882
2608 67.6882
2609 67.6882
2610 67.6882
2611 67.6882
2612 67.6882
2613 67.6882
2614 67.6882
2615 67.6882
2616 67.6882
2617 67.6882
2618 67.6882
2619 67.6882
2620 67.6882
2621 67.6882
2622 67.6882
2623 67.6882
2624 67.6882
2625 67.6882
2626 67.6882
2627 67.6882
2628 67.6882
2629 67.6882
2630 67.6882
2631 67.6882
2632 67.6882
2633 67.6882
2634 67.6882
2635 67.6882
2636 67.6882
2637 67.6882
2638 67.6882
2639 67.6882
2640 67.6882
2641 67.6882
2642 67.6882
2643 67.6882
2644 67.6882
2645 67.6882
2646 67.6882
2647 67.6882
2648 67.6882
2649 67.6882
2650 67.6882
2651 67.6882
2652 67.6882
2653 67.6882
2654 67.6882
2655 67.6882
2656 67.6882
2657 67.6882
2658 67.6882
2659 67.6882
2660 67.6882
2661 67.6882
2662 67.6882
2663 67.6882
2664 67.6882
2665 67.6882
2666 67.6882
2667 67.6882
2668 67.6882
2669 67.6882
2670 67.6882
2671 67.6882
2672 67.6882
2673 67.6882
2674 67.6882
2675 67.6882
2676 67.6882
2677 67.6882
2678 67.6882
2679 67.6882
2680 67.6882
2681 67.6882
2682 67.6882
2683 67.6882
2684 67.6882
2685 67.6882
2686 67.6882
2687 67.6882
2688 67.6882
2689 67.6882
2690 67.6882
2691 67.6882
2692 67.6882
2693 67.6882
2694 67.6882
2695 67.6882
2696 67.6882
2697 67.6882
2698 67.6882
2699 67.6882
2700 67.6882
2701 67.6882
2702 67.6882
2703 67.6882
2704 67.6882
2705 67.6882
2706 67.6882
2707 67.6882
2708 67.6882
2709 67.6882
2710 67.6882
2711 67.6882
2712 67.6882
2713 67.6882
2714 67.6882
2715 67.6882
2716 67.6882
2717 67.6882
2718 67.6882
2719 67.6882
2720 67.6882
2721 67.6882
2722 67.6882
2723 67.6882
2724 67.6882
2725 67.6882
2726 67.6882
2727 67.6882
2728 67.6882
2729 67.6882
2730 67.6882
2731 67.6882
2732 67.6882
2733 67.6882
2734 67.6882
2735 67.6882
2736 67.6882
2737 67.6882
2738 67.6882
2739 67.6882
2740 67.6882
2741 67.6882
2742 67.6882
2743 67.6882
2744 67.6882
2745 67.6882
2746 67.6882
2747 67.6882
2748 67.6882
2749 67.6882
2750 67.6882
2751 67.6882
2752 67.6882
2753 67.6882
2754 67.6882
2755 67.6882
2756 67.6882
2757 67.6882
2758 67.6882
2759 67.6882
2760 67.6882
2761 67.6882
2762 67.6882
2763 67.6882
2764 67.6882
2765 67.6882
2766 67.6686
2767 67.6686
2768 67.6686
2769 67.6686
2770 67.6686
2771 67.6686
2772 67.6686
2773 67.6686
2774 67.6686
2775 67.6686
2776 67.6686
2777 67.6686
2778 67.6686
2779 67.6686
2780 67.6686
2781 67.6686
2782 67.6686
2783 67.6686
2784 67.6686
2785 67.6686
2786 67.6686
2787 67.6686
2788 67.6686
2789 67.6686
2790 67.6686
2791 67.6686
2792 67.6686
2793 67.6686
2794 67.6686
2795 67.6686
2796 67.6686
2797 67.6686
2798 67.6686
2799 67.6686
2800 67.6686
2801 67.6686
2802 67.6686
2803 67.6686
2804 67.6686
2805 67.6686
2806 67.6686
2807 67.6686
2808 67.6686
2809 67.6686
2810 67.6686
2811 67.6686
2812 67.6686
2813 67.6686
2814 67.6686
2815 67.6686
2816 67.6686
2817 67.6686
2818 67.6686
2819 67.6686
2820 67.6686
2821 67.6686
2822 67.6686
2823 67.6686
2824 67.6686
2825 67.6686
2826 67.6686
2827 67.6686
2828 67.6686
2829 67.6686
2830 67.6686
2831 67.6686
2832 67.6686
2833 67.6686
2834 67.6686
2835 67.6686
2836 67.6686
2837 67.6686
2838 67.6686
2839 67.6686
2840 67.6686
2841 67.6686
2842 67.6686
2843 67.6686
2844 67.6686
2845 67.6686
2846 67.6686
2847 67.6686
2848 67.6686
2849 67.6686
2850 67.6686
2851 67.6686
2852 67.6686
2853 67.6686
2854 67.6686
2855 67.6686
2856 67.6686
2857 67.6686
2858 67.6686
2859 67.6686
2860 67.6686
2861 67.6686
2862 67.6686
2863 67.6686
2864 67.6686
2865 67.6686
2866 67.6686
2867 67.6686
2868 67.6686
2869 67.6686
2870 67.6686
2871 67.6686
2872 67.6686
2873 67.6686
2874 67.6686
2875 67.6686
2876 67.6686
2877 67.6686
2878 67.6686
2879 67.6686
2880 67.6686
2881 67.6686
2882 67.6686
2883 67.6686
2884 67.6686
2885 67.6686
2886 67.6686
2887 67.6686
2888 67.6686
2889 67.6686
2890 67.6686
2891 67.6686
2892 67.6686
2893 67.6686
2894 67.6686
2895 67.6686
2896 67.6686
2897 67.6686
2898 67.6686
2899 67.6686
2900 67.6686
2901 67.6686
2902 67.6686
2903 67.6686
2904 67.6686
2905 67.6686
2906 67.6686
2907 67.6686
2908 67.6686
2909 67.6686
2910 67.6686
2911 67.6686
2912 67.6686
2913 67.6686
2914 67.6686
2915 67.6686
2916 67.6686
2917 67.6686
2918 67.6686
2919 67.6686
2920 67.6686
2921 67.6686
2922 67.6686
2923 67.6686
2924 67.6686
2925 67.6686
2926 67.6686
2927 67.6686
2928 67.6686
2929 67.6686
2930 67.6686
2931 67.6686
2932 67.6686
2933 67.6686
2934 67.6686
2935 67.6686
2936 67.6686
2937 67.6686
2938 67.6686
2939 67.6686
2940 67.6686
2941 67.6686
2942 67.6686
2943 67.6686
2944 67.6686
2945 67.6686
2946 67.6686
2947 67.6686
2948 67.6686
2949 67.6686
2950 67.6686
2951 67.6686
2952 67.6686
2953 67.6686
2954 67.6686
2955 67.6686
2956 67.6686
2957 67.6686
2958 67.6686
2959 67.6686
2960 67.6686
2961 67.6686
2962 67.6686
2963 67.6686
2964 67.6686
2965 67.6686
2966 67.6686
2967 67.6686
2968 67.6686
2969 67.6686
2970 67.4709
2971 67.4709
2972 67.4709
2973 67.4709
2974 67.4709
2975 67.4709
2976 67.4709
2977 67.4709
2978 67.4709
2979 67.4709
2980 67.4709
2981 67.4709
2982 67.4709
2983 67.4709
2984 67.4709
2985 67.4709
2986 67.4709
2987 67.4709
2988 67.4709
2989 67.4709
2990 67.4709
2991 67.4709
2992 67.4709
2993 67.4709
2994 67.4709
2995 67.4709
2996 67.4709
2997 67.4709
2998 67.4709
2999 67.4709
3000 67.4709
3001 67.4709
3002 67.4709
3003 67.4709
3004 67.4709
3005 67.4709
3006 67.4709
3007 67.4709
3008 67.4709
3009 67.4709
3010 67.4709
3011 67.4709
3012 67.4709
3013 67.4709
3014 67.4709
3015 67.4709
3016 67.4709
3017 67.4709
3018 67.4709
3019 67.4709
3020 67.4709
3021 67.4709
3022 67.4709
3023 67.4709
3024 67.4709
3025 67.4709
3026 67.4709
3027 67.4709
3028 67.4709
3029 67.4709
3030 67.4709
3031 67.4709
3032 67.4709
3033 67.4709
3034 67.4709
3035 67.4709
3036 67.4709
3037 67.4709
3038 67.4709
3039 67.4709
3040 67.4709
3041 67.4709
3042 67.4709
3043 67.4709
3044 67.4709
3045 67.4709
3046 67.4709
3047 67.4709
3048 67.4709
3049 67.4709
3050 67.4709
3051 67.4709
3052 67.4709
3053 67.4709
3054 67.4709
3055 67.4709
3056 67.4709
3057 67.4709
3058 67.4709
3059 67.4709
3060 67.4709
3061 67.4709
3062 67.4709
3063 67.4709
3064 67.4709
3065 67.4709
3066 67.4709
3067 67.4709
3068 67.4709
3069 67.4709
3070 67.4709
3071 67.4709
3072 67.4709
3073 67.4709
3074 67.4709
3075 67.4709
3076 67.4709
3077 67.4709
3078 67.4709
3079 67.4709
3080 67.4709
3081 67.4709
3082 67.4709
3083 67.4709
3084 67.4709
3085 67.4709
3086 67.4709
3087 67.4709
3088 67.4709
3089 67.4709
3090 67.4709
3091 67.4709
3092 67.4709
3093 67.4709
3094 67.4709
3095 67.4709
3096 67.4709
3097 67.4709
3098 67.4709
3099 67.4709
3100 67.4709
3101 67.4709
3102 67.4709
3103 67.4709
3104 67.4709
3105 67.4709
3106 67.4709
3107 67.4709
3108 67.4709
3109 67.4709
3110 67.4709
3111 67.4709
3112 67.4709
3113 67.4709
3114 67.4709
3115 67.4709
3116 67.4709
3117 67.4709
3118 67.4709
3119 67.4709
3120 67.4709
3121 67.4709
3122 67.4709
3123 67.4709
3124 67.4709
3125 67.4709
3126 67.4709
3127 67.4709
3128 67.4709
3129 67.4709
3130 67.4709
3131 67.4709
3132 67.4709
3133 67.4709
3134 67.4709
3135 67.4709
3136 67.4709
3137 67.4709
3138 67.4709
3139 67.4709
3140 67.4709
3141 67.4709
3142 67.4709
3143 67.4709
3144 67.4709
3145 67.4709
3146 67.4709
3147 67.4709
3148 67.4709
3149 67.4709
3150 67.4709
3151 67.4709
3152 67.4709
3153 67.4709
3154 67.4709
3155 67.4709
3156 67.4709
3157 67.4709
3158 67.4709
3159 67.4709
3160 67.4709
3161 67.4709
3162 67.4709
3163 67.4709
3164 67.4709
3165 67.4709
3166 67.4709
3167 67.4709
3168 67.4709
3169 67.4709
3170 67.4709
3171 67.4709
3172 67.4709
3173 67.4709
3174 67.4709
3175 67.4709
3176 67.4709
3177 67.4709
3178 67.4709
3179 67.4709
3180 67.4709
3181 67.4709
3182 67.4709
3183 67.4709
3184 67.4709
3185 67.4709
3186 67.4709
3187 67.4709
3188 67.4709
3189 67.4709
3190 67.4709
3191 67.4709
3192 67.4709
3193 67.4709
3194 67.4709
3195 67.4709
3196 67.4709
3197 67.4709
3198 67.4709
3199 67.4709
3200 67.4709
3201 67.4709
3202 67.4709
3203 67.4709
3204 67.4709
3205 67.4709
3206 67.4709
3207 67.4709
3208 67.4709
3209 67.4709
3210 67.4709
3211 67.4709
3212 67.4709
3213 67.4709
3214 67.4709
3215 67.4709
3216 67.4709
3217 67.4709
3218 67.4709
3219 67.4709
3220 67.4709
3221 67.4709
3222 67.4709
3223 67.4709
3224 67.4709
3225 67.4709
3226 67.4709
3227 67.4709
3228 67.4709
3229 67.4709
3230 67.4709
3231 67.4709
3232 67.4709
3233 67.4709
3234 67.4709
3235 67.4709
3236 67.4709
3237 67.4709
3238 67.4709
3239 67.4709
3240 67.4709
3241 67.4709
3242 67.4709
3243 67.4709
3244 67.4709
3245 67.4709
3246 67.4709
3247 67.4709
3248 67.4709
3249 67.4709
3250 67.4709
3251 67.4709
3252 67.4709
3253 67.4709
3254 67.4709
3255 67.4709
3256 67.4709
3257 67.4709
3258 67.4709
3259 67.4709
3260 67.4709
3261 67.4709
3262 67.4709
3263 67.4709
3264 67.4709
3265 67.4709
3266 67.4709
3267 67.4709
3268 67.4709
3269 67.4709
3270 67.4709
3271 67.4709
3272 67.4709
3273 67.4709
3274 67.4709
3275 67.4709
3276 67.4709
3277 67.4709
3278 67.4709
3279 67.4709
3280 67.4709
3281 67.4709
3282 67.4709
3283 67.4709
3284 67.4709
3285 67.4709
3286 67.4709
3287 67.4709
3288 67.4709
3289 67.4709
3290 67.4709
3291 67.4709
3292 67.4709
3293 67.4709
3294 67.4709
3295 67.4709
3296 67.4709
3297 67.4709
3298 67.4709
3299 67.4709
3300 67.4709
3301 67.4709
3302 67.4709
3303 67.4709
3304 67.4709
3305 67.4709
3306 67.4709
3307 67.4709
3308 67.4709
3309 67.4709
3310 67.4709
3311 67.4709
3312 67.4709
3313 67.4709
3314 67.4709
3315 67.4709
3316 67.4709
3317 67.4709
3318 67.4709
3319 67.4709
3320 67.4709
3321 67.4709
3322 67.4709
3323 67.4709
3324 67.4709
3325 67.4709
3326 67.4709
3327 67.4709
3328 67.4709
3329 67.4709
3330 67.4709
3331 67.4709
3332 67.4709
3333 67.4709
3334 67.4709
3335 67.4709
3336 67.4709
3337 67.4709
3338 67.4709
3339 67.4709
3340 67.4709
3341 67.4709
3342 67.4709
3343 67.4709
3344 67.4709
3345 67.4709
3346 67.4709
3347 67.4709
3348 67.4709
3349 67.4709
3350 67.4709
3351 67.4709
3352 67.4709
3353 67.4709
3354 67.4709
3355 67.4709
3356 67.4709
3357 67.4709
3358 67.4709
3359 67.4709
3360 67.4709
3361 67.4709
3362 67.4709
3363 67.4709
3364 67.4709
3365 67.4709
3366 67.4709
3367 67.4709
3368 67.4709
3369 67.4709
3370 67.4709
3371 67.4709
3372 67.4709
3373 67.4709
3374 67.4709
3375 67.4709
3376 67.4709
3377 67.4709
3378 67.4709
3379 67.4709
3380 67.4709
3381 67.4709
3382 67.4709
3383 67.4709
3384 67.4709
3385 67.4709
3386 67.4709
3387 67.4709
3388 67.4709
3389 67.4709
3390 67.4709
3391 67.4709
3392 67.4709
3393 67.4709
3394 67.4709
3395 67.4709
3396 67.4709
3397 67.4709
3398 67.4709
3399 67.4709
3400 67.4709
3401 67.4709
3402 67.4709
3403 67.4709
3404 67.4709
3405 67.4709
3406 67.4709
3407 67.4709
3408 67.4709
3409 67.4709
3410 67.4709
3411 67.4709
3412 67.4709
3413 67.4709
3414 67.4709
3415 67.4709
3416 67.4709
3417 67.4709
3418 67.4709
3419 67.4709
3420 67.4709
3421 67.4709
3422 67.4709
3423 67.4709
3424 67.4709
3425 67.4709
3426 67.4709
3427 67.4709
3428 67.4709
3429 67.4709
3430 67.4709
3431 67.4709
3432 67.4709
3433 67.4709
3434 67.4709
3435 67.4709
3436 67.4709
3437 67.4709
3438 67.4709
3439 67.4709
3440 67.4709
3441 67.4709
3442 67.4709
3443 67.4709
3444 67.4709
3445 67.4709
3446 67.4709
3447 67.4709
3448 67.4709
3449 67.4709
3450 67.4709
3451 67.4709
3452 67.4709
3453 67.4709
3454 67.4709
3455 67.4709
3456 67.4709
3457 67.4709
3458 67.4709
3459 67.4709
3460 67.4709
3461 67.4709
3462 67.4709
3463 67.4709
3464 67.4709
3465 67.4709
3466 67.4709
3467 67.4709
3468 67.4709
3469 67.4709
3470 67.4709
3471 67.4709
3472 67.4709
3473 67.4709
3474 67.4709
3475 67.4709
3476 67.4709
3477 67.4709
3478 67.4709
3479 67.4709
3480 67.4709
3481 67.4709
3482 67.4709
3483 67.4709
3484 67.4709
3485 67.4709
3486 67.4709
3487 67.4709
3488 67.4709
3489 67.4709
3490 67.4709
3491 67.4709
3492 67.4709
3493 67.4709
3494 67.4709
3495 67.4709
3496 67.4709
3497 67.4709
3498 67.4709
3499 67.4709
3500 67.4709
3501 67.4709
3502 67.4709
3503 67.4709
3504 67.4709
3505 67.4709
3506 67.4709
3507 67.4709
3508 67.4709
3509 67.4709
3510 67.4709
3511 67.4709
3512 67.4709
3513 67.4709
3514 67.4709
3515 67.4709
3516 67.4709
3517 67.4709
3518 67.4709
3519 67.4709
3520 67.4709
3521 67.4709
3522 67.4709
3523 67.4709
3524 67.4709
3525 67.4709
3526 67.4709
3527 67.4709
3528 67.4709
3529 67.4709
3530 67.4709
3531 67.4709
3532 67.4709
3533 67.4709
3534 67.4709
3535 67.4709
3536 67.4709
3537 67.4709
3538 67.4709
3539 67.4709
3540 67.4709
3541 67.4709
3542 67.4709
3543 67.4709
3544 67.4709
3545 67.4709
3546 67.4709
3547 67.4709
3548 67.4709
3549 67.4709
3550 67.4709
3551 67.4709
3552 67.4709
3553 67.4709
3554 67.4709
3555 67.4709
3556 67.4709
3557 67.4709
3558 67.4709
3559 67.4709
3560 67.4709
3561 67.4709
3562 67.4709
3563 67.4709
3564 67.4709
3565 67.4709
3566 67.4709
3567 67.4709
3568 67.4709
3569 67.4709
3570 67.4709
3571 67.4709
3572 67.4709
3573 67.4709
3574 67.4709
3575 67.4709
3576 67.4709
3577 67.4709
3578 67.4709
3579 67.4709
3580 67.4709
3581 67.4709
3582 67.4709
3583 67.4709
3584 67.4709
3585 67.4709
3586 67.4709
3587 67.4709
3588 67.4709
3589 67.4709
3590 67.4709
3591 67.4709
3592 67.4709
3593 67.4709
3594 67.4709
3595 67.4709
3596 67.4709
3597 67.4709
3598 67.4709
3599 67.4709
3600 67.4709
3601 67.4709
3602 67.4709
3603 67.4709
3604 67.4709
3605 67.4709
3606 67.4709
3607 67.4709
3608 67.4709
3609 67.4709
3610 67.4709
3611 67.4709
3612 67.4709
3613 67.4709
3614 67.4709
3615 67.4709
3616 67.4709
3617 67.4709
3618 67.4709
3619 67.4709
3620 67.4709
3621 67.4709
3622 67.4709
3623 67.4709
3624 67.4709
3625 67.4709
3626 67.4709
3627 67.4709
3628 67.4709
3629 67.4709
3630 67.4709
3631 67.4709
3632 67.4709
3633 67.4709
3634 67.4709
3635 67.4709
3636 67.4709
3637 67.4709
3638 67.4709
3639 67.4709
3640 67.4709
3641 67.4709
3642 67.4709
3643 67.4709
3644 67.4709
3645 67.4709
3646 67.4709
3647 67.4709
3648 67.4709
3649 67.4709
3650 67.4709
3651 67.4709
3652 67.4709
3653 67.4709
3654 67.4709
3655 67.4709
3656 67.4709
3657 67.4709
3658 67.4709
3659 67.4709
3660 67.4709
3661 67.4709
3662 67.4709
3663 67.4709
3664 67.4709
3665 67.4709
3666 67.4709
3667 67.4709
3668 67.4709
3669 67.4709
3670 67.4709
3671 67.4709
3672 67.4709
3673 67.4709
3674 67.4709
3675 67.4709
3676 67.4709
3677 67.4709
3678 67.4709
3679 67.4709
3680 67.4709
3681 67.4709
3682 67.4709
3683 67.4709
3684 67.4709
3685 67.4709
3686 67.4709
3687 67.4709
3688 67.4709
3689 67.4709
3690 67.4709
3691 67.4709
3692 67.4709
3693 67.4709
3694 67.4709
3695 67.4709
3696 67.4709
3697 67.4709
3698 67.4709
3699 67.4709
3700 67.4709
3701 67.4709
3702 67.4709
3703 67.4709
3704 67.4709
3705 67.4709
3706 67.4709
3707 67.4709
3708 67.4709
3709 67.4709
3710 67.4709
3711 67.4709
3712 67.4709
3713 67.4709
3714 67.4709
3715 67.4709
3716 67.4709
3717 67.4709
3718 67.4709
3719 67.4709
3720 67.4709
3721 67.4709
3722 67.4709
3723 67.4709
3724 67.4709
3725 67.4709
3726 67.4709
3727 67.4709
3728 67.4709
3729 67.4709
3730 67.4709
3731 67.4709
3732 67.4709
3733 67.4709
3734 67.4709
3735 67.4709
3736 67.4709
3737 67.4709
3738 67.4709
3739 67.4709
3740 67.4709
3741 67.4709
3742 67.4709
3743 67.4709
3744 67.4709
3745 67.4709
3746 67.4709
3747 67.4709
3748 67.4709
3749 67.4709
3750 67.4709
3751 67.4709
3752 67.4709
3753 67.4709
3754 67.4709
3755 67.4709
3756 67.4709
3757 67.4709
3758 67.4709
3759 67.4709
3760 67.4709
3761 67.4709
3762 67.4709
3763 67.4709
3764 67.4709
3765 67.4709
3766 67.4709
3767 67.4709
3768 67.4709
3769 67.4709
3770 67.4709
3771 67.4709
3772 67.4709
3773 67.4709
3774 67.4709
3775 67.4709
3776 67.4709
3777 67.4709
3778 67.4709
3779 67.4709
3780 67.4709
3781 67.4709
3782 67.4709
3783 67.4709
3784 67.4709
3785 67.4709
3786 67.4709
3787 67.4709
3788 67.4709
3789 67.4709
3790 67.4709
3791 67.4709
3792 67.4709
3793 67.4709
3794 67.4709
3795 67.4709
3796 67.4709
3797 67.4709
3798 67.4709
3799 67.4709
3800 67.4709
3801 67.4709
3802 67.4709
3803 67.4709
3804 67.4709
3805 67.4709
3806 67.4709
3807 67.4709
3808 67.4709
3809 67.4709
3810 67.4709
3811 67.4709
3812 67.4709
3813 67.4709
3814 67.4709
3815 67.4709
3816 67.4709
3817 67.4709
3818 67.4709
3819 67.4709
3820 67.4709
3821 67.4709
3822 67.4709
3823 67.4709
3824 67.4709
3825 67.4709
3826 67.4709
3827 67.4709
3828 67.4709
3829 67.4709
3830 67.4709
3831 67.4709
3832 67.4709
3833 67.4709
3834 67.4709
3835 67.4709
3836 67.4709
3837 67.4709
3838 67.4709
3839 67.4709
3840 67.4709
3841 67.4709
3842 67.4709
3843 67.4709
3844 67.4709
3845 67.4709
3846 67.4709
3847 67.4709
3848 67.4709
3849 67.4709
3850 67.4709
3851 67.4709
3852 67.4709
3853 67.4709
3854 67.4709
3855 67.4709
3856 67.4709
3857 67.4709
3858 67.4709
3859 67.4709
3860 67.4709
3861 67.4709
3862 67.4709
3863 67.4709
3864 67.4709
3865 67.4709
3866 67.4709
3867 67.4709
3868 67.4709
3869 67.4709
3870 67.4709
3871 67.4709
3872 67.4709
3873 67.4709
3874 67.4709
3875 67.4709
3876 67.4709
3877 67.4709
3878 67.4709
3879 67.4709
3880 67.4709
3881 67.4709
3882 67.4709
3883 67.4709
3884 67.4709
3885 67.4709
3886 67.4709
3887 67.4709
3888 67.4709
3889 67.4709
3890 67.4709
3891 67.4709
3892 67.4709
3893 67.4709
3894 67.4709
3895 67.4709
3896 67.4709
3897 67.4709
3898 67.4709
3899 67.4709
3900 67.4709
3901 67.4709
3902 67.4709
3903 67.4709
3904 67.4709
3905 67.4709
3906 67.4709
3907 67.4709
3908 67.4709
3909 67.4709
3910 67.4709
3911 67.4709
3912 67.4709
3913 67.4709
3914 67.4709
3915 67.4709
3916 67.4709
3917 67.4709
3918 67.4709
3919 67.4709
3920 67.4709
3921 67.4709
3922 67.4709
3923 67.4709
3924 67.4709
3925 67.4709
3926 67.4709
3927 67.4709
3928 67.4709
3929 67.4709
3930 67.4709
3931 67.4709
3932 67.4709
3933 67.4709
3934 67.4709
3935 67.4709
3936 67.4709
3937 67.4709
3938 67.4709
3939 67.4709
3940 67.4709
3941 67.4709
3942 67.4709
3943 67.4709
3944 67.4709
3945 67.4709
3946 67.4709
3947 67.4709
3948 67.4709
3949 67.4709
3950 67.4709
3951 67.4709
3952 67.4709
3953 67.4709
3954 67.4709
3955 67.4709
3956 67.4709
3957 67.4709
3958 67.4709
3959 67.4709
3960 67.4709
3961 67.4709
3962 67.4709
3963 67.4709
3964 67.4709
3965 67.4709
3966 67.4709
3967 67.4709
3968 67.4709
3969 67.4709
3970 67.4709
3971 67.4709
3972 67.4709
3973 67.4709
3974 67.4709
3975 67.4709
3976 67.4709
3977 67.4709
3978 67.4709
3979 67.4709
3980 67.4709
3981 67.4709
3982 67.4709
3983 67.4709
3984 67.4709
3985 67.4709
3986 67.4709
3987 67.4709
3988 67.4709
3989 67.4709
3990 67.4709
3991 67.4709
3992 67.4709
3993 67.4709
3994 67.4709
3995 67.4709
3996 67.4709
3997 67.4709
3998 67.4709
3999 67.4709
4000 67.4709
4001 67.4709
4002 67.4709
4003 67.4709
4004 67.4709
4005 67.4709
4006 67.4709
4007 67.4709
4008 67.4709
4009 67.4709
4010 67.4709
4011 67.4709
4012 67.4709
4013 67.4709
4014 67.4709
4015 67.4709
4016 67.4709
4017 67.4709
4018 67.4709
4019 67.4709
4020 67.4709
4021 67.4709
4022 67.4709
4023 67.4709
4024 67.4709
4025 67.4709
4026 67.4709
4027 67.4709
4028 67.4709
4029 67.4709
4030 67.4709
4031 67.4709
4032 67.4709
4033 67.4709
4034 67.4709
4035 67.4709
4036 67.4709
4037 67.4709
4038 67.4709
4039 67.4709
4040 67.4709
4041 67.4709
4042 67.4709
4043 67.4709
4044 67.4709
4045 67.4709
4046 67.4709
4047 67.4709
4048 67.4709
4049 67.4709
4050 67.4709
4051 67.4709
4052 67.4709
4053 67.4709
4054 67.4709
4055 67.4709
4056 67.4709
4057 67.4709
4058 67.4709
4059 67.4709
4060 67.4709
4061 67.4709
4062 67.4709
4063 67.4709
4064 67.4709
4065 67.4709
4066 67.4709
4067 67.4709
4068 67.4709
4069 67.4709
4070 67.4709
4071 67.4709
4072 67.4709
4073 67.4709
4074 67.4709
4075 67.4709
4076 67.4709
4077 67.4709
4078 67.4709
4079 67.4709
4080 67.4709
4081 67.4709
4082 67.4709
4083 67.4709
4084 67.4709
4085 67.4709
4086 67.4709
4087 67.4709
4088 67.4709
4089 67.4709
4090 67.4709
4091 67.4709
4092 67.4709
4093 67.4709
4094 67.4709
4095 67.4709
4096 67.4709
4097 67.4709
4098 67.4709
4099 67.4709
4100 67.4709
4101 67.4709
4102 67.4709
4103 67.4709
4104 67.4709
4105 67.4709
4106 67.4709
4107 67.4709
4108 67.4709
4109 67.4709
4110 67.4709
4111 67.4709
4112 67.4709
4113 67.4709
4114 67.4709
4115 67.4709
4116 67.4709
4117 67.4709
4118 67.4709
4119 67.4709
4120 67.4709
4121 67.4709
4122 67.4709
4123 67.4709
4124 67.4709
4125 67.4709
4126 67.4709
4127 67.4709
4128 67.4709
4129 67.4709
4130 67.4709
4131 67.4709
4132 67.4709
4133 67.4709
4134 67.4709
4135 67.4709
4136 67.4709
4137 67.4709
4138 67.4709
4139 67.4709
4140 67.4709
4141 67.4709
4142 67.4709
4143 67.4709
4144 67.4709
4145 67.4709
4146 67.4709
4147 67.4709
4148 67.4709
4149 67.4709
4150 67.4709
4151 67.4709
4152 67.4709
4153 67.4709
4154 67.4709
4155 67.4709
4156 67.4709
4157 67.4709
4158 67.4709
4159 67.4709
4160 67.4709
4161 67.4709
4162 67.4709
4163 67.4709
4164 67.4709
4165 67.4709
4166 67.4709
4167 67.4709
4168 67.4709
4169 67.4709
4170 67.4709
4171 67.4709
4172 67.4709
4173 67.4709
4174 67.4709
4175 67.4709
4176 67.4709
4177 67.4709
4178 67.4709
4179 67.4709
4180 67.4709
4181 67.4709
4182 67.4709
4183 67.4709
4184 67.4709
4185 67.4709
4186 67.4709
4187 67.4709
4188 67.4709
4189 67.4709
4190 67.4709
4191 67.4709
4192 67.4709
4193 67.4709
4194 67.4709
4195 67.4709
4196 67.4709
4197 67.4709
4198 67.4709
4199 67.4709
4200 67.4709
4201 67.4709
4202 67.4709
4203 67.4709
4204 67.4709
4205 67.4709
4206 67.4709
4207 67.4709
4208 67.4709
4209 67.4709
4210 67.4709
4211 67.4709
4212 67.4709
4213 67.4709
4214 67.4709
4215 67.4709
4216 67.4709
4217 67.4709
4218 67.4709
4219 67.4709
4220 67.4709
4221 67.4709
4222 67.4709
4223 67.4709
4224 67.4709
4225 67.4709
4226 67.4709
4227 67.4709
4228 67.4709
4229 67.4709
4230 67.4709
4231 67.4709
4232 67.4709
4233 67.4709
4234 67.4709
4235 67.4709
4236 67.4709
4237 67.4709
4238 67.4709
4239 67.4709
4240 67.4709
4241 67.4709
4242 67.4709
4243 67.4709
4244 67.4709
4245 67.4709
4246 67.4709
4247 67.4709
4248 67.4709
4249 67.4709
4250 67.4709
4251 67.4709
4252 67.4709
4253 67.4709
4254 67.4709
4255 67.4709
4256 67.4709
4257 67.4709
4258 67.4709
4259 67.4709
4260 67.4709
4261 67.4709
4262 67.4709
4263 67.4709
4264 67.4709
4265 67.4709
4266 67.4709
4267 67.4709
4268 67.4709
4269 67.4709
4270 67.4709
4271 67.4709
4272 67.4709
4273 67.4709
4274 67.4709
4275 67.4709
4276 67.4709
4277 67.4709
4278 67.4709
4279 67.4709
4280 67.4709
4281 67.4709
4282 67.4709
4283 67.4709
4284 67.4709
4285 67.4709
4286 67.4709
4287 67.4709
4288 67.4709
4289 67.4709
4290 67.4709
4291 67.4709
4292 67.4709
4293 67.4709
4294 67.4709
4295 67.4709
4296 67.4709
4297 67.4709
4298 67.4709
4299 67.4709
4300 67.4709
4301 67.4709
4302 67.4709
4303 67.4709
4304 67.4709
4305 67.4709
4306 67.4709
4307 67.4709
4308 67.4709
4309 67.4709
4310 67.4709
4311 67.4709
4312 67.4709
4313 67.4709
4314 67.4709
4315 67.4709
4316 67.4709
4317 67.4709
4318 67.4709
4319 67.4709
4320 67.4709
4321 67.4709
4322 67.4709
4323 67.4709
4324 67.4709
4325 67.4709
4326 67.4709
4327 67.4709
4328 67.4709
4329 67.4709
4330 67.4709
4331 67.4709
4332 67.4709
4333 67.4709
4334 67.4709
4335 67.4709
4336 67.4709
4337 67.4709
4338 67.4709
4339 67.4709
4340 67.4709
4341 67.4709
4342 67.4709
4343 67.4709
4344 67.4709
4345 67.4709
4346 67.4709
4347 67.4709
4348 67.4709
4349 67.4709
4350 67.4709
4351 67.4709
4352 67.4709
4353 67.4709
4354 67.4709
4355 67.4709
4356 67.4709
4357 67.4709
4358 67.4709
4359 67.4709
4360 67.4709
4361 67.4709
4362 67.4709
4363 67.4709
4364 67.4709
4365 67.4709
4366 67.4709
4367 67.4709
4368 67.4709
4369 67.4709
4370 67.4709
4371 67.4709
4372 67.4709
4373 67.4709
4374 67.4709
4375 67.4709
4376 67.4709
4377 67.4709
4378 67.4709
4379 67.4709
4380 67.4709
4381 67.4709
4382 67.4709
4383 67.4709
4384 67.4709
4385 67.4709
4386 67.4709
4387 67.4709
4388 67.4709
4389 67.4709
4390 67.4709
4391 67.4709
4392 67.4709
4393 67.4709
4394 67.4709
4395 67.4709
4396 67.4709
4397 67.4709
4398 67.4709
4399 67.4709
4400 67.4709
4401 67.4709
4402 67.4709
4403 67.4709
4404 67.4709
4405 67.4709
4406 67.4709
4407 67.4709
4408 67.4709
4409 67.4709
4410 67.4709
4411 67.4709
4412 67.4709
4413 67.4709
4414 67.4709
4415 67.4709
4416 67.4709
4417 67.4709
4418 67.4709
4419 67.4709
4420 67.4709
4421 67.4709
4422 67.4709
4423 67.4709
4424 67.4709
4425 67.4709
4426 67.4709
4427 67.4709
4428 67.4709
4429 67.4709
4430 67.4709
4431 67.4709
4432 67.4709
4433 67.4709
4434 67.4709
4435 67.4709
4436 67.4709
4437 67.4709
4438 67.4709
4439 67.4709
4440 67.4709
4441 67.4709
4442 67.4709
4443 67.4709
4444 67.4709
4445 67.4709
4446 67.4709
4447 67.4709
4448 67.4709
4449 67.4709
4450 67.4709
4451 67.4709
4452 67.4709
4453 67.4709
4454 67.4709
4455 67.4709
4456 67.4709
4457 67.4709
4458 67.4709
4459 67.4709
4460 67.4709
4461 67.4709
4462 67.4709
4463 67.4709
4464 67.4709
4465 67.4709
4466 67.4709
4467 67.4709
4468 67.4709
4469 67.4709
4470 67.4709
4471 67.4709
4472 67.4709
4473 67.4709
4474 67.4709
4475 67.4709
4476 67.4709
4477 67.4709
4478 67.4709
4479 67.4709
4480 67.4709
4481 67.4709
4482 67.4709
4483 67.4709
4484 67.4709
4485 67.4709
4486 67.4709
4487 67.4709
4488 67.4709
4489 67.4709
4490 67.4709
4491 67.4709
4492 67.4709
4493 67.4709
4494 67.4709
4495 67.4709
4496 67.4709
4497 67.4709
4498 67.4709
4499 67.4709
4500 67.4709
4501 67.4709
4502 67.4709
4503 67.4709
4504 67.4709
4505 67.4709
4506 67.4709
4507 67.4709
4508 67.4709
4509 67.4709
4510 67.4709
4511 67.4709
4512 67.4709
4513 67.4709
4514 67.4709
4515 67.4709
4516 67.4709
4517 67.4709
4518 67.4709
4519 67.4709
4520 67.4709
4521 67.4709
4522 67.4709
4523 67.4709
4524 67.4709
4525 67.4709
4526 67.4709
4527 67.4709
4528 67.4709
4529 67.4709
4530 67.4709
4531 67.4709
4532 67.4709
4533 67.4709
4534 67.4709
4535 67.4709
4536 67.4709
4537 67.4709
4538 67.4709
4539 67.4709
4540 67.4709
4541 67.4709
4542 67.4709
4543 67.4709
4544 67.4709
4545 67.4709
4546 67.4709
4547 67.4709
4548 67.4709
4549 67.4709
4550 67.4709
4551 67.4709
4552 67.4709
4553 67.4709
4554 67.4709
4555 67.4709
4556 67.4709
4557 67.4709
4558 67.4709
4559 67.4709
4560 67.4709
4561 67.4709
4562 67.4709
4563 67.4709
4564 67.4709
4565 67.4709
4566 67.4709
4567 67.4709
4568 67.4709
4569 67.4709
4570 67.4709
4571 67.4709
4572 67.4709
4573 67.4709
4574 67.4709
4575 67.4709
4576 67.4709
4577 67.4709
4578 67.4709
4579 67.4709
4580 67.4709
4581 67.4709
4582 67.4709
4583 67.4709
4584 67.4709
4585 67.4709
4586 67.4709
4587 67.4709
4588 67.4709
4589 67.4709
4590 67.4709
4591 67.4709
4592 67.4709
4593 67.4709
4594 67.4709
4595 67.4709
4596 67.4709
4597 67.4709
4598 67.4709
4599 67.4709
4600 67.4709
4601 67.4709
4602 67.4709
4603 67.4709
4604 67.4709
4605 67.4709
4606 67.4709
4607 67.4709
4608 67.4709
4609 67.4709
4610 67.4709
4611 67.4709
4612 67.4709
4613 67.4709
4614 67.4709
4615 67.4709
4616 67.4709
4617 67.4709
4618 67.4709
4619 67.4709
4620 67.4709
4621 67.4709
4622 67.4709
4623 67.4709
4624 67.4709
4625 67.4709
4626 67.4709
4627 67.4709
4628 67.4709
4629 67.4709
4630 67.4709
4631 67.4709
4632 67.4709
4633 67.4709
4634 67.4709
4635 67.4709
4636 67.4709
4637 67.4709
4638 67.4709
4639 67.4709
4640 67.4709
4641 67.4709
4642 67.4709
4643 67.4709
4644 67.4709
4645 67.4709
4646 67.4709
4647 67.4709
4648 67.4709
4649 67.4709
4650 67.4709
4651 67.4709
4652 67.4709
4653 67.4709
4654 67.4709
4655 67.4709
4656 67.4709
4657 67.4709
4658 67.4709
4659 67.4709
4660 67.4709
4661 67.4709
4662 67.4709
4663 67.4709
4664 67.4709
4665 67.4709
4666 67.4709
4667 67.4709
4668 67.4709
4669 67.4709
4670 67.4709
4671 67.4709
4672 67.4709
4673 67.4709
4674 67.4709
4675 67.4709
4676 67.4709
4677 67.4709
4678 67.4709
4679 67.4709
4680 67.4709
4681 67.4709
4682 67.4709
4683 67.4709
4684 67.4709
4685 67.4709
4686 67.4709
4687 67.4709
4688 67.4709
4689 67.4709
4690 67.4709
4691 67.4709
4692 67.4709
4693 67.4709
4694 67.4709
4695 67.4709
4696 67.4709
4697 67.4709
4698 67.4709
4699 67.4709
4700 67.4709
4701 67.4709
4702 67.4709
4703 67.4709
4704 67.4709
4705 67.4709
4706 67.4709
4707 67.4709
4708 67.4709
4709 67.4709
4710 67.4709
4711 67.4709
4712 67.4709
4713 67.4709
4714 67.4709
4715 67.4709
4716 67.4709
4717 67.4709
4718 67.4709
4719 67.4709
4720 67.4709
4721 67.4709
4722 67.4709
4723 67.4709
4724 67.4709
4725 67.4709
4726 67.4709
4727 67.4709
4728 67.4709
4729 67.4709
4730 67.4709
4731 67.4709
4732 67.4709
4733 67.4709
4734 67.4709
4735 67.4709
4736 67.4709
4737 67.4709
4738 67.4709
4739 67.4709
4740 67.4709
4741 67.4709
4742 67.4709
4743 67.4709
4744 67.4709
4745 67.4709
4746 67.4709
4747 67.4709
4748 67.4709
4749 67.4709
4750 67.4709
4751 67.4709
4752 67.4709
4753 67.4709
4754 67.4709
4755 67.4709
4756 67.4709
4757 67.4709
4758 67.4709
4759 67.4709
4760 67.4709
4761 67.4709
4762 67.4709
4763 67.4709
4764 67.4709
4765 67.4709
4766 67.4709
4767 67.4709
4768 67.4709
4769 67.4709
4770 67.4709
4771 67.4709
4772 67.4709
4773 67.4709
4774 67.4709
4775 67.4709
4776 67.4709
4777 67.4709
4778 67.4709
4779 67.4709
4780 67.4709
4781 67.4709
4782 67.4709
4783 67.4709
4784 67.4709
4785 67.4709
4786 67.4709
4787 67.4709
4788 67.4709
4789 67.4709
4790 67.4709
4791 67.4709
4792 67.4709
4793 67.4709
4794 67.4709
4795 67.4709
4796 67.4709
4797 67.4709
4798 67.4709
4799 67.4709
4800 67.4709
4801 67.4709
4802 67.4709
4803 67.4709
4804 67.4709
4805 67.4709
4806 67.4709
4807 67.4709
4808 67.4709
4809 67.4709
4810 67.4709
4811 67.4709
4812 67.4709
4813 67.4709
4814 67.4709
4815 67.4709
4816 67.4709
4817 67.4709
4818 67.4709
4819 67.4709
4820 67.4709
4821 67.4709
4822 67.4709
4823 67.4709
4824 67.4709
4825 67.4709
4826 67.4709
4827 67.4709
4828 67.4709
4829 67.4709
4830 67.4709
4831 67.4709
4832 67.4709
4833 67.4709
4834 67.4709
4835 67.4709
4836 67.4709
4837 67.4709
4838 67.4709
4839 67.4709
4840 67.4709
4841 67.4709
4842 67.4709
4843 67.4709
4844 67.4709
4845 67.4709
4846 67.4709
4847 67.4709
4848 67.4709
4849 67.4709
4850 67.4709
4851 67.4709
4852 67.4709
4853 67.4709
4854 67.4709
4855 67.4709
4856 67.4709
4857 67.4709
4858 67.4709
4859 67.4709
4860 67.4709
4861 67.4709
4862 67.4709
4863 67.4709
4864 67.4709
4865 67.4709
4866 67.4709
4867 67.4709
4868 67.4709
4869 67.4709
4870 67.4709
4871 67.4709
4872 67.4709
4873 67.4709
4874 67.4709
4875 67.4709
4876 67.4709
4877 67.4709
4878 67.4709
4879 67.4709
4880 67.4709
4881 67.4709
4882 67.4709
4883 67.4709
4884 67.4709
4885 67.4709
4886 67.4709
4887 67.4709
4888 67.4709
4889 67.4709
4890 67.4709
4891 67.4709
4892 67.4709
4893 67.4709
4894 67.4709
4895 67.4709
4896 67.4709
4897 67.4709
4898 67.4709
4899 67.4709
4900 67.4709
4901 67.4709
4902 67.4709
4903 67.4709
4904 67.4709
4905 67.4709
4906 67.4709
4907 67.4709
4908 67.4709
4909 67.4709
4910 67.4709
4911 67.4709
4912 67.4709
4913 67.4709
4914 67.4709
4915 67.4709
4916 67.4709
4917 67.4709
4918 67.4709
4919 67.4709
4920 67.4709
4921 67.4709
4922 67.4709
4923 67.4709
4924 67.4709
4925 67.4709
4926 67.4709
4927 67.4709
4928 67.4709
4929 67.4709
4930 67.4709
4931 67.4709
4932 67.4709
4933 67.4709
4934 67.4709
4935 67.4709
4936 67.4709
4937 67.4709
4938 67.4709
4939 67.4709
4940 67.4709
4941 67.4709
4942 67.4709
4943 67.4709
4944 67.4709
4945 67.4709
4946 67.4709
4947 67.4709
4948 67.4709
4949 67.4709
4950 67.4709
4951 67.4709
4952 67.4709
4953 67.4709
4954 67.4709
4955 67.4709
4956 67.4709
4957 67.4709
4958 67.4709
4959 67.4709
4960 67.4709
4961 67.4709
4962 67.4709
4963 67.4709
4964 67.4709
4965 67.4709
4966 67.4709
4967 67.4709
4968 67.4709
4969 67.4709
4970 67.4709
4971 67.4709
4972 67.4709
4973 67.4709
4974 67.4709
4975 67.4709
4976 67.4709
4977 67.4709
4978 67.4709
4979 67.4709
4980 67.4709
4981 67.4709
4982 67.4709
4983 67.4709
4984 67.4709
4985 67.4709
4986 67.4709
4987 67.4709
4988 67.4709
4989 67.4709
4990 67.4709
4991 67.4709
4992 67.4709
4993 67.4709
4994 67.4709
4995 67.4709
4996 67.4709
4997 67.4709
4998 67.4709
4999 67.4709
5000 67.4709
5001 67.4709
5002 67.4709
5003 67.4709
5004 67.4709
5005 67.4709
5006 67.4709
5007 67.4709
5008 67.4709
5009 67.4709
5010 67.4709
5011 67.4709
5012 67.4709
5013 67.4709
5014 67.4709
5015 67.4709
5016 67.4709
5017 67.4709
5018 67.4709
5019 67.4709
5020 67.4709
5021 67.4709
5022 67.4709
5023 67.4709
5024 67.4709
5025 67.4709
5026 67.4709
5027 67.4709
5028 67.4709
5029 67.4709
5030 67.4709
5031 67.4709
5032 67.4709
5033 67.4709
5034 67.4709
5035 67.4709
5036 67.4709
5037 67.4709
5038 67.4709
5039 67.4709
5040 67.4709
5041 67.4709
5042 67.4709
5043 67.4709
5044 67.4709
5045 67.4709
5046 67.4709
5047 67.4709
5048 67.4709
5049 67.4709
5050 67.4709
5051 67.4709
5052 67.4709
5053 67.4709
5054 67.4709
5055 67.4709
5056 67.4709
5057 67.4709
5058 67.4709
5059 67.4709
5060 67.4709
5061 67.4709
5062 67.4709
5063 67.4709
5064 67.4709
5065 67.4709
5066 67.4709
5067 67.4709
5068 67.4709
5069 67.4709
5070 67.4709
5071 67.4709
5072 67.4709
5073 67.4709
5074 67.4709
5075 67.4709
5076 67.4709
5077 67.4709
5078 67.4709
5079 67.4709
5080 67.4709
5081 67.4709
5082 67.4709
5083 67.4709
5084 67.4709
5085 67.4709
5086 67.4709
5087 67.4709
5088 67.4709
5089 67.4709
5090 67.4709
5091 67.4709
5092 67.4709
5093 67.4709
5094 67.4709
5095 67.4709
5096 67.4709
5097 67.4709
5098 67.4709
5099 67.4709
5100 67.4709
5101 67.4709
5102 67.4709
5103 67.4709
5104 67.4709
5105 67.4709
5106 67.4709
5107 67.4709
5108 67.4709
5109 67.4709
5110 67.4709
5111 67.4709
5112 67.4709
5113 67.4709
5114 67.4709
5115 67.4709
5116 67.4709
5117 67.4709
5118 67.4709
5119 67.4709
5120 67.4709
5121 67.4709
5122 67.4709
5123 67.4709
5124 67.4709
5125 67.4709
5126 67.4709
5127 67.4709
5128 67.4709
5129 67.4709
5130 67.4709
5131 67.4709
5132 67.4709
5133 67.4709
5134 67.4709
5135 67.4709
5136 67.4709
5137 67.4709
5138 67.4709
5139 67.4709
5140 67.4709
5141 67.4709
5142 67.4709
5143 67.4709
5144 67.4709
5145 67.4709
5146 67.4709
5147 67.4709
5148 67.4709
5149 67.4709
5150 67.4709
5151 67.4709
5152 67.4709
5153 67.4709
5154 67.4709
5155 67.4709
5156 67.4709
5157 67.4709
5158 67.4709
5159 67.4709
5160 67.4709
5161 67.4709
5162 67.4709
5163 67.4709
5164 67.4709
5165 67.4709
5166 67.4709
5167 67.4709
5168 67.4709
5169 67.4709
5170 67.4709
5171 67.4709
5172 67.4709
5173 67.4709
5174 67.4709
5175 67.4709
5176 67.4709
5177 67.4709
5178 67.4709
5179 67.4709
5180 67.4709
5181 67.4709
5182 67.4709
5183 67.4709
5184 67.4709
5185 67.4709
5186 67.4709
5187 67.4709
5188 67.4709
5189 67.4709
5190 67.4709
5191 67.4709
5192 67.4709
5193 67.4709
5194 67.4709
5195 67.4709
5196 67.4709
5197 67.4709
5198 67.4709
5199 67.4709
5200 67.4709
5201 67.4709
5202 67.4709
5203 67.4709
5204 67.4709
5205 67.4709
5206 67.4709
5207 67.4709
5208 67.4709
5209 67.4709
5210 67.4709
5211 67.4709
5212 67.4709
5213 67.4709
5214 67.4709
5215 67.4709
5216 67.4709
5217 67.4709
5218 67.4709
5219 67.4709
5220 67.4709
5221 67.4709
5222 67.4709
5223 67.4709
5224 67.4709
5225 67.4709
5226 67.4709
5227 67.4709
5228 67.4709
5229 67.4709
5230 67.4709
5231 67.4709
5232 67.4709
5233 67.4709
5234 67.4709
5235 67.4709
5236 67.4709
5237 67.4709
5238 67.4709
5239 67.4709
5240 67.4709
5241 67.4709
5242 67.4709
5243 67.4709
5244 67.4709
5245 67.4709
5246 67.4709
5247 67.4709
5248 67.4709
5249 67.4709
5250 67.4709
5251 67.4709
5252 67.4709
5253 67.4709
5254 67.4709
5255 67.4709
5256 67.4709
5257 67.4709
5258 67.4709
5259 67.4709
5260 67.4709
5261 67.4709
5262 67.4709
5263 67.4709
5264 67.4709
5265 67.4709
5266 67.4709
5267 67.4709
5268 67.4709
5269 67.4709
5270 67.4709
5271 67.4709
5272 67.4709
5273 67.4709
5274 67.4709
5275 67.4709
5276 67.4709
5277 67.4709
5278 67.4709
5279 67.4709
5280 67.4709
5281 67.4709
5282 67.4709
5283 67.4709
5284 67.4709
5285 67.4709
5286 67.4709
5287 67.4709
5288 67.4709
5289 67.4709
5290 67.4709
5291 67.4709
5292 67.4709
5293 67.4709
5294 67.4709
5295 67.4709
5296 67.4709
5297 67.4709
5298 67.4709
5299 67.4709
5300 67.4709
5301 67.4709
5302 67.4709
5303 67.4709
5304 67.4709
5305 67.4709
5306 67.4709
5307 67.4709
5308 67.4709
5309 67.4709
5310 67.4709
5311 67.4709
5312 67.4709
5313 67.4709
5314 67.4709
5315 67.4709
5316 67.4709
5317 67.4709
5318 67.4709
5319 67.4709
5320 67.4709
5321 66.2955
5322 66.2325
5323 66.2325
5324 66.2325
5325 66.2325
5326 66.2325
5327 66.2325
5328 66.2325
5329 66.2325
5330 66.2325
5331 66.2325
5332 66.2325
5333 66.2325
5334 66.2325
5335 66.2325
5336 66.2325
5337 66.2325
5338 66.2325
5339 66.2325
5340 66.2325
5341 66.2325
5342 66.2325
5343 66.2325
5344 66.2325
5345 66.2325
5346 66.2325
5347 66.2325
5348 66.2325
5349 66.2325
5350 66.2325
5351 66.2325
5352 66.2325
5353 66.2325
5354 66.2325
5355 66.2325
5356 66.2325
5357 66.2325
5358 66.2325
5359 66.2325
5360 66.2325
5361 66.2325
5362 66.2325
5363 66.2325
5364 66.2325
5365 66.2325
5366 66.2325
5367 66.2325
5368 66.2325
5369 66.2325
5370 66.2325
5371 66.2325
5372 66.2325
5373 66.2325
5374 66.2325
5375 66.2325
5376 66.2325
5377 66.2325
5378 66.2325
5379 66.2325
5380 66.2325
5381 66.2325
5382 66.2325
5383 66.2325
5384 66.2325
5385 66.2325
5386 66.2325
5387 66.2325
5388 66.2325
5389 66.2325
5390 66.2325
5391 66.2325
5392 66.2325
5393 66.2325
5394 66.2325
5395 66.2325
5396 66.2325
5397 66.2325
5398 66.2325
5399 66.2325
5400 66.2325
5401 66.2325
5402 66.2325
5403 66.2325
5404 66.2325
5405 66.2325
5406 66.2325
5407 66.2325
5408 66.2325
5409 66.2325
5410 66.2325
5411 66.2325
5412 66.2325
5413 66.2325
5414 66.2325
5415 66.2325
5416 66.2325
5417 66.2325
5418 66.2325
5419 66.2325
5420 66.2325
5421 66.2325
5422 66.2325
5423 66.2325
5424 66.2325
5425 66.2325
5426 66.2325
5427 66.2325
5428 66.2325
5429 66.2325
5430 66.2325
5431 66.2325
5432 66.2325
5433 66.2325
5434 66.2325
5435 66.2325
5436 66.2325
5437 66.2325
5438 66.2325
5439 66.2325
5440 66.2325
5441 66.2325
5442 66.2325
5443 66.2325
5444 66.2325
5445 66.2325
5446 66.2325
5447 66.2325
5448 66.2325
5449 66.2325
5450 66.2325
5451 66.2325
5452 66.2325
5453 66.2325
5454 66.2325
5455 66.2325
5456 66.2325
5457 66.2325
5458 66.2325
5459 66.2325
5460 66.2325
5461 66.2325
5462 66.2325
5463 66.2325
5464 66.2325
5465 66.2325
5466 66.2325
5467 66.2325
5468 66.2325
5469 66.2325
5470 66.2325
5471 66.2325
5472 66.2325
5473 66.2325
5474 66.2325
5475 66.2325
5476 66.2325
5477 66.2325
5478 66.2325
5479 66.2325
5480 66.2325
5481 66.2325
5482 66.2325
5483 66.2325
5484 66.2325
5485 66.2325
5486 66.2325
5487 66.2325
5488 66.2325
5489 66.2325
5490 66.2325
5491 66.2325
5492 66.2325
5493 66.2325
5494 66.2325
5495 66.2325
5496 66.2325
5497 66.2325
5498 66.2325
5499 66.2325
5500 66.2325
5501 66.2325
5502 66.2325
5503 66.2325
5504 66.2325
5505 66.2325
5506 66.2325
5507 66.2325
5508 66.2325
5509 66.2325
5510 66.2325
5511 66.2325
5512 66.2325
5513 66.2325
5514 66.2325
5515 66.2325
5516 66.2325
5517 66.2325
5518 66.2325
5519 66.2325
5520 66.2325
5521 66.2325
5522 66.2325
5523 66.2325
5524 66.2325
5525 66.2325
5526 66.2325
5527 66.2325
5528 66.2325
5529 66.2325
5530 66.2325
5531 66.2325
5532 66.2325
5533 66.2325
5534 66.2325
5535 66.2325
5536 66.2325
5537 66.2325
5538 66.2325
5539 66.2325
5540 66.2325
5541 66.2325
5542 66.2325
5543 66.2325
5544 66.2325
5545 66.2325
5546 66.2325
5547 66.2325
5548 66.2325
5549 66.2325
5550 66.2325
5551 66.2325
5552 66.2325
5553 66.2325
5554 66.2325
5555 66.2325
5556 66.2325
5557 66.2325
5558 66.2325
5559 66.2325
5560 66.2325
5561 66.2325
5562 66.2325
5563 66.2325
5564 66.2325
5565 66.2325
5566 66.2325
5567 66.2325
5568 66.2325
5569 66.2325
5570 66.2325
5571 66.2325
5572 66.2325
5573 66.2325
5574 66.2325
5575 66.2325
5576 66.2325
5577 66.2325
5578 66.2325
5579 66.2325
5580 66.2325
5581 66.2325
5582 66.2325
5583 66.2325
5584 66.2325
5585 66.2325
5586 66.2325
5587 66.2325
5588 66.2325
5589 66.2325
5590 66.2325
5591 66.2325
5592 66.2325
5593 66.2325
5594 66.2325
5595 66.2325
5596 66.2325
5597 66.2325
5598 66.2325
5599 66.2325
5600 66.2325
5601 66.2325
5602 66.2325
5603 66.2325
5604 66.2325
5605 66.2325
5606 66.2325
5607 66.2325
5608 66.2325
5609 66.2325
5610 66.2325
5611 66.2325
5612 66.2325
5613 66.2325
5614 66.2325
5615 66.2325
5616 66.2325
5617 66.2325
5618 66.2325
5619 66.2325
5620 66.2325
5621 66.2325
5622 66.2325
5623 66.2325
5624 66.2325
5625 66.2325
5626 66.2325
5627 66.2325
5628 66.2325
5629 66.2325
5630 66.2325
5631 66.2325
5632 66.2325
5633 66.2325
5634 66.2325
5635 66.2325
5636 66.2325
5637 66.2325
5638 66.2325
5639 66.2325
5640 66.2325
5641 66.2325
5642 66.2325
5643 66.2325
5644 66.2325
5645 66.2325
5646 66.2325
5647 66.2325
5648 66.2325
5649 66.2325
5650 66.2325
5651 66.2325
5652 66.2325
5653 66.2325
5654 66.2325
5655 66.2325
5656 66.2325
5657 66.2325
5658 66.2325
5659 66.2325
5660 66.2325
5661 66.2325
5662 66.2325
5663 66.2325
5664 66.2325
5665 66.2325
5666 66.2325
5667 66.2325
5668 66.2325
5669 66.2325
5670 66.2325
5671 66.2325
5672 66.2325
5673 66.2325
5674 66.2325
5675 66.2325
5676 66.2325
5677 66.2325
5678 66.2325
5679 66.2325
5680 66.2325
5681 66.2325
5682 66.2325
5683 66.2325
5684 66.2325
5685 66.2325
5686 66.2325
5687 66.2325
5688 66.2325
5689 66.2325
5690 66.2325
5691 66.2325
5692 66.2325
5693 66.2325
5694 66.2325
5695 66.2325
5696 66.2325
5697 66.2325
5698 66.2325
5699 66.2325
5700 66.2325
5701 66.2325
5702 66.2325
5703 66.2325
5704 66.2325
5705 66.2325
5706 66.2325
5707 66.2325
5708 66.2325
5709 66.2325
5710 66.2325
5711 66.2325
5712 66.2325
5713 66.2325
5714 66.2325
5715 66.2325
5716 66.2325
5717 66.2325
5718 66.2325
5719 66.2325
5720 66.2325
5721 66.2325
5722 66.2325
5723 66.2325
5724 66.2325
5725 66.2325
5726 66.2325
5727 66.2325
5728 66.2325
5729 66.2325
5730 66.2325
5731 66.2325
5732 66.2325
5733 66.2325
5734 66.2325
5735 66.2325
5736 66.2325
5737 66.2325
5738 66.2325
5739 66.2325
5740 66.2325
5741 66.2325
5742 66.2325
5743 66.2325
5744 66.2325
5745 66.2325
5746 66.2325
5747 66.2325
5748 66.2325
5749 66.2325
5750 66.2325
5751 66.2325
5752 66.2325
5753 66.2325
5754 66.2325
5755 66.2325
5756 66.2325
5757 66.2325
5758 66.2325
5759 66.2325
5760 66.2325
5761 66.2325
5762 66.2325
5763 66.2325
5764 66.2325
5765 66.2325
5766 66.2325
5767 66.2325
5768 66.2325
5769 66.2325
5770 66.2325
5771 66.2325
5772 66.2325
5773 66.2325
5774 66.2325
5775 66.2325
5776 66.2325
5777 66.2325
5778 66.2325
5779 66.2325
5780 66.2325
5781 66.2325
5782 66.2325
5783 66.2325
5784 66.2325
5785 66.2325
5786 66.2325
5787 66.2325
5788 66.2325
5789 66.2325
5790 66.2325
5791 66.2325
5792 66.2325
5793 66.2325
5794 66.2325
5795 66.2325
5796 66.2325
5797 66.2325
5798 66.2325
5799 66.2325
5800 66.2325
5801 66.2325
5802 66.2325
5803 66.2325
5804 66.2325
5805 66.2325
5806 66.2325
5807 66.2325
5808 66.2325
5809 66.2325
5810 66.2325
5811 66.2325
5812 66.2325
5813 66.2325
5814 66.2325
5815 66.2325
5816 66.2325
5817 66.2325
5818 66.2325
5819 66.2325
5820 66.2325
5821 66.2325
5822 66.2325
5823 66.2325
5824 66.2325
5825 66.2325
5826 66.2325
5827 66.2325
5828 66.2325
5829 66.2325
5830 66.2325
5831 66.2325
5832 66.2325
5833 66.2325
5834 66.2325
5835 66.2325
5836 66.2325
5837 66.2325
5838 66.2325
5839 66.2325
5840 66.2325
5841 66.2325
5842 66.2325
5843 66.2325
5844 66.2325
5845 66.2325
5846 66.2325
5847 66.2325
5848 66.2325
5849 66.2325
5850 66.2325
5851 66.2325
5852 66.2325
5853 66.2325
5854 66.2325
5855 66.2325
5856 66.2325
5857 66.2325
5858 66.2325
5859 66.2325
5860 66.2325
5861 66.2325
5862 66.2325
5863 66.2325
5864 66.2325
5865 66.2325
5866 66.2325
5867 66.2325
5868 66.2325
5869 66.2325
5870 66.2325
5871 66.2325
5872 66.2325
5873 66.2325
5874 66.2325
5875 66.2325
5876 66.2325
5877 66.2325
5878 66.2325
5879 66.2325
5880 66.2325
5881 66.2325
5882 66.2325
5883 66.2325
5884 66.2325
5885 66.2325
5886 66.2325
5887 66.2325
5888 66.2325
5889 66.2325
5890 66.2325
5891 66.2325
5892 66.2325
5893 66.2325
5894 66.2325
5895 66.2325
5896 66.2325
5897 66.2325
5898 66.2325
5899 66.2325
5900 66.2325
5901 66.2325
5902 66.2325
5903 66.2325
5904 66.2325
5905 66.2325
5906 66.2325
5907 66.2325
5908 66.2325
5909 66.2325
5910 66.2325
5911 66.2325
5912 66.2325
5913 66.2325
5914 66.2325
5915 66.2325
5916 66.2325
5917 66.2325
5918 66.2325
5919 66.2325
5920 66.2325
5921 66.2325
5922 66.2325
5923 66.2325
5924 66.2325
5925 66.2325
5926 66.2325
5927 66.2325
5928 66.2325
5929 66.2325
5930 66.2325
5931 66.2325
5932 66.2325
5933 66.2325
5934 66.2325
5935 66.2325
5936 66.2325
5937 66.2325
5938 66.2325
5939 66.2325
5940 66.2325
5941 66.2325
5942 66.2325
5943 66.2325
5944 66.2325
5945 66.2325
5946 66.2325
5947 66.2325
5948 66.2325
5949 66.2325
5950 66.2325
5951 66.2325
5952 66.2325
5953 66.2325
5954 66.2325
5955 66.2325
5956 66.2325
5957 66.2325
5958 66.2325
5959 66.2325
5960 66.2325
5961 66.2325
5962 66.2325
5963 66.2325
5964 66.2325
5965 66.2325
5966 66.2325
5967 66.2325
5968 66.2325
5969 66.2325
5970 66.2325
5971 66.2325
5972 66.2325
5973 66.2325
5974 66.2325
5975 66.2325
5976 66.2325
5977 66.2325
5978 66.2325
5979 66.2325
5980 66.2325
5981 66.2325
5982 66.2325
5983 66.2325
5984 66.2325
5985 66.2325
5986 66.2325
5987 66.2325
5988 66.2325
5989 66.2325
5990 66.2325
5991 66.2325
5992 66.2325
5993 66.2325
5994 66.2325
5995 66.2325
5996 66.2325
5997 66.2325
5998 66.2325
5999 66.2325
6000 66.2325
