1 442.345
2 429.173
3 404.767
4 401.668
5 390.041
6 388.451
7 364.808
8 364.682
9 360.482
10 359.893
11 349.385
12 340.358
13 345.845
14 336.751
15 336.751
16 333.3
17 329.146
18 327.454
19 319.532
20 305.082
21 305.082
22 298.876
23 298.876
24 297.164
25 297.164
26 293.119
27 288.333
28 280.988
29 280.988
30 270.239
31 269.464
32 269.464
33 269.464
34 265.026
35 264.023
36 262.763
37 262.028
38 262.028
39 255.639
40 255.639
41 255.299
42 253.713
43 253.713
44 253.713
45 253.496
46 248.532
47 248.532
48 245.648
49 241.185
50 241.185
51 241.185
52 241.185
53 240.985
54 236.883
55 235.124
56 234.091
57 234.091
58 227.556
59 225.684
60 225.368
61 225.037
62 218.556
63 218.556
64 217.698
65 217.698
66 216.624
67 212.394
68 207.345
69 207.163
70 207.163
71 207.238
72 203.998
73 203.998
74 202.922
75 202.922
76 198.196
77 196.089
78 196.445
79 196.445
80 196.038
81 194.768
82 193.547
83 193.547
84 193.414
85 191.937
86 191.687
87 189.556
88 183.385
89 183.385
90 183.385
91 183.385
92 183.385
93 183.385
94 181.142
95 181.142
96 180.355
97 180.337
98 180.337
99 179.297
100 178.978
101 178.978
102 178.978
103 177.728
104 177.728
105 177.592
106 177.592
107 177.592
108 177.592
109 177.592
110 177.592
111 177.592
112 177.592
113 177.277
114 176.875
115 175.541
116 172.231
117 170.965
118 170.965
119 170.738
120 167.636
121 167.636
122 167.636
123 167.636
124 161.625
125 161.625
126 161.625
127 161.625
128 161.625
129 161.625
130 159.288
131 160.437
132 160.437
133 160.183
134 160.183
135 160.183
136 160.183
137 160.183
138 159.176
139 156.065
140 156.065
141 156.065
142 156.065
143 155.058
144 155.058
145 154.41
146 154.41
147 154.41
148 154.41
149 154.41
150 153.301
151 152.787
152 153.301
153 153.282
154 153.282
155 153.301
156 151.939
157 151.097
158 151.097
159 151.097
160 150.093
161 148.687
162 146.665
163 146.665
164 146.665
165 146.593
166 143.756
167 143.096
168 143.096
169 142.436
170 142.436
171 142.436
172 142.436
173 142.436
174 142.436
175 142.436
176 138.92
177 138.92
178 138.92
179 138.92
180 138.396
181 138.396
182 138.396
183 137.167
184 137.167
185 135.467
186 135.467
187 132.481
188 132.474
189 130.47
190 130.47
191 130.276
192 130.47
193 129.81
194 129.81
195 129.81
196 129.459
197 129.241
198 129.241
199 129.09
200 128.89
201 128.87
202 128.581
203 128.581
204 128.581
205 127.158
206 127.158
207 127.154
208 127.154
209 127.154
210 126.462
211 126.462
212 126.462
213 126.462
214 126.462
215 126.462
216 126.462
217 125.616
218 124.351
219 124.351
220 124.351
221 124.351
222 124.351
223 124.351
224 124.351
225 124.351
226 124.1
227 123.24
228 123.24
229 122.737
230 122.737
231 122.737
232 122.737
233 122.737
234 122.737
235 122.737
236 122.502
237 122.502
238 122.502
239 122.502
240 122.502
241 122.502
242 122.502
243 122.251
244 122.251
245 122.251
246 122.251
247 122.251
248 122.251
249 122.251
250 122.251
251 122.251
252 122.251
253 122.204
254 118.971
255 118.971
256 118.971
257 118.971
258 118.923
259 118.971
260 118.971
261 118.971
262 118.971
263 118.772
264 116.196
265 116.196
266 116.196
267 116.196
268 116.196
269 116.196
270 116.196
271 116.196
272 115.754
273 114.31
274 114.31
275 114.31
276 114.31
277 113.868
278 113.868
279 113.868
280 113.868
281 113.814
282 113.814
283 113.372
284 113.372
285 113.372
286 113.372
287 113.372
288 113.258
289 112.815
290 112.815
291 112.815
292 112.815
293 112.815
294 112.815
295 112.815
296 112.815
297 112.345
298 112.345
299 112.345
300 112.269
301 112.269
302 111.799
303 111.799
304 111.799
305 111.799
306 111.799
307 111.799
308 111.48
309 111.48
310 111.48
311 111.48
312 111.48
313 111.33
314 111.011
315 111.011
316 110.547
317 110.547
318 110.547
319 110.547
320 110.547
321 110.547
322 110.531
323 110.531
324 110.395
325 110.281
326 109.673
327 109.673
328 110.212
329 110.212
330 110.212
331 110.212
332 109.998
333 109.212
334 109.212
335 108.338
336 108.553
337 108.553
338 108.553
339 108.553
340 108.532
341 108.532
342 108.532
343 108.532
344 107.263
345 108.532
346 108.321
347 108.321
348 108.321
349 108.321
350 108.321
351 108.321
352 107.217
353 107.217
354 107.217
355 107.217
356 106.584
357 106.584
358 106.584
359 106.584
360 106.584
361 105.847
362 105.847
363 105.847
364 106.463
365 105.83
366 105.83
367 105.83
368 105.398
369 105.398
370 104.104
371 104.104
372 104.104
373 104.104
374 104.104
375 104.104
376 104.104
377 104.104
378 104.104
379 104.104
380 103.773
381 103.773
382 103.773
383 103.773
384 103.773
385 103.443
386 103.113
387 103.113
388 103.113
389 103.113
390 103.113
391 103.113
392 103.061
393 103.061
394 103.061
395 103.061
396 103.061
397 103.061
398 102.236
399 102.236
400 102.075
401 101.709
402 101.709
403 101.709
404 101.709
405 101.709
406 101.453
407 101.709
408 101.709
409 101.709
410 101.709
411 101.709
412 101.709
413 101.709
414 101.514
415 101.288
416 101.514
417 101.514
418 101.514
419 101.514
420 101.214
421 101.214
422 101.214
423 101.019
424 100.848
425 100.848
426 100.848
427 100.848
428 100.848
429 100.848
430 100.848
431 100.848
432 100.848
433 100.848
434 100.669
435 100.669
436 100.669
437 100.669
438 100.669
439 100.669
440 100.669
441 100.436
442 100.436
443 100.436
444 100.436
445 99.8229
446 100.436
447 100.007
448 100.007
449 100.007
450 100.007
451 99.7737
452 98.0536
453 98.0536
454 98.0536
455 98.0536
456 98.0536
457 98.0536
458 98.0536
459 98.0536
460 97.2633
461 97.2633
462 97.2633
463 97.2633
464 97.2633
465 97.2633
466 97.2633
467 97.2633
468 97.2633
469 97.2633
470 97.2633
471 97.2633
472 97.2633
473 97.2633
474 97.2633
475 97.2633
476 97.2633
477 97.2633
478 97.2633
479 97.2633
480 97.2633
481 97.2633
482 97.2633
483 97.2633
484 97.2633
485 96.9724
486 97.2633
487 97.2633
488 97.2633
489 97.2633
490 96.9724
491 96.9724
492 96.9724
493 96.9724
494 96.9724
495 96.9663
496 96.863
497 96.863
498 96.863
499 96.863
500 96.8255
501 96.8255
502 96.4637
503 96.4637
504 96.4637
505 96.4637
506 96.4637
507 95.4031
508 95.4031
509 95.4031
510 95.4031
511 95.4031
512 95.4031
513 95.4031
514 95.4031
515 95.4031
516 95.3903
517 94.4451
518 94.4451
519 95.3903
520 95.3903
521 95.3903
522 95.3903
523 95.3903
524 95.2507
525 95.2507
526 95.2507
527 95.2507
528 95.2507
529 95.2507
530 95.2507
531 95.2507
532 95.2507
533 94.7218
534 94.7218
535 94.7218
536 94.7218
537 94.7218
538 94.7218
539 94.7218
540 94.7218
541 94.7218
542 94.7218
543 94.7218
544 94.7218
545 94.7218
546 94.7218
547 94.7218
548 94.7218
549 94.7218
550 94.7218
551 94.7218
552 94.7218
553 94.7218
554 94.7218
555 94.7218
556 94.7218
557 93.0771
558 93.0771
559 93.0771
560 93.0771
561 93.0771
562 93.0771
563 93.0771
564 93.0771
565 92.9457
566 92.9457
567 92.9457
568 92.9457
569 92.9457
570 92.9457
571 92.9457
572 92.9457
573 92.9457
574 92.9457
575 92.9457
576 92.4474
577 91.6804
578 91.6804
579 91.6804
580 91.6804
581 91.6804
582 91.6804
583 91.6804
584 91.6804
585 91.6804
586 91.6804
587 91.6804
588 91.6804
589 91.6804
590 91.6804
591 91.6804
592 91.6804
593 91.1613
594 91.1613
595 89.9456
596 89.9456
597 89.9456
598 89.9456
599 89.9456
600 89.9456
601 89.9456
602 89.9456
603 89.9456
604 89.9456
605 89.9456
606 89.9456
607 89.9456
608 89.9434
609 89.9434
610 89.9434
611 89.9434
612 89.9434
613 89.9434
614 89.9434
615 89.9434
616 89.9434
617 89.6074
618 89.6074
619 89.6074
620 89.6074
621 89.6074
622 89.6074
623 89.6074
624 89.6074
625 89.6074
626 89.6074
627 89.6074
628 89.6074
629 89.6074
630 89.6074
631 89.6074
632 89.2947
633 89.2947
634 89.2947
635 89.2947
636 89.2947
637 89.2947
638 89.2947
639 89.2947
640 89.2947
641 89.2947
642 89.2947
643 88.3889
644 88.3889
645 88.3889
646 88.3889
647 88.3889
648 88.3889
649 88.3889
650 88.3889
651 86.7201
652 86.7201
653 86.7201
654 86.7201
655 86.7201
656 87.5746
657 87.5746
658 87.5746
659 87.5746
660 87.5746
661 87.5746
662 87.5746
663 87.5746
664 87.2917
665 87.5746
666 87.5746
667 87.5472
668 87.5746
669 87.5746
670 87.3195
671 87.3195
672 87.3195
673 87.3195
674 87.3195
675 87.3195
676 87.3195
677 87.1097
678 87.1097
679 87.1097
680 87.1097
681 87.1097
682 87.1097
683 87.1097
684 87.1097
685 87.0594
686 87.0594
687 87.0594
688 87.0594
689 87.0594
690 87.0594
691 87.0594
692 87.0584
693 87.0584
694 87.0584
695 87.0584
696 87.0584
697 87.0584
698 87.0584
699 87.0584
700 87.0584
701 87.0584
702 87.0584
703 87.0584
704 87.0584
705 87.0584
706 87.0584
707 87.0584
708 87.0584
709 87.0584
710 87.0584
711 87.0584
712 87.0584
713 87.0584
714 87.0584
715 87.0584
716 87.0584
717 86.8703
718 86.8703
719 86.8703
720 86.8703
721 86.8703
722 86.8703
723 86.8703
724 86.8703
725 86.8703
726 86.8703
727 86.8703
728 86.8703
729 86.8703
730 86.8703
731 86.8703
732 86.8703
733 86.8703
734 86.8703
735 86.8703
736 86.8703
737 86.8703
738 86.8703
739 86.8703
740 86.8703
741 86.8703
742 86.8703
743 86.8703
744 86.8703
745 86.7383
746 86.7383
747 86.7383
748 86.7383
749 86.7383
750 86.7383
751 86.7383
752 86.7383
753 86.7383
754 86.7383
755 86.7383
756 86.7383
757 86.7383
758 86.7383
759 86.7383
760 86.7383
761 86.7383
762 86.4574
763 86.4574
764 86.4574
765 86.4574
766 86.4574
767 86.4574
768 86.4574
769 86.4574
770 86.4299
771 86.4057
772 86.4057
773 86.4299
774 86.4299
775 86.4299
776 86.4299
777 86.3384
778 86.3384
779 86.3384
780 86.3384
781 86.3384
782 86.3384
783 86.3384
784 86.3384
785 86.3384
786 86.3384
787 86.3384
788 86.3384
789 86.3384
790 86.3384
791 86.3384
792 86.3384
793 86.1086
794 86.1086
795 86.1086
796 86.1086
797 86.1086
798 86.1086
799 86.1086
800 86.1086
801 85.9372
802 85.9372
803 85.9372
804 85.9372
805 85.9372
806 85.9372
807 85.9372
808 85.9372
809 85.9372
810 85.9372
811 85.9372
812 85.9372
813 85.9372
814 85.9372
815 85.9372
816 85.9372
817 85.9372
818 85.9372
819 85.9372
820 85.9372
821 85.9372
822 85.9271
823 85.9271
824 85.9271
825 85.9271
826 85.9271
827 85.9271
828 85.9271
829 85.9271
830 85.9271
831 85.9271
832 85.9271
833 85.9271
834 84.702
835 84.702
836 84.702
837 84.702
838 84.702
839 84.702
840 84.702
841 84.702
842 84.702
843 84.702
844 84.702
845 84.702
846 84.702
847 84.6662
848 84.6662
849 84.6662
850 84.6662
851 84.6662
852 84.6662
853 84.6662
854 84.6662
855 84.6662
856 84.6662
857 84.6662
858 84.6662
859 84.6662
860 84.6662
861 84.6662
862 84.6662
863 84.6662
864 84.6575
865 84.6575
866 84.6575
867 84.6575
868 84.585
869 84.585
870 84.5764
871 84.5764
872 84.5764
873 84.5764
874 84.5764
875 84.5764
876 84.5764
877 84.5764
878 84.5764
879 84.5764
880 84.5764
881 84.5764
882 84.5764
883 84.5764
884 83.9633
885 83.9633
886 83.9633
887 83.9633
888 83.9633
889 83.9633
890 83.9633
891 83.9633
892 83.9633
893 83.9633
894 83.9633
895 83.9633
896 83.9633
897 83.9633
898 83.9633
899 83.9633
900 83.9633
901 83.9633
902 83.9633
903 83.9633
904 83.9633
905 83.9633
906 83.9633
907 83.7459
908 83.7459
909 83.7459
910 83.7459
911 83.7459
912 83.7459
913 83.7459
914 83.7459
915 83.7459
916 83.7459
917 83.3542
918 83.3542
919 83.3542
920 83.3542
921 83.3542
922 83.3542
923 83.3542
924 83.3542
925 83.3542
926 83.3542
927 83.3542
928 83.3542
929 83.3542
930 83.3542
931 83.3542
932 83.3542
933 83.3542
934 83.3542
935 83.3542
936 83.3542
937 83.3542
938 83.3542
939 82.0859
940 82.0859
941 82.0859
942 82.0859
943 82.0859
944 82.0859
945 82.0859
946 82.0859
947 82.0859
948 82.0859
949 82.0859
950 81.8957
951 81.8957
952 81.8957
953 81.8957
954 81.8957
955 81.8957
956 81.8957
957 80.8254
958 80.8254
959 80.8254
960 80.8254
961 80.8254
962 80.8254
963 80.8254
964 80.8254
965 80.8254
966 80.8254
967 80.8254
968 80.8254
969 80.8254
970 80.8254
971 80.8254
972 80.8254
973 80.8254
974 80.8254
975 80.8254
976 80.8254
977 80.8254
978 80.8254
979 80.8254
980 80.8254
981 80.8254
982 80.8254
983 80.8254
984 80.8254
985 80.8254
986 80.8254
987 80.8254
988 80.295
989 80.295
990 80.295
991 80.295
992 80.295
993 80.295
994 80.295
995 80.295
996 79.9396
997 79.9396
998 79.9396
999 79.9396
1000 79.9396
1001 79.9396
1002 79.9396
1003 79.9396
1004 79.4091
1005 79.4091
1006 79.4091
1007 79.4091
1008 79.4091
1009 79.4091
1010 79.4091
1011 79.4091
1012 79.4091
1013 79.4091
1014 79.4091
1015 79.4091
1016 79.4091
1017 79.4091
1018 79.4091
1019 79.4091
1020 79.4091
1021 79.4091
1022 78.7915
1023 78.7915
1024 78.7915
1025 78.7915
1026 78.7915
1027 78.7915
1028 78.7915
1029 78.7915
1030 78.7915
1031 78.7915
1032 78.7476
1033 78.7476
1034 78.7476
1035 78.7476
1036 78.7476
1037 78.7476
1038 78.7476
1039 78.7476
1040 78.7476
1041 78.7476
1042 78.7476
1043 78.7476
1044 78.7476
1045 78.7476
1046 78.7476
1047 78.7476
1048 78.7476
1049 78.7476
1050 78.7476
1051 78.7476
1052 78.7476
1053 78.7476
1054 78.7476
1055 78.7476
1056 78.7476
1057 78.7476
1058 78.7476
1059 78.7476
1060 78.7476
1061 78.7476
1062 78.7476
1063 78.7476
1064 78.7253
1065 78.7253
1066 78.7253
1067 78.7253
1068 78.7253
1069 78.7253
1070 78.7253
1071 78.3401
1072 78.3401
1073 78.3401
1074 78.3401
1075 78.3401
1076 78.3401
1077 78.3401
1078 78.3401
1079 78.3401
1080 78.3401
1081 78.3401
1082 78.3401
1083 78.3401
1084 78.3401
1085 78.3401
1086 78.3401
1087 78.3401
1088 78.3401
1089 78.3401
1090 78.3401
1091 78.1273
1092 78.1273
1093 78.1273
1094 78.1273
1095 78.1273
1096 78.1273
1097 78.1273
1098 78.1273
1099 78.1273
1100 78.1273
1101 78.1273
1102 78.1273
1103 78.1273
1104 78.1273
1105 78.1273
1106 78.1273
1107 78.1273
1108 78.1273
1109 78.1273
1110 78.0194
1111 78.0194
1112 78.0194
1113 78.0194
1114 78.0194
1115 78.0194
1116 78.0194
1117 78.0194
1118 78.0194
1119 78.0194
1120 78.0194
1121 78.0194
1122 78.0194
1123 78.0194
1124 78.0194
1125 78.0194
1126 78.0194
1127 78.0194
1128 78.0194
1129 78.0194
1130 77.5967
1131 77.5967
1132 77.5967
1133 77.5967
1134 77.5967
1135 77.5967
1136 77.5967
1137 77.5967
1138 77.5967
1139 77.5967
1140 77.5967
1141 77.5967
1142 77.5967
1143 77.5967
1144 77.5967
1145 77.5967
1146 77.5967
1147 77.5967
1148 77.5967
1149 77.5967
1150 77.5967
1151 77.5967
1152 77.5967
1153 77.5967
1154 77.5967
1155 77.5967
1156 77.5967
1157 77.5967
1158 77.5967
1159 77.5967
1160 77.5967
1161 77.5967
1162 77.5967
1163 77.5967
1164 77.5967
1165 77.5967
1166 77.5967
1167 77.5967
1168 77.5967
1169 77.5967
1170 77.5967
1171 77.5967
1172 77.5967
1173 77.5967
1174 77.5967
1175 77.5967
1176 77.5967
1177 77.5967
1178 77.5967
1179 77.5967
1180 77.5967
1181 77.5967
1182 77.2706
1183 77.2706
1184 77.2706
1185 77.2706
1186 77.2706
1187 77.2706
1188 77.2706
1189 77.2706
1190 77.2706
1191 77.2706
1192 77.2706
1193 77.2706
1194 77.2706
1195 77.2706
1196 77.2545
1197 77.2545
1198 76.593
1199 76.593
1200 76.593
1201 76.593
1202 76.593
1203 76.593
1204 76.593
1205 76.593
1206 76.593
1207 76.593
1208 76.593
1209 76.593
1210 76.593
1211 76.593
1212 76.593
1213 76.593
1214 76.593
1215 76.593
1216 76.593
1217 76.5862
1218 76.5862
1219 76.5862
1220 76.5862
1221 76.5862
1222 76.5862
1223 76.5862
1224 76.5862
1225 76.5862
1226 76.5862
1227 76.5862
1228 76.4634
1229 76.4634
1230 76.4634
1231 76.4634
1232 76.4634
1233 76.4634
1234 76.4634
1235 76.4634
1236 76.4634
1237 76.4634
1238 76.4634
1239 76.4634
1240 76.4634
1241 76.4634
1242 76.4634
1243 76.4634
1244 76.4634
1245 76.4634
1246 76.4634
1247 76.4634
1248 76.4634
1249 76.4634
1250 76.4634
1251 76.4634
1252 76.4634
1253 76.4634
1254 76.4634
1255 76.4634
1256 76.4634
1257 76.4634
1258 76.4634
1259 76.4634
1260 76.4634
1261 76.4634
1262 76.4634
1263 76.4634
1264 76.4634
1265 76.4634
1266 76.4634
1267 76.4634
1268 76.4634
1269 76.4634
1270 76.4634
1271 76.0716
1272 75.9778
1273 75.9778
1274 75.9778
1275 75.9778
1276 75.9778
1277 75.9778
1278 75.9778
1279 75.9778
1280 75.9778
1281 75.9778
1282 75.9778
1283 75.9778
1284 75.9778
1285 75.9778
1286 75.9778
1287 75.9778
1288 75.9778
1289 75.9778
1290 75.9778
1291 75.9778
1292 75.9778
1293 75.9778
1294 75.9778
1295 75.9778
1296 75.9778
1297 75.9778
1298 75.9778
1299 75.9778
1300 75.9778
1301 75.9778
1302 75.9778
1303 75.9778
1304 75.9778
1305 75.9778
1306 75.9778
1307 75.9778
1308 75.9778
1309 75.9778
1310 75.9778
1311 75.1376
1312 75.1376
1313 75.1376
1314 75.1376
1315 75.1376
1316 75.1376
1317 75.1376
1318 75.1376
1319 75.1376
1320 75.1376
1321 75.1376
1322 75.1376
1323 75.1376
1324 75.1376
1325 75.1376
1326 75.1376
1327 75.0153
1328 75.0153
1329 75.1376
1330 75.1376
1331 75.1376
1332 75.1376
1333 75.1376
1334 75.1376
1335 75.1376
1336 75.1376
1337 75.1376
1338 75.1376
1339 75.1376
1340 75.1376
1341 75.1376
1342 75.1376
1343 75.1376
1344 75.1376
1345 75.1376
1346 75.1334
1347 75.1334
1348 75.1334
1349 75.1334
1350 75.1334
1351 75.1334
1352 75.1334
1353 75.1334
1354 75.1334
1355 75.1334
1356 75.1297
1357 75.1297
1358 75.1297
1359 75.1297
1360 74.9546
1361 75.1297
1362 75.1297
1363 75.1297
1364 75.1297
1365 75.1297
1366 75.1297
1367 75.1297
1368 75.1297
1369 75.1297
1370 75.1297
1371 75.1297
1372 75.1297
1373 75.1297
1374 75.1297
1375 75.1297
1376 75.1297
1377 75.1297
1378 75.1297
1379 75.1297
1380 75.1297
1381 75.1297
1382 75.1297
1383 75.1297
1384 75.1297
1385 75.1297
1386 75.1297
1387 75.1297
1388 75.1297
1389 75.1297
1390 75.1297
1391 75.1297
1392 75.1297
1393 75.1297
1394 75.1297
1395 75.1297
1396 74.8694
1397 74.8694
1398 74.8694
1399 74.8694
1400 74.8694
1401 74.8694
1402 74.8694
1403 74.8694
1404 74.8694
1405 74.8694
1406 74.8694
1407 74.8694
1408 74.8694
1409 74.8694
1410 74.8694
1411 74.8694
1412 74.8694
1413 74.8694
1414 74.8694
1415 74.8694
1416 74.7568
1417 74.7568
1418 74.4377
1419 74.4377
1420 74.4377
1421 74.4377
1422 74.4377
1423 74.4377
1424 74.4377
1425 74.4377
1426 74.4377
1427 74.4377
1428 74.4377
1429 74.4377
1430 74.4377
1431 74.4377
1432 74.4377
1433 74.4377
1434 74.4377
1435 74.4377
1436 74.4377
1437 73.9206
1438 73.9206
1439 73.243
1440 73.243
1441 73.243
1442 73.243
1443 73.243
1444 73.243
1445 73.243
1446 73.1207
1447 73.1207
1448 73.1207
1449 73.1207
1450 73.1207
1451 73.1207
1452 73.1207
1453 73.1207
1454 73.1207
1455 73.1207
1456 73.1207
1457 73.1207
1458 73.0642
1459 73.0642
1460 73.0642
1461 72.9419
1462 72.9419
1463 72.9419
1464 72.9419
1465 72.7465
1466 72.7465
1467 72.7465
1468 72.7465
1469 72.7465
1470 72.7465
1471 72.7465
1472 72.7465
1473 72.7465
1474 72.7465
1475 72.7465
1476 72.7465
1477 72.7465
1478 72.7465
1479 72.7465
1480 72.7465
1481 72.7465
1482 72.7465
1483 72.7465
1484 72.7465
1485 72.7465
1486 72.7465
1487 72.7465
1488 72.3588
1489 72.3588
1490 72.3588
1491 72.3588
1492 72.3588
1493 72.3588
1494 72.3588
1495 72.3588
1496 72.3588
1497 72.3588
1498 72.3588
1499 72.3588
1500 72.3588
1501 72.3588
1502 72.3588
1503 72.3588
1504 72.3588
1505 72.3588
1506 72.3588
1507 72.3588
1508 72.3588
1509 72.3588
1510 72.3588
1511 72.3588
1512 72.3588
1513 72.3588
1514 72.3588
1515 72.3588
1516 72.3588
1517 72.3588
1518 72.3588
1519 72.3588
1520 72.3588
1521 72.3588
1522 72.3588
1523 72.3588
1524 72.3588
1525 72.3588
1526 72.3588
1527 72.3588
1528 72.3588
1529 72.3588
1530 72.3588
1531 72.3588
1532 72.3588
1533 72.3588
1534 72.3588
1535 72.3588
1536 72.3588
1537 72.3588
1538 72.3588
1539 72.3588
1540 72.1574
1541 72.1574
1542 72.1574
1543 72.1071
1544 72.1071
1545 71.9448
1546 71.9448
1547 71.9448
1548 71.9448
1549 71.9448
1550 71.9448
1551 71.9448
1552 71.9448
1553 71.9448
1554 71.9448
1555 71.9448
1556 71.9448
1557 71.9448
1558 71.9448
1559 71.9448
1560 71.9448
1561 71.9448
1562 71.9448
1563 71.9383
1564 71.9383
1565 71.9383
1566 71.9383
1567 71.9383
1568 71.9383
1569 71.9383
1570 71.9383
1571 71.9383
1572 71.9383
1573 71.9383
1574 71.9383
1575 71.9383
1576 71.8496
1577 71.8496
1578 71.8496
1579 71.8496
1580 71.8496
1581 71.8496
1582 71.8496
1583 71.8496
1584 71.8496
1585 71.8496
1586 71.8496
1587 71.8496
1588 71.8496
1589 71.6305
1590 71.6305
1591 71.6305
1592 71.6305
1593 71.6305
1594 71.6305
1595 71.6305
1596 71.6305
1597 71.6305
1598 71.6305
1599 71.6305
1600 71.6305
1601 71.6305
1602 71.6305
1603 71.5275
1604 71.5275
1605 71.5275
1606 71.5275
1607 71.5275
1608 71.5275
1609 71.5275
1610 71.5275
1611 71.5275
1612 71.5275
1613 71.5275
1614 71.5275
1615 71.5275
1616 71.5275
1617 71.5275
1618 71.5275
1619 71.5275
1620 71.5275
1621 71.5275
1622 71.5275
1623 71.5275
1624 71.5275
1625 71.5275
1626 71.5275
1627 71.5275
1628 71.5275
1629 71.5275
1630 71.5275
1631 71.5275
1632 71.5275
1633 71.5275
1634 71.5275
1635 71.5275
1636 71.5275
1637 71.5275
1638 71.5275
1639 71.5275
1640 71.5275
1641 71.5275
1642 71.5275
1643 71.5275
1644 71.5275
1645 71.5275
1646 71.5275
1647 71.5275
1648 71.5275
1649 71.5275
1650 71.5275
1651 71.5275
1652 71.5275
1653 71.5275
1654 71.5275
1655 71.5275
1656 71.5275
1657 71.5115
1658 71.5115
1659 71.5275
1660 71.5275
1661 71.5275
1662 71.5275
1663 71.5275
1664 71.5275
1665 71.5275
1666 71.5275
1667 71.5275
1668 71.5275
1669 71.5275
1670 71.5275
1671 71.5275
1672 71.5275
1673 71.5275
1674 71.5275
1675 71.5275
1676 71.5275
1677 71.5275
1678 71.5275
1679 71.5275
1680 71.5275
1681 71.5275
1682 71.5275
1683 71.5275
1684 71.5275
1685 71.5275
1686 71.5275
1687 71.5275
1688 71.5275
1689 71.5275
1690 71.5275
1691 71.5275
1692 71.5275
1693 71.5275
1694 71.5275
1695 71.5275
1696 71.5275
1697 71.5275
1698 71.5275
1699 71.5275
1700 71.5275
1701 71.5275
1702 71.5275
1703 71.5275
1704 71.5275
1705 71.5275
1706 71.5275
1707 71.5275
1708 71.5275
1709 71.5275
1710 71.5275
1711 71.5275
1712 71.5275
1713 71.5275
1714 71.5275
1715 71.5275
1716 71.5275
1717 71.5275
1718 71.5275
1719 71.5275
1720 71.5275
1721 71.5275
1722 71.5275
1723 71.5275
1724 71.5275
1725 71.5275
1726 71.5275
1727 71.5275
1728 71.5275
1729 71.5275
1730 71.5275
1731 71.3641
1732 71.3641
1733 71.3641
1734 71.3641
1735 71.3641
1736 71.3641
1737 71.3641
1738 71.3641
1739 71.3641
1740 71.3641
1741 71.3641
1742 71.3641
1743 71.3641
1744 71.3641
1745 71.3641
1746 71.3641
1747 71.3641
1748 71.3641
1749 71.3641
1750 71.3641
1751 71.3641
1752 71.3641
1753 71.3641
1754 71.3641
1755 71.3641
1756 71.3641
1757 71.3641
1758 71.3641
1759 71.3641
1760 71.0895
1761 71.0895
1762 71.0895
1763 71.0895
1764 71.0895
1765 71.0895
1766 71.0895
1767 71.0895
1768 71.0895
1769 71.0895
1770 71.0895
1771 71.0895
1772 71.0895
1773 71.0895
1774 71.0895
1775 71.0895
1776 71.0895
1777 71.0895
1778 71.0895
1779 71.0895
1780 71.0895
1781 71.0895
1782 71.0895
1783 71.0895
1784 71.0895
1785 71.0895
1786 71.0895
1787 71.0895
1788 71.0895
1789 71.0895
1790 71.0895
1791 71.0895
1792 71.0895
1793 71.0895
1794 71.0895
1795 71.0895
1796 71.0895
1797 71.0895
1798 71.0895
1799 71.0895
1800 71.0895
1801 71.0895
1802 71.0895
1803 71.0895
1804 71.0895
1805 71.0895
1806 71.0895
1807 71.0895
1808 71.0895
1809 71.0895
1810 71.0895
1811 71.0895
1812 71.0895
1813 71.0895
1814 71.0895
1815 71.0895
1816 71.0895
1817 71.0895
1818 71.0895
1819 71.0895
1820 71.0895
1821 71.0895
1822 71.0895
1823 71.0895
1824 71.0895
1825 71.0895
1826 71.0895
1827 71.0895
1828 71.0895
1829 71.0895
1830 71.0895
1831 71.0895
1832 71.0895
1833 71.0895
1834 71.0895
1835 71.0895
1836 71.0895
1837 71.0895
1838 71.0895
1839 71.0895
1840 71.0895
1841 71.0895
1842 71.0895
1843 71.0895
1844 71.0895
1845 71.0895
1846 71.0895
1847 71.0895
1848 71.0895
1849 71.0895
1850 71.0895
1851 71.0895
1852 71.0895
1853 71.0895
1854 71.0895
1855 71.0895
1856 71.0895
1857 71.0895
1858 71.0895
1859 71.0895
1860 71.0895
1861 71.0895
1862 71.0895
1863 71.0895
1864 71.0895
1865 71.0895
1866 71.0895
1867 71.0895
1868 71.0895
1869 71.0895
1870 71.0895
1871 71.0895
1872 71.0895
1873 71.0895
1874 71.0895
1875 71.0895
1876 71.0895
1877 71.0895
1878 71.0895
1879 71.0895
1880 71.0895
1881 71.0895
1882 71.0895
1883 71.0895
1884 71.0895
1885 71.0895
1886 71.0895
1887 71.0895
1888 71.0895
1889 71.0895
1890 71.0895
1891 71.0895
1892 71.0895
1893 71.0895
1894 71.0895
1895 71.0895
1896 71.0895
1897 71.0895
1898 71.0895
1899 71.0895
1900 71.0895
1901 71.0895
1902 71.0895
1903 71.0895
1904 71.0895
1905 71.0895
1906 71.0895
1907 71.0895
1908 71.0895
1909 71.0895
1910 71.0895
1911 71.0895
1912 71.0895
1913 71.0895
1914 71.0895
1915 71.0895
1916 71.0895
1917 71.0895
1918 71.0895
1919 71.0895
1920 71.0895
1921 71.0895
1922 71.0895
1923 71.0895
1924 71.0895
1925 71.0895
1926 71.0895
1927 71.0895
1928 71.0895
1929 71.0895
1930 71.0895
1931 71.0895
1932 71.0895
1933 71.0895
1934 71.0895
1935 71.0895
1936 71.0895
1937 71.0895
1938 71.0895
1939 71.0895
1940 71.0895
1941 70.9754
1942 70.9754
1943 70.9754
1944 70.9754
1945 70.9754
1946 70.9754
1947 70.9754
1948 70.9754
1949 70.9754
1950 70.9754
1951 70.9754
1952 70.9754
1953 70.9754
1954 70.9754
1955 70.9754
1956 70.9754
1957 70.9754
1958 70.9754
1959 70.9754
1960 70.9754
1961 70.9754
1962 70.9754
1963 70.9754
1964 70.9754
1965 70.9754
1966 70.9754
1967 70.9754
1968 70.9754
1969 70.9754
1970 70.9754
1971 70.9754
1972 70.9754
1973 70.9754
1974 70.9754
1975 70.9754
1976 70.9754
1977 70.9754
1978 70.9754
1979 70.9754
1980 70.9754
1981 70.9754
1982 70.9754
1983 70.9754
1984 70.9754
1985 70.9754
1986 70.9754
1987 70.9754
1988 70.9754
1989 70.9754
1990 70.9754
1991 70.9754
1992 70.9754
1993 70.9754
1994 70.9754
1995 70.9754
1996 70.9754
1997 70.9754
1998 70.9754
1999 70.9754
2000 70.9754
2001 70.9754
2002 70.9754
2003 70.9754
2004 70.9754
2005 70.9754
2006 70.9754
2007 70.9754
2008 70.9754
2009 70.9754
2010 70.9754
2011 70.9754
2012 70.9754
2013 70.9754
2014 70.9754
2015 70.9754
2016 70.9754
2017 70.9754
2018 70.9754
2019 70.9754
2020 70.9754
2021 70.9754
2022 70.9754
2023 70.9754
2024 70.9754
2025 70.9754
2026 70.9754
2027 70.9754
2028 70.9754
2029 70.9754
2030 70.9754
2031 70.9754
2032 70.9754
2033 70.9754
2034 70.9754
2035 70.9754
2036 70.9754
2037 70.9754
2038 70.9754
2039 70.9754
2040 70.9754
2041 70.9754
2042 70.9754
2043 70.9754
2044 70.9754
2045 70.9754
2046 70.9754
2047 70.9754
2048 70.9754
2049 70.9754
2050 70.9754
2051 70.9754
2052 70.9754
2053 70.9754
2054 70.9754
2055 70.9754
2056 70.9754
2057 70.9754
2058 70.9754
2059 70.9754
2060 70.9754
2061 70.9754
2062 70.9754
2063 70.9754
2064 70.9754
2065 70.9754
2066 70.9754
2067 70.9754
2068 70.9754
2069 70.9754
2070 70.9754
2071 70.9754
2072 70.9754
2073 70.9754
2074 70.9754
2075 70.9754
2076 70.9754
2077 70.9754
2078 70.9754
2079 70.9754
2080 70.9754
2081 70.9754
2082 70.8426
2083 70.8426
2084 70.8426
2085 70.8426
2086 70.8426
2087 70.8426
2088 70.8426
2089 70.8426
2090 70.8426
2091 70.8426
2092 70.8426
2093 70.8426
2094 70.8426
2095 70.8426
2096 70.8426
2097 70.8426
2098 70.8426
2099 70.8426
2100 70.8426
2101 70.3801
2102 70.3801
2103 70.3801
2104 70.3801
2105 70.3801
2106 70.3801
2107 70.3801
2108 70.3801
2109 70.3801
2110 70.3801
2111 70.3801
2112 69.8884
2113 70.3801
2114 69.8884
2115 69.8884
2116 69.8884
2117 69.8884
2118 69.8884
2119 69.8884
2120 69.8884
2121 69.8884
2122 69.8884
2123 69.8884
2124 69.8884
2125 69.8884
2126 69.8884
2127 69.8884
2128 69.8884
2129 69.8884
2130 69.8884
2131 69.8884
2132 69.8884
2133 69.8884
2134 69.8884
2135 69.8884
2136 69.8884
2137 69.8884
2138 69.8884
2139 69.8884
2140 69.8884
2141 69.8884
2142 69.8884
2143 69.8884
2144 69.8884
2145 69.8884
2146 69.8884
2147 69.8884
2148 69.8884
2149 69.8447
2150 69.8447
2151 69.8447
2152 69.8447
2153 69.8447
2154 69.8447
2155 69.8447
2156 69.8447
2157 69.8447
2158 69.8447
2159 69.8447
2160 69.8447
2161 69.8447
2162 69.8447
2163 69.8447
2164 69.8447
2165 69.8447
2166 69.8447
2167 69.8447
2168 69.8447
2169 69.8447
2170 69.8447
2171 69.8447
2172 69.8447
2173 69.8447
2174 69.8447
2175 69.8447
2176 69.8447
2177 69.8447
2178 69.8447
2179 69.8447
2180 69.8447
2181 69.8447
2182 69.8447
2183 69.8447
2184 69.8447
2185 69.8447
2186 69.8447
2187 69.8447
2188 69.6494
2189 69.6494
2190 69.6494
2191 69.6494
2192 69.6494
2193 69.6494
2194 69.6494
2195 69.6494
2196 69.6494
2197 69.6494
2198 69.6494
2199 69.6494
2200 69.1319
2201 69.1319
2202 69.1319
2203 69.1319
2204 69.1319
2205 69.1319
2206 69.1319
2207 69.1319
2208 69.1319
2209 69.1319
2210 69.1319
2211 69.1319
2212 69.1319
2213 69.1319
2214 69.1319
2215 69.1319
2216 69.1319
2217 69.1319
2218 69.1319
2219 69.1319
2220 69.1319
2221 69.1319
2222 69.1319
2223 69.1319
2224 69.1319
2225 69.1319
2226 69.1319
2227 69.1319
2228 69.1319
2229 69.1319
2230 69.1319
2231 69.1319
2232 69.1319
2233 69.1319
2234 69.1319
2235 69.1319
2236 69.1319
2237 69.1319
2238 69.1319
2239 69.1319
2240 69.1319
2241 69.1319
2242 69.1319
2243 69.1319
2244 69.1319
2245 69.1319
2246 69.1319
2247 69.1319
2248 69.1319
2249 69.1319
2250 69.1319
2251 69.1319
2252 69.1319
2253 69.1319
2254 69.1319
2255 69.1319
2256 69.1319
2257 69.1319
2258 69.1319
2259 69.1319
2260 69.1319
2261 69.1319
2262 69.1319
2263 69.1319
2264 69.1319
2265 69.1319
2266 69.1319
2267 69.1319
2268 69.1319
2269 69.1319
2270 69.1319
2271 69.1319
2272 69.1319
2273 69.1319
2274 69.1319
2275 69.1319
2276 69.1319
2277 69.1319
2278 69.1319
2279 69.1319
2280 69.1319
2281 69.1319
2282 69.1319
2283 69.1319
2284 69.1319
2285 69.1319
2286 69.1319
2287 69.1319
2288 69.1319
2289 69.1319
2290 69.1319
2291 69.1319
2292 69.1319
2293 69.1319
2294 69.1319
2295 69.1319
2296 69.1319
2297 69.1319
2298 69.1319
2299 69.1319
2300 69.1319
2301 69.1319
2302 69.1319
2303 69.1319
2304 69.1319
2305 69.1319
2306 69.1319
2307 69.1319
2308 69.1319
2309 69.1319
2310 69.1319
2311 69.1319
2312 69.1319
2313 69.1319
2314 69.1319
2315 69.1319
2316 69.1319
2317 69.1319
2318 69.1319
2319 69.1319
2320 69.1319
2321 69.1319
2322 69.1319
2323 69.1319
2324 69.1319
2325 69.1319
2326 69.1319
2327 69.1319
2328 69.1319
2329 69.1319
2330 69.1319
2331 69.1319
2332 69.1319
2333 69.1319
2334 69.1319
2335 69.1319
2336 69.1319
2337 69.1319
2338 69.1319
2339 69.1319
2340 69.1319
2341 69.1319
2342 69.1319
2343 69.1319
2344 69.1319
2345 69.1319
2346 69.1319
2347 69.1319
2348 69.1319
2349 69.1319
2350 69.1319
2351 69.1319
2352 69.1319
2353 69.1319
2354 69.1319
2355 69.1319
2356 69.1319
2357 69.1319
2358 69.1319
2359 69.1319
2360 69.1319
2361 69.1319
2362 69.1319
2363 69.1319
2364 69.1319
2365 69.1319
2366 69.1319
2367 69.1319
2368 69.1319
2369 69.1319
2370 69.1319
2371 69.1319
2372 69.1319
2373 69.1319
2374 69.1319
2375 69.1319
2376 69.1319
2377 69.1319
2378 69.1319
2379 69.1319
2380 69.1319
2381 69.1319
2382 69.1319
2383 69.1319
2384 69.1319
2385 69.1319
2386 69.1319
2387 69.1319
2388 69.1319
2389 69.1319
2390 69.1319
2391 69.1319
2392 69.1319
2393 69.1319
2394 69.1319
2395 69.1319
2396 69.1319
2397 69.1319
2398 69.1319
2399 69.1319
2400 69.1319
2401 69.1319
2402 69.1319
2403 69.1319
2404 69.1319
2405 69.1319
2406 69.1319
2407 69.1319
2408 69.1319
2409 69.1319
2410 69.1319
2411 69.1319
2412 69.1319
2413 69.1319
2414 69.1319
2415 69.1319
2416 69.1319
2417 69.1319
2418 69.1319
2419 69.1319
2420 69.1319
2421 69.1319
2422 69.1319
2423 69.1319
2424 69.1319
2425 69.1319
2426 69.1319
2427 69.1319
2428 69.1319
2429 69.1319
2430 69.1319
2431 69.1319
2432 69.1319
2433 69.1319
2434 69.1319
2435 69.1319
2436 69.1319
2437 69.1319
2438 69.1319
2439 69.1319
2440 69.1319
2441 69.1319
2442 69.1319
2443 69.1319
2444 69.1319
2445 69.1319
2446 69.1319
2447 69.1319
2448 69.1319
2449 69.1319
2450 69.1319
2451 69.1319
2452 69.1319
2453 69.1319
2454 69.1319
2455 69.1319
2456 69.1319
2457 69.1319
2458 69.1319
2459 69.1319
2460 69.1319
2461 69.1319
2462 69.1319
2463 69.1319
2464 69.1319
2465 69.1319
2466 69.1319
2467 69.1319
2468 69.1319
2469 69.1319
2470 69.1319
2471 69.1319
2472 69.1319
2473 69.1319
2474 69.1319
2475 69.1319
2476 69.1319
2477 69.1319
2478 69.1319
2479 69.1319
2480 69.1319
2481 69.1319
2482 69.1319
2483 69.1319
2484 69.1319
2485 69.1319
2486 69.1319
2487 69.1319
2488 69.1319
2489 69.1319
2490 69.1319
2491 69.1319
2492 69.1319
2493 69.1319
2494 69.1319
2495 69.1319
2496 69.1319
2497 69.1319
2498 69.1319
2499 69.1319
2500 69.1319
2501 69.1319
2502 69.1319
2503 69.1319
2504 69.1319
2505 69.1319
2506 69.1319
2507 69.1319
2508 69.1319
2509 69.1319
2510 69.1319
2511 69.1319
2512 69.1319
2513 69.1319
2514 69.1319
2515 69.1319
2516 69.1319
2517 69.1319
2518 69.1319
2519 69.1319
2520 69.1319
2521 69.1319
2522 69.1319
2523 69.1319
2524 69.1319
2525 69.1319
2526 69.1319
2527 69.1319
2528 69.1319
2529 69.1319
2530 69.1319
2531 69.1319
2532 69.1319
2533 69.1319
2534 69.1319
2535 69.1319
2536 69.1319
2537 69.1319
2538 69.1319
2539 69.1319
2540 69.1319
2541 69.1319
2542 69.1319
2543 69.1319
2544 69.1319
2545 69.1319
2546 69.1319
2547 69.1319
2548 69.1319
2549 69.1319
2550 69.1319
2551 69.1319
2552 69.1319
2553 69.1319
2554 69.1319
2555 69.1319
2556 69.1319
2557 69.1319
2558 69.1319
2559 69.1319
2560 69.1319
2561 69.1319
2562 69.1319
2563 69.1319
2564 69.1319
2565 69.1319
2566 69.1319
2567 69.1319
2568 69.1319
2569 69.1319
2570 69.1319
2571 69.1319
2572 69.1319
2573 69.1319
2574 69.1319
2575 69.1319
2576 69.1319
2577 69.1319
2578 69.1319
2579 69.1319
2580 69.1319
2581 69.1319
2582 69.1319
2583 69.1319
2584 69.1319
2585 69.1319
2586 69.1319
2587 69.1319
2588 69.1319
2589 69.0149
2590 69.0149
2591 69.0149
2592 69.0149
2593 69.0149
2594 69.0149
2595 69.0149
2596 69.0149
2597 69.0149
2598 69.0149
2599 69.0149
2600 69.0149
2601 69.0149
2602 69.0149
2603 69.0149
2604 69.0149
2605 69.0149
2606 69.0149
2607 69.0149
2608 69.0149
2609 69.0149
2610 69.0149
2611 69.0149
2612 69.0149
2613 69.0149
2614 69.0149
2615 69.0149
2616 69.0149
2617 69.0149
2618 69.0149
2619 69.0149
2620 69.0149
2621 69.0149
2622 68.4206
2623 68.4206
2624 68.4206
2625 68.4206
2626 68.4206
2627 68.4206
2628 68.4206
2629 68.4206
2630 68.4206
2631 68.4206
2632 68.4206
2633 68.4206
2634 68.4206
2635 68.4206
2636 68.4206
2637 68.4206
2638 68.4206
2639 68.4206
2640 68.4206
2641 68.4206
2642 68.4206
2643 68.4206
2644 68.4206
2645 68.4206
2646 68.4206
2647 68.4206
2648 68.4206
2649 68.4206
2650 68.4206
2651 68.4206
2652 68.4206
2653 68.4206
2654 68.4206
2655 68.4206
2656 68.4206
2657 68.4206
2658 68.4206
2659 68.4206
2660 68.4206
2661 68.4206
2662 68.4206
2663 68.4206
2664 68.4206
2665 68.4206
2666 68.4206
2667 68.4206
2668 68.4206
2669 68.4206
2670 68.4206
2671 68.4206
2672 68.4206
2673 68.4206
2674 68.4206
2675 68.4206
2676 68.4206
2677 68.4206
2678 68.4206
2679 68.4206
2680 68.4206
2681 68.4206
2682 68.4206
2683 68.4206
2684 68.4206
2685 68.4206
2686 68.4206
2687 68.4206
2688 68.4206
2689 68.4206
2690 68.4206
2691 68.4206
2692 68.4206
2693 68.4206
2694 68.3791
2695 68.3791
2696 68.4206
2697 68.4206
2698 68.4206
2699 68.4206
2700 68.4206
2701 68.4206
2702 68.4206
2703 68.4206
2704 68.4206
2705 68.4206
2706 68.4206
2707 68.4206
2708 68.4206
2709 68.4206
2710 68.4206
2711 68.4206
2712 68.4206
2713 68.4206
2714 68.4206
2715 68.4206
2716 68.4206
2717 68.4206
2718 68.4206
2719 68.4206
2720 68.4206
2721 68.4206
2722 68.4206
2723 68.4206
2724 68.4206
2725 68.4206
2726 68.4206
2727 68.4206
2728 68.4206
2729 68.4206
2730 68.4206
2731 68.4206
2732 68.4206
2733 68.4206
2734 68.4206
2735 68.4206
2736 68.4206
2737 68.4206
2738 68.4206
2739 68.4206
2740 68.4206
2741 68.4206
2742 68.4206
2743 68.4206
2744 68.4206
2745 68.4206
2746 68.4206
2747 68.3791
2748 68.3791
2749 68.3791
2750 68.3791
2751 68.3791
2752 68.3791
2753 68.3791
2754 68.3791
2755 68.3791
2756 68.3791
2757 68.3791
2758 68.3791
2759 68.3791
2760 68.3791
2761 68.3791
2762 68.3791
2763 68.3791
2764 68.3791
2765 68.3791
2766 68.3791
2767 68.3791
2768 68.3791
2769 68.3791
2770 68.3791
2771 68.3791
2772 68.3791
2773 68.3791
2774 68.3791
2775 68.3791
2776 68.3791
2777 68.3791
2778 68.3472
2779 68.3472
2780 68.3472
2781 68.3472
2782 68.3472
2783 68.3472
2784 68.3472
2785 68.3472
2786 68.3472
2787 68.3472
2788 68.3472
2789 68.3472
2790 68.3472
2791 68.3472
2792 68.3472
2793 68.3472
2794 68.3472
2795 68.3472
2796 67.9117
2797 67.9117
2798 67.9117
2799 67.9117
2800 67.9117
2801 67.9117
2802 67.9117
2803 67.9117
2804 67.9117
2805 67.9117
2806 67.9117
2807 67.9117
2808 67.9117
2809 67.9117
2810 67.9117
2811 67.9117
2812 67.9117
2813 67.9117
2814 67.9117
2815 67.9117
2816 67.9117
2817 67.9117
2818 67.9117
2819 67.9117
2820 67.9117
2821 67.9117
2822 67.9117
2823 67.9117
2824 67.9117
2825 67.9117
2826 67.9117
2827 67.9117
2828 67.9117
2829 67.9117
2830 67.9117
2831 67.9117
2832 67.9117
2833 67.9117
2834 67.9117
2835 67.9117
2836 67.9117
2837 67.9117
2838 67.9117
2839 67.9117
2840 67.9117
2841 67.9117
2842 67.9117
2843 67.9117
2844 67.9117
2845 67.9117
2846 67.9117
2847 67.9117
2848 67.9117
2849 67.9117
2850 67.9117
2851 67.9117
2852 67.9117
2853 67.9117
2854 67.9117
2855 67.9117
2856 67.9117
2857 67.9117
2858 67.9117
2859 67.9117
2860 67.9117
2861 67.9117
2862 67.9117
2863 67.9117
2864 67.9117
2865 67.9117
2866 67.9117
2867 67.9117
2868 67.9117
2869 67.9117
2870 67.9117
2871 67.9117
2872 67.9117
2873 67.9117
2874 67.9117
2875 67.9117
2876 67.9117
2877 67.9117
2878 67.9117
2879 67.9117
2880 67.9117
2881 67.9117
2882 67.9117
2883 67.9117
2884 67.9117
2885 67.9117
2886 67.9117
2887 67.9117
2888 67.9117
2889 67.9117
2890 67.9117
2891 67.9117
2892 67.9117
2893 67.9117
2894 67.9117
2895 67.9117
2896 67.9117
2897 67.9117
2898 67.9117
2899 67.9117
2900 67.9117
2901 67.9117
2902 67.9117
2903 67.9117
2904 67.9117
2905 67.9117
2906 67.9117
2907 67.9117
2908 67.9117
2909 67.9117
2910 67.9117
2911 67.9117
2912 67.9117
2913 67.9117
2914 67.9117
2915 67.9117
2916 67.9117
2917 67.9117
2918 67.9117
2919 67.9117
2920 67.9117
2921 67.9117
2922 67.9117
2923 67.9117
2924 67.9117
2925 67.9117
2926 67.9117
2927 67.9117
2928 67.9117
2929 67.9117
2930 67.9117
2931 67.9117
2932 67.9117
2933 67.9117
2934 67.9117
2935 67.9117
2936 67.9117
2937 67.9117
2938 67.9117
2939 67.9117
2940 67.9117
2941 67.9117
2942 67.9117
2943 67.9117
2944 67.9117
2945 67.9117
2946 67.9117
2947 67.9117
2948 67.9117
2949 67.9117
2950 67.9117
2951 67.9117
2952 67.9117
2953 67.9117
2954 67.9117
2955 67.9117
2956 67.9117
2957 67.9117
2958 67.9117
2959 67.9117
2960 67.9117
2961 67.9117
2962 67.9117
2963 67.9117
2964 67.9117
2965 67.9117
2966 67.9117
2967 67.9117
2968 67.9117
2969 67.9117
2970 67.9117
2971 67.9117
2972 67.9117
2973 67.9117
2974 67.9117
2975 67.9117
2976 67.9117
2977 67.9117
2978 67.9117
2979 67.9117
2980 67.9117
2981 67.9117
2982 67.9117
2983 67.9117
2984 67.9117
2985 67.9117
2986 67.9117
2987 67.9117
2988 67.9117
2989 67.9117
2990 67.9117
2991 67.9117
2992 67.9117
2993 67.9117
2994 67.9117
2995 67.9117
2996 67.9117
2997 67.9117
2998 67.9117
2999 67.9117
3000 67.9117
3001 67.9117
3002 67.9117
3003 67.9117
3004 67.9117
3005 67.9117
3006 67.9117
3007 67.9117
3008 67.9117
3009 67.9117
3010 67.9117
3011 67.9117
3012 67.9117
3013 67.9117
3014 67.9117
3015 67.9117
3016 67.9117
3017 67.9117
3018 67.9117
3019 67.9117
3020 67.9117
3021 67.9117
3022 67.9117
3023 67.9117
3024 67.9117
3025 67.9117
3026 67.9117
3027 67.9117
3028 67.9117
3029 67.9117
3030 67.9117
3031 67.9117
3032 67.9117
3033 67.9117
3034 67.9117
3035 67.9117
3036 67.9117
3037 67.9117
3038 67.9117
3039 67.9117
3040 67.9117
3041 67.9117
3042 67.9117
3043 67.9117
3044 67.9117
3045 67.9117
3046 67.9117
3047 67.9117
3048 67.9117
3049 67.9117
3050 67.9117
3051 67.9117
3052 67.9117
3053 67.9117
3054 67.9117
3055 67.9117
3056 67.9117
3057 67.9117
3058 67.9117
3059 67.9117
3060 67.9117
3061 67.9117
3062 67.9117
3063 67.9117
3064 67.9117
3065 67.9117
3066 67.9117
3067 67.9117
3068 67.9117
3069 67.9117
3070 67.9117
3071 67.9117
3072 67.9117
3073 67.9117
3074 67.9117
3075 67.9117
3076 67.9117
3077 67.9117
3078 67.9117
3079 67.9117
3080 67.9117
3081 67.9117
3082 67.9117
3083 67.9117
3084 67.9117
3085 67.9117
3086 67.9117
3087 67.9117
3088 67.9117
3089 67.9117
3090 67.9117
3091 67.9117
3092 67.9117
3093 67.9117
3094 67.9117
3095 67.9117
3096 67.9117
3097 67.9117
3098 67.9117
3099 67.9117
3100 67.9117
3101 67.9117
3102 67.9117
3103 67.9117
3104 67.9117
3105 67.9117
3106 67.9117
3107 67.9117
3108 67.9117
3109 67.9117
3110 67.9117
3111 67.9117
3112 67.9117
3113 67.9117
3114 67.9117
3115 67.9117
3116 67.9117
3117 67.9117
3118 67.9117
3119 67.9117
3120 67.9117
3121 67.9117
3122 67.9117
3123 67.9117
3124 67.9117
3125 67.9117
3126 67.9117
3127 67.9117
3128 67.9117
3129 67.9117
3130 67.9117
3131 67.9117
3132 67.9117
3133 67.9117
3134 67.9117
3135 67.9117
3136 67.9117
3137 67.9117
3138 67.9117
3139 67.9117
3140 67.9117
3141 67.9117
3142 67.5945
3143 67.5945
3144 67.5945
3145 67.5945
3146 67.5945
3147 67.5945
3148 67.5945
3149 67.5945
3150 67.5945
3151 67.5945
3152 67.5945
3153 67.5945
3154 67.5945
3155 67.5945
3156 67.5945
3157 67.5945
3158 67.5945
3159 67.5945
3160 67.5945
3161 67.5945
3162 67.5945
3163 67.5945
3164 67.5945
3165 67.5945
3166 67.5945
3167 67.5945
3168 67.5945
3169 67.5945
3170 67.5945
3171 67.5945
3172 67.5945
3173 67.5945
3174 67.5945
3175 67.5945
3176 67.5945
3177 67.5945
3178 67.5945
3179 67.5945
3180 67.5945
3181 67.5945
3182 67.5945
3183 67.5945
3184 67.5945
3185 67.5945
3186 67.5945
3187 67.5945
3188 67.5945
3189 67.5945
3190 67.5945
3191 67.5945
3192 67.5945
3193 67.5945
3194 67.5945
3195 67.5945
3196 67.5945
3197 67.5945
3198 67.5945
3199 67.5945
3200 67.5945
3201 67.5945
3202 67.5945
3203 67.5945
3204 67.5945
3205 67.5945
3206 67.5945
3207 67.5945
3208 67.5945
3209 67.5945
3210 67.5945
3211 67.5945
3212 67.5945
3213 67.5945
3214 67.5945
3215 67.5945
3216 67.5945
3217 67.5945
3218 67.5945
3219 67.5945
3220 67.5945
3221 67.5945
3222 67.5945
3223 67.5945
3224 67.5945
3225 67.5945
3226 67.5945
3227 67.5945
3228 67.5945
3229 67.5945
3230 67.5945
3231 67.5945
3232 67.5945
3233 67.5945
3234 67.5945
3235 67.5945
3236 67.5945
3237 67.5945
3238 67.5945
3239 67.5945
3240 67.5945
3241 67.5945
3242 67.5945
3243 67.5945
3244 67.5945
3245 67.5945
3246 67.5945
3247 67.5945
3248 67.5945
3249 67.5945
3250 67.5945
3251 67.5945
3252 67.5945
3253 67.5945
3254 67.5945
3255 67.5945
3256 67.5945
3257 67.5945
3258 67.5945
3259 67.5945
3260 67.5945
3261 67.5945
3262 67.5945
3263 67.5945
3264 67.5945
3265 67.5945
3266 67.5945
3267 67.5945
3268 67.5945
3269 67.5945
3270 67.5945
3271 67.5945
3272 67.5945
3273 67.5945
3274 67.5945
3275 67.5945
3276 67.5945
3277 67.5945
3278 67.5945
3279 67.5945
3280 67.5945
3281 67.5945
3282 67.5945
3283 67.5945
3284 67.5945
3285 67.5945
3286 67.5945
3287 67.5945
3288 67.5945
3289 67.5945
3290 67.5945
3291 67.5945
3292 67.5945
3293 67.5945
3294 67.5945
3295 67.5945
3296 67.5945
3297 67.5945
3298 67.5945
3299 67.5945
3300 67.5945
3301 67.5945
3302 67.5945
3303 67.5945
3304 67.5945
3305 67.5945
3306 67.5945
3307 67.5945
3308 67.5945
3309 67.5945
3310 67.5945
3311 67.4166
3312 67.4166
3313 67.4166
3314 67.4166
3315 67.4166
3316 67.4166
3317 67.4166
3318 67.4166
3319 67.4166
3320 67.4166
3321 67.4166
3322 67.4166
3323 67.4166
3324 67.4166
3325 67.4166
3326 67.4166
3327 67.4166
3328 67.4166
3329 67.4166
3330 67.4166
3331 67.4166
3332 67.4166
3333 67.4166
3334 67.4166
3335 67.4166
3336 67.4166
3337 67.4166
3338 67.4166
3339 67.4166
3340 67.4166
3341 67.4166
3342 67.4166
3343 67.4166
3344 67.4166
3345 67.4166
3346 67.4166
3347 67.4166
3348 67.4166
3349 67.4166
3350 67.4166
3351 67.4166
3352 67.4166
3353 67.4166
3354 67.4166
3355 67.4166
3356 67.4166
3357 67.4166
3358 67.4166
3359 67.4166
3360 67.4166
3361 67.4166
3362 67.4166
3363 67.4166
3364 67.4166
3365 67.4166
3366 67.4166
3367 67.4166
3368 67.4166
3369 67.4166
3370 67.4166
3371 67.4166
3372 67.4166
3373 67.4166
3374 67.4166
3375 67.4166
3376 67.4166
3377 67.4166
3378 67.4166
3379 67.4166
3380 67.4166
3381 67.4166
3382 67.4166
3383 67.4166
3384 67.4166
3385 67.4166
3386 67.4166
3387 67.4166
3388 67.4166
3389 67.4166
3390 67.4166
3391 67.4166
3392 67.4166
3393 67.4166
3394 67.4166
3395 67.4166
3396 67.4166
3397 67.4166
3398 67.4166
3399 67.4166
3400 67.4166
3401 67.4166
3402 67.4166
3403 67.4166
3404 67.4166
3405 67.4166
3406 67.4166
3407 67.4166
3408 67.4166
3409 67.4166
3410 67.4166
3411 67.4166
3412 67.4166
3413 67.4166
3414 67.4166
3415 67.4166
3416 67.4166
3417 67.4166
3418 67.4166
3419 67.4166
3420 67.4166
3421 67.4166
3422 67.4166
3423 67.0273
3424 67.0273
3425 67.0273
3426 67.0273
3427 67.0273
3428 67.0273
3429 67.0273
3430 67.0273
3431 67.0273
3432 67.0273
3433 67.0273
3434 67.0273
3435 67.0273
3436 67.0273
3437 67.0273
3438 67.0273
3439 67.0273
3440 67.0273
3441 67.0273
3442 67.0273
3443 67.0273
3444 67.0273
3445 67.0273
3446 67.0273
3447 67.0273
3448 67.0273
3449 67.0273
3450 67.0273
3451 67.0273
3452 67.0273
3453 67.0273
3454 67.0273
3455 67.0273
3456 67.0273
3457 67.0273
3458 67.0273
3459 67.0273
3460 67.0273
3461 67.0273
3462 67.0273
3463 67.0273
3464 67.0273
3465 67.0273
3466 67.0273
3467 67.0273
3468 67.0273
3469 67.0273
3470 67.0273
3471 67.0273
3472 67.0273
3473 67.0273
3474 67.0273
3475 67.0273
3476 67.0125
3477 67.0273
3478 67.0273
3479 67.0273
3480 67.0273
3481 67.0273
3482 67.0273
3483 67.0273
3484 67.0273
3485 67.0273
3486 67.0273
3487 67.0273
3488 67.0273
3489 67.0273
3490 67.0273
3491 67.0273
3492 67.0273
3493 67.0273
3494 67.0273
3495 67.0273
3496 67.0273
3497 67.0273
3498 67.0273
3499 67.0273
3500 67.0273
3501 67.0273
3502 67.0273
3503 67.0273
3504 67.0273
3505 67.0273
3506 67.0273
3507 67.0273
3508 67.0273
3509 67.0273
3510 67.0273
3511 67.0273
3512 67.0273
3513 67.0273
3514 67.0273
3515 67.0273
3516 67.0273
3517 67.0273
3518 67.0273
3519 67.0273
3520 67.0273
3521 67.0273
3522 67.0273
3523 67.0273
3524 67.0273
3525 67.0273
3526 67.0273
3527 67.0273
3528 67.0273
3529 67.0273
3530 67.0273
3531 67.0273
3532 67.0273
3533 67.0273
3534 67.0273
3535 67.0273
3536 67.0273
3537 67.0273
3538 67.0273
3539 67.0273
3540 67.0273
3541 67.0273
3542 67.0273
3543 67.0273
3544 67.0273
3545 67.0273
3546 67.0273
3547 67.0273
3548 67.0273
3549 67.0273
3550 67.0273
3551 67.0273
3552 67.0273
3553 67.0273
3554 67.0273
3555 67.0273
3556 67.0273
3557 67.0273
3558 67.0273
3559 67.0273
3560 67.0273
3561 67.0273
3562 67.0273
3563 67.0273
3564 67.0273
3565 67.0273
3566 67.0273
3567 67.0273
3568 67.0273
3569 67.0273
3570 67.0273
3571 67.0273
3572 67.0273
3573 67.0273
3574 67.0273
3575 67.0273
3576 67.0273
3577 67.0273
3578 67.0273
3579 67.0273
3580 67.0273
3581 67.0273
3582 67.0273
3583 67.0273
3584 67.0273
3585 67.0273
3586 67.0273
3587 67.0273
3588 67.0273
3589 67.0273
3590 67.0273
3591 67.0273
3592 67.0273
3593 67.0273
3594 67.0273
3595 67.0273
3596 67.0273
3597 67.0273
3598 67.0273
3599 67.0273
3600 67.0273
3601 67.0273
3602 67.0273
3603 67.0273
3604 67.0273
3605 67.0273
3606 67.0125
3607 67.0273
3608 67.0273
3609 67.0273
3610 67.0273
3611 67.0273
3612 67.0273
3613 67.0273
3614 67.0273
3615 67.0273
3616 67.0273
3617 67.0273
3618 67.0273
3619 67.0273
3620 67.0273
3621 67.0273
3622 67.0273
3623 67.0273
3624 67.0273
3625 67.0273
3626 67.0273
3627 67.0273
3628 67.0273
3629 67.0273
3630 67.0273
3631 67.0273
3632 67.0273
3633 67.0273
3634 67.0273
3635 67.0273
3636 67.0273
3637 67.0273
3638 67.0273
3639 67.0273
3640 67.0273
3641 67.0273
3642 67.0273
3643 67.0273
3644 67.0273
3645 67.0273
3646 67.0273
3647 67.0125
3648 67.0125
3649 67.0125
3650 67.0125
3651 67.0125
3652 67.0125
3653 67.0125
3654 67.0125
3655 67.0125
3656 67.0125
3657 67.0125
3658 67.0125
3659 67.0125
3660 67.0125
3661 67.0125
3662 67.0125
3663 67.0125
3664 67.0125
3665 67.0125
3666 67.0125
3667 67.0125
3668 67.0125
3669 67.0125
3670 67.0125
3671 67.0125
3672 67.0125
3673 67.0125
3674 67.0125
3675 67.0125
3676 67.0125
3677 67.0125
3678 67.0125
3679 67.0125
3680 67.0125
3681 67.0125
3682 67.0125
3683 67.0125
3684 67.0125
3685 67.0125
3686 67.0125
3687 67.0125
3688 67.0125
3689 67.0125
3690 67.0125
3691 67.0125
3692 67.0125
3693 67.0125
3694 67.0125
3695 67.0125
3696 67.0125
3697 67.0125
3698 67.0125
3699 67.0125
3700 67.0125
3701 67.0125
3702 67.0125
3703 67.0125
3704 67.0125
3705 67.0125
3706 67.0125
3707 67.0125
3708 67.0125
3709 67.0125
3710 67.0125
3711 67.0125
3712 67.0125
3713 67.0125
3714 67.0125
3715 67.0125
3716 67.0125
3717 67.0125
3718 67.0125
3719 67.0125
3720 67.0125
3721 67.0125
3722 67.0125
3723 67.0125
3724 67.0125
3725 67.0125
3726 67.0125
3727 67.0125
3728 67.0125
3729 67.0125
3730 67.0125
3731 67.0125
3732 67.0125
3733 67.0125
3734 67.0125
3735 67.0125
3736 67.0125
3737 67.0125
3738 67.0125
3739 67.0125
3740 67.0125
3741 67.0125
3742 67.0125
3743 67.0125
3744 67.0125
3745 67.0125
3746 67.0125
3747 67.0125
3748 67.0125
3749 67.0125
3750 67.0125
3751 67.0125
3752 67.0125
3753 67.0125
3754 67.0125
3755 67.0125
3756 67.0125
3757 67.0125
3758 67.0125
3759 67.0125
3760 67.0125
3761 67.0125
3762 67.0125
3763 67.0125
3764 67.0125
3765 67.0125
3766 67.0125
3767 67.0125
3768 67.0125
3769 67.0125
3770 67.0125
3771 67.0125
3772 67.0125
3773 67.0125
3774 67.0125
3775 67.0125
3776 67.0125
3777 67.0125
3778 67.0125
3779 67.0125
3780 67.0125
3781 67.0125
3782 67.0125
3783 67.0125
3784 67.0125
3785 67.0125
3786 67.0125
3787 67.0125
3788 67.0125
3789 67.0125
3790 67.0125
3791 67.0125
3792 67.0125
3793 67.0125
3794 67.0125
3795 67.0125
3796 67.0125
3797 67.0125
3798 67.0125
3799 67.0125
3800 67.0125
3801 67.0125
3802 67.0125
3803 67.0125
3804 67.0125
3805 67.0125
3806 67.0125
3807 67.0125
3808 67.0125
3809 67.0125
3810 67.0125
3811 67.0125
3812 67.0125
3813 67.0125
3814 67.0125
3815 67.0125
3816 67.0125
3817 67.0125
3818 67.0125
3819 67.0125
3820 67.0125
3821 67.0125
3822 67.0125
3823 67.0125
3824 67.0125
3825 67.0125
3826 67.0125
3827 67.0125
3828 67.0125
3829 67.0125
3830 67.0125
3831 67.0125
3832 67.0125
3833 67.0125
3834 67.0125
3835 67.0125
3836 67.0125
3837 67.0125
3838 67.0125
3839 67.0125
3840 67.0125
3841 67.0125
3842 67.0125
3843 67.0125
3844 67.0125
3845 67.0125
3846 67.0125
3847 67.0125
3848 67.0125
3849 67.0125
3850 67.0125
3851 67.0125
3852 67.0125
3853 67.0125
3854 67.0125
3855 67.0125
3856 67.0125
3857 67.0125
3858 67.0125
3859 67.0125
3860 67.0125
3861 67.0125
3862 67.0125
3863 67.0125
3864 67.0125
3865 67.0125
3866 67.0125
3867 67.0125
3868 67.0125
3869 67.0125
3870 67.0125
3871 67.0125
3872 67.0125
3873 67.0125
3874 67.0125
3875 67.0125
3876 67.0125
3877 67.0125
3878 67.0125
3879 67.0125
3880 67.0125
3881 67.0125
3882 67.0125
3883 67.0125
3884 67.0125
3885 67.0125
3886 67.0125
3887 67.0125
3888 67.0125
3889 67.0125
3890 67.0125
3891 67.0125
3892 67.0125
3893 67.0125
3894 67.0125
3895 67.0125
3896 67.0125
3897 67.0125
3898 67.0125
3899 67.0125
3900 67.0125
3901 67.0125
3902 67.0125
3903 67.0125
3904 67.0125
3905 67.0125
3906 67.0125
3907 67.0125
3908 67.0125
3909 67.0125
3910 67.0125
3911 67.0125
3912 67.0125
3913 67.0125
3914 67.0125
3915 67.0125
3916 67.0125
3917 67.0125
3918 67.0125
3919 67.0125
3920 67.0125
3921 67.0125
3922 67.0125
3923 67.0125
3924 67.0125
3925 67.0125
3926 67.0125
3927 67.0125
3928 67.0125
3929 67.0125
3930 67.0125
3931 67.0125
3932 67.0125
3933 67.0125
3934 67.0125
3935 67.0125
3936 67.0125
3937 67.0125
3938 67.0125
3939 67.0125
3940 67.0125
3941 67.0125
3942 67.0125
3943 67.0125
3944 67.0125
3945 67.0125
3946 67.0125
3947 67.0125
3948 67.0125
3949 67.0125
3950 67.0125
3951 67.0125
3952 67.0125
3953 67.0125
3954 67.0125
3955 67.0125
3956 67.0125
3957 67.0125
3958 67.0125
3959 67.0125
3960 67.0125
3961 67.0125
3962 67.0125
3963 67.0125
3964 67.0125
3965 67.0125
3966 67.0125
3967 67.0125
3968 67.0125
3969 67.0125
3970 67.0125
3971 67.0125
3972 67.0125
3973 67.0125
3974 67.0125
3975 67.0125
3976 67.0125
3977 67.0125
3978 67.0125
3979 67.0125
3980 67.0125
3981 67.0125
3982 67.0125
3983 67.0125
3984 67.0125
3985 67.0125
3986 67.0125
3987 67.0125
3988 67.0125
3989 67.0125
3990 67.0125
3991 67.0125
3992 67.0125
3993 67.0125
3994 67.0125
3995 67.0125
3996 67.0125
3997 67.0125
3998 67.0125
3999 67.0125
4000 67.0125
4001 67.0125
4002 67.0125
4003 67.0125
4004 67.0125
4005 67.0125
4006 67.0125
4007 67.0125
4008 67.0125
4009 67.0125
4010 67.0125
4011 67.0125
4012 67.0125
4013 67.0125
4014 67.0125
4015 67.0125
4016 67.0125
4017 67.0125
4018 67.0125
4019 67.0125
4020 67.0125
4021 67.0125
4022 67.0125
4023 67.0125
4024 67.0125
4025 67.0125
4026 67.0125
4027 67.0125
4028 67.0125
4029 67.0125
4030 67.0125
4031 67.0125
4032 67.0125
4033 67.0125
4034 67.0125
4035 67.0125
4036 67.0125
4037 67.0125
4038 67.0125
4039 67.0125
4040 67.0125
4041 67.0125
4042 67.0125
4043 67.0125
4044 67.0125
4045 67.0125
4046 67.0125
4047 67.0125
4048 67.0125
4049 67.0125
4050 67.0125
4051 67.0125
4052 67.0125
4053 67.0125
4054 67.0125
4055 67.0125
4056 67.0125
4057 67.0125
4058 67.0125
4059 67.0125
4060 67.0125
4061 67.0125
4062 67.0125
4063 67.0125
4064 67.0125
4065 67.0125
4066 67.0125
4067 67.0125
4068 67.0125
4069 67.0125
4070 67.0125
4071 67.0125
4072 67.0125
4073 67.0125
4074 67.0125
4075 67.0125
4076 67.0125
4077 67.0125
4078 67.0125
4079 67.0125
4080 67.0125
4081 67.0125
4082 67.0125
4083 67.0125
4084 67.0125
4085 67.0125
4086 67.0125
4087 67.0125
4088 67.0125
4089 67.0125
4090 67.0125
4091 67.0125
4092 67.0125
4093 67.0125
4094 67.0125
4095 67.0125
4096 67.0125
4097 67.0125
4098 67.0125
4099 67.0125
4100 67.0125
4101 67.0125
4102 67.0125
4103 67.0125
4104 67.0125
4105 67.0125
4106 67.0125
4107 67.0125
4108 67.0125
4109 67.0125
4110 67.0125
4111 67.0125
4112 67.0125
4113 67.0125
4114 67.0125
4115 67.0125
4116 67.0125
4117 67.0125
4118 67.0125
4119 67.0125
4120 67.0125
4121 67.0125
4122 67.0125
4123 67.0125
4124 67.0125
4125 67.0125
4126 67.0125
4127 67.0125
4128 67.0125
4129 67.0125
4130 67.0125
4131 67.0125
4132 67.0125
4133 67.0125
4134 67.0125
4135 67.0125
4136 67.0125
4137 67.0125
4138 67.0125
4139 67.0125
4140 67.0125
4141 67.0125
4142 67.0125
4143 67.0125
4144 67.0125
4145 67.0125
4146 67.0125
4147 67.0125
4148 67.0125
4149 67.0125
4150 67.0125
4151 67.0125
4152 67.0125
4153 67.0125
4154 67.0125
4155 67.0125
4156 67.0125
4157 67.0125
4158 67.0125
4159 67.0125
4160 67.0125
4161 67.0125
4162 67.0125
4163 67.0125
4164 67.0125
4165 67.0125
4166 67.0125
4167 67.0125
4168 67.0125
4169 67.0125
4170 67.0125
4171 67.0125
4172 67.0125
4173 67.0125
4174 67.0125
4175 67.0125
4176 67.0125
4177 67.0125
4178 67.0125
4179 67.0125
4180 67.0125
4181 67.0125
4182 67.0125
4183 66.8069
4184 66.8069
4185 66.8069
4186 66.8069
4187 66.8069
4188 66.8069
4189 66.8069
4190 66.8069
4191 66.8069
4192 66.8069
4193 66.8069
4194 66.8069
4195 66.8069
4196 66.8069
4197 66.8069
4198 66.8069
4199 66.8069
4200 66.8069
4201 66.8069
4202 66.8069
4203 66.8069
4204 66.8069
4205 66.8069
4206 66.8069
4207 66.8069
4208 66.8069
4209 66.8069
4210 66.8069
4211 66.8069
4212 66.8069
4213 66.8069
4214 66.8069
4215 66.8069
4216 66.8069
4217 66.8069
4218 66.8069
4219 66.8069
4220 66.8069
4221 66.8069
4222 66.8069
4223 66.8069
4224 66.8069
4225 66.8069
4226 66.8069
4227 66.8069
4228 66.8069
4229 66.8069
4230 66.8069
4231 66.8069
4232 66.8069
4233 66.8069
4234 66.8069
4235 66.8069
4236 66.8069
4237 66.8069
4238 66.8069
4239 66.8069
4240 66.8069
4241 66.8069
4242 66.8069
4243 66.8069
4244 66.8069
4245 66.8069
4246 66.8069
4247 66.8069
4248 66.8069
4249 66.8069
4250 66.8069
4251 66.8069
4252 66.8069
4253 66.8069
4254 66.8069
4255 66.8069
4256 66.8069
4257 66.8069
4258 66.8069
4259 66.8069
4260 66.8069
4261 66.8069
4262 66.8069
4263 66.8069
4264 66.8069
4265 66.8069
4266 66.8069
4267 66.8069
4268 66.8069
4269 66.8069
4270 66.8069
4271 66.8069
4272 66.8069
4273 66.8069
4274 66.8069
4275 66.8069
4276 66.8069
4277 66.8069
4278 66.8069
4279 66.8069
4280 66.8069
4281 66.8069
4282 66.8069
4283 66.8069
4284 66.8069
4285 66.8069
4286 66.8069
4287 66.8069
4288 66.8069
4289 66.8069
4290 66.8069
4291 66.8069
4292 66.8069
4293 66.8069
4294 66.8069
4295 66.8069
4296 66.8069
4297 66.8069
4298 66.8069
4299 66.8069
4300 66.8069
4301 66.8069
4302 66.8069
4303 66.8069
4304 66.8069
4305 66.8069
4306 66.8069
4307 66.8069
4308 66.8069
4309 66.8069
4310 66.8069
4311 66.8069
4312 66.8069
4313 66.8069
4314 66.8069
4315 66.8069
4316 66.8069
4317 66.8069
4318 66.8069
4319 66.8069
4320 66.8069
4321 66.8069
4322 66.8069
4323 66.8069
4324 66.8069
4325 66.8069
4326 66.8069
4327 66.8069
4328 66.8069
4329 66.8069
4330 66.8069
4331 66.8069
4332 66.8069
4333 66.8069
4334 66.8069
4335 66.8069
4336 66.8069
4337 66.8069
4338 66.8069
4339 66.8069
4340 66.8069
4341 66.8069
4342 66.8069
4343 66.8069
4344 66.8069
4345 66.8069
4346 66.8069
4347 66.8069
4348 66.8069
4349 66.8069
4350 66.8069
4351 66.8069
4352 66.8069
4353 66.8069
4354 66.8069
4355 66.8069
4356 66.8069
4357 66.8069
4358 66.8069
4359 66.8069
4360 66.8069
4361 66.8069
4362 66.8069
4363 66.8069
4364 66.8069
4365 66.8069
4366 66.8069
4367 66.8069
4368 66.8069
4369 66.8069
4370 66.8069
4371 66.8069
4372 66.8069
4373 66.8069
4374 66.8069
4375 66.8069
4376 66.8069
4377 66.8069
4378 66.8069
4379 66.8069
4380 66.8069
4381 66.8069
4382 66.8069
4383 66.8069
4384 66.8069
4385 66.8069
4386 66.8069
4387 66.8069
4388 66.8069
4389 66.8069
4390 66.8069
4391 66.8069
4392 66.8069
4393 66.8069
4394 66.8069
4395 66.8069
4396 66.8069
4397 66.8069
4398 66.8069
4399 66.8069
4400 66.8069
4401 66.8069
4402 66.8069
4403 66.8069
4404 66.8069
4405 66.8069
4406 66.8069
4407 66.8069
4408 66.8069
4409 66.8069
4410 66.8069
4411 66.8069
4412 66.8069
4413 66.8069
4414 66.8069
4415 66.8069
4416 66.8069
4417 66.8069
4418 66.8069
4419 66.8069
4420 66.8069
4421 66.8069
4422 66.8069
4423 66.8069
4424 66.8069
4425 66.8069
4426 66.8069
4427 66.8069
4428 66.8069
4429 66.8069
4430 66.8069
4431 66.8069
4432 66.8069
4433 66.8069
4434 66.8069
4435 66.8069
4436 66.8069
4437 66.8069
4438 66.8069
4439 66.8069
4440 66.8069
4441 66.8069
4442 66.8069
4443 66.8069
4444 66.8069
4445 66.8069
4446 66.8069
4447 66.8069
4448 66.8069
4449 66.8069
4450 66.8069
4451 66.8069
4452 66.8069
4453 66.8069
4454 66.8069
4455 66.8069
4456 66.8069
4457 66.8069
4458 66.8069
4459 66.8069
4460 66.8069
4461 66.8069
4462 66.8069
4463 66.8069
4464 66.8069
4465 66.8069
4466 66.8069
4467 66.8069
4468 66.8069
4469 66.8069
4470 66.8069
4471 66.8069
4472 66.8069
4473 66.8069
4474 66.8069
4475 66.8069
4476 66.8069
4477 66.8069
4478 66.8069
4479 66.8069
4480 66.8069
4481 66.8069
4482 66.8069
4483 66.8069
4484 66.8069
4485 66.8069
4486 66.8069
4487 66.8069
4488 66.8069
4489 66.8069
4490 66.8069
4491 66.8069
4492 66.8069
4493 66.8069
4494 66.8069
4495 66.8069
4496 66.8069
4497 66.8069
4498 66.8069
4499 66.8069
4500 66.8069
4501 66.8069
4502 66.8069
4503 66.8069
4504 66.8069
4505 66.8069
4506 66.8069
4507 66.8069
4508 66.8069
4509 66.8069
4510 66.8069
4511 66.8069
4512 66.8069
4513 66.8069
4514 66.8069
4515 66.8069
4516 66.8069
4517 66.8069
4518 66.8069
4519 66.8069
4520 66.8069
4521 66.8069
4522 66.8069
4523 66.8069
4524 66.8069
4525 66.8069
4526 66.8069
4527 66.8069
4528 66.8069
4529 66.8069
4530 66.8069
4531 66.8069
4532 66.8069
4533 66.8069
4534 66.8069
4535 66.8069
4536 66.8069
4537 66.8069
4538 66.8069
4539 66.8069
4540 66.8069
4541 66.8069
4542 66.8069
4543 66.8069
4544 66.8069
4545 66.8069
4546 66.8069
4547 66.8069
4548 66.8069
4549 66.8069
4550 66.8069
4551 66.8069
4552 66.8069
4553 66.8069
4554 66.8069
4555 66.8069
4556 66.8069
4557 66.8069
4558 66.8069
4559 66.8069
4560 66.8069
4561 66.8069
4562 66.8069
4563 66.8069
4564 66.8069
4565 66.8069
4566 66.8069
4567 66.8069
4568 66.8069
4569 66.8069
4570 66.8069
4571 66.8069
4572 66.8069
4573 66.8069
4574 66.8069
4575 66.8069
4576 66.8069
4577 66.8069
4578 66.8069
4579 66.8069
4580 66.8069
4581 66.8069
4582 66.8069
4583 66.8069
4584 66.8069
4585 66.8069
4586 66.8069
4587 66.8069
4588 66.8069
4589 66.8069
4590 66.8069
4591 66.8069
4592 66.8069
4593 66.8069
4594 66.8069
4595 66.8069
4596 66.8069
4597 66.8069
4598 66.8069
4599 66.8069
4600 66.8069
4601 66.8069
4602 66.8069
4603 66.8069
4604 66.8069
4605 66.8069
4606 66.8069
4607 66.8069
4608 66.8069
4609 66.8069
4610 66.8069
4611 66.8069
4612 66.8069
4613 66.8069
4614 66.8069
4615 66.8069
4616 66.8069
4617 66.8069
4618 66.8069
4619 66.8069
4620 66.8069
4621 66.8069
4622 66.8069
4623 66.8069
4624 66.8069
4625 66.8069
4626 66.8069
4627 66.8069
4628 66.8069
4629 66.8069
4630 66.8069
4631 66.8069
4632 66.8069
4633 66.8069
4634 66.8069
4635 66.8069
4636 66.8069
4637 66.8069
4638 66.8069
4639 66.8069
4640 66.8069
4641 66.8069
4642 66.8069
4643 66.8069
4644 66.8069
4645 66.8069
4646 66.8069
4647 66.8069
4648 66.8069
4649 66.8069
4650 66.8069
4651 66.8069
4652 66.8069
4653 66.8069
4654 66.8069
4655 66.8069
4656 66.8069
4657 66.8069
4658 66.8069
4659 66.8069
4660 66.8069
4661 66.8069
4662 66.8069
4663 66.8069
4664 66.8069
4665 66.8069
4666 66.8069
4667 66.8069
4668 66.8069
4669 66.8069
4670 66.8069
4671 66.8069
4672 66.8069
4673 66.8069
4674 66.8069
4675 66.8069
4676 66.8069
4677 66.8069
4678 66.8069
4679 66.8069
4680 66.8069
4681 66.8069
4682 66.8069
4683 66.8069
4684 66.8069
4685 66.8069
4686 66.8069
4687 66.8069
4688 66.8069
4689 66.8069
4690 66.8069
4691 66.8069
4692 66.8069
4693 66.8069
4694 66.8069
4695 66.8069
4696 66.8069
4697 66.8069
4698 66.8069
4699 66.8069
4700 66.8069
4701 66.8069
4702 66.8069
4703 66.8069
4704 66.8069
4705 66.8069
4706 66.8069
4707 66.8069
4708 66.8069
4709 66.8069
4710 66.8069
4711 66.8069
4712 66.8069
4713 66.8069
4714 66.8069
4715 66.8069
4716 66.8069
4717 66.8069
4718 66.8069
4719 66.8069
4720 66.8069
4721 66.8069
4722 66.8069
4723 66.8069
4724 66.8069
4725 66.8069
4726 66.8069
4727 66.8069
4728 66.8069
4729 66.8069
4730 66.8069
4731 66.8069
4732 66.8069
4733 66.8069
4734 66.8069
4735 66.8069
4736 66.8069
4737 66.8069
4738 66.8069
4739 66.8069
4740 66.8069
4741 66.8069
4742 66.8069
4743 66.8069
4744 66.8069
4745 66.8069
4746 66.8069
4747 66.8069
4748 66.8069
4749 66.8069
4750 66.8069
4751 66.8069
4752 66.8069
4753 66.8069
4754 66.8069
4755 66.8069
4756 66.8069
4757 66.8069
4758 66.8069
4759 66.8069
4760 66.8069
4761 66.8069
4762 66.8069
4763 66.8069
4764 66.8069
4765 66.8069
4766 66.8069
4767 66.8069
4768 66.8069
4769 66.8069
4770 66.8069
4771 66.8069
4772 66.8069
4773 66.8069
4774 66.8069
4775 66.8069
4776 66.8069
4777 66.8069
4778 66.8069
4779 66.8069
4780 66.8069
4781 66.8069
4782 66.8069
4783 66.8069
4784 66.8069
4785 66.8069
4786 66.8069
4787 66.8069
4788 66.8069
4789 66.8069
4790 66.8069
4791 66.8069
4792 66.8069
4793 66.8069
4794 66.8069
4795 66.8069
4796 66.8069
4797 66.8069
4798 66.8069
4799 66.8069
4800 66.8069
4801 66.8069
4802 66.8069
4803 66.8069
4804 66.8069
4805 66.8069
4806 66.8069
4807 66.8069
4808 66.8069
4809 66.8069
4810 66.8069
4811 66.8069
4812 66.8069
4813 66.8069
4814 66.8069
4815 66.8069
4816 66.8069
4817 66.8069
4818 66.8069
4819 66.8069
4820 66.8069
4821 66.8069
4822 66.8069
4823 66.8069
4824 66.8069
4825 66.8069
4826 66.8069
4827 66.8069
4828 66.8069
4829 66.8069
4830 66.8069
4831 66.8069
4832 66.8069
4833 66.8069
4834 66.8069
4835 66.8069
4836 66.8069
4837 66.8069
4838 66.8069
4839 66.8069
4840 66.8069
4841 66.8069
4842 66.8069
4843 66.8069
4844 66.8069
4845 66.8069
4846 66.8069
4847 66.8069
4848 66.8069
4849 66.8069
4850 66.8069
4851 66.8069
4852 66.8069
4853 66.8069
4854 66.8069
4855 66.8069
4856 66.8069
4857 66.8069
4858 66.8069
4859 66.8069
4860 66.8069
4861 66.8069
4862 66.8069
4863 66.8069
4864 66.8069
4865 66.8069
4866 66.8069
4867 66.8069
4868 66.8069
4869 66.8069
4870 66.8069
4871 66.8069
4872 66.8069
4873 66.8069
4874 66.8069
4875 66.8069
4876 66.8069
4877 66.8069
4878 66.8069
4879 66.8069
4880 66.8069
4881 66.8069
4882 66.8069
4883 66.8069
4884 66.8069
4885 66.8069
4886 66.8069
4887 66.8069
4888 66.8069
4889 66.8069
4890 66.8069
4891 66.8069
4892 66.8069
4893 66.8069
4894 66.8069
4895 66.8069
4896 66.8069
4897 66.8069
4898 66.8069
4899 66.8069
4900 66.8069
4901 66.8069
4902 66.8069
4903 66.8069
4904 66.8069
4905 66.8069
4906 66.8069
4907 66.8069
4908 66.8069
4909 66.8069
4910 66.8069
4911 66.8069
4912 66.8069
4913 66.8069
4914 66.8069
4915 66.8069
4916 66.8069
4917 66.8069
4918 66.8069
4919 66.8069
4920 66.8069
4921 66.8069
4922 66.8069
4923 66.8069
4924 66.8069
4925 66.8069
4926 66.8069
4927 66.8069
4928 66.8069
4929 66.8069
4930 66.8069
4931 66.8069
4932 66.8069
4933 66.8069
4934 66.8069
4935 66.8069
4936 66.8069
4937 66.8069
4938 66.8069
4939 66.8069
4940 66.8069
4941 66.8069
4942 66.8069
4943 66.8069
4944 66.8069
4945 66.8069
4946 66.8069
4947 66.8069
4948 66.8069
4949 66.8069
4950 66.8069
4951 66.8069
4952 66.8069
4953 66.8069
4954 66.8069
4955 66.8069
4956 66.8069
4957 66.8069
4958 66.8069
4959 66.8069
4960 66.8069
4961 66.8069
4962 66.8069
4963 66.8069
4964 66.8069
4965 66.8069
4966 66.8069
4967 66.8069
4968 66.8069
4969 66.8069
4970 66.8069
4971 66.8069
4972 66.8069
4973 66.8069
4974 66.8069
4975 66.8069
4976 66.8069
4977 66.8069
4978 66.8069
4979 66.8069
4980 66.8069
4981 66.8069
4982 66.8069
4983 66.8069
4984 66.8069
4985 66.8069
4986 66.8069
4987 66.8069
4988 66.8069
4989 66.8069
4990 66.8069
4991 66.8069
4992 66.8069
4993 66.8069
4994 66.8069
4995 66.8069
4996 66.8069
4997 66.8069
4998 66.8069
4999 66.8069
5000 66.8069
5001 66.8069
5002 66.8069
5003 66.8069
5004 66.8069
5005 66.8069
5006 66.8069
5007 66.8069
5008 66.8069
5009 66.8069
5010 66.8069
5011 66.8069
5012 66.8069
5013 66.8069
5014 66.8069
5015 66.8069
5016 66.8069
5017 66.8069
5018 66.8069
5019 66.8069
5020 66.8069
5021 66.8069
5022 66.8069
5023 66.8069
5024 66.8069
5025 66.8069
5026 66.8069
5027 66.8069
5028 66.8069
5029 66.8069
5030 66.8069
5031 66.8069
5032 66.8069
5033 66.8069
5034 66.8069
5035 66.8069
5036 66.8069
5037 66.8069
5038 66.8069
5039 66.8069
5040 66.8069
5041 66.8069
5042 66.8069
5043 66.8069
5044 66.8069
5045 66.8069
5046 66.8069
5047 66.8069
5048 66.8069
5049 66.8069
5050 66.8069
5051 66.8069
5052 66.8069
5053 66.8069
5054 66.8069
5055 66.8069
5056 66.8069
5057 66.8069
5058 66.8069
5059 66.8069
5060 66.8069
5061 66.8069
5062 66.8069
5063 66.8069
5064 66.8069
5065 66.8069
5066 66.8069
5067 66.8069
5068 66.8069
5069 66.8069
5070 66.8069
5071 66.8069
5072 66.8069
5073 66.8069
5074 66.8069
5075 66.8069
5076 66.8069
5077 66.8069
5078 66.8069
5079 66.8069
5080 66.8069
5081 66.8069
5082 66.8069
5083 66.8069
5084 66.8069
5085 66.8069
5086 66.8069
5087 66.8069
5088 66.8069
5089 66.8069
5090 66.8069
5091 66.8069
5092 66.8069
5093 66.8069
5094 66.8069
5095 66.8069
5096 66.8069
5097 66.8069
5098 66.8069
5099 66.8069
5100 66.8069
5101 66.8069
5102 66.8069
5103 66.8069
5104 66.8069
5105 66.8069
5106 66.8069
5107 66.8069
5108 66.8069
5109 66.8069
5110 66.8069
5111 66.8069
5112 66.8069
5113 66.8069
5114 66.8069
5115 66.8069
5116 66.8069
5117 66.8069
5118 66.8069
5119 66.8069
5120 66.8069
5121 66.8069
5122 66.8069
5123 66.8069
5124 66.8069
5125 66.8069
5126 66.8069
5127 66.8069
5128 66.8069
5129 66.8069
5130 66.8069
5131 66.8069
5132 66.8069
5133 66.8069
5134 66.8069
5135 66.8069
5136 66.8069
5137 66.8069
5138 66.8069
5139 66.8069
5140 66.8069
5141 66.8069
5142 66.8069
5143 66.8069
5144 66.8069
5145 66.8069
5146 66.8069
5147 66.8069
5148 66.8069
5149 66.8069
5150 66.8069
5151 66.8069
5152 66.8069
5153 66.8069
5154 66.8069
5155 66.8069
5156 66.8069
5157 66.8069
5158 66.8069
5159 66.8069
5160 66.8069
5161 66.8069
5162 66.8069
5163 66.8069
5164 66.8069
5165 66.8069
5166 66.8069
5167 66.8069
5168 66.8069
5169 66.8069
5170 66.8069
5171 66.8069
5172 66.8069
5173 66.8069
5174 66.8069
5175 66.8069
5176 66.8069
5177 66.8069
5178 66.8069
5179 66.8069
5180 66.8069
5181 66.8069
5182 66.8069
5183 66.8069
5184 66.8069
5185 66.8069
5186 66.8069
5187 66.8069
5188 66.8069
5189 66.8069
5190 66.8069
5191 66.8069
5192 66.8069
5193 66.8069
5194 66.8069
5195 66.8069
5196 66.8069
5197 66.8069
5198 66.8069
5199 66.8069
5200 66.8069
5201 66.8069
5202 66.8069
5203 66.8069
5204 66.8069
5205 66.8069
5206 66.8069
5207 66.8069
5208 66.8069
5209 66.8069
5210 66.8069
5211 66.8069
5212 66.8069
5213 66.8069
5214 66.8069
5215 66.8069
5216 66.8069
5217 66.8069
5218 66.8069
5219 66.8069
5220 66.8069
5221 66.8069
5222 66.8069
5223 66.8069
5224 66.8069
5225 66.8069
5226 66.8069
5227 66.8069
5228 66.8069
5229 66.8069
5230 66.8069
5231 66.8069
5232 66.8069
5233 66.8069
5234 66.8069
5235 66.8069
5236 66.8069
5237 66.8069
5238 66.8069
5239 66.8069
5240 66.8069
5241 66.8069
5242 66.8069
5243 66.8069
5244 66.8069
5245 66.8069
5246 66.8069
5247 66.8069
5248 66.8069
5249 66.8069
5250 66.8069
5251 66.8069
5252 66.8069
5253 66.8069
5254 66.8069
5255 66.8069
5256 66.8069
5257 66.8069
5258 66.8069
5259 66.8069
5260 66.8069
5261 66.8069
5262 66.8069
5263 66.8069
5264 66.8069
5265 66.8069
5266 66.8069
5267 66.8069
5268 66.8069
5269 66.8069
5270 66.8069
5271 66.8069
5272 66.8069
5273 66.8069
5274 66.8069
5275 66.8069
5276 66.8069
5277 66.8069
5278 66.8069
5279 66.8069
5280 66.8069
5281 66.8069
5282 66.8069
5283 66.8069
5284 66.8069
5285 66.8069
5286 66.8069
5287 66.8069
5288 66.8069
5289 66.8069
5290 66.8069
5291 66.8069
5292 66.8069
5293 66.8069
5294 66.8069
5295 66.8069
5296 66.8069
5297 66.8069
5298 66.8069
5299 66.8069
5300 66.8069
5301 66.8069
5302 66.8069
5303 66.8069
5304 66.8069
5305 66.8069
5306 66.8069
5307 66.8069
5308 66.8069
5309 66.8069
5310 66.8069
5311 66.8069
5312 66.8069
5313 66.8069
5314 66.8069
5315 66.8069
5316 66.8069
5317 66.8069
5318 66.8069
5319 66.8069
5320 66.8069
5321 66.8069
5322 66.8069
5323 66.8069
5324 66.8069
5325 66.8069
5326 66.8069
5327 66.8069
5328 66.8069
5329 66.8069
5330 66.8069
5331 66.8069
5332 66.8069
5333 66.8069
5334 66.8069
5335 66.8069
5336 66.8069
5337 66.8069
5338 66.8069
5339 66.8069
5340 66.8069
5341 66.8069
5342 66.8069
5343 66.8069
5344 66.8069
5345 66.8069
5346 66.8069
5347 66.8069
5348 66.8069
5349 66.8069
5350 66.8069
5351 66.8069
5352 66.8069
5353 66.8069
5354 66.8069
5355 66.8069
5356 66.8069
5357 66.8069
5358 66.8069
5359 66.8069
5360 66.8069
5361 66.8069
5362 66.8069
5363 66.8069
5364 66.8069
5365 66.8069
5366 66.8069
5367 66.8069
5368 66.8069
5369 66.8069
5370 66.8069
5371 66.8069
5372 66.8069
5373 66.8069
5374 66.8069
5375 66.8069
5376 66.8069
5377 66.8069
5378 66.8069
5379 66.8069
5380 66.8069
5381 66.8069
5382 66.8069
5383 66.8069
5384 66.8069
5385 66.8069
5386 66.8069
5387 66.8069
5388 66.8069
5389 66.8069
5390 66.8069
5391 66.8069
5392 66.8069
5393 66.8069
5394 66.8069
5395 66.8069
5396 66.8069
5397 66.8069
5398 66.8069
5399 66.8069
5400 66.8069
5401 66.2955
5402 66.2955
5403 66.2955
5404 66.2955
5405 66.2955
5406 66.2955
5407 66.2955
5408 66.2955
5409 66.2955
5410 66.2035
5411 66.2035
5412 66.2035
5413 66.2035
5414 66.2035
5415 66.2035
5416 66.2035
5417 66.2035
5418 66.2035
5419 66.2035
5420 66.2035
5421 66.2035
5422 66.2035
5423 66.2035
5424 66.2035
5425 66.2035
5426 66.2035
5427 66.2035
5428 66.2035
5429 66.2035
5430 66.2035
5431 66.2035
5432 66.2035
5433 66.2035
5434 66.2035
5435 66.2035
5436 66.2035
5437 66.2035
5438 66.2035
5439 66.2035
5440 66.2035
5441 66.2035
5442 66.2035
5443 66.2035
5444 66.2035
5445 66.2035
5446 66.2035
5447 66.2035
5448 66.2035
5449 66.2035
5450 66.2035
5451 66.2035
5452 66.2035
5453 66.2035
5454 66.2035
5455 66.2035
5456 66.2035
5457 66.2035
5458 66.2035
5459 66.2035
5460 66.2035
5461 66.2035
5462 66.2035
5463 66.2035
5464 66.2035
5465 66.2035
5466 66.2035
5467 66.2035
5468 66.2035
5469 66.2035
5470 66.2035
5471 66.2035
5472 66.2035
5473 66.2035
5474 66.2035
5475 66.2035
5476 66.2035
5477 66.2035
5478 66.2035
5479 66.2035
5480 66.2035
5481 66.2035
5482 66.2035
5483 66.2035
5484 66.2035
5485 66.2035
5486 66.2035
5487 66.2035
5488 66.2035
5489 66.2035
5490 66.2035
5491 66.2035
5492 66.2035
5493 66.2035
5494 66.2035
5495 66.2035
5496 66.2035
5497 66.2035
5498 66.2035
5499 66.2035
5500 66.2035
5501 66.2035
5502 66.2035
5503 66.2035
5504 66.2035
5505 66.2035
5506 66.2035
5507 66.2035
5508 66.2035
5509 66.2035
5510 66.2035
5511 66.2035
5512 66.2035
5513 66.2035
5514 66.2035
5515 66.2035
5516 66.2035
5517 66.2035
5518 66.2035
5519 66.2035
5520 66.2035
5521 66.2035
5522 66.2035
5523 66.2035
5524 66.2035
5525 66.2035
5526 66.2035
5527 66.2035
5528 66.2035
5529 66.2035
5530 66.2035
5531 66.2035
5532 66.2035
5533 66.2035
5534 66.2035
5535 66.2035
5536 66.2035
5537 66.2035
5538 66.2035
5539 66.2035
5540 66.2035
5541 66.2035
5542 66.2035
5543 66.2035
5544 66.2035
5545 66.2035
5546 66.2035
5547 66.2035
5548 66.2035
5549 66.2035
5550 66.2035
5551 66.2035
5552 66.2035
5553 66.2035
5554 66.2035
5555 66.2035
5556 66.2035
5557 66.2035
5558 66.2035
5559 66.2035
5560 66.2035
5561 66.2035
5562 66.2035
5563 66.2035
5564 66.2035
5565 66.2035
5566 66.2035
5567 66.2035
5568 66.2035
5569 66.2035
5570 66.2035
5571 66.2035
5572 66.2035
5573 66.2035
5574 66.2035
5575 66.2035
5576 66.2035
5577 66.2035
5578 66.2035
5579 66.2035
5580 66.2035
5581 66.2035
5582 66.2035
5583 66.2035
5584 66.2035
5585 66.2035
5586 66.2035
5587 66.2035
5588 66.2035
5589 66.2035
5590 66.2035
5591 66.2035
5592 66.2035
5593 66.2035
5594 66.2035
5595 66.2035
5596 66.2035
5597 66.2035
5598 66.2035
5599 66.2035
5600 66.2035
5601 66.2035
5602 66.2035
5603 66.2035
5604 66.2035
5605 66.2035
5606 66.2035
5607 66.2035
5608 66.2035
5609 66.2035
5610 66.2035
5611 66.2035
5612 66.2035
5613 66.2035
5614 66.2035
5615 66.2035
5616 66.2035
5617 66.2035
5618 66.2035
5619 66.2035
5620 66.2035
5621 66.2035
5622 66.2035
5623 66.2035
5624 66.2035
5625 66.2035
5626 66.2035
5627 66.2035
5628 66.2035
5629 66.2035
5630 66.2035
5631 66.2035
5632 66.2035
5633 66.2035
5634 66.2035
5635 66.2035
5636 66.2035
5637 66.2035
5638 66.2035
5639 66.2035
5640 66.2035
5641 66.2035
5642 66.2035
5643 66.2035
5644 66.2035
5645 66.2035
5646 66.2035
5647 66.2035
5648 66.2035
5649 66.2035
5650 66.2035
5651 66.2035
5652 66.2035
5653 66.2035
5654 66.2035
5655 66.2035
5656 66.2035
5657 66.2035
5658 66.2035
5659 66.2035
5660 66.2035
5661 66.2035
5662 66.2035
5663 66.2035
5664 66.2035
5665 66.2035
5666 66.2035
5667 66.2035
5668 66.2035
5669 66.2035
5670 66.2035
5671 66.2035
5672 66.2035
5673 66.2035
5674 66.2035
5675 66.2035
5676 66.2035
5677 66.2035
5678 66.2035
5679 66.2035
5680 66.2035
5681 66.2035
5682 66.2035
5683 66.2035
5684 66.2035
5685 66.2035
5686 66.2035
5687 66.2035
5688 66.2035
5689 66.2035
5690 66.2035
5691 66.2035
5692 66.2035
5693 66.2035
5694 66.2035
5695 66.2035
5696 66.2035
5697 66.2035
5698 66.2035
5699 66.2035
5700 66.2035
5701 66.2035
5702 66.2035
5703 66.2035
5704 66.2035
5705 66.2035
5706 66.2035
5707 66.2035
5708 66.2035
5709 66.2035
5710 66.2035
5711 66.2035
5712 66.2035
5713 66.2035
5714 66.2035
5715 66.2035
5716 66.2035
5717 66.2035
5718 66.2035
5719 66.2035
5720 66.2035
5721 66.2035
5722 66.2035
5723 66.2035
5724 66.2035
5725 66.2035
5726 66.2035
5727 66.2035
5728 66.2035
5729 66.2035
5730 66.2035
5731 66.2035
5732 66.2035
5733 66.2035
5734 66.2035
5735 66.2035
5736 66.2035
5737 66.2035
5738 66.2035
5739 66.2035
5740 66.2035
5741 66.2035
5742 66.2035
5743 66.2035
5744 66.2035
5745 66.2035
5746 66.2035
5747 66.2035
5748 66.2035
5749 66.2035
5750 66.2035
5751 66.2035
5752 66.2035
5753 66.2035
5754 66.2035
5755 66.2035
5756 66.2035
5757 66.2035
5758 66.2035
5759 66.2035
5760 66.2035
5761 66.2035
5762 66.2035
5763 66.2035
5764 66.2035
5765 66.2035
5766 66.2035
5767 66.2035
5768 66.2035
5769 66.2035
5770 66.2035
5771 66.2035
5772 66.2035
5773 66.2035
5774 66.2035
5775 66.2035
5776 66.2035
5777 66.2035
5778 66.2035
5779 66.2035
5780 66.2035
5781 66.2035
5782 66.2035
5783 66.2035
5784 66.2035
5785 66.2035
5786 66.2035
5787 66.2035
5788 66.2035
5789 66.2035
5790 66.2035
5791 66.2035
5792 66.2035
5793 66.2035
5794 66.2035
5795 66.2035
5796 66.2035
5797 66.2035
5798 66.2035
5799 66.2035
5800 66.2035
5801 66.2035
5802 66.2035
5803 66.2035
5804 66.2035
5805 66.2035
5806 66.2035
5807 66.2035
5808 66.2035
5809 66.2035
5810 66.2035
5811 66.2035
5812 66.2035
5813 66.2035
5814 66.2035
5815 66.2035
5816 66.2035
5817 66.2035
5818 66.2035
5819 66.2035
5820 66.2035
5821 66.2035
5822 66.2035
5823 66.2035
5824 66.2035
5825 66.2035
5826 66.2035
5827 66.2035
5828 66.2035
5829 66.2035
5830 66.2035
5831 66.2035
5832 66.2035
5833 66.2035
5834 66.2035
5835 66.2035
5836 66.2035
5837 66.2035
5838 66.2035
5839 66.2035
5840 66.2035
5841 66.2035
5842 66.2035
5843 66.2035
5844 66.2035
5845 66.2035
5846 66.2035
5847 66.2035
5848 66.2035
5849 66.2035
5850 66.2035
5851 66.2035
5852 66.2035
5853 66.2035
5854 66.2035
5855 66.2035
5856 66.2035
5857 66.2035
5858 66.2035
5859 66.2035
5860 66.2035
5861 66.2035
5862 66.2035
5863 66.2035
5864 66.2035
5865 66.2035
5866 66.2035
5867 66.2035
5868 66.2035
5869 66.2035
5870 66.2035
5871 66.2035
5872 66.2035
5873 66.2035
5874 66.2035
5875 66.2035
5876 66.2035
5877 66.2035
5878 66.2035
5879 66.2035
5880 66.2035
5881 66.2035
5882 66.2035
5883 66.2035
5884 66.2035
5885 66.2035
5886 66.2035
5887 66.2035
5888 66.2035
5889 66.2035
5890 66.2035
5891 66.2035
5892 66.2035
5893 66.2035
5894 66.2035
5895 66.2035
5896 66.2035
5897 66.2035
5898 66.2035
5899 66.2035
5900 66.2035
5901 66.2035
5902 66.2035
5903 66.2035
5904 66.2035
5905 66.2035
5906 66.2035
5907 66.2035
5908 66.2035
5909 66.2035
5910 66.2035
5911 66.2035
5912 66.2035
5913 66.2035
5914 66.2035
5915 66.2035
5916 66.2035
5917 66.2035
5918 66.2035
5919 66.2035
5920 66.2035
5921 66.2035
5922 66.2035
5923 66.2035
5924 66.2035
5925 66.2035
5926 66.2035
5927 66.2035
5928 66.2035
5929 66.2035
5930 66.2035
5931 66.2035
5932 66.2035
5933 66.2035
5934 66.2035
5935 66.2035
5936 66.2035
5937 66.2035
5938 66.2035
5939 66.2035
5940 66.2035
5941 66.2035
5942 66.2035
5943 66.2035
5944 66.2035
5945 66.2035
5946 66.2035
5947 66.2035
5948 66.2035
5949 66.2035
5950 66.2035
5951 66.2035
5952 66.2035
5953 66.2035
5954 66.2035
5955 66.2035
5956 66.2035
5957 66.2035
5958 66.2035
5959 66.2035
5960 66.2035
5961 66.2035
5962 66.2035
5963 66.2035
5964 66.2035
5965 66.2035
5966 66.2035
5967 66.2035
5968 66.2035
5969 66.2035
5970 66.2035
5971 66.2035
5972 66.2035
5973 66.2035
5974 66.2035
5975 66.2035
5976 66.2035
5977 66.2035
5978 66.2035
5979 66.2035
5980 66.2035
5981 66.2035
5982 66.2035
5983 66.2035
5984 66.2035
5985 66.2035
5986 66.2035
5987 66.2035
5988 66.2035
5989 66.2035
5990 66.2035
5991 66.2035
5992 66.2035
5993 66.2035
5994 66.2035
5995 66.2035
5996 66.2035
5997 66.2035
5998 66.2035
5999 66.2035
6000 66.2035
