1 428.136
2 415.752
3 408.175
4 403.621
5 385.757
6 385.757
7 383.923
8 379.19
9 371.703
10 367.156
11 359.455
12 354.61
13 338.207
14 337.729
15 334.211
16 329.134
17 329.134
18 329.134
19 321.917
20 321.146
21 321.146
22 309.921
23 308.702
24 303.187
25 303.187
26 303.187
27 295.262
28 295.141
29 292.802
30 291.795
31 287.358
32 284.961
33 284.961
34 284.961
35 283.241
36 283.241
37 279.55
38 279.55
39 275.758
40 275.758
41 272.754
42 271.483
43 271.022
44 269.591
45 268.186
46 260.546
47 250.79
48 250.79
49 250.79
50 245.369
51 243.739
52 243.739
53 243.695
54 243.695
55 240.355
56 239.129
57 231.457
58 231.457
59 231.412
60 228.925
61 228.904
62 228.904
63 228.778
64 227.293
65 221.617
66 221.617
67 221.617
68 223.052
69 222.318
70 220.478
71 218.546
72 217.574
73 217.574
74 216.163
75 216.163
76 214.852
77 214.373
78 214.029
79 213.915
80 213.099
81 213.099
82 209.401
83 209.401
84 208.09
85 207.164
86 203.84
87 203.84
88 201.997
89 201.997
90 201.997
91 201.997
92 201.624
93 197.335
94 197.335
95 195.914
96 195.914
97 195.914
98 192.964
99 192.673
100 192.673
101 192.673
102 192.673
103 192.673
104 190.946
105 187.084
106 187.084
107 187.084
108 187.084
109 187.084
110 186.782
111 184.43
112 184.43
113 184.43
114 184.43
115 184.43
116 184.43
117 184.4
118 183.788
119 182.522
120 182.522
121 182.051
122 182.051
123 181.616
124 176.969
125 176.969
126 176.969
127 176.634
128 174.591
129 174.591
130 174.591
131 174.591
132 174.591
133 174.591
134 172.343
135 172.343
136 172.315
137 172.315
138 172.315
139 171.732
140 171.349
141 171.349
142 168.065
143 168.065
144 168.065
145 168.065
146 166.945
147 166.945
148 166.945
149 164.059
150 164.059
151 163.974
152 163.735
153 162.983
154 162.983
155 162.983
156 162.983
157 162.983
158 159.992
159 159.992
160 159.992
161 159.992
162 158.841
163 158.841
164 158.841
165 158.684
166 158.684
167 158.684
168 158.466
169 158.466
170 158.466
171 158.466
172 157.736
173 157.736
174 157.736
175 157.397
176 157.397
177 157.397
178 157.397
179 157.397
180 156.773
181 156.635
182 156.635
183 156.635
184 155.542
185 155.542
186 155.542
187 155.542
188 155.423
189 155.423
190 155.151
191 155.151
192 155.151
193 154.674
194 154.243
195 153.038
196 153.038
197 153.038
198 152.289
199 150.651
200 150.651
201 150.651
202 150.279
203 149.732
204 149.531
205 149.531
206 149.531
207 149.531
208 149.531
209 149.531
210 148.7
211 148.7
212 147.477
213 146.959
214 145.839
215 145.839
216 144.844
217 144.844
218 144.844
219 143.593
220 143.593
221 143.49
222 143.139
223 142.071
224 142.071
225 141.512
226 141.315
227 141.315
228 141.315
229 141.315
230 141.301
231 139.408
232 139.305
233 138.172
234 138.172
235 138.172
236 138.172
237 138.172
238 138.07
239 138.07
240 137.086
241 137.086
242 137.086
243 137.086
244 137.086
245 136.986
246 136.986
247 136.722
248 133.017
249 136.099
250 136.099
251 135.012
252 134.104
253 133.638
254 133.638
255 133.638
256 133.638
257 133.638
258 133.543
259 131.643
260 131.643
261 131.347
262 131.347
263 131.347
264 129.81
265 129.81
266 129.81
267 129.81
268 129.81
269 129.229
270 129.229
271 129.229
272 129.229
273 129.229
274 129.229
275 128.724
276 126.808
277 126.808
278 126.808
279 126.808
280 126.808
281 126.808
282 126.162
283 126.162
284 126.162
285 126.162
286 126.162
287 126.162
288 125.634
289 125.716
290 125.716
291 125.716
292 125.716
293 125.716
294 125.716
295 125.476
296 125.476
297 125.476
298 125.476
299 121.984
300 121.984
301 123.946
302 123.946
303 123.946
304 123.946
305 123.946
306 123.946
307 123.946
308 123.946
309 123.946
310 123.946
311 123.66
312 123.66
313 123.66
314 123.66
315 121.984
316 121.984
317 121.984
318 121.984
319 121.984
320 121.984
321 121.984
322 121.984
323 121.601
324 121.601
325 121.709
326 121.709
327 121.709
328 119.181
329 119.181
330 119.181
331 119.181
332 118.673
333 118.673
334 118.673
335 118.673
336 118.673
337 118.397
338 118.397
339 118.397
340 118.397
341 118.397
342 118.397
343 117.951
344 117.204
345 117.204
346 117.204
347 117.204
348 117.204
349 117.204
350 117.204
351 117.08
352 117.08
353 117.08
354 116.989
355 116.989
356 116.989
357 116.224
358 114.769
359 114.769
360 114.769
361 114.769
362 114.769
363 113.492
364 113.492
365 113.789
366 113.789
367 113.789
368 113.789
369 113.789
370 113.693
371 113.334
372 113.334
373 113.334
374 113.334
375 113.334
376 113.334
377 113.334
378 113.334
379 113.334
380 113.334
381 113.334
382 112.939
383 112.939
384 112.939
385 112.786
386 112.786
387 112.786
388 112.786
389 112.786
390 112.786
391 112.619
392 112.619
393 112.619
394 112.619
395 112.258
396 111.376
397 111.376
398 111.376
399 111.376
400 111.376
401 111.376
402 111.376
403 111.236
404 111.236
405 111.069
406 111
407 110.778
408 111
409 110.778
410 110.778
411 110.778
412 110.778
413 110.778
414 110.778
415 110.778
416 110.778
417 110.778
418 110.045
419 110.045
420 110.045
421 110.045
422 110.045
423 110.045
424 109.684
425 109.684
426 109.684
427 109.684
428 109.684
429 109.48
430 109.087
431 109.087
432 109.087
433 109.087
434 108.884
435 108.884
436 108.884
437 108.884
438 108.884
439 108.884
440 108.884
441 108.884
442 108.49
443 108.49
444 108.49
445 108.49
446 108.286
447 108.272
448 108.272
449 107.696
450 107.696
451 107.323
452 107.323
453 107.323
454 107.323
455 107.323
456 107.323
457 107.119
458 106.225
459 106.225
460 106.225
461 106.189
462 106.225
463 106.225
464 105.871
465 105.871
466 105.688
467 105.688
468 105.688
469 104.794
470 104.794
471 104.591
472 104.591
473 104.591
474 104.591
475 104.591
476 104.189
477 104.189
478 104.189
479 104.189
480 104.189
481 104.189
482 104.189
483 103.766
484 103.766
485 102.575
486 102.575
487 102.575
488 102.575
489 102.575
490 102.152
491 102.152
492 102.152
493 101.93
494 101.93
495 101.93
496 101.93
497 101.93
498 101.93
499 101.93
500 101.62
501 101.62
502 101.62
503 100.544
504 100.544
505 100.544
506 100.544
507 100.544
508 100.544
509 100.544
510 100.544
511 100.544
512 100.009
513 100.009
514 100.009
515 100.009
516 100.009
517 99.6985
518 100.009
519 99.1454
520 99.1454
521 99.1454
522 99.1454
523 99.1454
524 99.1454
525 99.1454
526 98.5142
527 98.5142
528 98.5142
529 98.5142
530 98.5142
531 98.5142
532 98.5142
533 98.5142
534 98.5142
535 98.5142
536 98.5142
537 98.5142
538 98.5142
539 98.5142
540 98.5142
541 98.5142
542 97.7365
543 98.5142
544 97.9148
545 97.7365
546 97.7365
547 97.9148
548 97.3257
549 97.3257
550 97.3257
551 97.3257
552 97.3257
553 97.3257
554 96.5479
555 96.5479
556 96.5479
557 96.5479
558 96.5479
559 96.5479
560 96.5479
561 96.5479
562 95.7399
563 95.7399
564 95.7399
565 95.7399
566 95.7399
567 95.7399
568 95.6807
569 95.6807
570 95.6807
571 95.6807
572 95.6807
573 95.6807
574 95.6807
575 95.6807
576 95.6807
577 95.6807
578 95.6807
579 95.6807
580 95.6807
581 95.6807
582 95.6807
583 95.6807
584 95.6807
585 95.6807
586 95.6807
587 95.4642
588 95.3124
589 95.3124
590 95.3124
591 95.3124
592 95.3124
593 95.3124
594 94.7865
595 94.7865
596 94.7865
597 94.7865
598 94.7865
599 94.7865
600 94.7865
601 94.7292
602 94.7292
603 94.7292
604 94.353
605 94.7073
606 94.4103
607 94.326
608 94.326
609 94.326
610 93.6407
611 93.4201
612 93.4201
613 93.4201
614 93.4201
615 93.1684
616 93.1684
617 93.1684
618 93.1684
619 93.1684
620 93.1684
621 93.1684
622 93.1684
623 93.1684
624 93.1684
625 93.1684
626 93.1684
627 93.0096
628 93.0096
629 92.0087
630 92.0087
631 92.0087
632 91.7881
633 92.0087
634 91.7881
635 91.7881
636 91.7881
637 91.7881
638 91.7881
639 91.7881
640 91.7881
641 91.7881
642 91.7881
643 91.7881
644 91.7881
645 91.7881
646 91.7881
647 91.7881
648 91.7881
649 91.7881
650 91.7881
651 91.7541
652 91.7541
653 91.7541
654 91.7541
655 91.7541
656 91.7541
657 91.7541
658 91.4689
659 91.4689
660 91.4689
661 91.2212
662 91.2212
663 91.2212
664 91.2212
665 91.2212
666 91.2212
667 91.2212
668 91.2212
669 91.1326
670 91.2212
671 91.2212
672 91.2212
673 91.2212
674 91.2212
675 91.2212
676 91.2212
677 91.2212
678 91.2212
679 91.2212
680 91.2212
681 91.2212
682 91.2212
683 91.2212
684 91.2212
685 91.2212
686 91.2212
687 91.2212
688 90.9478
689 90.9478
690 90.9478
691 90.7729
692 90.7729
693 90.7729
694 90.4995
695 90.7729
696 90.7729
697 90.4995
698 90.4995
699 90.4995
700 90.4995
701 90.4995
702 90.4995
703 90.4995
704 90.4995
705 90.4995
706 90.4995
707 90.4995
708 90.4995
709 90.4995
710 90.4995
711 90.4995
712 90.4995
713 90.4995
714 90.4995
715 90.4995
716 90.4995
717 90.4422
718 90.1671
719 90.1671
720 90.1671
721 90.1671
722 90.1671
723 90.1671
724 90.1671
725 90.1671
726 90.127
727 90.127
728 89.5458
729 89.5458
730 89.5458
731 89.4884
732 89.4884
733 89.4884
734 89.4884
735 89.4884
736 89.4884
737 89.4884
738 89.4884
739 89.4884
740 89.4884
741 89.4884
742 89.4884
743 89.4884
744 89.4884
745 89.4884
746 89.4884
747 89.4208
748 89.4208
749 89.4208
750 88.8248
751 88.8248
752 88.8248
753 88.8248
754 88.8248
755 88.8248
756 88.8248
757 88.8248
758 88.8248
759 88.8248
760 88.8248
761 88.8248
762 88.8248
763 88.0928
764 88.0928
765 88.0928
766 88.0928
767 88.0928
768 88.0928
769 88.0928
770 88.0928
771 88.0928
772 88.0928
773 88.0928
774 88.0928
775 88.0928
776 88.0928
777 88.0928
778 88.0928
779 88.0928
780 88.0903
781 88.0928
782 87.9309
783 87.9309
784 87.9309
785 87.9309
786 87.9309
787 87.9309
788 87.9309
789 87.9309
790 87.6122
791 87.6122
792 87.6122
793 87.6122
794 87.6122
795 87.6122
796 87.6122
797 87.6122
798 87.6122
799 87.6122
800 87.6122
801 86.731
802 86.731
803 86.731
804 86.731
805 86.24
806 86.24
807 86.24
808 86.24
809 86.24
810 85.9615
811 85.9615
812 85.9615
813 85.9615
814 85.9615
815 85.9615
816 85.9615
817 85.9615
818 85.9615
819 85.9615
820 85.9615
821 85.9615
822 85.9615
823 85.8053
824 85.8053
825 85.8053
826 85.8053
827 85.8053
828 85.8053
829 85.8053
830 85.8053
831 85.8053
832 85.8053
833 85.8053
834 85.8053
835 85.8053
836 85.8053
837 85.6962
838 85.0448
839 85.0448
840 85.0448
841 85.0448
842 85.0448
843 85.0448
844 85.0448
845 85.0448
846 85.0448
847 85.0448
848 85.0448
849 85.0448
850 85.0448
851 85.0448
852 85.0448
853 85.0448
854 85.0448
855 85.0448
856 84.7246
857 84.4054
858 84.4054
859 84.4054
860 84.4054
861 84.4054
862 84.4054
863 84.4054
864 84.4054
865 84.4054
866 84.4054
867 84.4054
868 84.4054
869 84.4054
870 84.4054
871 84.4054
872 84.4054
873 84.4054
874 84.4054
875 84.4054
876 84.385
877 84.385
878 84.385
879 84.385
880 84.385
881 84.385
882 84.385
883 84.385
884 84.385
885 84.385
886 84.385
887 84.385
888 84.385
889 84.385
890 84.385
891 84.385
892 84.385
893 84.385
894 84.385
895 84.385
896 83.7939
897 83.7939
898 83.7939
899 83.7939
900 83.7939
901 83.7939
902 83.7939
903 83.7939
904 83.7939
905 83.7939
906 83.7939
907 83.7939
908 83.7939
909 83.7939
910 83.2313
911 83.7939
912 83.7939
913 83.7939
914 83.7939
915 83.7939
916 83.7939
917 83.7939
918 83.7939
919 83.7939
920 83.7939
921 83.7939
922 83.7939
923 83.7939
924 83.7939
925 83.7939
926 83.7939
927 83.7939
928 83.7939
929 83.7939
930 83.7939
931 83.5147
932 83.5147
933 83.5147
934 83.5147
935 83.5147
936 83.5147
937 83.138
938 83.138
939 83.138
940 83.138
941 83.138
942 83.138
943 83.0809
944 83.0809
945 82.8797
946 82.8797
947 82.8797
948 82.8797
949 82.8797
950 82.8797
951 82.8797
952 82.8797
953 82.8797
954 82.8797
955 82.8797
956 82.8797
957 82.8797
958 82.8797
959 82.8797
960 82.8797
961 82.8797
962 82.8797
963 82.8797
964 82.8797
965 82.8797
966 82.8797
967 82.8797
968 82.8797
969 82.8797
970 82.8797
971 82.8797
972 82.8797
973 82.8797
974 82.8797
975 82.8797
976 82.8797
977 82.7038
978 82.7038
979 82.7038
980 82.7038
981 82.7038
982 82.7038
983 82.7038
984 82.7038
985 82.7038
986 82.7038
987 82.7038
988 82.7038
989 82.7038
990 82.7038
991 82.7038
992 82.7038
993 82.7038
994 82.7038
995 82.7038
996 82.5447
997 82.5447
998 82.5447
999 82.5447
1000 82.5447
1001 82.5447
1002 82.5447
1003 82.5447
1004 82.5447
1005 82.5447
1006 82.5447
1007 82.5447
1008 82.5447
1009 82.5447
1010 82.5447
1011 82.5447
1012 82.5447
1013 82.5447
1014 82.2536
1015 82.2536
1016 82.2536
1017 81.5445
1018 81.5445
1019 81.5445
1020 81.5445
1021 81.5445
1022 81.3492
1023 81.3492
1024 81.3492
1025 81.3492
1026 81.3492
1027 81.3492
1028 81.3492
1029 81.3492
1030 81.3492
1031 81.3492
1032 81.3492
1033 81.3492
1034 81.3492
1035 81.1287
1036 81.2895
1037 81.2895
1038 81.2895
1039 81.2895
1040 81.2895
1041 81.2895
1042 81.2895
1043 81.2895
1044 81.2895
1045 81.2895
1046 81.2895
1047 81.2895
1048 81.2895
1049 80.2581
1050 80.2581
1051 80.2581
1052 80.2581
1053 80.2581
1054 80.1815
1055 80.1815
1056 80.1815
1057 80.1815
1058 80.1815
1059 80.1815
1060 80.1815
1061 80.1815
1062 80.1815
1063 80.1815
1064 80.1815
1065 80.1815
1066 80.1815
1067 80.1815
1068 80.1815
1069 80.1815
1070 79.6834
1071 79.6834
1072 79.6834
1073 79.6834
1074 79.6834
1075 79.6834
1076 79.6834
1077 79.6834
1078 79.6834
1079 79.6834
1080 79.6834
1081 79.6834
1082 79.6834
1083 79.6834
1084 79.6834
1085 79.6834
1086 79.6834
1087 79.6834
1088 79.6834
1089 79.2175
1090 79.2175
1091 79.2175
1092 79.2175
1093 79.2175
1094 79.2175
1095 79.2175
1096 79.2175
1097 79.2175
1098 79.2175
1099 79.2175
1100 79.2175
1101 79.2175
1102 79.2175
1103 79.2175
1104 79.2175
1105 79.2175
1106 79.2175
1107 79.2175
1108 79.2175
1109 79.2175
1110 79.2175
1111 79.2175
1112 78.6415
1113 78.6415
1114 78.6415
1115 78.6415
1116 78.6415
1117 78.6415
1118 78.6415
1119 78.6415
1120 78.6415
1121 78.6415
1122 78.6415
1123 78.6415
1124 78.6415
1125 78.6415
1126 78.6415
1127 78.6415
1128 78.6415
1129 78.6415
1130 78.6415
1131 78.6415
1132 78.6415
1133 78.6415
1134 78.6415
1135 78.6415
1136 78.6415
1137 78.6415
1138 78.6415
1139 78.6415
1140 78.6415
1141 78.6415
1142 78.6415
1143 78.6415
1144 78.6415
1145 78.6415
1146 78.6415
1147 78.6415
1148 78.6415
1149 78.6415
1150 78.6415
1151 78.6415
1152 78.6415
1153 78.6415
1154 78.6415
1155 78.6415
1156 78.6415
1157 78.6415
1158 78.6415
1159 78.6415
1160 78.6415
1161 78.6415
1162 78.6415
1163 78.6415
1164 78.6415
1165 78.6415
1166 78.6415
1167 78.6415
1168 78.6415
1169 78.6415
1170 78.6415
1171 78.6415
1172 78.6415
1173 78.6415
1174 78.6415
1175 78.6415
1176 78.6415
1177 78.6415
1178 78.6415
1179 78.6415
1180 78.6415
1181 78.6415
1182 78.6415
1183 78.6415
1184 78.5155
1185 78.5155
1186 78.5155
1187 77.8023
1188 77.8023
1189 77.8023
1190 77.8023
1191 77.7575
1192 77.7575
1193 77.7575
1194 77.7575
1195 77.7575
1196 77.7284
1197 77.7284
1198 77.7284
1199 77.7284
1200 77.7284
1201 77.7284
1202 77.7284
1203 77.7284
1204 77.6836
1205 77.6836
1206 77.6836
1207 77.6836
1208 77.6836
1209 77.6836
1210 77.6836
1211 77.6836
1212 77.6836
1213 77.6836
1214 77.2717
1215 77.2717
1216 77.2717
1217 77.2717
1218 77.2717
1219 77.2717
1220 77.2717
1221 77.2717
1222 77.2717
1223 77.2717
1224 77.2717
1225 77.2717
1226 77.2717
1227 77.2717
1228 77.2717
1229 77.2717
1230 77.2717
1231 77.2717
1232 77.2717
1233 77.2717
1234 77.2717
1235 77.2717
1236 77.2717
1237 77.2717
1238 77.2717
1239 77.2717
1240 77.2717
1241 77.2717
1242 77.2717
1243 77.2717
1244 77.2717
1245 77.2717
1246 77.2717
1247 77.2717
1248 77.2717
1249 77.2717
1250 77.2717
1251 77.2717
1252 77.2717
1253 77.2717
1254 77.2717
1255 77.2717
1256 77.2717
1257 77.2717
1258 77.2717
1259 77.2717
1260 77.2717
1261 77.2717
1262 77.2717
1263 77.2717
1264 77.2717
1265 77.2717
1266 77.2717
1267 77.2717
1268 77.2717
1269 77.2717
1270 77.2717
1271 77.2717
1272 77.2717
1273 77.2717
1274 77.2717
1275 77.2717
1276 77.2717
1277 77.2717
1278 77.2717
1279 77.2717
1280 77.2717
1281 77.2717
1282 77.2717
1283 77.2717
1284 77.2717
1285 77.2717
1286 77.2717
1287 77.2717
1288 77.2717
1289 77.2717
1290 77.2717
1291 77.2717
1292 77.2717
1293 77.2717
1294 77.2717
1295 77.2717
1296 77.2717
1297 77.2717
1298 77.2717
1299 77.2717
1300 77.2717
1301 77.2717
1302 77.2717
1303 77.2717
1304 77.2717
1305 77.0651
1306 77.0651
1307 77.0651
1308 77.0651
1309 77.0651
1310 77.0651
1311 77.0651
1312 77.0651
1313 76.8468
1314 76.8468
1315 76.8468
1316 76.8468
1317 76.2603
1318 76.8468
1319 76.8468
1320 76.8468
1321 75.1376
1322 75.1376
1323 75.1376
1324 75.1376
1325 75.1376
1326 75.1376
1327 75.1376
1328 75.0346
1329 75.0346
1330 75.0346
1331 75.0346
1332 75.0346
1333 75.0346
1334 75.0346
1335 75.0346
1336 75.0346
1337 75.0346
1338 75.0346
1339 75.0346
1340 75.0346
1341 75.0346
1342 75.0346
1343 75.0346
1344 75.0346
1345 75.0346
1346 75.0346
1347 75.0346
1348 75.0346
1349 75.0346
1350 75.0346
1351 74.6206
1352 74.6206
1353 74.6206
1354 74.6206
1355 74.6206
1356 74.6206
1357 74.5097
1358 74.5097
1359 74.5097
1360 74.5097
1361 74.5097
1362 74.5097
1363 74.5097
1364 74.5097
1365 74.5097
1366 74.5097
1367 74.5097
1368 74.5097
1369 74.5097
1370 74.5097
1371 74.5097
1372 74.5097
1373 74.5097
1374 74.4925
1375 74.4925
1376 74.4925
1377 74.4925
1378 74.4925
1379 74.4925
1380 74.4925
1381 74.4925
1382 74.4925
1383 74.4925
1384 74.4925
1385 74.4925
1386 74.4925
1387 74.4925
1388 74.4925
1389 74.4925
1390 74.4925
1391 74.4925
1392 74.4925
1393 74.4925
1394 74.4925
1395 74.4925
1396 74.4925
1397 74.4925
1398 74.4925
1399 74.4925
1400 74.4925
1401 74.4925
1402 74.4925
1403 74.4925
1404 74.4925
1405 74.4925
1406 74.4925
1407 74.4925
1408 74.4925
1409 74.4925
1410 74.4925
1411 74.4925
1412 74.4925
1413 74.4925
1414 74.4925
1415 74.4925
1416 74.4925
1417 74.4925
1418 74.4925
1419 74.4925
1420 74.4925
1421 74.4925
1422 74.4925
1423 74.4925
1424 74.4925
1425 74.4925
1426 74.4925
1427 74.4925
1428 74.4925
1429 74.4925
1430 74.4925
1431 74.4925
1432 74.4925
1433 74.0559
1434 74.0559
1435 74.0559
1436 74.0559
1437 74.0559
1438 74.0559
1439 74.0559
1440 74.0559
1441 73.8716
1442 73.8716
1443 73.8716
1444 73.8716
1445 73.8716
1446 73.8716
1447 73.8716
1448 73.8716
1449 73.8716
1450 73.8716
1451 73.8716
1452 73.8716
1453 73.8716
1454 73.8716
1455 73.8716
1456 73.8716
1457 73.8716
1458 73.8716
1459 73.8716
1460 73.8716
1461 73.8716
1462 73.8716
1463 73.8716
1464 73.8716
1465 73.8716
1466 73.8716
1467 73.8716
1468 73.8716
1469 73.8716
1470 73.8716
1471 73.8716
1472 73.8716
1473 73.8716
1474 73.8716
1475 73.8716
1476 73.8716
1477 73.8716
1478 73.8716
1479 73.8716
1480 73.8716
1481 73.8716
1482 73.8716
1483 73.8716
1484 73.8716
1485 73.8716
1486 73.8716
1487 73.8716
1488 73.8716
1489 73.8716
1490 73.8716
1491 73.8716
1492 73.8716
1493 73.8716
1494 73.8716
1495 73.8716
1496 73.8716
1497 73.8716
1498 73.8716
1499 73.8716
1500 73.8716
1501 73.8716
1502 73.8716
1503 73.8716
1504 73.8716
1505 73.8716
1506 73.8716
1507 73.8716
1508 72.9452
1509 72.9452
1510 72.9452
1511 72.9452
1512 72.9452
1513 72.9452
1514 72.9452
1515 72.9452
1516 72.9452
1517 72.9452
1518 72.9452
1519 72.9452
1520 72.9452
1521 72.9452
1522 72.9452
1523 72.9452
1524 72.9452
1525 72.9452
1526 72.9452
1527 72.9452
1528 72.9452
1529 72.9452
1530 72.9452
1531 72.9452
1532 72.9452
1533 72.9452
1534 72.9452
1535 72.6986
1536 72.6986
1537 72.3382
1538 72.3382
1539 72.3382
1540 72.3382
1541 72.3382
1542 72.3382
1543 72.3382
1544 72.3382
1545 72.3382
1546 72.3382
1547 72.3382
1548 72.3382
1549 72.3382
1550 72.3382
1551 72.3382
1552 72.3382
1553 72.2352
1554 72.2352
1555 72.2352
1556 72.2352
1557 72.2352
1558 72.1928
1559 72.1928
1560 72.1928
1561 72.1928
1562 72.1928
1563 72.1928
1564 72.1928
1565 72.1928
1566 72.1928
1567 72.1928
1568 72.1928
1569 71.4882
1570 71.4882
1571 72.1928
1572 72.1928
1573 72.1928
1574 72.1928
1575 72.1928
1576 72.1928
1577 72.1928
1578 72.1928
1579 72.1928
1580 72.1928
1581 72.1928
1582 72.1928
1583 72.1928
1584 72.1928
1585 72.1928
1586 72.1928
1587 72.1928
1588 72.1928
1589 72.1928
1590 72.1928
1591 72.1928
1592 72.1928
1593 72.1928
1594 72.1928
1595 72.1928
1596 72.1928
1597 72.1928
1598 72.1928
1599 72.1928
1600 72.1928
1601 72.1928
1602 72.1928
1603 72.1928
1604 72.1928
1605 72.1928
1606 72.1928
1607 72.1928
1608 72.1928
1609 71.0904
1610 71.0904
1611 71.0904
1612 71.0904
1613 71.0904
1614 71.0904
1615 71.0904
1616 71.0904
1617 71.0904
1618 71.0904
1619 71.0904
1620 71.0904
1621 71.0904
1622 71.0904
1623 71.0904
1624 71.0904
1625 71.0904
1626 71.0904
1627 71.0904
1628 71.0904
1629 71.0904
1630 71.0904
1631 71.0904
1632 70.9033
1633 71.0904
1634 71.0904
1635 71.0904
1636 71.0904
1637 71.0904
1638 71.0904
1639 71.0904
1640 71.0904
1641 71.0904
1642 71.0904
1643 71.0904
1644 71.0904
1645 71.0904
1646 71.0904
1647 71.0904
1648 71.0904
1649 71.0904
1650 71.0904
1651 71.0904
1652 71.0904
1653 71.0904
1654 71.0904
1655 71.0904
1656 71.0904
1657 71.0904
1658 71.0904
1659 71.0904
1660 71.0904
1661 71.0904
1662 71.0904
1663 71.0904
1664 71.0904
1665 71.0904
1666 71.0904
1667 71.0904
1668 71.0904
1669 71.0904
1670 71.0904
1671 71.0904
1672 71.0904
1673 71.0904
1674 71.0904
1675 71.0904
1676 71.0904
1677 71.0904
1678 71.0904
1679 71.0904
1680 71.0904
1681 71.0904
1682 71.0904
1683 71.0904
1684 71.0904
1685 71.0904
1686 71.0904
1687 71.0904
1688 71.0904
1689 71.0904
1690 71.0904
1691 71.0904
1692 71.0904
1693 71.0904
1694 71.0904
1695 71.0904
1696 71.0904
1697 71.0904
1698 71.0904
1699 71.0904
1700 71.0904
1701 71.0904
1702 71.0904
1703 71.0904
1704 71.0904
1705 71.0904
1706 71.0904
1707 71.0904
1708 71.0904
1709 71.0904
1710 71.0904
1711 71.0904
1712 71.0904
1713 71.0904
1714 71.0904
1715 71.0904
1716 71.0904
1717 71.0904
1718 71.0904
1719 71.0904
1720 70.7734
1721 70.7734
1722 70.7734
1723 70.7734
1724 70.7734
1725 70.7734
1726 70.7734
1727 70.7734
1728 70.7734
1729 70.7734
1730 70.7734
1731 70.7734
1732 70.7734
1733 70.7734
1734 70.7734
1735 70.7734
1736 70.7734
1737 70.7734
1738 70.7734
1739 70.7734
1740 70.7734
1741 70.7734
1742 70.7009
1743 70.7009
1744 70.7734
1745 70.7734
1746 70.7734
1747 70.7734
1748 70.7734
1749 70.7734
1750 70.7734
1751 70.7734
1752 70.7538
1753 70.7538
1754 70.7538
1755 70.7538
1756 70.7538
1757 70.7538
1758 70.7538
1759 70.7538
1760 70.7538
1761 70.7538
1762 70.7538
1763 70.7538
1764 70.7538
1765 70.7538
1766 70.7538
1767 70.7538
1768 70.7538
1769 70.7538
1770 70.7538
1771 70.7538
1772 70.7538
1773 70.7538
1774 70.7538
1775 70.5512
1776 70.5512
1777 70.5512
1778 70.5512
1779 70.5512
1780 70.5512
1781 70.5512
1782 70.5512
1783 70.5512
1784 70.5512
1785 70.5512
1786 70.5512
1787 70.5512
1788 70.5512
1789 70.5512
1790 70.5512
1791 70.5512
1792 70.5512
1793 70.5512
1794 70.5512
1795 70.5512
1796 70.5512
1797 70.5512
1798 70.5512
1799 70.5512
1800 70.5512
1801 70.5512
1802 70.5512
1803 70.5512
1804 70.5512
1805 70.5512
1806 70.5512
1807 70.5512
1808 70.2539
1809 70.2539
1810 70.2539
1811 70.2539
1812 70.2539
1813 70.2539
1814 70.2539
1815 70.2539
1816 70.2539
1817 70.2539
1818 70.2539
1819 70.2539
1820 70.2539
1821 70.2539
1822 70.2539
1823 70.2539
1824 70.2539
1825 70.2539
1826 70.2539
1827 70.2539
1828 70.2539
1829 70.2539
1830 70.2539
1831 70.2539
1832 70.2539
1833 70.2539
1834 70.2539
1835 70.2539
1836 70.2539
1837 70.2539
1838 70.2539
1839 70.2539
1840 70.2539
1841 70.2539
1842 70.2539
1843 70.2539
1844 70.2539
1845 70.2539
1846 70.2539
1847 70.2539
1848 70.2539
1849 70.2539
1850 70.2539
1851 70.2539
1852 70.2539
1853 70.2539
1854 70.2539
1855 70.2539
1856 70.2539
1857 70.2539
1858 70.2539
1859 70.2539
1860 70.2539
1861 70.2539
1862 70.2539
1863 70.2539
1864 70.2539
1865 70.2539
1866 70.2539
1867 70.2539
1868 70.2539
1869 70.2539
1870 70.2539
1871 70.2539
1872 70.2539
1873 70.2539
1874 70.2539
1875 70.2539
1876 70.2539
1877 70.2539
1878 70.2539
1879 70.2539
1880 70.2539
1881 70.2539
1882 70.2539
1883 70.2539
1884 70.2539
1885 70.2539
1886 70.2539
1887 70.2539
1888 70.2539
1889 70.2539
1890 70.2539
1891 70.2539
1892 70.2539
1893 70.2539
1894 70.2539
1895 70.2539
1896 70.2539
1897 70.2539
1898 70.2539
1899 70.2539
1900 70.2539
1901 70.2539
1902 70.2539
1903 70.2539
1904 70.2539
1905 70.2539
1906 70.2539
1907 70.2539
1908 70.2539
1909 70.2539
1910 70.2539
1911 70.2539
1912 70.2539
1913 70.2539
1914 70.2539
1915 70.2539
1916 70.2539
1917 70.2539
1918 70.2539
1919 70.2539
1920 70.2539
1921 70.2539
1922 70.2539
1923 70.2539
1924 70.2539
1925 70.2539
1926 70.2539
1927 70.2539
1928 70.2539
1929 70.2539
1930 70.2539
1931 70.2539
1932 70.2539
1933 70.2539
1934 70.2539
1935 70.2539
1936 70.2539
1937 70.2539
1938 70.2539
1939 70.2539
1940 70.2539
1941 70.2539
1942 70.2539
1943 70.2539
1944 70.2539
1945 70.2539
1946 70.2539
1947 70.2539
1948 70.2539
1949 70.2539
1950 70.2539
1951 70.2539
1952 70.2539
1953 70.2539
1954 70.2539
1955 70.2539
1956 70.2539
1957 70.2539
1958 70.2539
1959 70.2539
1960 70.2539
1961 70.2539
1962 70.2539
1963 70.2539
1964 70.2539
1965 70.2539
1966 70.2539
1967 70.2539
1968 70.2539
1969 70.2539
1970 70.2539
1971 70.2539
1972 70.2539
1973 70.2539
1974 70.2539
1975 70.2539
1976 70.2539
1977 70.2539
1978 70.2539
1979 70.2539
1980 70.2539
1981 70.2539
1982 70.2539
1983 70.2539
1984 70.2539
1985 70.2539
1986 70.2539
1987 70.2539
1988 70.2539
1989 70.2539
1990 70.2539
1991 70.2539
1992 70.2539
1993 70.2539
1994 70.2539
1995 70.2539
1996 70.2539
1997 70.0384
1998 70.0384
1999 70.0384
2000 70.0384
2001 70.0384
2002 70.0384
2003 70.0384
2004 70.0384
2005 70.0384
2006 70.0384
2007 69.9144
2008 69.9144
2009 69.9144
2010 69.9144
2011 69.9144
2012 69.9144
2013 69.9144
2014 69.9144
2015 69.9144
2016 69.9144
2017 69.9144
2018 69.9144
2019 69.9144
2020 69.9144
2021 69.4001
2022 69.4001
2023 69.4001
2024 69.4001
2025 69.4001
2026 69.4001
2027 69.4001
2028 69.4001
2029 69.4001
2030 69.4001
2031 69.4001
2032 69.4001
2033 69.4001
2034 69.4001
2035 69.4001
2036 69.4001
2037 69.4001
2038 69.4001
2039 69.4001
2040 69.4001
2041 69.4001
2042 69.4001
2043 69.4001
2044 69.4001
2045 69.4001
2046 69.4001
2047 69.4001
2048 69.4001
2049 69.4001
2050 69.4001
2051 69.4001
2052 69.4001
2053 69.4001
2054 69.4001
2055 69.4001
2056 69.4001
2057 69.4001
2058 69.4001
2059 69.4001
2060 69.4001
2061 69.4001
2062 69.4001
2063 69.4001
2064 69.4001
2065 69.4001
2066 69.4001
2067 69.4001
2068 69.4001
2069 69.4001
2070 69.2831
2071 69.2831
2072 69.2831
2073 69.2831
2074 69.2831
2075 69.2831
2076 69.2831
2077 69.2831
2078 69.2831
2079 69.2831
2080 69.2831
2081 69.2831
2082 69.2831
2083 69.2831
2084 69.2831
2085 69.2831
2086 69.2831
2087 69.2831
2088 69.2831
2089 69.2831
2090 69.2831
2091 69.2831
2092 69.2831
2093 69.2831
2094 69.2831
2095 69.2831
2096 69.2831
2097 69.2831
2098 69.2831
2099 69.2831
2100 69.2831
2101 69.2831
2102 69.2831
2103 69.2831
2104 69.2831
2105 69.2831
2106 69.2831
2107 69.2831
2108 69.2831
2109 69.2831
2110 69.2831
2111 69.2831
2112 69.2831
2113 69.2831
2114 69.2831
2115 69.2831
2116 69.2831
2117 69.2831
2118 69.2831
2119 69.2831
2120 69.2831
2121 69.2831
2122 69.2831
2123 69.2831
2124 69.2831
2125 69.2831
2126 69.2831
2127 69.2831
2128 69.2831
2129 69.2831
2130 69.2831
2131 69.2831
2132 69.2831
2133 69.2831
2134 69.2831
2135 69.2831
2136 69.2831
2137 69.2831
2138 69.2831
2139 69.2831
2140 69.2831
2141 69.2831
2142 69.2831
2143 69.2831
2144 69.2831
2145 69.2831
2146 69.2831
2147 69.2831
2148 69.2831
2149 69.2831
2150 69.2831
2151 68.8334
2152 68.8334
2153 68.8334
2154 68.8334
2155 68.8334
2156 68.8334
2157 68.8334
2158 68.8334
2159 68.8334
2160 68.8334
2161 68.8334
2162 68.8334
2163 68.8334
2164 68.8334
2165 68.8334
2166 68.8334
2167 68.8334
2168 68.8334
2169 68.8334
2170 68.8334
2171 68.8334
2172 68.8334
2173 68.8334
2174 68.8334
2175 68.8334
2176 68.8334
2177 68.8334
2178 68.8334
2179 68.8334
2180 68.8334
2181 68.8334
2182 68.8334
2183 68.8334
2184 68.8334
2185 68.8334
2186 68.8334
2187 68.8334
2188 68.8334
2189 68.8334
2190 68.8334
2191 68.8334
2192 68.8334
2193 68.8334
2194 68.8334
2195 68.8334
2196 68.8334
2197 68.8334
2198 68.8334
2199 68.8334
2200 68.8334
2201 68.8334
2202 68.8334
2203 68.8334
2204 68.8334
2205 68.8334
2206 68.8334
2207 68.8334
2208 68.8334
2209 68.8334
2210 68.8334
2211 68.8334
2212 68.8334
2213 68.8334
2214 68.8334
2215 68.8334
2216 68.8334
2217 68.8334
2218 68.8334
2219 68.8334
2220 68.8334
2221 68.8334
2222 68.8334
2223 68.8334
2224 68.8334
2225 68.8334
2226 68.8334
2227 68.8334
2228 68.8334
2229 68.8334
2230 68.8334
2231 68.8334
2232 68.8334
2233 68.8334
2234 68.8334
2235 68.8334
2236 68.8334
2237 68.8334
2238 68.8334
2239 68.8334
2240 68.8334
2241 68.8334
2242 68.8334
2243 68.8334
2244 68.8334
2245 68.8334
2246 68.8334
2247 68.8334
2248 68.8334
2249 68.8334
2250 68.8334
2251 68.8334
2252 68.8334
2253 68.8334
2254 68.8334
2255 68.8334
2256 68.8334
2257 68.8334
2258 68.8334
2259 68.8334
2260 68.8334
2261 68.8334
2262 68.8334
2263 68.8334
2264 68.8334
2265 68.8334
2266 68.8334
2267 68.8334
2268 68.8334
2269 68.8334
2270 68.8334
2271 68.8334
2272 68.8334
2273 68.8334
2274 68.8334
2275 68.8334
2276 68.8334
2277 68.8334
2278 68.8334
2279 68.8334
2280 68.8334
2281 68.8334
2282 68.8334
2283 68.8334
2284 68.8334
2285 68.8334
2286 68.8334
2287 68.8334
2288 68.8334
2289 68.8334
2290 68.8334
2291 68.8334
2292 68.8334
2293 68.8334
2294 68.8334
2295 68.8334
2296 68.8334
2297 68.8334
2298 68.8334
2299 68.8334
2300 68.8334
2301 68.8334
2302 68.8334
2303 68.8334
2304 68.8334
2305 68.8334
2306 68.8334
2307 68.8334
2308 68.8334
2309 68.8334
2310 68.8334
2311 68.8334
2312 68.8334
2313 68.8334
2314 68.8334
2315 68.8334
2316 68.8334
2317 68.8334
2318 68.8334
2319 68.8334
2320 68.8334
2321 68.8334
2322 68.8334
2323 68.8334
2324 68.8334
2325 68.8334
2326 68.8334
2327 68.8334
2328 68.8334
2329 68.8334
2330 68.8334
2331 68.8334
2332 68.8334
2333 68.8334
2334 68.8334
2335 68.8334
2336 68.8334
2337 68.8334
2338 68.8334
2339 68.8334
2340 68.8334
2341 68.8334
2342 68.8334
2343 68.8334
2344 68.8334
2345 68.8334
2346 68.8334
2347 68.8334
2348 68.1604
2349 68.1604
2350 68.1604
2351 68.1604
2352 68.1604
2353 68.1604
2354 68.1604
2355 68.1604
2356 68.1604
2357 68.1604
2358 68.1604
2359 68.1604
2360 68.1604
2361 68.1604
2362 68.1604
2363 68.1604
2364 68.1604
2365 68.1604
2366 68.1604
2367 68.1604
2368 68.1604
2369 68.1604
2370 68.1604
2371 68.1604
2372 68.1604
2373 68.1604
2374 68.1604
2375 68.1604
2376 68.1604
2377 68.1604
2378 68.1604
2379 68.1604
2380 68.1604
2381 68.1604
2382 68.1604
2383 68.1604
2384 68.1604
2385 68.1604
2386 68.1604
2387 68.1604
2388 68.1604
2389 68.1604
2390 68.1604
2391 68.1604
2392 68.1604
2393 68.1604
2394 68.1604
2395 68.1604
2396 68.1604
2397 68.1604
2398 68.1604
2399 68.1604
2400 68.1604
2401 68.1604
2402 68.1604
2403 68.1604
2404 68.1604
2405 68.1604
2406 68.1604
2407 68.1604
2408 68.1604
2409 68.1604
2410 68.1604
2411 68.1604
2412 68.1604
2413 68.1604
2414 68.1604
2415 68.1604
2416 68.1604
2417 68.1604
2418 68.1604
2419 68.1604
2420 68.1604
2421 68.1604
2422 68.1604
2423 68.1604
2424 68.1604
2425 68.1604
2426 68.1604
2427 68.1604
2428 68.1604
2429 68.1604
2430 68.1604
2431 68.1604
2432 68.1604
2433 68.1604
2434 68.1604
2435 68.1604
2436 68.1604
2437 68.1604
2438 68.1604
2439 68.1604
2440 68.1604
2441 68.1604
2442 68.1604
2443 68.1604
2444 68.1604
2445 68.1604
2446 68.1604
2447 68.1604
2448 68.1604
2449 68.1604
2450 68.1604
2451 68.1604
2452 68.1604
2453 68.1604
2454 68.1604
2455 68.1604
2456 68.1604
2457 68.1604
2458 68.1604
2459 68.1604
2460 68.1604
2461 68.1604
2462 68.1604
2463 68.1604
2464 68.1604
2465 68.1604
2466 68.1604
2467 68.1604
2468 68.1604
2469 68.1604
2470 68.1604
2471 68.1604
2472 68.1604
2473 68.1604
2474 68.1604
2475 68.1604
2476 68.1604
2477 68.1604
2478 68.1604
2479 68.1604
2480 68.1604
2481 68.1604
2482 68.1604
2483 68.1604
2484 68.1604
2485 68.1604
2486 68.1604
2487 68.1604
2488 68.1604
2489 68.1604
2490 68.1604
2491 68.1604
2492 68.1604
2493 68.1604
2494 68.1604
2495 68.1604
2496 68.1604
2497 68.1604
2498 68.1604
2499 68.1604
2500 68.1604
2501 68.1604
2502 68.1604
2503 68.1604
2504 68.1604
2505 68.1604
2506 68.1604
2507 68.1604
2508 68.1604
2509 68.1604
2510 68.1604
2511 68.1604
2512 68.1604
2513 68.1604
2514 68.1604
2515 68.1604
2516 68.1604
2517 68.1604
2518 68.1604
2519 68.1604
2520 68.1604
2521 68.1604
2522 68.1604
2523 68.1604
2524 68.1604
2525 68.1604
2526 68.1604
2527 68.1604
2528 68.1604
2529 68.1604
2530 68.1604
2531 68.1604
2532 68.1604
2533 68.1604
2534 68.1604
2535 68.1604
2536 68.1604
2537 68.1604
2538 68.1604
2539 68.1604
2540 68.1604
2541 68.1604
2542 68.1604
2543 68.1604
2544 68.1604
2545 68.1604
2546 68.1604
2547 68.1604
2548 68.1604
2549 68.1604
2550 68.1604
2551 68.1604
2552 68.1604
2553 68.1604
2554 68.1604
2555 68.1604
2556 68.1604
2557 68.1604
2558 68.1604
2559 68.1604
2560 68.1604
2561 68.1604
2562 68.1604
2563 68.1604
2564 68.1604
2565 68.1604
2566 68.1604
2567 68.1604
2568 68.1604
2569 68.1604
2570 68.1604
2571 68.1604
2572 68.1604
2573 68.1604
2574 68.1604
2575 68.1604
2576 68.1604
2577 68.1604
2578 68.1604
2579 68.1604
2580 68.1604
2581 68.1604
2582 68.1604
2583 68.1604
2584 68.1604
2585 68.1604
2586 68.1604
2587 68.1604
2588 68.1604
2589 68.1604
2590 68.1604
2591 68.1604
2592 68.1604
2593 68.1604
2594 68.1604
2595 68.1604
2596 68.1604
2597 68.1604
2598 68.1604
2599 68.1604
2600 68.1604
2601 68.1604
2602 68.1604
2603 68.1604
2604 68.1604
2605 68.1604
2606 68.1604
2607 68.1604
2608 68.1604
2609 68.1604
2610 68.1604
2611 68.1604
2612 68.1604
2613 68.1604
2614 68.1604
2615 68.1604
2616 68.1604
2617 68.1604
2618 68.1604
2619 68.1604
2620 68.1604
2621 68.1604
2622 68.1604
2623 68.1604
2624 68.1604
2625 68.1604
2626 68.1604
2627 68.1604
2628 68.1604
2629 68.1604
2630 68.1604
2631 68.1604
2632 68.1604
2633 68.1604
2634 68.1604
2635 68.1604
2636 68.1604
2637 68.1604
2638 68.1604
2639 68.1604
2640 68.1604
2641 68.1604
2642 68.1604
2643 68.1604
2644 68.1604
2645 68.1604
2646 68.1604
2647 68.1604
2648 68.1604
2649 68.1604
2650 68.1604
2651 68.1604
2652 68.1604
2653 68.1604
2654 68.1604
2655 68.1604
2656 68.1604
2657 68.1604
2658 68.1604
2659 68.1604
2660 68.1604
2661 68.1604
2662 68.1604
2663 68.1604
2664 68.1604
2665 68.1604
2666 68.1604
2667 68.1604
2668 68.1604
2669 68.1604
2670 68.1604
2671 68.1604
2672 68.1604
2673 68.1604
2674 68.1604
2675 68.1604
2676 68.1604
2677 68.1604
2678 68.1604
2679 68.1604
2680 68.1604
2681 68.1604
2682 68.1604
2683 68.1604
2684 68.1604
2685 68.1604
2686 68.1604
2687 68.1604
2688 68.1604
2689 68.1604
2690 68.1604
2691 68.1604
2692 68.1604
2693 68.1604
2694 68.1604
2695 68.1604
2696 68.1604
2697 68.1604
2698 68.1604
2699 68.1604
2700 68.1604
2701 68.1604
2702 68.1604
2703 68.1604
2704 68.1604
2705 68.1604
2706 68.1604
2707 68.1604
2708 68.1604
2709 68.1604
2710 68.1604
2711 68.1604
2712 68.1604
2713 68.1604
2714 68.1604
2715 68.1604
2716 68.1604
2717 68.1604
2718 68.1604
2719 68.1604
2720 68.1604
2721 68.1604
2722 68.1604
2723 68.1604
2724 68.1604
2725 68.1604
2726 68.1604
2727 68.1604
2728 68.1604
2729 68.1604
2730 68.1604
2731 68.1604
2732 68.1604
2733 68.1604
2734 68.1604
2735 68.1604
2736 67.9968
2737 67.9968
2738 67.9968
2739 67.9968
2740 67.9968
2741 67.9968
2742 67.9968
2743 67.9968
2744 67.9968
2745 67.9968
2746 67.9968
2747 67.9968
2748 67.9968
2749 67.9968
2750 67.9968
2751 67.9968
2752 67.9968
2753 67.9968
2754 67.9968
2755 67.9968
2756 67.9968
2757 67.9968
2758 67.9968
2759 67.9968
2760 67.9968
2761 67.9968
2762 67.9968
2763 67.9968
2764 67.9968
2765 67.9968
2766 67.9968
2767 67.9968
2768 67.9968
2769 67.9968
2770 67.9968
2771 67.9968
2772 67.9968
2773 67.9968
2774 67.9968
2775 67.9968
2776 67.9968
2777 67.9968
2778 67.9968
2779 67.9968
2780 67.9968
2781 67.9968
2782 67.9968
2783 67.9968
2784 67.9968
2785 67.9968
2786 67.9968
2787 67.9968
2788 67.9968
2789 67.9968
2790 67.9968
2791 67.9968
2792 67.9968
2793 67.9968
2794 67.9968
2795 67.9968
2796 67.9968
2797 67.9968
2798 67.9968
2799 67.9968
2800 67.9968
2801 67.9968
2802 67.9968
2803 67.9968
2804 67.9968
2805 67.9968
2806 67.9968
2807 67.9968
2808 67.9968
2809 67.9968
2810 67.9968
2811 67.9968
2812 67.9968
2813 67.9968
2814 67.9968
2815 67.9968
2816 67.9968
2817 67.9968
2818 67.9968
2819 67.9968
2820 67.9968
2821 67.9968
2822 67.9968
2823 67.9968
2824 67.9968
2825 67.9968
2826 67.9968
2827 67.9968
2828 67.9968
2829 67.9968
2830 67.9968
2831 67.9968
2832 67.9968
2833 67.9968
2834 67.9968
2835 67.9968
2836 67.9968
2837 67.9968
2838 67.9968
2839 67.9968
2840 67.9968
2841 67.9968
2842 67.9968
2843 67.9968
2844 67.9968
2845 67.9968
2846 67.9968
2847 67.9968
2848 67.9968
2849 67.9968
2850 67.9968
2851 67.9968
2852 67.9968
2853 67.9968
2854 67.9968
2855 67.9968
2856 67.9968
2857 67.9968
2858 67.9968
2859 67.9968
2860 67.9968
2861 67.9968
2862 67.9968
2863 67.9968
2864 67.9968
2865 67.9968
2866 67.9968
2867 67.9968
2868 67.9968
2869 67.9968
2870 67.9968
2871 67.9968
2872 67.9968
2873 67.9968
2874 67.9968
2875 67.9968
2876 67.9968
2877 67.9968
2878 67.9968
2879 67.9968
2880 67.9968
2881 67.9968
2882 67.9968
2883 67.9968
2884 67.9968
2885 67.9968
2886 67.9968
2887 67.9968
2888 67.9968
2889 67.9968
2890 67.9968
2891 67.9968
2892 67.9968
2893 67.9968
2894 67.9968
2895 67.9968
2896 67.9968
2897 67.9968
2898 67.9968
2899 67.9968
2900 67.9968
2901 67.9968
2902 67.9968
2903 67.9968
2904 67.9968
2905 67.9968
2906 67.9968
2907 67.9968
2908 67.9968
2909 67.9968
2910 67.9968
2911 67.9968
2912 67.9968
2913 67.9968
2914 67.9968
2915 67.9968
2916 67.9968
2917 67.9968
2918 67.9968
2919 67.9968
2920 67.9968
2921 67.9968
2922 67.9968
2923 67.9968
2924 67.9968
2925 67.9968
2926 67.9968
2927 67.9968
2928 67.9968
2929 67.9968
2930 67.9968
2931 67.9968
2932 67.9968
2933 67.9968
2934 67.9968
2935 67.9968
2936 67.9968
2937 67.9968
2938 67.9968
2939 67.9968
2940 67.9968
2941 67.9968
2942 67.9968
2943 67.9968
2944 67.9968
2945 67.9968
2946 67.9968
2947 67.9968
2948 67.9968
2949 67.9968
2950 67.9968
2951 67.9968
2952 67.9968
2953 67.9968
2954 67.9968
2955 67.9968
2956 67.9968
2957 67.9968
2958 67.9968
2959 67.9968
2960 67.9968
2961 67.9968
2962 67.9968
2963 67.9968
2964 67.9968
2965 67.9968
2966 67.9968
2967 67.9968
2968 67.9968
2969 67.9968
2970 67.9968
2971 67.9968
2972 67.9968
2973 67.9968
2974 67.9968
2975 67.9968
2976 67.9968
2977 67.9968
2978 67.9968
2979 67.9968
2980 67.9968
2981 67.9968
2982 67.9968
2983 67.9968
2984 67.9968
2985 67.9968
2986 67.9968
2987 67.9968
2988 67.9968
2989 67.9968
2990 67.9968
2991 67.9968
2992 67.9968
2993 67.9968
2994 67.9968
2995 67.9968
2996 67.9968
2997 67.9968
2998 67.9968
2999 67.9968
3000 67.9968
3001 67.9968
3002 67.9968
3003 67.9968
3004 67.9968
3005 67.9968
3006 67.9968
3007 67.9968
3008 67.9968
3009 67.9968
3010 67.9968
3011 67.9968
3012 67.9968
3013 67.9968
3014 67.9968
3015 67.9968
3016 67.9968
3017 67.9968
3018 67.9968
3019 67.9968
3020 67.9968
3021 67.9968
3022 67.9968
3023 67.9968
3024 67.9968
3025 67.9968
3026 67.9968
3027 67.9968
3028 67.9968
3029 67.9968
3030 67.9968
3031 67.9968
3032 67.9968
3033 67.9968
3034 67.9968
3035 67.9968
3036 67.9968
3037 67.9968
3038 67.9968
3039 67.9968
3040 67.9968
3041 67.9968
3042 67.9968
3043 67.9968
3044 67.9968
3045 67.9968
3046 67.9968
3047 67.9968
3048 67.9968
3049 67.9968
3050 67.9968
3051 67.9968
3052 67.9968
3053 67.9968
3054 67.9968
3055 67.9968
3056 67.9968
3057 67.9968
3058 67.9968
3059 67.9968
3060 67.9968
3061 67.9968
3062 67.9968
3063 67.9968
3064 67.9968
3065 67.9968
3066 67.9968
3067 67.9968
3068 67.9968
3069 67.9968
3070 67.9968
3071 67.9968
3072 67.9968
3073 67.9968
3074 67.9968
3075 67.9968
3076 67.9968
3077 67.9968
3078 67.9968
3079 67.9968
3080 67.9968
3081 67.9968
3082 67.9968
3083 67.9968
3084 67.9968
3085 67.9968
3086 67.9968
3087 67.9968
3088 67.9968
3089 67.9968
3090 67.9968
3091 67.9968
3092 67.9968
3093 67.9968
3094 67.9968
3095 67.9968
3096 67.9968
3097 67.9968
3098 67.9968
3099 67.9968
3100 67.9968
3101 67.3194
3102 67.9968
3103 67.9968
3104 67.9968
3105 67.9968
3106 67.9968
3107 67.9968
3108 67.9968
3109 67.9968
3110 67.9968
3111 67.9968
3112 67.9968
3113 67.9968
3114 67.9968
3115 67.9968
3116 67.9968
3117 67.9968
3118 67.9968
3119 67.9968
3120 67.9968
3121 67.9968
3122 67.9968
3123 67.9968
3124 67.9968
3125 67.9968
3126 67.9968
3127 67.9968
3128 67.9968
3129 67.9968
3130 67.9968
3131 67.9968
3132 67.9968
3133 67.8171
3134 67.8171
3135 67.8171
3136 67.8171
3137 67.8171
3138 67.8171
3139 67.8171
3140 67.8171
3141 67.8171
3142 67.8171
3143 67.8171
3144 67.8171
3145 67.8171
3146 67.8171
3147 67.8171
3148 67.8171
3149 67.8171
3150 67.8171
3151 67.8171
3152 67.8171
3153 67.8171
3154 67.8171
3155 67.8171
3156 67.8171
3157 67.8171
3158 67.8171
3159 67.8171
3160 67.8171
3161 67.8171
3162 67.8171
3163 67.8171
3164 67.8171
3165 67.8171
3166 67.8171
3167 67.8171
3168 67.8171
3169 67.8171
3170 67.8171
3171 67.8171
3172 67.8171
3173 67.8171
3174 67.8171
3175 67.8171
3176 67.8171
3177 67.8171
3178 67.8171
3179 67.8171
3180 67.8171
3181 67.8171
3182 67.8171
3183 67.8171
3184 67.8171
3185 67.8171
3186 67.8171
3187 67.8171
3188 67.8171
3189 67.8171
3190 67.8171
3191 67.8171
3192 67.8171
3193 67.8171
3194 67.8171
3195 67.8171
3196 67.8171
3197 67.8171
3198 67.8171
3199 67.8171
3200 67.8171
3201 67.8171
3202 67.8171
3203 67.8171
3204 67.8171
3205 67.8171
3206 67.8171
3207 67.8171
3208 67.8171
3209 67.8171
3210 67.8171
3211 67.8171
3212 67.8171
3213 67.8171
3214 67.8171
3215 67.8171
3216 67.8171
3217 67.8171
3218 67.8171
3219 67.8171
3220 67.8171
3221 67.8171
3222 67.8171
3223 67.8171
3224 67.8171
3225 67.8171
3226 67.8171
3227 67.8171
3228 67.8171
3229 67.8171
3230 67.8171
3231 67.8171
3232 67.8171
3233 67.8171
3234 67.8171
3235 67.8171
3236 67.8171
3237 67.8171
3238 67.8171
3239 67.8171
3240 67.8171
3241 67.8171
3242 67.8171
3243 67.8171
3244 67.8171
3245 67.8171
3246 67.8171
3247 67.8171
3248 67.8171
3249 67.8171
3250 67.8171
3251 67.8171
3252 67.8171
3253 67.8171
3254 67.8171
3255 67.8171
3256 67.8171
3257 67.8171
3258 67.8171
3259 67.8171
3260 67.8171
3261 67.8171
3262 67.8171
3263 67.8171
3264 67.8171
3265 67.8171
3266 67.8171
3267 67.8171
3268 67.8171
3269 67.8171
3270 67.8171
3271 67.8171
3272 67.8171
3273 67.8171
3274 67.8171
3275 67.8171
3276 67.8171
3277 67.8171
3278 67.8171
3279 67.8171
3280 67.8171
3281 67.8171
3282 67.8171
3283 67.8171
3284 67.8171
3285 67.8171
3286 67.8171
3287 67.8171
3288 67.8171
3289 67.8171
3290 67.8171
3291 67.8171
3292 67.8171
3293 67.8171
3294 67.8171
3295 67.8171
3296 67.8171
3297 67.8171
3298 67.8171
3299 67.8171
3300 67.8171
3301 67.8171
3302 67.8171
3303 67.8171
3304 67.8171
3305 67.8171
3306 67.8171
3307 67.8171
3308 67.8171
3309 67.8171
3310 67.8171
3311 67.8171
3312 67.8171
3313 67.8171
3314 67.8171
3315 67.8171
3316 67.8171
3317 67.8171
3318 67.8171
3319 67.8171
3320 67.8171
3321 67.8171
3322 67.8171
3323 67.8171
3324 67.8171
3325 67.8171
3326 67.8171
3327 67.8171
3328 67.8171
3329 67.8171
3330 67.8171
3331 67.8171
3332 67.8171
3333 67.799
3334 67.799
3335 67.799
3336 67.799
3337 67.799
3338 67.799
3339 67.799
3340 67.799
3341 67.799
3342 67.799
3343 67.799
3344 67.799
3345 67.799
3346 67.799
3347 67.799
3348 67.799
3349 67.799
3350 67.799
3351 67.799
3352 67.799
3353 67.799
3354 67.799
3355 67.799
3356 67.799
3357 67.799
3358 67.799
3359 67.799
3360 67.799
3361 67.799
3362 67.799
3363 67.799
3364 67.799
3365 67.799
3366 67.799
3367 67.799
3368 67.799
3369 67.799
3370 67.799
3371 67.799
3372 67.799
3373 67.799
3374 67.799
3375 67.799
3376 67.799
3377 67.799
3378 67.799
3379 67.799
3380 67.799
3381 67.799
3382 67.799
3383 67.799
3384 67.799
3385 67.799
3386 67.799
3387 67.799
3388 67.799
3389 67.799
3390 67.799
3391 67.799
3392 67.799
3393 67.799
3394 67.799
3395 67.799
3396 67.799
3397 67.799
3398 67.799
3399 67.799
3400 67.799
3401 67.799
3402 67.799
3403 67.799
3404 67.799
3405 67.799
3406 67.799
3407 67.799
3408 67.799
3409 67.799
3410 67.799
3411 67.799
3412 67.799
3413 67.799
3414 67.799
3415 67.799
3416 67.799
3417 67.799
3418 67.799
3419 67.799
3420 67.799
3421 67.799
3422 67.799
3423 67.799
3424 67.799
3425 67.799
3426 67.799
3427 67.799
3428 67.799
3429 67.799
3430 67.799
3431 67.799
3432 67.799
3433 67.799
3434 67.799
3435 67.799
3436 67.799
3437 67.799
3438 67.799
3439 67.799
3440 67.799
3441 67.2644
3442 67.2644
3443 67.2644
3444 67.2644
3445 67.2644
3446 67.2644
3447 67.2644
3448 67.2644
3449 67.2644
3450 67.0741
3451 67.0741
3452 67.0741
3453 67.0741
3454 67.0741
3455 67.0741
3456 67.0741
3457 67.0741
3458 67.0741
3459 67.0741
3460 67.0741
3461 67.0741
3462 67.0741
3463 67.0741
3464 67.0741
3465 67.0741
3466 67.0741
3467 67.0741
3468 67.0741
3469 67.0741
3470 67.0741
3471 67.0741
3472 67.0741
3473 67.0741
3474 67.0741
3475 67.0741
3476 67.0741
3477 67.0741
3478 67.0741
3479 67.0741
3480 67.0741
3481 67.0741
3482 67.0741
3483 67.0741
3484 67.0741
3485 67.0741
3486 67.0741
3487 67.0741
3488 67.0741
3489 67.0741
3490 67.0741
3491 67.0741
3492 67.0741
3493 67.0741
3494 67.0741
3495 67.0741
3496 67.0741
3497 67.0741
3498 67.0741
3499 67.0741
3500 67.0741
3501 67.0741
3502 67.0741
3503 67.0741
3504 67.0741
3505 67.0741
3506 67.0741
3507 67.0741
3508 67.0741
3509 67.0741
3510 67.0741
3511 67.0741
3512 67.0741
3513 67.0741
3514 67.0741
3515 67.0741
3516 67.0741
3517 67.0741
3518 67.0741
3519 67.0741
3520 67.0741
3521 67.0741
3522 67.0741
3523 67.0741
3524 67.0741
3525 67.0741
3526 67.0741
3527 67.0741
3528 67.0741
3529 67.0741
3530 67.0741
3531 67.0741
3532 67.0741
3533 67.0741
3534 67.0741
3535 67.0741
3536 67.0741
3537 67.0741
3538 67.0741
3539 67.0741
3540 67.0741
3541 67.0741
3542 67.0741
3543 67.0741
3544 67.0741
3545 67.0741
3546 67.0741
3547 67.0741
3548 67.0741
3549 67.0741
3550 67.0741
3551 67.0741
3552 67.0741
3553 67.0741
3554 67.0741
3555 67.0741
3556 67.0741
3557 67.0741
3558 67.0741
3559 67.0741
3560 67.0741
3561 67.0741
3562 67.0741
3563 67.0741
3564 67.0741
3565 67.0741
3566 67.0741
3567 67.0741
3568 67.0741
3569 67.0741
3570 67.0741
3571 67.0741
3572 67.0741
3573 67.0741
3574 67.0741
3575 67.0741
3576 67.0741
3577 67.0741
3578 67.0741
3579 67.0741
3580 67.0741
3581 67.0741
3582 67.0741
3583 67.0741
3584 67.0741
3585 67.0741
3586 67.0741
3587 67.0741
3588 67.0741
3589 67.0741
3590 67.0741
3591 67.0741
3592 67.0741
3593 67.0741
3594 67.0741
3595 67.0741
3596 67.0741
3597 67.0741
3598 67.0741
3599 67.0741
3600 67.0741
3601 67.0741
3602 67.0741
3603 67.0741
3604 67.0741
3605 67.0741
3606 67.0741
3607 67.0741
3608 67.0741
3609 67.0741
3610 67.0741
3611 67.0741
3612 67.0741
3613 67.0741
3614 67.0741
3615 67.0741
3616 67.0741
3617 67.0741
3618 67.0741
3619 67.0741
3620 67.0741
3621 67.0741
3622 67.0741
3623 67.0741
3624 67.0741
3625 67.0741
3626 67.0741
3627 67.0741
3628 67.0741
3629 67.0741
3630 67.0741
3631 67.0741
3632 67.0741
3633 67.0741
3634 67.0741
3635 67.0741
3636 67.0741
3637 67.0741
3638 67.0741
3639 67.0741
3640 67.0741
3641 67.0741
3642 67.0741
3643 67.0741
3644 67.0741
3645 67.0741
3646 67.0741
3647 67.0741
3648 67.0741
3649 67.0741
3650 67.0741
3651 67.0741
3652 67.0741
3653 67.0741
3654 67.0741
3655 67.0741
3656 67.0741
3657 67.0741
3658 67.0741
3659 67.0741
3660 67.0741
3661 67.0741
3662 67.0741
3663 67.0741
3664 67.0741
3665 67.0741
3666 67.0741
3667 67.0741
3668 67.0741
3669 67.0741
3670 67.0741
3671 67.0741
3672 67.0741
3673 67.0741
3674 67.0741
3675 67.0741
3676 67.0741
3677 67.0741
3678 67.0741
3679 67.0741
3680 67.0741
3681 67.0741
3682 67.0741
3683 67.0741
3684 67.0741
3685 67.0741
3686 67.0741
3687 67.0741
3688 67.0741
3689 67.0741
3690 67.0741
3691 67.0741
3692 67.0741
3693 67.0741
3694 67.0741
3695 67.0741
3696 67.0741
3697 67.0741
3698 67.0741
3699 67.0741
3700 67.0741
3701 67.0741
3702 67.0741
3703 67.0741
3704 67.0741
3705 67.0741
3706 67.0741
3707 67.0741
3708 67.0741
3709 67.0741
3710 67.0741
3711 67.0741
3712 67.0741
3713 67.0741
3714 67.0741
3715 67.0741
3716 67.0741
3717 67.0741
3718 67.0741
3719 67.0741
3720 67.0741
3721 67.0741
3722 67.0741
3723 67.0741
3724 67.0741
3725 67.0741
3726 67.0741
3727 67.0741
3728 67.0741
3729 67.0741
3730 67.0741
3731 67.0741
3732 67.0741
3733 67.0741
3734 67.0741
3735 67.0741
3736 67.0741
3737 67.0741
3738 67.0741
3739 67.0741
3740 67.0741
3741 67.0741
3742 67.0741
3743 67.0741
3744 67.0741
3745 67.0741
3746 67.0741
3747 67.0741
3748 67.0741
3749 67.0741
3750 67.0741
3751 67.0741
3752 67.0741
3753 67.0741
3754 67.0741
3755 67.0741
3756 67.0741
3757 67.0741
3758 67.0741
3759 67.0741
3760 67.0741
3761 67.0741
3762 67.0741
3763 67.0741
3764 67.0741
3765 67.0741
3766 67.0741
3767 67.0741
3768 67.0741
3769 67.0153
3770 67.0153
3771 67.0153
3772 67.0153
3773 67.0153
3774 67.0153
3775 67.0153
3776 67.0153
3777 67.0153
3778 67.0153
3779 67.0153
3780 67.0153
3781 67.0153
3782 67.0153
3783 67.0153
3784 67.0153
3785 67.0153
3786 67.0153
3787 67.0153
3788 67.0153
3789 67.0153
3790 67.0153
3791 67.0153
3792 67.0153
3793 67.0153
3794 67.0153
3795 67.0153
3796 67.0153
3797 67.0153
3798 67.0153
3799 67.0153
3800 67.0153
3801 67.0153
3802 67.0153
3803 67.0153
3804 67.0153
3805 67.0153
3806 67.0153
3807 67.0153
3808 67.0153
3809 67.0153
3810 67.0153
3811 67.0153
3812 67.0153
3813 67.0153
3814 67.0153
3815 67.0153
3816 67.0153
3817 67.0153
3818 67.0153
3819 67.0153
3820 67.0153
3821 67.0153
3822 67.0153
3823 67.0153
3824 67.0153
3825 67.0153
3826 67.0153
3827 67.0153
3828 67.0153
3829 67.0153
3830 67.0153
3831 67.0153
3832 67.0153
3833 67.0153
3834 67.0153
3835 67.0153
3836 67.0153
3837 67.0153
3838 67.0153
3839 67.0153
3840 67.0153
3841 67.0153
3842 67.0153
3843 67.0153
3844 67.0153
3845 67.0153
3846 67.0153
3847 67.0153
3848 67.0153
3849 67.0153
3850 67.0153
3851 67.0153
3852 67.0153
3853 67.0153
3854 67.0153
3855 67.0153
3856 67.0153
3857 67.0153
3858 67.0153
3859 67.0153
3860 67.0153
3861 67.0153
3862 67.0153
3863 67.0153
3864 67.0153
3865 67.0153
3866 67.0153
3867 67.0153
3868 67.0153
3869 67.0153
3870 67.0153
3871 67.0153
3872 67.0153
3873 67.0153
3874 67.0153
3875 67.0153
3876 67.0153
3877 67.0153
3878 67.0153
3879 67.0153
3880 67.0153
3881 67.0153
3882 67.0153
3883 67.0153
3884 67.0153
3885 67.0153
3886 67.0153
3887 67.0153
3888 67.0153
3889 67.0153
3890 67.0153
3891 67.0153
3892 67.0153
3893 67.0153
3894 67.0153
3895 67.0153
3896 67.0153
3897 67.0153
3898 67.0153
3899 67.0153
3900 67.0153
3901 67.0153
3902 67.0153
3903 67.0153
3904 67.0153
3905 67.0153
3906 67.0153
3907 67.0153
3908 67.0153
3909 67.0153
3910 67.0153
3911 67.0153
3912 67.0153
3913 67.0153
3914 67.0153
3915 67.0153
3916 67.0153
3917 67.0153
3918 67.0153
3919 67.0153
3920 67.0153
3921 67.0153
3922 67.0153
3923 67.0153
3924 67.0153
3925 67.0153
3926 67.0153
3927 67.0153
3928 67.0153
3929 67.0153
3930 67.0153
3931 67.0153
3932 67.0153
3933 67.0153
3934 67.0153
3935 67.0153
3936 67.0153
3937 67.0153
3938 67.0153
3939 67.0153
3940 67.0153
3941 67.0153
3942 67.0153
3943 67.0153
3944 67.0153
3945 67.0153
3946 67.0153
3947 67.0153
3948 67.0153
3949 67.0153
3950 67.0153
3951 67.0153
3952 67.0153
3953 67.0153
3954 67.0153
3955 67.0153
3956 67.0153
3957 67.0153
3958 67.0153
3959 67.0153
3960 67.0153
3961 67.0153
3962 67.0153
3963 67.0153
3964 67.0153
3965 67.0153
3966 67.0153
3967 67.0153
3968 67.0153
3969 67.0153
3970 67.0153
3971 67.0153
3972 67.0153
3973 67.0153
3974 67.0153
3975 67.0153
3976 67.0153
3977 67.0153
3978 67.0153
3979 67.0153
3980 67.0153
3981 67.0153
3982 67.0153
3983 67.0153
3984 67.0153
3985 67.0153
3986 67.0153
3987 67.0153
3988 67.0153
3989 67.0153
3990 67.0153
3991 67.0153
3992 67.0153
3993 67.0153
3994 67.0153
3995 67.0153
3996 67.0153
3997 67.0153
3998 67.0153
3999 67.0153
4000 67.0153
4001 67.0153
4002 67.0153
4003 67.0153
4004 67.0153
4005 67.0153
4006 67.0153
4007 67.0153
4008 67.0153
4009 67.0153
4010 67.0153
4011 67.0153
4012 67.0153
4013 67.0153
4014 67.0153
4015 67.0153
4016 67.0153
4017 67.0153
4018 67.0153
4019 67.0153
4020 67.0153
4021 67.0153
4022 67.0153
4023 67.0153
4024 67.0153
4025 67.0153
4026 67.0153
4027 67.0153
4028 67.0153
4029 67.0153
4030 67.0153
4031 67.0153
4032 67.0153
4033 67.0153
4034 67.0153
4035 67.0153
4036 67.0153
4037 67.0153
4038 67.0153
4039 67.0153
4040 67.0153
4041 67.0153
4042 67.0153
4043 67.0153
4044 67.0153
4045 67.0153
4046 67.0153
4047 67.0153
4048 67.0153
4049 67.0153
4050 67.0153
4051 67.0153
4052 67.0153
4053 67.0153
4054 67.0153
4055 67.0153
4056 67.0153
4057 67.0153
4058 67.0153
4059 67.0153
4060 67.0153
4061 67.0153
4062 67.0153
4063 67.0153
4064 67.0153
4065 67.0153
4066 67.0153
4067 67.0153
4068 67.0153
4069 67.0153
4070 67.0153
4071 67.0153
4072 67.0153
4073 67.0153
4074 67.0153
4075 67.0153
4076 67.0153
4077 67.0153
4078 67.0153
4079 67.0153
4080 67.0153
4081 67.0153
4082 67.0153
4083 67.0153
4084 67.0153
4085 67.0153
4086 67.0153
4087 67.0153
4088 67.0153
4089 67.0153
4090 67.0153
4091 67.0153
4092 67.0153
4093 67.0153
4094 67.0153
4095 67.0153
4096 67.0153
4097 67.0153
4098 67.0153
4099 67.0153
4100 67.0153
4101 67.0153
4102 67.0153
4103 67.0153
4104 67.0153
4105 67.0153
4106 67.0153
4107 67.0153
4108 67.0153
4109 67.0153
4110 67.0153
4111 67.0153
4112 67.0153
4113 67.0153
4114 67.0153
4115 67.0153
4116 67.0153
4117 67.0153
4118 67.0153
4119 67.0153
4120 67.0153
4121 67.0153
4122 67.0153
4123 67.0153
4124 67.0153
4125 67.0153
4126 67.0153
4127 67.0153
4128 67.0153
4129 67.0153
4130 67.0153
4131 67.0153
4132 67.0153
4133 67.0153
4134 67.0153
4135 67.0153
4136 67.0153
4137 67.0153
4138 67.0153
4139 67.0153
4140 67.0153
4141 67.0153
4142 67.0153
4143 67.0153
4144 67.0153
4145 67.0153
4146 67.0153
4147 67.0153
4148 67.0153
4149 67.0153
4150 67.0153
4151 67.0153
4152 67.0153
4153 67.0153
4154 67.0153
4155 67.0153
4156 67.0153
4157 67.0153
4158 67.0153
4159 67.0153
4160 67.0153
4161 67.0153
4162 67.0153
4163 67.0153
4164 67.0153
4165 67.0153
4166 67.0153
4167 67.0153
4168 67.0153
4169 67.0153
4170 67.0153
4171 67.0153
4172 67.0153
4173 67.0153
4174 67.0153
4175 67.0153
4176 67.0153
4177 67.0153
4178 67.0153
4179 67.0153
4180 67.0153
4181 67.0153
4182 67.0153
4183 67.0153
4184 67.0153
4185 67.0153
4186 67.0153
4187 67.0153
4188 67.0153
4189 67.0153
4190 67.0153
4191 67.0153
4192 67.0153
4193 67.0153
4194 67.0153
4195 67.0153
4196 67.0153
4197 67.0153
4198 67.0153
4199 67.0153
4200 67.0153
4201 67.0153
4202 67.0153
4203 67.0153
4204 67.0153
4205 67.0153
4206 67.0153
4207 67.0153
4208 67.0153
4209 67.0153
4210 67.0153
4211 67.0153
4212 67.0153
4213 67.0153
4214 67.0153
4215 67.0153
4216 67.0153
4217 67.0153
4218 67.0153
4219 67.0153
4220 67.0153
4221 67.0153
4222 67.0153
4223 67.0153
4224 67.0153
4225 67.0153
4226 67.0153
4227 67.0153
4228 67.0153
4229 67.0153
4230 67.0153
4231 67.0153
4232 67.0153
4233 67.0153
4234 67.0153
4235 67.0153
4236 67.0153
4237 67.0153
4238 67.0153
4239 67.0153
4240 67.0153
4241 67.0153
4242 67.0153
4243 67.0153
4244 67.0153
4245 67.0153
4246 67.0153
4247 67.0153
4248 67.0153
4249 67.0153
4250 67.0153
4251 67.0153
4252 67.0153
4253 67.0153
4254 67.0153
4255 67.0153
4256 67.0153
4257 67.0153
4258 67.0153
4259 67.0153
4260 67.0153
4261 67.0153
4262 67.0153
4263 67.0153
4264 67.0153
4265 67.0153
4266 67.0153
4267 67.0153
4268 67.0153
4269 67.0153
4270 67.0153
4271 67.0153
4272 67.0153
4273 67.0153
4274 67.0153
4275 67.0153
4276 67.0153
4277 67.0153
4278 67.0153
4279 67.0153
4280 67.0153
4281 67.0153
4282 67.0153
4283 67.0153
4284 67.0153
4285 67.0153
4286 67.0153
4287 67.0153
4288 67.0153
4289 67.0153
4290 67.0153
4291 67.0153
4292 67.0153
4293 67.0153
4294 67.0153
4295 67.0153
4296 67.0153
4297 67.0153
4298 67.0153
4299 67.0153
4300 67.0153
4301 67.0153
4302 67.0153
4303 67.0153
4304 67.0153
4305 67.0153
4306 67.0153
4307 67.0153
4308 67.0153
4309 67.0153
4310 67.0153
4311 67.0153
4312 67.0153
4313 67.0153
4314 67.0153
4315 67.0153
4316 67.0153
4317 67.0153
4318 67.0153
4319 67.0153
4320 67.0153
4321 67.0153
4322 67.0153
4323 67.0153
4324 67.0153
4325 67.0153
4326 67.0153
4327 67.0153
4328 67.0153
4329 67.0153
4330 67.0153
4331 67.0153
4332 67.0153
4333 67.0153
4334 67.0153
4335 67.0153
4336 67.0153
4337 67.0153
4338 67.0153
4339 67.0153
4340 67.0153
4341 67.0153
4342 67.0153
4343 67.0153
4344 67.0153
4345 67.0153
4346 67.0153
4347 67.0153
4348 67.0153
4349 67.0153
4350 67.0153
4351 67.0153
4352 67.0153
4353 67.0153
4354 67.0153
4355 67.0153
4356 67.0153
4357 67.0153
4358 67.0153
4359 67.0153
4360 67.0153
4361 67.0153
4362 67.0153
4363 67.0153
4364 67.0153
4365 67.0153
4366 67.0153
4367 67.0153
4368 67.0153
4369 67.0153
4370 67.0153
4371 67.0153
4372 67.0153
4373 67.0153
4374 67.0153
4375 67.0153
4376 67.0153
4377 67.0153
4378 67.0153
4379 67.0153
4380 67.0153
4381 67.0153
4382 67.0153
4383 67.0153
4384 67.0153
4385 67.0153
4386 67.0153
4387 67.0153
4388 67.0153
4389 67.0153
4390 67.0153
4391 67.0153
4392 67.0153
4393 67.0153
4394 67.0153
4395 67.0153
4396 67.0153
4397 67.0153
4398 67.0153
4399 67.0153
4400 67.0153
4401 67.0153
4402 67.0153
4403 67.0153
4404 67.0153
4405 67.0153
4406 67.0153
4407 67.0153
4408 67.0153
4409 67.0153
4410 67.0153
4411 67.0153
4412 67.0153
4413 67.0153
4414 67.0153
4415 67.0153
4416 67.0153
4417 67.0153
4418 67.0153
4419 67.0153
4420 67.0153
4421 67.0153
4422 67.0153
4423 67.0153
4424 67.0153
4425 67.0153
4426 67.0153
4427 67.0153
4428 67.0153
4429 67.0153
4430 67.0153
4431 67.0153
4432 67.0153
4433 67.0153
4434 67.0153
4435 67.0153
4436 67.0153
4437 67.0153
4438 67.0153
4439 67.0153
4440 67.0153
4441 67.0153
4442 67.0153
4443 67.0153
4444 67.0153
4445 67.0153
4446 67.0153
4447 67.0153
4448 67.0153
4449 67.0153
4450 67.0153
4451 67.0153
4452 67.0153
4453 67.0153
4454 67.0153
4455 67.0153
4456 67.0153
4457 67.0153
4458 67.0153
4459 67.0153
4460 67.0153
4461 67.0153
4462 67.0153
4463 67.0153
4464 67.0153
4465 67.0153
4466 67.0153
4467 67.0153
4468 67.0153
4469 67.0153
4470 67.0153
4471 67.0153
4472 67.0153
4473 67.0153
4474 67.0153
4475 67.0153
4476 67.0153
4477 67.0153
4478 67.0153
4479 67.0153
4480 67.0153
4481 67.0153
4482 67.0153
4483 67.0153
4484 67.0153
4485 67.0153
4486 67.0153
4487 67.0153
4488 67.0153
4489 67.0153
4490 67.0153
4491 67.0153
4492 67.0153
4493 67.0153
4494 67.0153
4495 67.0153
4496 67.0153
4497 67.0153
4498 67.0153
4499 67.0153
4500 67.0153
4501 67.0153
4502 67.0153
4503 67.0153
4504 67.0153
4505 67.0153
4506 67.0153
4507 67.0153
4508 67.0153
4509 67.0153
4510 67.0153
4511 67.0153
4512 67.0153
4513 67.0153
4514 67.0153
4515 67.0153
4516 67.0153
4517 67.0153
4518 67.0153
4519 67.0153
4520 67.0153
4521 67.0153
4522 67.0153
4523 67.0153
4524 67.0153
4525 67.0153
4526 67.0153
4527 67.0153
4528 67.0153
4529 67.0153
4530 67.0153
4531 67.0153
4532 67.0153
4533 67.0153
4534 67.0153
4535 67.0153
4536 67.0153
4537 67.0153
4538 67.0153
4539 67.0153
4540 67.0153
4541 67.0153
4542 67.0153
4543 67.0153
4544 67.0153
4545 67.0153
4546 67.0153
4547 67.0153
4548 67.0153
4549 67.0153
4550 67.0153
4551 67.0153
4552 67.0153
4553 67.0153
4554 67.0153
4555 67.0153
4556 67.0153
4557 67.0153
4558 67.0153
4559 67.0153
4560 67.0153
4561 67.0153
4562 67.0153
4563 67.0153
4564 67.0153
4565 67.0153
4566 67.0153
4567 67.0153
4568 67.0153
4569 67.0153
4570 67.0153
4571 67.0153
4572 67.0153
4573 67.0153
4574 67.0153
4575 67.0153
4576 67.0153
4577 67.0153
4578 67.0153
4579 67.0153
4580 67.0153
4581 67.0153
4582 67.0153
4583 67.0153
4584 67.0153
4585 67.0153
4586 67.0153
4587 67.0153
4588 67.0153
4589 67.0153
4590 67.0153
4591 67.0153
4592 67.0153
4593 67.0153
4594 67.0153
4595 67.0153
4596 67.0153
4597 67.0153
4598 67.0153
4599 67.0153
4600 67.0153
4601 67.0153
4602 67.0153
4603 67.0153
4604 67.0153
4605 67.0153
4606 67.0153
4607 67.0153
4608 67.0153
4609 67.0153
4610 67.0153
4611 67.0153
4612 67.0153
4613 67.0153
4614 67.0153
4615 67.0153
4616 67.0153
4617 67.0153
4618 67.0153
4619 67.0153
4620 67.0153
4621 67.0153
4622 67.0153
4623 67.0153
4624 67.0153
4625 67.0153
4626 67.0153
4627 67.0153
4628 67.0153
4629 67.0153
4630 67.0153
4631 67.0153
4632 67.0153
4633 67.0153
4634 67.0153
4635 67.0153
4636 67.0153
4637 67.0153
4638 67.0153
4639 67.0153
4640 67.0153
4641 67.0153
4642 67.0153
4643 67.0153
4644 67.0153
4645 67.0153
4646 67.0153
4647 67.0153
4648 67.0153
4649 67.0153
4650 67.0153
4651 67.0153
4652 67.0153
4653 67.0153
4654 67.0153
4655 67.0153
4656 67.0153
4657 67.0153
4658 67.0153
4659 67.0153
4660 67.0153
4661 67.0153
4662 67.0153
4663 67.0153
4664 67.0153
4665 67.0153
4666 67.0153
4667 67.0153
4668 67.0153
4669 67.0153
4670 67.0153
4671 67.0153
4672 67.0153
4673 67.0153
4674 67.0153
4675 67.0153
4676 67.0153
4677 67.0153
4678 67.0153
4679 67.0153
4680 67.0153
4681 67.0153
4682 67.0153
4683 67.0153
4684 67.0153
4685 67.0153
4686 67.0153
4687 67.0153
4688 67.0153
4689 67.0153
4690 67.0153
4691 67.0153
4692 67.0153
4693 67.0153
4694 67.0153
4695 67.0153
4696 67.0153
4697 67.0153
4698 67.0153
4699 67.0153
4700 67.0153
4701 67.0153
4702 67.0153
4703 67.0153
4704 67.0153
4705 67.0153
4706 67.0153
4707 67.0153
4708 67.0153
4709 67.0153
4710 67.0153
4711 67.0153
4712 67.0153
4713 67.0153
4714 67.0153
4715 67.0153
4716 67.0153
4717 67.0153
4718 67.0153
4719 67.0153
4720 67.0153
4721 67.0153
4722 67.0153
4723 67.0153
4724 67.0153
4725 67.0153
4726 67.0153
4727 67.0153
4728 67.0153
4729 67.0153
4730 67.0153
4731 67.0153
4732 67.0153
4733 67.0153
4734 67.0153
4735 67.0153
4736 67.0153
4737 67.0153
4738 67.0153
4739 67.0153
4740 67.0153
4741 67.0153
4742 67.0153
4743 67.0153
4744 67.0153
4745 67.0153
4746 67.0153
4747 67.0153
4748 67.0153
4749 67.0153
4750 67.0153
4751 67.0153
4752 67.0153
4753 67.0153
4754 67.0153
4755 67.0153
4756 67.0153
4757 67.0153
4758 67.0153
4759 67.0153
4760 67.0153
4761 67.0153
4762 67.0153
4763 67.0153
4764 67.0153
4765 67.0153
4766 67.0153
4767 67.0153
4768 67.0153
4769 67.0153
4770 67.0153
4771 67.0153
4772 67.0153
4773 67.0153
4774 67.0153
4775 67.0153
4776 67.0153
4777 67.0153
4778 67.0153
4779 67.0153
4780 67.0153
4781 67.0153
4782 67.0153
4783 67.0153
4784 67.0153
4785 67.0153
4786 67.0153
4787 67.0153
4788 67.0153
4789 67.0153
4790 67.0153
4791 67.0153
4792 67.0153
4793 67.0153
4794 67.0153
4795 67.0153
4796 67.0153
4797 67.0153
4798 67.0153
4799 67.0153
4800 67.0153
4801 67.0153
4802 67.0153
4803 67.0153
4804 67.0153
4805 67.0153
4806 67.0153
4807 67.0153
4808 67.0153
4809 67.0153
4810 67.0153
4811 67.0153
4812 67.0153
4813 67.0153
4814 67.0153
4815 67.0153
4816 67.0153
4817 67.0153
4818 67.0153
4819 67.0153
4820 67.0153
4821 67.0153
4822 67.0153
4823 67.0153
4824 67.0153
4825 67.0153
4826 67.0153
4827 67.0153
4828 67.0153
4829 67.0153
4830 67.0153
4831 67.0153
4832 67.0153
4833 67.0153
4834 67.0153
4835 67.0153
4836 67.0153
4837 67.0153
4838 67.0153
4839 67.0153
4840 67.0153
4841 67.0153
4842 67.0153
4843 67.0153
4844 67.0153
4845 67.0153
4846 67.0153
4847 67.0153
4848 67.0153
4849 67.0153
4850 67.0153
4851 67.0153
4852 67.0153
4853 67.0153
4854 67.0153
4855 67.0153
4856 67.0153
4857 67.0153
4858 67.0153
4859 67.0153
4860 67.0153
4861 67.0153
4862 67.0153
4863 67.0153
4864 67.0153
4865 67.0153
4866 67.0153
4867 67.0153
4868 67.0153
4869 67.0153
4870 67.0153
4871 67.0153
4872 67.0153
4873 67.0153
4874 67.0153
4875 67.0153
4876 67.0153
4877 67.0153
4878 67.0153
4879 67.0153
4880 67.0153
4881 67.0153
4882 67.0153
4883 67.0153
4884 67.0153
4885 67.0153
4886 67.0153
4887 67.0153
4888 67.0153
4889 67.0153
4890 67.0153
4891 67.0153
4892 67.0153
4893 67.0153
4894 67.0153
4895 67.0153
4896 67.0153
4897 67.0153
4898 67.0153
4899 67.0153
4900 67.0153
4901 67.0153
4902 67.0153
4903 67.0153
4904 67.0153
4905 67.0153
4906 67.0153
4907 67.0153
4908 67.0153
4909 67.0153
4910 67.0153
4911 67.0153
4912 67.0153
4913 67.0153
4914 67.0153
4915 67.0153
4916 67.0153
4917 67.0153
4918 67.0153
4919 67.0153
4920 67.0153
4921 67.0153
4922 67.0153
4923 67.0153
4924 67.0153
4925 67.0153
4926 67.0153
4927 67.0153
4928 67.0153
4929 67.0153
4930 67.0153
4931 67.0153
4932 67.0153
4933 67.0153
4934 67.0153
4935 67.0153
4936 67.0153
4937 67.0153
4938 67.0153
4939 67.0153
4940 67.0153
4941 67.0153
4942 67.0153
4943 67.0153
4944 67.0153
4945 67.0153
4946 67.0153
4947 67.0153
4948 67.0153
4949 67.0153
4950 67.0153
4951 67.0153
4952 67.0153
4953 67.0153
4954 67.0153
4955 67.0153
4956 67.0153
4957 67.0153
4958 67.0153
4959 67.0153
4960 67.0153
4961 67.0153
4962 67.0153
4963 67.0153
4964 67.0153
4965 67.0153
4966 67.0153
4967 67.0153
4968 67.0153
4969 67.0153
4970 67.0153
4971 67.0153
4972 67.0153
4973 67.0153
4974 67.0153
4975 67.0153
4976 67.0153
4977 67.0153
4978 67.0153
4979 67.0153
4980 67.0153
4981 67.0153
4982 67.0153
4983 67.0153
4984 67.0153
4985 67.0153
4986 67.0153
4987 67.0153
4988 67.0153
4989 67.0153
4990 67.0153
4991 67.0153
4992 67.0153
4993 67.0153
4994 67.0153
4995 67.0153
4996 67.0153
4997 67.0153
4998 67.0153
4999 67.0153
5000 67.0153
5001 67.0153
5002 67.0153
5003 67.0153
5004 67.0153
5005 67.0153
5006 67.0153
5007 67.0153
5008 67.0153
5009 67.0153
5010 67.0153
5011 67.0153
5012 67.0153
5013 67.0153
5014 67.0153
5015 67.0153
5016 67.0153
5017 67.0153
5018 67.0153
5019 67.0153
5020 67.0153
5021 67.0153
5022 67.0153
5023 67.0153
5024 67.0153
5025 67.0153
5026 67.0153
5027 67.0153
5028 67.0153
5029 67.0153
5030 67.0153
5031 67.0153
5032 67.0153
5033 67.0153
5034 67.0153
5035 67.0153
5036 67.0153
5037 67.0153
5038 67.0153
5039 67.0153
5040 67.0153
5041 67.0153
5042 67.0153
5043 67.0153
5044 67.0153
5045 67.0153
5046 67.0153
5047 67.0153
5048 67.0153
5049 67.0153
5050 67.0153
5051 67.0153
5052 67.0153
5053 67.0153
5054 67.0153
5055 67.0153
5056 67.0153
5057 67.0153
5058 67.0153
5059 67.0153
5060 67.0153
5061 67.0153
5062 67.0153
5063 67.0153
5064 67.0153
5065 67.0153
5066 67.0153
5067 67.0153
5068 67.0153
5069 67.0153
5070 67.0153
5071 67.0153
5072 67.0153
5073 67.0153
5074 67.0153
5075 67.0153
5076 67.0153
5077 67.0153
5078 67.0153
5079 67.0153
5080 67.0153
5081 67.0153
5082 67.0153
5083 67.0153
5084 67.0153
5085 67.0153
5086 67.0153
5087 67.0153
5088 67.0153
5089 67.0153
5090 67.0153
5091 67.0153
5092 67.0153
5093 67.0153
5094 67.0153
5095 67.0153
5096 67.0153
5097 67.0153
5098 67.0153
5099 67.0153
5100 67.0153
5101 67.0153
5102 67.0153
5103 67.0153
5104 67.0153
5105 67.0153
5106 67.0153
5107 67.0153
5108 67.0153
5109 67.0153
5110 67.0153
5111 67.0153
5112 67.0153
5113 67.0153
5114 67.0153
5115 67.0153
5116 67.0153
5117 67.0153
5118 67.0153
5119 67.0153
5120 67.0153
5121 67.0153
5122 67.0153
5123 67.0153
5124 67.0153
5125 67.0153
5126 67.0153
5127 67.0153
5128 67.0153
5129 67.0153
5130 67.0153
5131 67.0153
5132 67.0153
5133 67.0153
5134 67.0153
5135 67.0153
5136 67.0153
5137 67.0153
5138 67.0153
5139 67.0153
5140 67.0153
5141 67.0153
5142 67.0153
5143 67.0153
5144 67.0153
5145 67.0153
5146 67.0153
5147 67.0153
5148 67.0153
5149 67.0153
5150 67.0153
5151 67.0153
5152 67.0153
5153 67.0153
5154 67.0153
5155 67.0153
5156 67.0153
5157 67.0153
5158 67.0153
5159 67.0153
5160 67.0153
5161 67.0153
5162 67.0153
5163 67.0153
5164 67.0153
5165 67.0153
5166 67.0153
5167 67.0153
5168 67.0153
5169 67.0153
5170 67.0153
5171 67.0153
5172 67.0153
5173 67.0153
5174 67.0153
5175 67.0153
5176 67.0153
5177 67.0153
5178 67.0153
5179 67.0153
5180 67.0153
5181 67.0153
5182 67.0153
5183 67.0153
5184 67.0153
5185 67.0153
5186 67.0153
5187 67.0153
5188 67.0153
5189 67.0153
5190 67.0153
5191 67.0153
5192 67.0153
5193 67.0153
5194 67.0153
5195 67.0153
5196 67.0153
5197 67.0153
5198 67.0153
5199 67.0153
5200 67.0153
5201 67.0153
5202 67.0153
5203 67.0153
5204 67.0153
5205 67.0153
5206 67.0153
5207 67.0153
5208 67.0153
5209 67.0153
5210 67.0153
5211 67.0153
5212 67.0153
5213 67.0153
5214 67.0153
5215 67.0153
5216 67.0153
5217 67.0153
5218 67.0153
5219 67.0153
5220 67.0153
5221 67.0153
5222 67.0153
5223 67.0153
5224 67.0153
5225 67.0153
5226 67.0153
5227 67.0153
5228 67.0153
5229 67.0153
5230 67.0153
5231 67.0153
5232 67.0153
5233 67.0153
5234 67.0153
5235 67.0153
5236 67.0153
5237 67.0153
5238 67.0153
5239 67.0153
5240 67.0153
5241 67.0153
5242 67.0153
5243 67.0153
5244 67.0153
5245 67.0153
5246 67.0153
5247 67.0153
5248 67.0153
5249 67.0153
5250 67.0153
5251 67.0153
5252 67.0153
5253 67.0153
5254 67.0153
5255 67.0153
5256 67.0153
5257 67.0153
5258 67.0153
5259 67.0153
5260 67.0153
5261 67.0153
5262 67.0153
5263 67.0153
5264 67.0153
5265 67.0153
5266 67.0153
5267 67.0153
5268 67.0153
5269 67.0153
5270 67.0153
5271 67.0153
5272 67.0153
5273 67.0153
5274 67.0153
5275 67.0153
5276 67.0153
5277 67.0153
5278 67.0153
5279 67.0153
5280 67.0153
5281 67.0153
5282 67.0153
5283 67.0153
5284 67.0153
5285 67.0153
5286 67.0153
5287 67.0153
5288 67.0153
5289 67.0153
5290 67.0153
5291 67.0153
5292 67.0153
5293 67.0153
5294 67.0153
5295 67.0153
5296 67.0153
5297 67.0153
5298 67.0153
5299 67.0153
5300 67.0153
5301 67.0153
5302 67.0153
5303 67.0153
5304 67.0153
5305 67.0153
5306 67.0153
5307 67.0153
5308 67.0153
5309 67.0153
5310 67.0153
5311 67.0153
5312 67.0153
5313 67.0153
5314 67.0153
5315 67.0153
5316 67.0153
5317 67.0153
5318 67.0153
5319 67.0153
5320 67.0153
5321 67.0153
5322 67.0153
5323 67.0153
5324 67.0153
5325 67.0153
5326 67.0153
5327 67.0153
5328 67.0153
5329 67.0153
5330 67.0153
5331 67.0153
5332 67.0153
5333 67.0153
5334 67.0153
5335 67.0153
5336 67.0153
5337 67.0153
5338 67.0153
5339 67.0153
5340 67.0153
5341 67.0153
5342 67.0153
5343 67.0153
5344 67.0153
5345 67.0153
5346 67.0153
5347 67.0153
5348 67.0153
5349 67.0153
5350 67.0153
5351 67.0153
5352 67.0153
5353 67.0153
5354 67.0153
5355 67.0153
5356 67.0153
5357 67.0153
5358 67.0153
5359 67.0153
5360 67.0153
5361 67.0153
5362 67.0153
5363 67.0153
5364 67.0153
5365 67.0153
5366 67.0153
5367 67.0153
5368 67.0153
5369 67.0153
5370 67.0153
5371 67.0153
5372 67.0153
5373 67.0153
5374 67.0153
5375 67.0153
5376 67.0153
5377 67.0153
5378 67.0153
5379 67.0153
5380 67.0153
5381 67.0153
5382 67.0153
5383 67.0153
5384 67.0153
5385 67.0153
5386 67.0153
5387 67.0153
5388 67.0153
5389 67.0153
5390 67.0153
5391 67.0153
5392 67.0153
5393 67.0153
5394 67.0153
5395 67.0153
5396 67.0153
5397 67.0153
5398 67.0153
5399 67.0153
5400 67.0153
5401 67.0153
5402 67.0153
5403 67.0153
5404 67.0153
5405 67.0153
5406 67.0153
5407 67.0153
5408 67.0153
5409 67.0153
5410 67.0153
5411 67.0153
5412 67.0153
5413 67.0153
5414 67.0153
5415 67.0153
5416 67.0153
5417 67.0153
5418 67.0153
5419 67.0153
5420 67.0153
5421 67.0153
5422 67.0153
5423 67.0153
5424 67.0153
5425 67.0153
5426 67.0153
5427 67.0153
5428 67.0153
5429 67.0153
5430 67.0153
5431 67.0153
5432 67.0153
5433 67.0153
5434 67.0153
5435 67.0153
5436 67.0153
5437 67.0153
5438 67.0153
5439 67.0153
5440 67.0153
5441 67.0153
5442 67.0153
5443 67.0153
5444 67.0153
5445 67.0153
5446 67.0153
5447 67.0153
5448 67.0153
5449 67.0153
5450 67.0153
5451 67.0153
5452 67.0153
5453 67.0153
5454 67.0153
5455 67.0153
5456 67.0153
5457 67.0153
5458 67.0153
5459 67.0153
5460 67.0153
5461 67.0153
5462 67.0153
5463 67.0153
5464 67.0153
5465 67.0153
5466 67.0153
5467 67.0153
5468 67.0153
5469 67.0153
5470 67.0153
5471 67.0153
5472 67.0153
5473 67.0153
5474 67.0153
5475 67.0153
5476 67.0153
5477 67.0153
5478 67.0153
5479 67.0153
5480 67.0153
5481 67.0153
5482 67.0153
5483 67.0153
5484 67.0153
5485 67.0153
5486 67.0153
5487 67.0153
5488 67.0153
5489 67.0153
5490 67.0153
5491 67.0153
5492 67.0153
5493 67.0153
5494 67.0153
5495 67.0153
5496 67.0153
5497 67.0153
5498 67.0153
5499 67.0153
5500 67.0153
5501 67.0153
5502 67.0153
5503 67.0153
5504 67.0153
5505 67.0153
5506 67.0153
5507 67.0153
5508 67.0153
5509 67.0153
5510 67.0153
5511 67.0153
5512 67.0153
5513 67.0153
5514 67.0153
5515 67.0153
5516 67.0153
5517 67.0153
5518 67.0153
5519 67.0153
5520 67.0153
5521 67.0153
5522 67.0153
5523 67.0153
5524 67.0153
5525 67.0153
5526 67.0153
5527 67.0153
5528 67.0153
5529 67.0153
5530 67.0153
5531 67.0153
5532 67.0153
5533 67.0153
5534 67.0153
5535 67.0153
5536 67.0153
5537 67.0153
5538 67.0153
5539 67.0153
5540 67.0153
5541 67.0153
5542 67.0153
5543 67.0153
5544 67.0153
5545 67.0153
5546 67.0153
5547 67.0153
5548 67.0153
5549 67.0153
5550 67.0153
5551 67.0153
5552 67.0153
5553 67.0153
5554 67.0153
5555 67.0153
5556 67.0153
5557 67.0153
5558 67.0153
5559 67.0153
5560 67.0153
5561 67.0153
5562 67.0153
5563 67.0153
5564 67.0153
5565 67.0153
5566 67.0153
5567 67.0153
5568 67.0153
5569 67.0153
5570 67.0153
5571 67.0153
5572 67.0153
5573 67.0153
5574 67.0153
5575 67.0153
5576 67.0153
5577 67.0153
5578 67.0153
5579 67.0153
5580 67.0153
5581 67.0153
5582 67.0153
5583 67.0153
5584 67.0153
5585 67.0153
5586 67.0153
5587 67.0153
5588 67.0153
5589 67.0153
5590 67.0153
5591 67.0153
5592 67.0153
5593 67.0153
5594 67.0153
5595 67.0153
5596 67.0153
5597 67.0153
5598 67.0153
5599 67.0153
5600 67.0153
5601 67.0153
5602 67.0153
5603 67.0153
5604 67.0153
5605 67.0153
5606 67.0153
5607 67.0153
5608 67.0153
5609 67.0153
5610 67.0153
5611 67.0153
5612 67.0153
5613 67.0153
5614 67.0153
5615 67.0153
5616 67.0153
5617 67.0153
5618 67.0153
5619 67.0153
5620 67.0153
5621 67.0153
5622 67.0153
5623 67.0153
5624 67.0153
5625 67.0153
5626 67.0153
5627 67.0153
5628 67.0153
5629 67.0153
5630 67.0153
5631 67.0153
5632 67.0153
5633 67.0153
5634 67.0153
5635 67.0153
5636 67.0153
5637 67.0153
5638 67.0153
5639 67.0153
5640 67.0153
5641 67.0153
5642 67.0153
5643 67.0153
5644 67.0153
5645 67.0153
5646 67.0153
5647 67.0153
5648 67.0153
5649 67.0153
5650 67.0153
5651 67.0153
5652 67.0153
5653 67.0153
5654 67.0153
5655 67.0153
5656 67.0153
5657 67.0153
5658 67.0153
5659 67.0153
5660 67.0153
5661 67.0153
5662 67.0153
5663 67.0153
5664 67.0153
5665 67.0153
5666 67.0153
5667 67.0153
5668 67.0153
5669 67.0153
5670 67.0153
5671 67.0153
5672 67.0153
5673 67.0153
5674 67.0153
5675 67.0153
5676 67.0153
5677 67.0153
5678 67.0153
5679 67.0153
5680 67.0153
5681 67.0153
5682 67.0153
5683 67.0153
5684 67.0153
5685 67.0153
5686 67.0153
5687 67.0153
5688 67.0153
5689 67.0153
5690 67.0153
5691 67.0153
5692 67.0153
5693 67.0153
5694 67.0153
5695 67.0153
5696 67.0153
5697 67.0153
5698 67.0153
5699 67.0153
5700 67.0153
5701 67.0153
5702 67.0153
5703 67.0153
5704 67.0153
5705 67.0153
5706 67.0153
5707 67.0153
5708 67.0153
5709 67.0153
5710 67.0153
5711 67.0153
5712 67.0153
5713 67.0153
5714 67.0153
5715 67.0153
5716 67.0153
5717 67.0153
5718 67.0153
5719 67.0153
5720 67.0153
5721 67.0153
5722 67.0153
5723 67.0153
5724 67.0153
5725 67.0153
5726 67.0153
5727 67.0153
5728 67.0153
5729 67.0153
5730 67.0153
5731 67.0153
5732 67.0153
5733 67.0153
5734 67.0153
5735 67.0153
5736 67.0153
5737 67.0153
5738 67.0153
5739 67.0153
5740 67.0153
5741 67.0153
5742 67.0153
5743 67.0153
5744 67.0153
5745 67.0153
5746 67.0153
5747 67.0153
5748 67.0153
5749 67.0153
5750 67.0153
5751 67.0153
5752 67.0153
5753 67.0153
5754 67.0153
5755 67.0153
5756 67.0153
5757 67.0153
5758 67.0153
5759 67.0153
5760 67.0153
5761 67.0153
5762 67.0153
5763 67.0153
5764 67.0153
5765 67.0153
5766 67.0153
5767 67.0153
5768 67.0153
5769 67.0153
5770 67.0153
5771 67.0153
5772 67.0153
5773 67.0153
5774 67.0153
5775 67.0153
5776 67.0153
5777 67.0153
5778 67.0153
5779 67.0153
5780 67.0153
5781 67.0153
5782 67.0153
5783 67.0153
5784 67.0153
5785 67.0153
5786 67.0153
5787 67.0153
5788 67.0153
5789 67.0153
5790 67.0153
5791 67.0153
5792 67.0153
5793 67.0153
5794 67.0153
5795 67.0153
5796 67.0153
5797 67.0153
5798 67.0153
5799 67.0153
5800 67.0153
5801 67.0153
5802 67.0153
5803 67.0153
5804 67.0153
5805 67.0153
5806 67.0153
5807 67.0153
5808 67.0153
5809 67.0153
5810 67.0153
5811 67.0153
5812 67.0153
5813 67.0153
5814 67.0153
5815 67.0153
5816 67.0153
5817 67.0153
5818 67.0153
5819 67.0153
5820 67.0153
5821 67.0153
5822 67.0153
5823 67.0153
5824 67.0153
5825 67.0153
5826 67.0153
5827 67.0153
5828 67.0153
5829 67.0153
5830 67.0153
5831 67.0153
5832 67.0153
5833 67.0153
5834 67.0153
5835 67.0153
5836 67.0153
5837 67.0153
5838 67.0153
5839 67.0153
5840 67.0153
5841 67.0153
5842 67.0153
5843 67.0153
5844 67.0153
5845 67.0153
5846 67.0153
5847 67.0153
5848 67.0153
5849 67.0153
5850 67.0153
5851 67.0153
5852 67.0153
5853 67.0153
5854 67.0153
5855 67.0153
5856 67.0153
5857 67.0153
5858 67.0153
5859 67.0153
5860 67.0153
5861 67.0153
5862 67.0153
5863 67.0153
5864 67.0153
5865 67.0153
5866 67.0153
5867 67.0153
5868 67.0153
5869 67.0153
5870 67.0153
5871 67.0153
5872 67.0153
5873 67.0153
5874 67.0153
5875 67.0153
5876 67.0153
5877 67.0153
5878 67.0153
5879 67.0153
5880 67.0153
5881 67.0153
5882 67.0153
5883 67.0153
5884 67.0153
5885 67.0153
5886 67.0153
5887 67.0153
5888 67.0153
5889 67.0153
5890 67.0153
5891 67.0153
5892 67.0153
5893 67.0153
5894 67.0153
5895 67.0153
5896 67.0153
5897 67.0153
5898 67.0153
5899 67.0153
5900 67.0153
5901 67.0153
5902 67.0153
5903 67.0153
5904 67.0153
5905 67.0153
5906 67.0153
5907 67.0153
5908 67.0153
5909 67.0153
5910 67.0153
5911 67.0153
5912 67.0153
5913 67.0153
5914 67.0153
5915 67.0153
5916 67.0153
5917 67.0153
5918 67.0153
5919 67.0153
5920 67.0153
5921 67.0153
5922 67.0153
5923 67.0153
5924 67.0153
5925 67.0153
5926 67.0153
5927 67.0153
5928 67.0153
5929 67.0153
5930 67.0153
5931 67.0153
5932 67.0153
5933 67.0153
5934 67.0153
5935 67.0153
5936 67.0153
5937 67.0153
5938 67.0153
5939 67.0153
5940 67.0153
5941 67.0153
5942 67.0153
5943 67.0153
5944 67.0153
5945 67.0153
5946 67.0153
5947 67.0153
5948 67.0153
5949 67.0153
5950 67.0153
5951 67.0153
5952 67.0153
5953 67.0153
5954 67.0153
5955 67.0153
5956 67.0153
5957 67.0153
5958 67.0153
5959 67.0153
5960 67.0153
5961 67.0153
5962 67.0153
5963 67.0153
5964 67.0153
5965 67.0153
5966 67.0153
5967 67.0153
5968 67.0153
5969 67.0153
5970 67.0153
5971 67.0153
5972 67.0153
5973 67.0153
5974 67.0153
5975 67.0153
5976 67.0153
5977 67.0153
5978 67.0153
5979 67.0153
5980 67.0153
5981 67.0153
5982 67.0153
5983 67.0153
5984 67.0153
5985 67.0153
5986 67.0153
5987 67.0153
5988 67.0153
5989 67.0153
5990 67.0153
5991 67.0153
5992 67.0153
5993 67.0153
5994 67.0153
5995 67.0153
5996 67.0153
5997 67.0153
5998 67.0153
5999 67.0153
6000 67.0153
