1 0.717473 0.696586
2 0.918643 0.395088
3 0.162934 -0.986637
4 0.029236 -0.999573
5 0.0379884 -0.999278
6 -0.278816 -0.960344
7 -0.742544 -0.669797
8 -0.98968 0.143298
9 -0.98434 0.176281
10 -0.898197 -0.439593
11 -0.866511 -0.499159
12 -0.874885 -0.48433
13 -0.556778 -0.830661
14 -0.127518 -0.991836
15 0.517489 -0.85569
16 0.857503 0.514478
17 0.994097 0.108496
18 0.991194 0.132421
19 -0.488159 0.872755
20 0.490951 0.871187
21 0.482205 0.876058
22 0.067379 0.997727
23 0.105631 0.994405
24 0.34881 0.937194
25 -0.0495759 0.99877
26 -0.182645 0.983179
27 -0.69137 0.722501
28 -0.999094 0.0425475
29 -0.991421 0.130705
30 -0.99935 0.0360596
31 -0.958776 -0.284163
32 -0.861008 -0.508592
33 -0.899859 -0.436181
34 0.828785 -0.559567
35 0.717473 0.696586
