1 0.717473 0.696586
2 -0.488159 0.872755
3 0.105631 0.994405
4 0.490951 0.871187
5 0.991194 0.132421
6 0.828785 -0.559567
7 -0.98434 0.176281
8 -0.899859 -0.436181
9 -0.958776 -0.284163
10 -0.874885 -0.48433
11 -0.98968 0.143298
12 -0.866511 -0.499159
13 -0.278816 -0.960344
14 -0.127518 -0.991836
15 0.517489 -0.85569
16 0.0379884 -0.999278
17 0.918643 0.395088
18 0.994097 0.108496
19 -0.99935 0.0360596
20 -0.861008 -0.508592
21 -0.556778 -0.830661
22 -0.742544 -0.669797
23 -0.898197 -0.439593
24 -0.999094 0.0425475
25 -0.69137 0.722501
26 -0.991421 0.130705
27 -0.182645 0.983179
28 -0.0495759 0.99877
29 0.067379 0.997727
30 0.857503 0.514478
31 0.162934 -0.986637
32 0.029236 -0.999573
33 0.482205 0.876058
34 0.34881 0.937194
35 0.717473 0.696586
