1 0.717473 0.696586
2 0.857503 0.514478
3 0.918643 0.395088
4 0.994097 0.108496
5 0.828785 -0.559567
6 0.991194 0.132421
7 0.162934 -0.986637
8 0.029236 -0.999573
9 0.0379884 -0.999278
10 -0.278816 -0.960344
11 -0.742544 -0.669797
12 -0.98968 0.143298
13 -0.98434 0.176281
14 0.482205 0.876058
15 0.067379 0.997727
16 0.105631 0.994405
17 0.34881 0.937194
18 -0.0495759 0.99877
19 -0.182645 0.983179
20 -0.69137 0.722501
21 -0.999094 0.0425475
22 -0.991421 0.130705
23 -0.99935 0.0360596
24 -0.958776 -0.284163
25 -0.861008 -0.508592
26 -0.899859 -0.436181
27 -0.898197 -0.439593
28 -0.866511 -0.499159
29 -0.874885 -0.48433
30 -0.556778 -0.830661
31 -0.127518 -0.991836
32 0.517489 -0.85569
33 -0.488159 0.872755
34 0.490951 0.871187
35 0.717473 0.696586
