1 0.717473 0.696586
2 0.857503 0.514478
3 0.918643 0.395088
4 0.994097 0.108496
5 0.828785 -0.559567
6 0.991194 0.132421
7 0.162934 -0.986637
8 0.517489 -0.85569
9 -0.127518 -0.991836
10 -0.278816 -0.960344
11 -0.742544 -0.669797
12 -0.98968 0.143298
13 -0.98434 0.176281
14 -0.898197 -0.439593
15 -0.866511 -0.499159
16 -0.874885 -0.48433
17 -0.556778 -0.830661
18 0.0379884 -0.999278
19 0.029236 -0.999573
20 -0.861008 -0.508592
21 -0.899859 -0.436181
22 -0.958776 -0.284163
23 -0.99935 0.0360596
24 -0.991421 0.130705
25 -0.999094 0.0425475
26 -0.69137 0.722501
27 -0.182645 0.983179
28 -0.488159 0.872755
29 0.482205 0.876058
30 0.490951 0.871187
31 0.067379 0.997727
32 0.105631 0.994405
33 -0.0495759 0.99877
34 0.34881 0.937194
35 0.717473 0.696586
