1 0.717473 0.696586
2 0.918643 0.395088
3 0.162934 -0.986637
4 0.029236 -0.999573
5 0.0379884 -0.999278
6 -0.278816 -0.960344
7 -0.999094 0.0425475
8 -0.99935 0.0360596
9 -0.69137 0.722501
10 -0.861008 -0.508592
11 -0.991421 0.130705
12 -0.98434 0.176281
13 -0.958776 -0.284163
14 -0.98968 0.143298
15 0.828785 -0.559567
16 0.517489 -0.85569
17 -0.556778 -0.830661
18 -0.127518 -0.991836
19 -0.742544 -0.669797
20 -0.899859 -0.436181
21 -0.866511 -0.499159
22 -0.488159 0.872755
23 0.490951 0.871187
24 0.857503 0.514478
25 0.994097 0.108496
26 0.991194 0.132421
27 0.482205 0.876058
28 0.105631 0.994405
29 0.34881 0.937194
30 -0.874885 -0.48433
31 -0.898197 -0.439593
32 -0.0495759 0.99877
33 0.067379 0.997727
34 -0.182645 0.983179
35 0.717473 0.696586
