#      STEP:           E_AVE:             ERROR:
         0        0.1159231867      0.002026903486
         1       -0.1160157532      0.001725433874
         2      -0.08644557435      0.001822976071
         3       -0.2053875885      0.001516098413
         4       -0.2856817025      0.001071912716
         5       -0.2370887603      0.001293269829
         6       -0.2550896455      0.001316199805
         7       -0.3161821966      0.001050136618
         8       -0.3084853964      0.001128388628
         9       -0.2135500839       0.00117697647
        10       -0.2574663131      0.001309913172
        11       -0.2836102579      0.001166749507
        12       -0.2986417119      0.001110245096
        13       -0.3203094532      0.001143853256
        14       -0.3207370542     0.0009582972884
        15       -0.3676086807      0.000867261966
        16       -0.3637076351     0.0009186359847
        17        -0.345133828      0.001096925166
        18       -0.3515598705      0.001027939611
        19       -0.3398646273      0.001091704289
        20       -0.3332989404      0.001147846436
        21       -0.3560320154        0.0009355378
        22       -0.3651864238      0.001017232378
        23        -0.340793358      0.001158202098
        24       -0.3737410292     0.0009409106471
        25        -0.357935027     0.0009913316147
        26       -0.3925393468      0.000728564912
        27       -0.3746043875     0.0008341551874
        28       -0.3741000294     0.0009464939848
        29       -0.3582698025     0.0008724136038
        30        -0.371430228     0.0009342211312
        31       -0.3551515117     0.0009530150928
        32       -0.3563250645      0.001031937233
        33        -0.356105955     0.0009007481093
        34       -0.3555415432       0.00100052388
        35       -0.3624335159      0.001073827275
        36       -0.3564712876     0.0009485378173
        37       -0.3428581768      0.001105068791
        38       -0.3508379231      0.001156577654
        39       -0.3367503613      0.001092438793
        40       -0.3450281208       0.00100852044
        41       -0.3619432235     0.0009588259563
        42       -0.3466846947     0.0008389569059
        43       -0.3730460189     0.0008068612501
        44       -0.3766688263     0.0009143923278
        45        -0.386721664     0.0009768022702
        46       -0.3797130786     0.0008188841692
        47       -0.3766703102     0.0008094176274
        48       -0.3732688364     0.0007713919296
        49       -0.3653085046     0.0008991630264
        50       -0.3571297196     0.0008905923409
        51       -0.3654425802     0.0008643350181
        52       -0.3717273301     0.0008124542445
        53       -0.3775921826     0.0008764667873
        54       -0.3839817966     0.0008413990693
        55       -0.3926186705     0.0007437713333
        56       -0.3900315508     0.0008187109372
        57       -0.3797764028     0.0008700270818
        58       -0.3731280492     0.0008960042251
        59       -0.3643705907     0.0009350917629
        60       -0.3696296992      0.000978069109
        61       -0.3719661814      0.000863215253
        62       -0.3748065212     0.0009219250895
        63       -0.3680807569     0.0008349588927
        64       -0.3751655274     0.0008997859834
        65       -0.3812632298     0.0008509304416
        66       -0.3817046366     0.0008800987697
        67       -0.3847961427     0.0008191679307
        68       -0.3796268265     0.0007803119929
        69       -0.3768603027     0.0007276993237
        70       -0.3831770258     0.0007614115799
        71       -0.3778564289     0.0009006337905
        72       -0.3915756959     0.0009546792524
        73       -0.3881447107     0.0007544912864
        74       -0.3805130343     0.0008557973786
        75       -0.3843840409     0.0007705998872
        76        -0.385245691     0.0008384448902
        77       -0.3923808877     0.0008235407162
        78       -0.3945753016      0.000794383203
        79       -0.3908263685      0.000835667209
        80       -0.3959856508     0.0008409442356
        81       -0.3995206048     0.0007934831725
        82       -0.4012191953     0.0007426840609
        83       -0.4069496628      0.000822604631
        84        -0.405393048     0.0007364545079
        85       -0.4027982829     0.0008592687697
        86       -0.4051903958      0.000861183887
        87       -0.4035285423     0.0007904481201
        88       -0.3985845819     0.0009826929922
        89       -0.3943658402      0.000876337813
        90       -0.3863939219     0.0009052318674
        91       -0.3948046145      0.001026142877
        92        -0.398660831     0.0007943572456
        93       -0.4036700488     0.0007498753338
        94       -0.4046686423     0.0007558154912
        95        -0.409472792     0.0008106565006
        96       -0.4007050228     0.0008546493411
        97       -0.4074696674      0.000820936006
        98       -0.4071615618     0.0008221990845
        99       -0.4020272716     0.0007549205524
       100       -0.4051637741     0.0008598171743
       101       -0.3968345425     0.0007470521306
       102       -0.4072806733     0.0007161884669
       103       -0.4046997412     0.0008596900381
       104       -0.4042037869      0.000752421231
       105       -0.4052752502     0.0007750759656
       106       -0.4085929656     0.0008896331475
       107       -0.4092083647     0.0008278976415
       108        -0.403464937     0.0008233692524
       109       -0.4002166946     0.0008574710851
       110       -0.4035346399     0.0007668354617
       111       -0.4065327178     0.0009504599765
       112       -0.4143936137     0.0008614225057
       113       -0.4143580521     0.0008039434502
       114       -0.4145192422     0.0007247366317
       115       -0.4216024159     0.0006306055124
       116       -0.4175616618      0.000654945777
       117       -0.4202059906     0.0007110401866
       118       -0.4149811139     0.0008666579746
       119        -0.422243978     0.0008485064025
       120       -0.4208882469     0.0007243025237
       121       -0.4190740244     0.0006954443831
       122       -0.4219166877     0.0006614084629
       123         -0.42130259     0.0008201383955
       124       -0.4230609723     0.0007615228233
       125       -0.4278552207     0.0007946260027
       126         -0.42475789     0.0007557093057
       127       -0.4284696081     0.0007531301133
       128       -0.4295181746     0.0007952989853
       129        -0.432516221     0.0008529842771
       130        -0.433520345     0.0007485431797
       131        -0.437082377     0.0007336937626
       132       -0.4404368635     0.0008164752937
       133       -0.4369314146     0.0008626748044
       134       -0.4387156952     0.0008235939399
       135        -0.440233698     0.0007705606068
       136       -0.4421039312     0.0007550288957
       137       -0.4388722315     0.0007224781275
       138       -0.4405195982     0.0006493032995
       139        -0.436964714     0.0009114748042
       140       -0.4390663421     0.0007631460471
       141       -0.4404121081     0.0007439013884
       142       -0.4383799317     0.0007349848247
       143       -0.4405212901     0.0007666443136
       144       -0.4423338388     0.0008615666728
       145       -0.4436232202     0.0008493685957
       146       -0.4415309174     0.0007649171146
       147       -0.4425805824     0.0008541161974
       148       -0.4384007471     0.0009788584359
       149       -0.4358904298     0.0009678727682
       150       -0.4336647622      0.001101487898
       151       -0.4374074542      0.001013190756
       152       -0.4349129066      0.001077814357
       153       -0.4317313099      0.001123341298
       154       -0.4375483552      0.001127182661
       155        -0.440392527     0.0009999136428
       156       -0.4400086769     0.0009495526392
       157       -0.4390433392      0.001161103636
       158       -0.4365682977       0.00117812824
       159       -0.4393342855     0.0009393973336
       160       -0.4387184944     0.0009984995184
       161       -0.4390613533      0.001132948802
       162       -0.4340777053      0.001091661441
       163       -0.4292097678     0.0009634752426
       164       -0.4255290349      0.001231354692
       165       -0.4178854438      0.001151230945
       166       -0.4143557753      0.001255155074
       167       -0.4185730396      0.001103912151
       168       -0.4219050787      0.001023326195
       169       -0.4181213229      0.001300730494
       170       -0.4216301457       0.00107195772
       171       -0.4176003915      0.001295301846
       172       -0.4185453553      0.001328369845
       173       -0.4129150562      0.001209124521
       174       -0.4178850587      0.001548158757
       175       -0.4198321569      0.001108604651
       176       -0.4188111676      0.001218284295
       177        -0.418520069      0.001259473407
       178        -0.420790325      0.001200788819
       179       -0.4141441746      0.001364594253
       180       -0.4172452604      0.001088209245
       181       -0.4170964076      0.001187299051
       182       -0.4223056108       0.00113166776
       183       -0.4266626137      0.001091882815
       184       -0.4203876905      0.001086472984
       185       -0.4255378442     0.0009691508749
       186       -0.4267724014      0.001008104651
       187       -0.4267873293      0.001110156146
       188       -0.4228453514      0.001183411335
       189       -0.4273337961      0.001103925615
       190       -0.4243405032      0.001165571407
       191       -0.4310004728      0.001035011227
       192       -0.4311512925      0.001150113234
       193       -0.4260943059      0.001050177565
       194       -0.4337539559      0.001055933098
       195       -0.4291293749      0.001003286699
       196       -0.4303421373      0.001130049352
       197       -0.4326416913     0.0009785170306
       198       -0.4294221974      0.001435938239
       199       -0.4323388264      0.001140190019
       200       -0.4354249277      0.001175238341
       201       -0.4321151581      0.001188241047
       202       -0.4330214035      0.001264697381
       203        -0.430356623      0.001060756709
       204       -0.4288890105      0.001099344401
       205       -0.4375313538      0.001047994796
       206       -0.4374271132     0.0008591366929
       207       -0.4385227336     0.0008523420824
       208       -0.4385050598      0.000868971549
       209       -0.4371287774      0.001179816699
       210       -0.4379832849      0.001085257741
       211       -0.4376277893       0.00108791022
       212         -0.43817562     0.0008862039098
       213       -0.4422600789     0.0008271389364
       214       -0.4382200601      0.001091941505
       215       -0.4393824498     0.0008793698631
       216       -0.4375068986      0.001078322602
       217       -0.4387321677      0.001055108469
       218       -0.4395448852     0.0009742588385
       219       -0.4335616982     0.0009664995311
       220       -0.4333795129       0.00122317086
       221        -0.437345118      0.001071553309
       222       -0.4330213105      0.000981136241
       223       -0.4373721694     0.0008820123459
       224       -0.4329540555       0.00113283548
       225       -0.4341194229      0.001118703842
       226       -0.4366068584      0.001126106897
       227        -0.432226821       0.00109051327
       228       -0.4381147188     0.0009331140407
       229       -0.4361031063     0.0009386963036
       230       -0.4373840209      0.001017247814
       231       -0.4338839512       0.00112072826
       232       -0.4376551137       0.00130020496
       233       -0.4413057725      0.000955874091
       234       -0.4371280571      0.001211982071
       235       -0.4395899562     0.0009771638598
       236       -0.4385572713      0.001114828483
       237       -0.4355661156       0.00119287699
       238       -0.4368162055      0.001094100566
       239       -0.4337402782      0.001050822881
       240       -0.4363465621      0.001044385824
       241       -0.4357598357      0.001081281221
       242       -0.4321068924      0.001148090141
       243       -0.4292644029      0.001355675057
       244       -0.4382411102      0.001088674361
       245       -0.4364529941      0.001088298176
       246       -0.4394193377      0.001111993583
       247       -0.4420473195     0.0008346568569
       248        -0.443290784     0.0008219953841
       249       -0.4441448034     0.0008153565491
       250       -0.4437641762     0.0007885494625
       251       -0.4441342241     0.0008308761596
       252       -0.4451420273     0.0008062013156
       253       -0.4437448498     0.0007832968802
       254       -0.4445613166     0.0007592359066
       255       -0.4438350469     0.0007186278632
       256       -0.4426469782     0.0008646044163
       257       -0.4434764897     0.0009289631705
       258       -0.4450027431     0.0007843425386
       259       -0.4426084647     0.0008448377365
       260       -0.4431561502     0.0008744896969
       261       -0.4418151255     0.0008729015925
       262         -0.44239677     0.0009795242805
       263       -0.4417795639      0.001029771062
       264       -0.4395270628     0.0008968130635
       265       -0.4410076225     0.0009302426498
       266       -0.4426491344     0.0008995066435
       267       -0.4422523472      0.000920113617
       268       -0.4439615254     0.0008465496568
       269       -0.4420997908     0.0009839707976
       270       -0.4447048913     0.0008395127388
       271       -0.4442080988     0.0008823241571
       272       -0.4442220847      0.000802218927
       273       -0.4447475485     0.0007515078635
       274       -0.4452657528     0.0007251009645
       275       -0.4441135293      0.000792671206
       276       -0.4429320973      0.000906760663
       277       -0.4420504704     0.0008930599737
       278         -0.44418842     0.0009264829336
       279       -0.4432379675      0.000909476091
       280        -0.441578614     0.0009023765696
       281       -0.4427293985     0.0008793769359
       282       -0.4403545934     0.0008143924412
       283       -0.4393381424      0.000876266428
       284       -0.4424489741     0.0009462758918
       285       -0.4437250654     0.0008316130943
       286       -0.4438415896     0.0008034713042
       287       -0.4431931571     0.0007566913946
       288       -0.4420809238     0.0008377023063
       289       -0.4439664157     0.0007620244641
       290       -0.4431905952     0.0008944848418
       291       -0.4433182218      0.000813361217
       292       -0.4431077811      0.000780554196
       293       -0.4414072962     0.0009671584793
       294       -0.4411334845     0.0009362169721
       295       -0.4434195455     0.0008198163514
       296       -0.4423973953     0.0007809521221
       297       -0.4430097973     0.0008051547914
       298       -0.4422573187     0.0008867246668
       299       -0.4381475972     0.0008643267211
       300       -0.4407725084     0.0007355774875
       301       -0.4397244231     0.0008732406608
       302       -0.4410235767     0.0008584888473
       303       -0.4403952001     0.0008625857014
       304       -0.4378339752      0.001015718209
       305       -0.4405790275     0.0006957757861
       306       -0.4395060988     0.0009341062012
       307       -0.4395667542     0.0009167855262
       308       -0.4424338373     0.0009360780313
       309       -0.4400200271     0.0009092217686
       310        -0.438287026     0.0009375789705
       311       -0.4369522896      0.001010994278
       312       -0.4380948795     0.0007788066494
       313       -0.4346245747     0.0008080048248
       314       -0.4346144743     0.0009411065443
       315        -0.438594645     0.0008888385124
       316       -0.4400512427     0.0009460762533
       317       -0.4412499361     0.0008420885146
       318       -0.4399961957     0.0009262666433
       319       -0.4397975559     0.0009008258806
       320       -0.4383402209     0.0008111528557
       321       -0.4381086089     0.0008108739029
       322       -0.4403970068     0.0008746638183
       323       -0.4381131368     0.0007905435479
       324        -0.441207404     0.0009926372055
       325       -0.4400751696     0.0007697725132
       326       -0.4353820182     0.0008118815215
       327       -0.4396384249     0.0007339293958
       328        -0.439750112     0.0007121454739
       329       -0.4398056316     0.0006930337012
       330       -0.4417304638     0.0008252371094
       331       -0.4416584733     0.0007844996588
       332       -0.4441064003     0.0008575031617
       333       -0.4432008377     0.0007831369686
       334       -0.4421375115     0.0007835912816
       335       -0.4438911854     0.0009231670953
       336       -0.4453392222     0.0008217376157
       337       -0.4425650834     0.0008313606351
       338       -0.4439527725      0.000897219074
       339       -0.4431440791     0.0008852128373
       340       -0.4445558212     0.0007700784543
       341       -0.4436962109     0.0007504176421
       342       -0.4434092629     0.0008668839521
       343       -0.4428288823     0.0007279700526
       344       -0.4443598886      0.000903764876
       345       -0.4439651603     0.0009009909765
       346       -0.4441224334     0.0007803225812
       347       -0.4440485211     0.0007549836887
       348       -0.4441603806     0.0008162577965
       349       -0.4446169283     0.0007879447823
       350       -0.4433743503     0.0008564234206
       351       -0.4443943108     0.0007621829823
       352       -0.4432889553     0.0007561025841
       353        -0.445593809     0.0007970220942
       354       -0.4448240995     0.0007206963613
       355       -0.4427535172     0.0008600481135
       356       -0.4439217944     0.0007329610363
       357       -0.4430280918     0.0008011780174
       358         -0.44139252     0.0008363713545
       359       -0.4406807735     0.0007567389421
       360       -0.4415074865     0.0008364155187
       361       -0.4434277594      0.000706773035
       362       -0.4417903845     0.0008925184299
       363        -0.440412969     0.0008316156696
       364       -0.4426883076     0.0008789822314
       365       -0.4439686909     0.0008461231716
       366       -0.4441750276     0.0007722125585
       367       -0.4417886005     0.0008589298397
       368       -0.4448731251     0.0008499582262
       369       -0.4438215909     0.0008321558971
       370       -0.4451893212     0.0006525114209
       371       -0.4445244035     0.0007631059977
       372       -0.4439861098     0.0007983436179
       373       -0.4443763562     0.0007092518121
       374       -0.4439298357     0.0008733672228
       375       -0.4438713937     0.0006591700014
       376       -0.4423693041     0.0006969930241
       377        -0.444760309     0.0007478582109
       378       -0.4438287038     0.0008941524073
       379       -0.4443414619     0.0008246335391
       380       -0.4444162321     0.0008210805305
       381       -0.4444708441     0.0007914913212
       382       -0.4447631999     0.0008170365261
       383       -0.4430992296     0.0007657517259
       384       -0.4439410374      0.000741710348
       385        -0.443555286     0.0007665104531
       386       -0.4451382855     0.0007640279321
       387       -0.4438501297     0.0006816896133
       388       -0.4443600257     0.0007857059532
       389       -0.4428232432     0.0008915087648
       390       -0.4446874498     0.0007422765611
       391       -0.4411800966      0.001001361111
       392       -0.4448519723     0.0007732489632
       393       -0.4433064956     0.0008838493955
       394        -0.445851425     0.0007593615911
       395       -0.4429744706      0.000866662864
       396       -0.4440939778     0.0007510890456
       397       -0.4426963205     0.0007359455633
       398       -0.4425140917     0.0008372634736
       399       -0.4451024228     0.0007047433968
       400        -0.442378598     0.0008273729859
       401       -0.4442906398     0.0007213392221
       402       -0.4439101361     0.0007657213242
       403       -0.4423884126     0.0007179962126
       404        -0.444022327     0.0007281855246
       405       -0.4429185215     0.0007923308661
       406       -0.4423199528     0.0006698902535
       407       -0.4424402889     0.0006255155723
       408       -0.4428662978     0.0007430806267
       409       -0.4416248629     0.0007835914951
       410       -0.4384742313     0.0008171047912
       411       -0.4413947889     0.0006535778819
       412       -0.4390501892     0.0006810661779
       413       -0.4404198366     0.0008282066886
       414       -0.4403444718     0.0007009666099
       415       -0.4392576932     0.0007129635649
       416       -0.4374876055     0.0006763959944
       417       -0.4415549474      0.000706612843
       418        -0.440882662     0.0006826941534
       419       -0.4389161311     0.0006294314017
       420       -0.4417836493     0.0007091309362
       421       -0.4422472495     0.0006741791516
       422       -0.4428884717     0.0007406193994
       423       -0.4413173645     0.0006963515256
       424       -0.4395722447     0.0006632723035
       425       -0.4409531042     0.0007190326572
       426       -0.4391690808     0.0006451208777
       427       -0.4390498156     0.0007472376795
       428       -0.4412348138     0.0007583330877
       429       -0.4400228342     0.0007782744642
       430       -0.4388303342     0.0006791351087
       431       -0.4408491113     0.0006859113564
       432       -0.4403673808     0.0009302236037
       433       -0.4404511134     0.0007520274144
       434       -0.4389675288     0.0007302244735
       435       -0.4406078202     0.0007425488231
       436       -0.4393998132     0.0008268200781
       437        -0.441449563     0.0006445007285
       438       -0.4374127082     0.0007390759047
       439       -0.4387306939      0.000835410414
       440       -0.4375883403     0.0008245182326
       441       -0.4402511158     0.0007839544769
       442       -0.4416760305     0.0007629366753
       443       -0.4385156893     0.0008413812525
       444       -0.4387755132     0.0008912283355
       445       -0.4400114266     0.0007412808096
       446       -0.4418017453     0.0007798183331
       447         -0.44033114     0.0008077436967
       448       -0.4409996493     0.0008350818196
       449       -0.4382568994     0.0008259165663
       450       -0.4413269144     0.0008665394104
       451       -0.4403630416     0.0006887832491
       452       -0.4396766751     0.0007544398413
       453       -0.4394743433     0.0007541157573
       454       -0.4355924156     0.0009744183107
       455       -0.4408092503     0.0008208092316
       456       -0.4411146916     0.0008528764251
       457       -0.4389972459     0.0008007916448
       458       -0.4379106856      0.001044004515
       459        -0.437204868     0.0009394683869
       460       -0.4365923057     0.0008177112512
       461       -0.4404204398     0.0009187883106
       462       -0.4379754839     0.0008415999798
       463        -0.435403489      0.001014810893
       464       -0.4387677574     0.0007975596353
       465       -0.4421210361     0.0007830998084
       466       -0.4440666639     0.0006129656756
       467       -0.4422767045     0.0007161212729
       468       -0.4400650823     0.0007177355361
       469       -0.4407005003     0.0006159569718
       470       -0.4415373365     0.0007485982884
       471       -0.4391884153      0.000669066488
       472       -0.4395668737       0.00070890078
       473       -0.4428206466     0.0007775964265
       474       -0.4419385766     0.0007580676105
       475       -0.4404370233     0.0008001292213
       476       -0.4392805488     0.0007733875633
       477       -0.4371714239     0.0007697160058
       478       -0.4402055557     0.0007750724908
       479       -0.4401644414     0.0008154140675
       480       -0.4402197731     0.0007526970758
       481       -0.4393669982     0.0007699797956
       482       -0.4361851002     0.0007722984874
       483       -0.4386680485     0.0007653709414
       484       -0.4417969434     0.0007667028052
       485       -0.4448153108     0.0006669773816
       486       -0.4418479596     0.0007325242556
       487       -0.4394430792     0.0008688316984
       488       -0.4398849372      0.000733542363
       489       -0.4380022378     0.0007962605359
       490       -0.4363142372     0.0008583395835
       491       -0.4391710879       0.00071394646
       492       -0.4412920776     0.0007152157477
       493       -0.4398346397     0.0007940819101
       494       -0.4364817418     0.0007639764634
       495       -0.4417920127       0.00076960011
       496       -0.4434715344     0.0007972549856
       497       -0.4411476918     0.0008907785868
       498         -0.44316665     0.0008146669019
       499       -0.4446516471      0.000735732161
       500       -0.4433819311     0.0008674463364
       501       -0.4441603642     0.0007398560915
       502       -0.4415235834     0.0009053930881
       503       -0.4452159162     0.0006343570149
       504       -0.4443253831     0.0006336985494
       505       -0.4435875669     0.0006782734862
       506       -0.4429959611     0.0006487956237
       507       -0.4440970823     0.0007616193063
       508       -0.4434725175     0.0007745055564
       509       -0.4445776538     0.0007532869191
       510       -0.4440572712     0.0007650554432
       511       -0.4446219877     0.0008250136206
       512        -0.441223889     0.0008335852147
       513       -0.4409836471      0.001048347049
       514        -0.444747685     0.0007584869669
       515       -0.4430292235     0.0006853723887
       516       -0.4442023068     0.0007469821719
       517       -0.4427180092     0.0007722136764
       518       -0.4436631766     0.0007117159994
       519       -0.4416335377      0.000821173892
       520       -0.4425133824     0.0007972028403
       521       -0.4405395856     0.0006140283252
       522       -0.4439310555     0.0007028085674
       523       -0.4431756937     0.0006944783699
       524       -0.4449659161     0.0006749082978
       525       -0.4434680003     0.0007284617359
       526       -0.4429447543     0.0007818849311
       527       -0.4431473829     0.0007949058457
       528       -0.4447819243     0.0007470705364
       529       -0.4446840996     0.0007368795412
       530       -0.4422693804     0.0008520879708
       531       -0.4429691932     0.0007722868109
       532       -0.4448618536     0.0007918313259
       533       -0.4433395367     0.0007506407346
       534       -0.4437844082     0.0008399327773
       535       -0.4438303254     0.0008121185938
       536          -0.4442323     0.0007229730373
       537       -0.4445559166     0.0007250827325
       538       -0.4445216802     0.0006767935941
       539       -0.4445673986     0.0009292757487
       540       -0.4431346103     0.0007820719137
       541       -0.4430320659     0.0009568767954
       542       -0.4443988832     0.0007589881356
       543       -0.4433350044     0.0008684051488
       544       -0.4417705203     0.0007910567723
       545       -0.4434399039     0.0009672923524
       546        -0.443712309      0.000888267789
       547       -0.4445097461     0.0007885821917
       548       -0.4449465722      0.000677074896
       549       -0.4434872932     0.0007745740988
       550        -0.443821379     0.0008427619542
       551       -0.4432058963     0.0008378362019
       552       -0.4443787637     0.0007731861883
       553       -0.4415353976     0.0007362410566
       554       -0.4423651635     0.0007057310163
       555       -0.4435605566     0.0008273037793
       556       -0.4426924923     0.0007500060013
       557       -0.4417070495     0.0007981645611
       558       -0.4411721781     0.0007565402579
       559       -0.4381580789     0.0008707374128
       560       -0.4435504106     0.0007729776922
       561       -0.4429625381     0.0007031310268
       562       -0.4436651169     0.0009105911536
       563       -0.4432663628     0.0007541157638
       564       -0.4443418635     0.0007678091213
       565        -0.443778008     0.0007504570206
       566       -0.4420921192     0.0007250482754
       567       -0.4421131508     0.0008417045827
       568       -0.4451219635     0.0007608744656
       569       -0.4438294241     0.0008485784885
       570       -0.4426161771     0.0009865208201
       571       -0.4435679332     0.0008234977955
       572       -0.4433775074     0.0007380083217
       573        -0.443951789     0.0007630043113
       574        -0.443915268      0.000893203506
       575        -0.444270062     0.0007344283468
       576       -0.4443178079     0.0007937426461
       577       -0.4442782745     0.0007706395344
       578       -0.4450847888     0.0007860756034
       579        -0.443063635     0.0008239632604
       580       -0.4446151146     0.0008409832201
       581       -0.4454310525     0.0008804486643
       582       -0.4443902921     0.0007193704383
       583       -0.4424988468     0.0009394947155
       584       -0.4436958439       0.00072772702
       585       -0.4426643967     0.0007822688102
       586       -0.4439845474     0.0007966757259
       587       -0.4437424438     0.0007388678885
       588       -0.4427865772     0.0008914264722
       589       -0.4440885326     0.0008820531319
       590       -0.4432706215     0.0007486048919
       591       -0.4434129407     0.0007289473503
       592       -0.4439117476     0.0007263882837
       593       -0.4427516858        0.0008642054
       594       -0.4446841476     0.0007776122781
       595        -0.444238456     0.0007975935286
       596       -0.4441181959      0.000951244794
       597       -0.4461002967     0.0007965382424
       598       -0.4443452989     0.0007594521488
       599       -0.4443935283     0.0007776650628
       600       -0.4434429099     0.0007350644521
       601       -0.4445036185     0.0006957595119
       602       -0.4438287463     0.0007524112255
       603       -0.4443503178     0.0007807478301
       604       -0.4443456836      0.000853252175
       605       -0.4418325953      0.000816152684
       606       -0.4443571802     0.0007080956625
       607       -0.4434511042     0.0007322372749
       608       -0.4434968998     0.0007622762754
       609       -0.4432872631     0.0007833090352
       610        -0.443544821     0.0008327594856
       611       -0.4436283371     0.0007905080259
       612       -0.4445847017     0.0008423285351
       613       -0.4452843554     0.0009956243239
       614       -0.4429096693     0.0009103964671
       615        -0.443646378     0.0008779682935
       616       -0.4437659513     0.0007728532631
       617       -0.4450160915      0.000972573338
       618       -0.4424074612      0.000834447191
       619       -0.4435656762     0.0006836660008
       620       -0.4445595155     0.0007989252777
       621       -0.4439447125      0.000870955319
       622       -0.4441768297     0.0009086870142
       623       -0.4441294498     0.0008079914661
       624       -0.4423259963     0.0006432726053
       625       -0.4445063479     0.0007434422321
       626       -0.4439885712     0.0007749043718
       627       -0.4444489354     0.0007540751927
       628       -0.4427762549     0.0007952368881
       629       -0.4422254583     0.0008360563995
       630        -0.442207565     0.0006655699226
       631       -0.4430546496     0.0007503716968
       632       -0.4429683609     0.0007865443175
       633       -0.4433160203     0.0007774187713
       634       -0.4451584316     0.0007423309336
       635        -0.444196518     0.0008200620487
       636       -0.4437070348     0.0007052899691
       637       -0.4428922445     0.0008677053239
       638       -0.4440123576     0.0007340202539
       639       -0.4441862208     0.0008596040733
       640       -0.4437898764     0.0007834101002
       641       -0.4442195114     0.0008332398849
       642       -0.4450828472     0.0007489462761
       643       -0.4431707616     0.0007696901066
       644       -0.4441383946     0.0007978494911
       645       -0.4437418441     0.0007264279751
       646       -0.4427382911     0.0008035062198
       647       -0.4428083852     0.0006941564604
       648       -0.4442166364     0.0007142889215
       649       -0.4430625231     0.0007073394996
       650       -0.4442197988     0.0007693491469
       651       -0.4444807151     0.0007286918214
       652       -0.4437653087     0.0008044581952
       653         -0.44399829     0.0008082773071
       654        -0.444532182     0.0008174927119
       655       -0.4431403212     0.0007988089007
       656       -0.4425631978     0.0007804667952
       657       -0.4430259391     0.0007999988175
       658        -0.440168306     0.0007358674338
       659       -0.4416105626     0.0008355313485
       660       -0.4443118186     0.0007699188956
       661         -0.44421086     0.0008049189316
       662       -0.4421403566     0.0007563964447
       663       -0.4426120304     0.0007747460014
       664       -0.4423216239     0.0007857103782
       665       -0.4438330857     0.0006649088017
       666       -0.4445045105     0.0008129457253
       667       -0.4427302552     0.0008740545382
       668       -0.4429903629     0.0009376604064
       669       -0.4433344281     0.0008170399883
       670       -0.4446877858     0.0008061187507
       671       -0.4435989809      0.000770984052
       672       -0.4436209683     0.0008823527176
       673       -0.4439798316     0.0008177608096
       674        -0.441176935     0.0008023454906
       675       -0.4414922194     0.0008259557741
       676       -0.4419736168     0.0007271336567
       677       -0.4440869628     0.0008013114375
       678       -0.4451586081     0.0007691572188
       679       -0.4418010776     0.0009238453307
       680       -0.4447145725     0.0008471854251
       681       -0.4433910046     0.0007605814955
       682        -0.443609313     0.0008963663981
       683       -0.4430577512     0.0007517925025
       684       -0.4441222582     0.0007095644892
       685       -0.4451523476     0.0007822823656
       686       -0.4447429931     0.0008416420591
       687       -0.4459460681     0.0007661217989
       688       -0.4443456689     0.0007954839939
       689        -0.442850057     0.0008489400913
       690       -0.4443014586     0.0008811390126
       691       -0.4431620388     0.0009730493943
       692       -0.4444595342     0.0008716323303
       693       -0.4432396904     0.0008359810518
       694       -0.4416836888     0.0009950450777
       695       -0.4438256844      0.000830160063
       696       -0.4420542282       0.00104556251
       697       -0.4426531585       0.00097317852
       698       -0.4419682334     0.0009056264731
       699       -0.4409588091     0.0008061245774
       700       -0.4420856633     0.0009155860411
       701       -0.4425314515     0.0007781392078
       702       -0.4435258895     0.0008795762653
       703       -0.4435056078     0.0009084898177
       704       -0.4427814578     0.0008278184084
       705       -0.4434688558     0.0008460422465
       706       -0.4441575019     0.0008465083719
       707         -0.44363288     0.0007638825167
       708        -0.443751628     0.0008262881292
       709       -0.4429276303     0.0007601159694
       710       -0.4436591939     0.0007953279434
       711       -0.4449916962     0.0007017797289
       712       -0.4440094962     0.0008665985083
       713       -0.4428107197     0.0007484839571
       714       -0.4421807393     0.0008613456583
       715       -0.4434044629     0.0006565629435
       716        -0.441578048     0.0007838622059
       717       -0.4438049078     0.0007119583338
       718       -0.4415056261     0.0007960912626
       719       -0.4428525676     0.0008422251334
       720        -0.444532732     0.0007369335973
       721       -0.4442255192     0.0007739209611
       722       -0.4408450383     0.0007979946157
       723       -0.4420380249     0.0008110778142
       724       -0.4441302777     0.0008389370004
       725       -0.4436481925     0.0008374442511
       726        -0.443844211     0.0007555127729
       727       -0.4433851147     0.0007649001466
       728       -0.4447320155     0.0009547171412
       729       -0.4432548732     0.0008557062929
       730        -0.445080997      0.000646405949
       731       -0.4427805318     0.0007024897637
       732       -0.4447595522     0.0008636709988
       733       -0.4410259491     0.0008769007332
       734       -0.4420612149     0.0009100536871
       735       -0.4451806411     0.0007127156851
       736       -0.4447428287     0.0007053850652
       737       -0.4427997232     0.0008542273514
       738       -0.4424223236     0.0007852541821
       739       -0.4430450404     0.0008430154835
       740       -0.4444916234     0.0008274562546
       741       -0.4438636339     0.0007425322913
       742       -0.4436780575     0.0008720479985
       743       -0.4427013645     0.0008518112315
       744       -0.4419633102     0.0008879763567
       745        -0.443647646     0.0008716779048
       746       -0.4405506661      0.001055284281
       747       -0.4446240557     0.0008281929691
       748       -0.4426213884     0.0008947272343
       749       -0.4443108213     0.0008727209605
       750       -0.4446236029     0.0008314771461
       751       -0.4436154191      0.000806185888
       752       -0.4447360601     0.0007146473053
       753       -0.4448370305     0.0007800378263
       754       -0.4431935184     0.0006892685211
       755       -0.4449402774     0.0008843343364
       756        -0.441819834     0.0008503752539
       757       -0.4417987741     0.0009826482735
       758       -0.4413697518     0.0009015922916
       759       -0.4437329601     0.0008423066155
       760       -0.4422783061     0.0008561063556
       761       -0.4429317156     0.0008878891471
       762        -0.442866116     0.0008714309212
       763       -0.4423442395      0.001006662183
       764       -0.4439873105      0.000824349329
       765       -0.4438335256     0.0008913816082
       766       -0.4412970305      0.001049710387
       767       -0.4426075307     0.0007735563819
       768       -0.4435250047     0.0008667600469
       769       -0.4429223399     0.0008967608891
       770       -0.4434506093      0.000803773023
       771       -0.4435540272     0.0008734485653
       772       -0.4421487172     0.0008684960857
       773       -0.4435109416      0.000806447342
       774       -0.4437682559      0.000793676153
       775       -0.4441161707     0.0007828348598
       776       -0.4436306335     0.0008564836651
       777       -0.4439856257     0.0007923985529
       778       -0.4438802026     0.0008000210567
       779       -0.4432733326     0.0008053447829
       780        -0.442965632     0.0007725002727
       781       -0.4414887618       0.00077486905
       782       -0.4413139227     0.0007433025803
       783        -0.442626053     0.0008208444415
       784       -0.4405748058     0.0007234970272
       785       -0.4419348444     0.0008027894134
       786       -0.4424879795     0.0006509821359
       787       -0.4392577172     0.0007383840255
       788       -0.4430671197     0.0008138787746
       789        -0.444396676     0.0007131419685
       790       -0.4437909501     0.0007306507492
       791       -0.4419124187     0.0007506822738
       792       -0.4427633175       0.00086511062
       793       -0.4432023386     0.0007775226263
       794       -0.4401205726     0.0007206335705
       795       -0.4416686632     0.0007683094683
       796       -0.4411668489     0.0006887752704
       797       -0.4424981146     0.0008157660742
       798       -0.4413009385     0.0006740892916
       799       -0.4411220904     0.0008090008703
       800       -0.4419203581     0.0007286714437
       801       -0.4428570757     0.0007458390224
       802       -0.4425933053     0.0009015956348
       803        -0.443029469     0.0008629983696
       804       -0.4445942583     0.0007663302174
       805       -0.4430531203     0.0008916244203
       806       -0.4439370121     0.0008593500652
       807       -0.4436881795     0.0007890991204
       808       -0.4448712447     0.0007164246987
       809       -0.4440648756     0.0008166663173
       810       -0.4437829174     0.0008356550217
       811       -0.4423727651     0.0007972208245
       812       -0.4435978096     0.0007964776863
       813       -0.4404967783     0.0008116000757
       814       -0.4409623213     0.0007399922036
       815        -0.440800746     0.0008492905553
       816        -0.443417636     0.0007376685121
       817       -0.4417803887     0.0008971158931
       818       -0.4444468576     0.0006659726339
       819       -0.4453675249     0.0007220746223
       820       -0.4416644947     0.0007773236712
       821       -0.4437658488     0.0008039055896
       822       -0.4421721113     0.0007073240148
       823       -0.4433963504     0.0008383546939
       824         -0.44313007     0.0006722640921
       825       -0.4449205424     0.0007054020945
       826       -0.4440481868     0.0008256414437
       827       -0.4422823549     0.0007685591654
       828        -0.444747156     0.0007165004276
       829       -0.4424416377     0.0007936893361
       830       -0.4425519754     0.0008077205179
       831       -0.4431538992     0.0006594533977
       832       -0.4416574121     0.0007730748934
       833       -0.4443440116      0.000822431474
       834       -0.4434384217     0.0006880735575
       835       -0.4440899972     0.0007883165086
       836       -0.4428092774     0.0007362564984
       837       -0.4447845743      0.000676717189
       838       -0.4446339612     0.0008010717271
       839       -0.4421176647     0.0009776994577
       840       -0.4439284156     0.0007657185084
       841       -0.4435673801     0.0009469828366
       842       -0.4429507252     0.0009408181692
       843       -0.4386399195     0.0008771234091
       844        -0.444720204     0.0007633644427
       845       -0.4405664807      0.001083270906
       846       -0.4416936018     0.0008765099403
       847       -0.4446974352     0.0008408053027
       848       -0.4429725566     0.0008955341165
       849       -0.4430282785     0.0008841872313
       850       -0.4416571081     0.0008549997793
       851       -0.4407165816      0.001003811237
       852       -0.4410511824     0.0009053390094
       853       -0.4432404896     0.0008332461766
       854       -0.4403069894     0.0007873618192
       855       -0.4430341443     0.0009150783471
       856         -0.44126882     0.0009067542568
       857       -0.4436391544     0.0008145635514
       858        -0.443839401     0.0009048710888
       859       -0.4425749096     0.0008513492583
       860        -0.440210236     0.0009362036927
       861       -0.4429497972     0.0007114913513
       862       -0.4420300909      0.000809521628
       863       -0.4424618994     0.0009714051715
       864       -0.4444635881     0.0008630816182
       865       -0.4454771513     0.0007520624314
       866       -0.4426543925     0.0008883952853
       867       -0.4427551568     0.0008758587016
       868       -0.4407545102     0.0009436064181
       869       -0.4451004411      0.000809444994
       870       -0.4433268968     0.0008642296249
       871       -0.4401286448     0.0008218630202
       872       -0.4423382221     0.0009091655001
       873       -0.4433011807      0.000904156727
       874       -0.4437220651     0.0007985060678
       875       -0.4428579462      0.001015919018
       876       -0.4432013908     0.0008997871668
       877        -0.443970885     0.0007946447634
       878        -0.444026804     0.0007910772824
       879       -0.4418347614     0.0009536738782
       880       -0.4422492336     0.0008166012721
       881       -0.4428085247     0.0009244179188
       882       -0.4435737434     0.0008310985608
       883        -0.441054739     0.0008236430605
       884       -0.4408687902     0.0008478774536
       885       -0.4430814624     0.0009078785267
       886        -0.438753113     0.0008192082328
       887       -0.4410268513     0.0008001111829
       888       -0.4403240071     0.0007931773075
       889        -0.442919199      0.000920326401
       890       -0.4389398796     0.0007585384214
       891       -0.4416893657     0.0009119746807
       892       -0.4411381969     0.0007843106666
       893       -0.4423180315     0.0008303093422
       894        -0.443955384     0.0007088103585
       895       -0.4402089866     0.0008980862553
       896       -0.4427118525     0.0008168274951
       897       -0.4418917852     0.0007935171679
       898       -0.4438377862      0.000873590897
       899        -0.443545459     0.0007456809556
       900       -0.4424851788     0.0009130228591
       901       -0.4404046396     0.0008062912302
       902       -0.4422386361     0.0008457739553
       903       -0.4432194819     0.0008285091533
       904        -0.440630129     0.0008701614744
       905       -0.4423903561     0.0009336398149
       906       -0.4439434936     0.0009007751365
       907        -0.441631484     0.0008357693104
       908       -0.4429824358     0.0009556572041
       909       -0.4399373306     0.0008495756621
       910       -0.4443096381     0.0008771536781
       911       -0.4440700379     0.0008000727483
       912       -0.4443527486     0.0008990377399
       913       -0.4428780543     0.0007545830167
       914       -0.4445127312     0.0007787016279
       915       -0.4442133443     0.0008292941348
       916       -0.4420647179     0.0009508755557
       917       -0.4443236281     0.0008220395353
       918       -0.4445325077     0.0007171064321
       919       -0.4443575322      0.000817929537
       920       -0.4452182675     0.0006756769618
       921        -0.444722988     0.0008432811093
       922       -0.4419847678      0.000881752515
       923        -0.443705486      0.000787616057
       924       -0.4419493455     0.0008154781762
       925       -0.4454990756     0.0007147599191
       926       -0.4430365502     0.0007872459795
       927       -0.4423292127     0.0008516626105
       928       -0.4428981237     0.0009126268014
       929        -0.444570497      0.000812267026
       930       -0.4426172438     0.0008121334175
       931       -0.4432603752     0.0009303302413
       932         -0.44413054     0.0007826034223
       933       -0.4438598303     0.0007278075671
       934       -0.4429913572     0.0008639825963
       935        -0.442871507     0.0007741430419
       936       -0.4432341125     0.0007203325992
       937       -0.4435991003     0.0008595539252
       938       -0.4423647279     0.0007856973793
       939       -0.4448181829     0.0007716074179
       940       -0.4445319558     0.0009011809714
       941       -0.4435444697     0.0007526871126
       942       -0.4443054897     0.0006853318221
       943       -0.4447335748     0.0007110424071
       944       -0.4438558746     0.0008376218102
       945       -0.4426164183     0.0007482038072
       946       -0.4453892787     0.0008207690363
       947        -0.444397941     0.0007080693591
       948       -0.4441218985     0.0007431775334
       949       -0.4431823947     0.0007357172542
       950       -0.4438747157     0.0008524355624
       951        -0.442593672     0.0008248177837
       952       -0.4420635021     0.0007009910354
       953       -0.4440082545     0.0006745676871
       954       -0.4440295227     0.0006856208862
       955       -0.4435701865     0.0008140726489
       956        -0.443023441     0.0009368652539
       957       -0.4430012846     0.0007262912898
       958       -0.4442693354     0.0007987443614
       959       -0.4428779013     0.0007476010397
       960       -0.4421846732     0.0007967568443
       961       -0.4445943168     0.0008640177095
       962       -0.4428759938     0.0007325636091
       963       -0.4432898763     0.0007058897803
       964       -0.4434157245     0.0006224248445
       965         -0.44319532     0.0007618994354
       966       -0.4441415563     0.0007342308077
       967         -0.44395697     0.0007575928434
       968       -0.4438337253      0.000752015979
       969       -0.4438068638     0.0007304275081
       970       -0.4453141077     0.0008005142412
       971       -0.4439452256     0.0008651026034
       972       -0.4426737428     0.0006958120024
       973       -0.4446496067     0.0006791774476
       974       -0.4436847211     0.0007740867974
       975       -0.4424416943     0.0007755255824
       976       -0.4447801132     0.0007459518702
       977        -0.443719615     0.0007957724072
       978       -0.4433266562     0.0006941930955
       979       -0.4444817382     0.0007342024126
       980       -0.4437997576     0.0007419529926
       981       -0.4446848731     0.0007522484834
       982       -0.4423641021     0.0008967094718
       983       -0.4446353995     0.0008160395364
       984       -0.4444251922     0.0007202526695
       985       -0.4451947317     0.0007960901309
       986        -0.445523182     0.0007452663883
       987       -0.4425169333       0.00078118226
       988       -0.4442352177     0.0008755967362
       989       -0.4433274675     0.0008035584735
       990       -0.4437733666     0.0007979357268
       991       -0.4432726694     0.0007886935469
       992       -0.4438186175     0.0008234618393
       993        -0.445354911     0.0007902459342
       994       -0.4440049344     0.0007799456972
       995       -0.4426555035     0.0008677642488
       996       -0.4438605777     0.0008740898538
       997       -0.4451927127     0.0008282588396
       998       -0.4425173455     0.0008019036409
       999       -0.4445132429     0.0008232079214
